60428094
59423760
57918748
60632845
59947616
60375657
58129009
58384852
59440746
59709193
57669336
58739125
58333704
59214608
58542944
58814638
59855187
58564177
58059794
58224875
57655669
58450174
56809555
59367889
59330606
60266429
58473335
60893799
58884659
59617270
59829641
58954989
60236264
58627794
57610325
58193891
57782388
59541555
58188940
57661328
56714293
58683755
59359681
56287694
57228879
56741515
56229308
57391560
56800420
57409195
57766915
57889502
56794453
58024396
56795378
57535295
57174242
55784298
56540504
55933140
55573219
56769563
56807612
56073529
56346537
55645145
54272322
55556117
55199849
55345666
55172313
54833852
54065549
56036495
58191454
55359957
56764774
55892107
55484056
57047604
56573609
57184599
56712923
55638080
56256488
57609334
57686646
58065026
57770203
56976779
56889166
59838211
58376332
56853370
57432578
57735202
58452383
57941476
57500018
55925098
57272334
57825487
56649690
56688378
56213098
55022357
55875815
55936219
54048029
55663451
54704825
54752314
56321669
54713409
53646364
55602149
55985683
53966737
56023658
55492999
55209846
53968801
53796485
56062209
55493697
53624681
54668878
56046955
57166887
51473157
53447727
53270785
55558843
52745429
52647547
53305609
52338602
52321612
54319663
52079343
51656923
53811952
53139262
51368434
51973391
52944120
52504006
53796083
51964047
52524066
51946933
53410486
51747654
51781873
51669945
51648720
52323530
53344320
53509833
53445256
52429393
54340109
53924563
53656326
53543828
52876479
51662874
53490036
51644189
51355802
51958527
51690253
49382181
51466909
51885807
51600457
52510657
51705147
50745666
53752288
52007144
52754380
51834219
53975978
51951815
52676962
53566087
52446289
51862748
51374907
53362500
54164028
54046597
52728339
53188732
54303381
53341576
53247615
53588354
45423112
53286644
49771283
31706364
54893831
54753650
53593170
54357998
56383273
54578255
54575862
55660296
55572338
54383374
54623129
54128599
56700519
53598722
51769944
56553022
57255570
55845429
56969354
57096339
57761992
57552168
56202860
57527743
56624545
57304110
57476777
56617743
57174796
57569679
58729143
56439467
56534954
58599771
56649015
56439386
56484394
57254077
55844929
57978867
56023133
56282444
55862705
58208321
55735026
55990491
55786941
52610796
56423380
55536422
56161450
54957338
54900412
12263753
12525029
12949294
12193734
12533738
12334716
12807405
12777327
12641794
12527533
12935206
12729801
12844657
12654897
12823128
12648289
12764474
12801362
13010259
12790867
13008755
12913186
13163341
12650976
12697958
12381194
12743665
12243203
12751346
12116277
12613368
12755123
12385479
12720040
13070186
12813939
12986720
12712949
13042598
13153207
13307370
12788029
12691380
13543990
13295684
13300445
13526529
13147974
13302832
13175169
12996042
13063195
13373348
13096308
13206971
13199013
13191490
13474943
13284481
13494515
13651553
13266690
13199837
13373024
13301582
13485235
13847072
13594680
13432378
13512523
13361950
13651526
13719275
13288228
13114329
13484869
13483050
13458706
13615971
13283555
13343382
13182525
13317057
13677919
13531499
13387519
13163378
13054222
13045078
13346921
13150487
12597789
12963848
13167994
13121769
13070838
12886931
12925647
13031545
13485022
13134583
13104922
13194740
13225765
13361132
13572829
13426162
13268793
13761007
13355766
13467692
13591460
13213289
13694140
13705487
13270045
13265121
13674582
13275561
13376701
13610357
13720262
13728245
13334993
13185682
13791579
13488544
13243142
12891574
14278411
13646339
13926107
13190540
14028390
13841697
13742219
13969150
13893094
13441930
13995539
13974141
13581692
13677113
13984392
14058696
13751821
13926687
13642485
14111973
13746663
14054438
13523651
13898691
13894046
13811331
13858138
13761232
13453648
13533222
13382506
13771866
13364265
13582213
13459336
13584085
13634383
14033247
13561054
14152491
13953777
13816878
14072367
14366655
14105686
13925473
13961000
13784559
14122684
14180462
14050083
14073159
14016252
13706076
13508647
14048579
13937525
13441157
13729057
13982093
13962567
13648618
13373579
13499974
13646472
13416722
13356200
13574809
13797043
13669615
12690900
13667905
13565302
10059888
13182256
13368698
13564178
13483909
12939259
13544628
13366787
13245687
13514205
13392451
13388881
13554751
12916000
13819526
13784643
12871967
12690978
13053478
12749076
12802611
12570595
12539128
12975717
12725433
12800714
12694859
12833007
12897386
12846136
12671769
12379894
12925790
12861508
12448808
12918535
12908647
12607319
12460140
12777205
12485009
13003005
13042091
12982883
12472987
13079823
13021082
13091269
12403430
12762489
13075087
12950310
12980206
12991397
