55998449
54825396
53258634
56170614
55370068
55830155
53459205
53696626
54837236
55079789
52885931
53933381
53493255
54559466
53780758
54110886
55144881
53785148
53207937
53379117
52821406
53663496
51858806
54689732
54619212
55518903
53584442
56238761
54122760
54957894
55069487
54112178
55453827
53764729
52681155
53325973
52902952
54752523
53338171
52773808
51629171
53792604
54495486
51219451
52287676
51646635
51123577
52284669
51819363
52383371
52923277
52981047
51831951
53146806
51739101
52692277
52203567
50644100
51387725
50827058
50466442
51725152
51847301
51003292
51183634
50456906
48976236
50389245
49973356
50184265
50007491
49656833
48747681
50967214
53297290
50175570
51618209
50738637
50369804
51967694
51469993
52185432
51738935
50610579
51206380
52744852
52795636
53262606
52875410
52017059
51818037
55017395
53519399
51773812
52420762
52805946
53497858
53032993
52703285
50835156
52340303
52917632
51721137
51707400
51105276
49793468
50845010
50835106
48878716
50655630
49508041
49586708
51235160
49564485
48311440
50476589
50834445
48739199
50993395
50387202
50152946
48612184
48546040
51024939
50320918
48344918
49540631
51045184
52207437
45961322
48119377
48015434
50391704
47389113
47330647
47987276
46997961
46950140
49162695
46681624
46250998
48581197
47812138
45843546
46579812
47665280
47035627
48528218
46411770
47068244
46545906
48066880
46292898
46162203
46206010
46221990
46945224
47931710
48171171
48086453
46938677
49069022
48540111
48318862
48251014
47578059
46367451
48145569
46303883
45825482
46560930
46301177
43652823
46123553
46681490
46181947
47074031
46313249
45161297
48591200
46560396
47532120
46535653
48724803
46629516
47410691
48387474
47166705
46533925
46066229
48183015
49026522
49118238
47464908
47998563
49160882
48256586
48141001
48488243
40482775
48218761
44677079
27826753
49787032
49690484
48486154
49197088
51437095
49620852
49501683
50706092
50704815
49377968
49620562
49174094
51920783
48646028
46245368
51723419
52470419
51042049
52140316
52373984
53075067
52880936
51419170
52864020
51876421
52548062
52839089
51870735
52501070
52987281
54167951
51791099
51819710
54091940
52094818
51835754
51865988
52805443
51286048
53488180
51446016
51773535
51182544
53785106
51166839
51266294
51160556
48111462
51918512
50970345
51561617
50352608
50313074
12922360
13208361
13616509
12867312
13236404
13020652
13456486
13436803
13332501
13215445
13595419
13424385
13551288
13344380
13510538
13318728
13543962
13497811
13731362
13480287
13694461
13618491
13830785
13340746
13404838
13107614
13457365
12957792
13451822
12772317
13356620
13479926
13117172
13431155
13782168
13507080
13667171
13455568
13760313
13860465
14015599
13511209
13424116
14261360
14007162
14003548
14252681
13895535
13978765
13908944
13672868
13762036
14069941
13813123
13900648
13908023
13902831
14164745
14001466
14189212
14352417
13963295
13865548
14023055
13993153
14182119
14526829
14294088
14093928
14168569
14000758
14314801
14368127
13936741
13860115
14148230
14215094
14138481
14284705
14002745
14050332
13882131
13986352
14349311
14229430
14103951
13868103
13733479
13724699
14045855
13841613
13330042
13686577
13868307
13841461
13777449
13611678
13625027
13705188
14177980
13825200
13809965
13840906
13901574
14060215
14248210
14093317
13932175
14378767
13978726
14101909
14244610
13870533
14350309
14340349
13923661
13945675
14301216
13931599
14033813
14276115
14401845
14357317
14014579
13832816
14440479
14109209
13892384
13545348
14914715
14262993
14558412
13830240
14685364
14430173
14364540
14559291
14488671
14027300
14588682
14553961
14193637
14270846
14550790
14649029
14334280
14562908
14267446
14729704
14344304
14641313
14126197
14471691
14512098
14357574
14415767
14331398
14067032
14142630
13972630
14388279
13979712
14231738
14048815
14182205
14209187
14580212
14166573
14720677
14523559
14379877
14641038
14930205
14667392
14444278
14531964
14394619
14726336
14774920
14722241
14683123
14638233
14227103
14127450
14646600
14550386
14004932
14287433
14545985
14512748
14239568
13961397
14075621
14203915
13951787
13966237
14133634
14407819
14263876
12930070
14248517
14016614
9878909
13790496
13980735
14153803
14116348
13570008
14145281
13982954
13877296
14176602
13984066
13999607
14136433
13524324
14426402
14375229
13493555
13326581
13653141
13374826
13426665
13195461
13143234
13589627
13347211
13411754
13336801
13458740
13517486
13484656
13273418
13010350
13523618
13478978
13079356
13520001
13507184
13184779
13012884
13342018
13085561
13585025
13633750
13577660
13072625
13652614
13648939
13679025
12811259
13334863
13647798
13536542
13525574
13536361
