55677585
54448600
52904370
55814162
55018754
55487590
53097572
53319951
54474511
54712781
52524967
53577025
53109676
54209953
53428399
53751137
54768590
53399500
52837018
53006536
52423979
53310886
51483884
54339554
54265383
55153138
53216211
55899923
53767376
54578373
54695709
53731568
55094843
53377629
52302029
52932953
52546645
54388107
52972625
52401329
51246716
53423003
54134747
50823032
51904307
51261921
50699901
51895379
51450692
51991763
52550095
52616918
51442254
52775391
51352078
52315883
51812120
50241069
50977414
50430813
50072621
51346785
51451130
50596249
50786930
50069119
48581146
49998351
49544411
49792463
49597697
49255126
48332769
50588743
52919951
49800532
51237410
50350464
49967920
51578421
51078599
51805880
51384577
50225060
50818866
52391155
52425600
52915204
52519618
51634292
51432018
54685424
53169067
51398570
52041967
52427475
53135161
52670144
52334658
50444215
51973311
52546574
51358220
51335653
50722947
49409905
50478809
50462928
48494013
50287592
49129850
49197169
50858057
49188568
47898584
50085144
50439997
48333079
50609317
50014640
49792258
48214442
48166511
50661138
49939799
47952478
49158329
50683864
51840111
45549414
47705982
47637074
50010252
46994267
46953009
47593143
46602852
46566277
48777829
46273043
45849698
48185017
47414667
45431520
46196160
47288094
46632622
48128444
45988776
46678849
46163735
47668879
45898739
45758516
45822075
45805795
46549674
47522420
47790525
47701070
46551354
48674631
48121482
47932902
47859364
47183763
45980325
47768382
45908247
45408073
46165196
45910655
43220681
45711901
46290039
45778597
46672400
45910214
44751014
48205644
46153394
47140619
46156623
48342350
46232800
47018583
47986946
46776046
46130770
45678044
47808275
48657770
48769201
47103574
47624659
48769435
47880940
47751041
48107194
40125114
47849486
44325735
27557868
49425814
49334588
48104359
48818167
51088928
49275869
49141589
50350961
50370776
49021446
49265817
48824338
51622754
48310610
45826572
51380400
52145042
50714353
51833724
52067229
52758888
52571035
51102394
52560330
51559041
52230691
52546129
51566341
52209922
52716746
53884610
51494915
51519950
53784354
51781720
51552819
51568545
52520032
50996255
53221999
51145248
51495204
50882007
53496297
50873633
50960914
50866514
47823016
51616168
50681165
51256116
50040295
50026120
12973088
13254976
13670458
12916248
13292106
13073909
13503474
13489044
13382956
13273552
13642188
13476392
13597965
13394466
13567567
13366880
13602561
13551945
13783946
13529754
13744970
13672284
13876997
13387358
13459662
13160774
13509551
13009827
13502365
12812804
13414130
13534514
13173185
13486680
13833774
13556222
13720852
13511728
13812413
13911197
14069172
13563810
13478581
14312913
14060531
14058380
14306186
13945915
14029756
13961744
13717804
13820410
14125612
13869286
13953588
13964502
13953058
14212548
14052777
14235258
14397393
14014810
13915953
14076497
14047526
14240785
14575328
14347501
14141629
14214791
14039283
14364846
14417874
13986095
13914243
14200384
14273855
14188662
14329658
14052110
14098377
13926976
14040822
14392818
14278283
14158406
13921231
13791651
13776136
14094600
13894005
13386201
13737942
13918643
13892727
13825069
13663335
13674613
13754331
14223715
13872204
13861583
13888333
13952135
14115389
14294462
14137936
13980947
14425980
14021304
14146480
14290688
13918776
14397300
14386635
13973162
13997113
14345217
13974161
14083863
14328201
14448113
14397247
14063531
13875168
14481588
14151634
13939975
13591445
14961748
14304217
14599860
13870287
14731994
14469458
14401815
14600916
14528488
14070927
14624460
14596004
14233204
14311989
14587421
14689956
14373960
14611674
14311600
14772225
14385363
14684815
14168770
14515737
14551577
14393274
14453494
14368176
14108854
14183692
14015335
14428369
14024175
14275373
14091875
14222436
14246304
14613660
14208648
14758816
14560708
14424791
14681793
14968680
14704434
14475859
14568113
14432255
14770185
14819458
14763030
14726550
14676195
14265565
14169619
14682445
14592737
14040673
14320585
14580325
14547014
14280609
14004064
14118172
14243322
13992812
14004287
14166273
14446311
14300363
12940582
14284854
14045681
9865986
13830321
14018366
14192715
14157862
13609182
14186920
14030249
13915787
14223430
14022082
14036532
14178699
13568926
14468781
14414095
13535254
13368843
13697603
13423662
13463907
13237651
13181043
13632737
13387633
13450622
13384105
13502419
13561005
13528898
13311410
13052620
13568512
13514743
13119881
13564728
13555460
13223660
13049617
13379851
13129295
13631578
13676075
13621494
13107584
13696760
13691865
13715351
12843724
13376112
13686062
13577405
13562099
13573028
