54879395
53628489
52066962
55023718
54216986
54680666
52272580
52478368
53651677
53882441
51667603
52712120
52259807
53378881
52574460
52902049
53910735
52540270
51986226
52143077
51563504
52454120
50608274
53506342
53400745
54298736
52325131
55063068
52931158
53744632
53834864
52867330
54220759
52502883
51432873
52081742
51670880
53527529
52095725
51528497
50338700
52540695
53248030
49911328
51014587
50344514
49780325
50972519
50531786
51072367
51682859
51732477
50565009
51898325
50432573
51445550
50914519
49312539
50030338
49525845
49162358
50430618
50571291
49689955
49864064
49128551
47611285
49049693
48600447
48866573
48665851
48325551
47370278
49679747
52044080
48858749
50320526
49409789
49069695
50660555
50161350
50893647
50469282
49315900
49920070
51509591
51547104
52040807
51628683
50746286
50512873
53785335
52271247
50469631
51133122
51533902
52224491
51772208
51453879
49518290
51063414
51679816
50459381
50432604
49789199
48452267
49554442
49522569
47573678
49381970
48198196
48251588
49941885
48244569
46939914
49160948
49490935
47389988
49690399
49065543
48855488
47213701
47203261
49729692
48984291
46988660
48232336
49778969
50917065
44533738
46732679
46671628
49054251
45997093
45961677
46624142
45629989
45569134
47821752
45297512
44849941
47227492
46442142
44402473
45211661
46319018
45618988
47186044
44986796
45649697
45169526
46672675
44901277
44718834
44832767
44810300
45596838
46538019
46808464
46713413
45524921
47722737
47116747
46937906
46910317
46228765
45021794
46787775
44931630
44377320
45180394
44948213
42155144
44767355
45367762
44800385
45684091
44959455
43732283
47256205
45184360
46220623
45199178
47399468
45267629
46095455
47069353
45852018
45202594
44738139
46896332
47767350
47887720
46167132
46715560
47866846
46987421
46851883
47210149
39313107
46978601
43348557
26870219
48513507
48434086
47197635
47890800
50214944
48393063
48237608
49473142
49506796
48121874
48367047
47953067
50763014
47403411
44804798
50515061
51265889
49848055
50939412
51191896
51888613
51686563
50211156
51702073
50665598
51348892
51681145
50679978
51323066
51839485
53025020
50626945
50631001
52950643
50941731
50695883
50697862
51680524
50139633
52362814
50259447
50622117
49999922
52649794
49992207
50057766
49973590
46950656
50756865
49775609
50350874
49136692
49132816
13068728
13359875
13770181
13021614
13396098
13177099
13599995
13585367
13488272
13375744
13741301
13583146
13711795
13499856
13671917
13465893
13720631
13655921
13897525
13634760
13847963
13780969
13980032
13496275
13566351
13274878
13617715
13121843
13614120
12911210
13528025
13648072
13284149
13594438
13946435
13661173
13820863
13628304
13923857
14019386
14175395
13673868
13586679
14417815
14167976
14163931
14415005
14060763
14131984
14074513
13821308
13921143
14229525
13979365
14056906
14059339
14056718
14318130
14163997
14345251
14502129
14117382
14016746
14169536
14148248
14343299
14676013
14451342
14241291
14318176
14134542
14461042
14514722
14078809
14025264
14301507
14388654
14293856
14437447
14167071
14204046
14038148
14138286
14498943
14386753
14269879
14025158
13887155
13881274
14201948
13997312
13496993
13849718
14025428
13994938
13938098
13775173
13779093
13858304
14330319
13977387
13968264
13987158
14051680
14220629
14397719
14235678
14082532
14518991
14112158
14239981
14384770
14017046
14498275
14482268
14068758
14105583
14437303
14071165
14181949
14427983
14552097
14496232
14171617
13974179
14582209
14247901
14036004
13687820
15051156
14396467
14695877
13968358
14826610
14552751
14495582
14687490
14618502
14155483
14712076
14676845
14327397
14396605
14666830
14777188
14461746
14704201
14409934
14868988
14475526
14774408
14265980
14595704
14649464
14475502
14536749
14458489
14207724
14274278
14101633
14519205
14125656
14379101
14187749
14321035
14331874
14698086
14304845
14843957
14648699
14508650
14773112
15051702
14793335
14558164
14659647
14526669
14871737
14911513
14871285
14827147
14773967
14343941
14269505
14780284
14693830
14131899
14414506
14680026
14634667
14373672
14100076
14208524
14331154
14075201
14105868
14256386
14548515
14399528
12988711
14378020
14107320
9828573
13932709
14121849
14292331
14259295
13717063
14278556
14133578
14020199
14334225
14117297
14134407
14275302
13664574
14566697
14504741
13636277
13470435
13786749
13522772
13565951
13342796
13278556
13730688
13492336
13555580
13487545
13603468
13659820
13633280
13404961
13160771
13663120
13615190
13222702
13660357
13644019
13311660
13140827
13470586
13227194
13724998
13769659
13715804
13207756
13784010
13791161
13809174
12901581
13464233
13772985
13667964
13647493
13658123
