54388874
53132239
51550367
54509505
53708247
54170372
51736814
51943995
53121924
53370428
51130147
52168073
51706332
52853808
52036530
52378899
53387694
51993232
51415212
51609424
51026444
51898431
50039903
52979261
52889659
53758363
51777041
54521271
52386130
53220766
53283584
52314802
53687496
51946791
50872462
51527159
51115042
52971102
51564528
50988367
49761093
52009310
52681221
49346218
50451101
49783843
49208746
50402535
49955746
50505773
51141872
51190411
49996949
51331919
49853046
50896274
50340789
48706878
49441133
48937503
48575005
49865231
49985846
49119416
49262435
48527410
47017375
48474495
48009701
48273229
48074295
47736085
46763609
49102464
51477452
48250512
49729520
48812649
48465699
50092320
49571169
50340811
49896092
48756943
49332916
50937975
50983111
51493219
51070791
50175121
49926857
53242704
51710287
49880718
50540514
50973874
51661891
51201635
50909915
48942914
50491923
51106587
49880883
49846572
49186168
47852212
48969662
48929393
46966928
48806467
47578931
47677149
49350243
47648025
46309033
48568925
48869653
46784378
49127842
48476461
48256772
46595819
46586056
49135050
48392388
46361679
47628481
49199430
50350995
43894428
46110242
46046956
48450977
45377961
45347902
46000700
45005779
44926969
47224130
44664407
44233053
46607304
45816995
43743822
44579357
45691890
44984136
46563144
44328763
44996877
44542029
46034238
44257851
44031147
44171378
44162713
44958896
45880041
46176638
46071630
44886906
47091602
46465067
46293779
46289149
45616008
44387852
46159084
44313649
43713066
44532646
44325885
41480264
44139605
44771536
44160103
45058610
44328060
43073669
46613402
44552864
45619984
44590483
46804133
44637031
45465267
46460972
45223391
44579116
44118024
46283988
47164517
47322322
45564931
46111836
47271394
46408196
46271500
46638849
38812404
46397519
42756419
26470768
47947796
47846475
46611184
47304315
49652809
47831433
47636264
48917111
48940408
47550204
47824147
47400058
50224967
46854294
44141911
49977309
50738863
49310018
50406326
50683675
51384882
51179559
49681059
51193075
50144078
50821710
51171587
50150743
50816226
51351430
52543665
50100162
50089857
52457237
50425708
50171892
50177966
51185216
49618339
51848130
49752116
50122548
49466825
52149666
49463758
49513625
49445952
46445019
50228430
49275370
49838838
48635076
48626138
13128052
13420963
13831879
13080407
13462572
13240880
13654818
13644271
13552875
13444148
13800388
13648482
13779103
13563244
13731309
13527939
13797696
13719284
13960183
13697497
13910884
13845528
14040687
13558876
13631932
13342901
13685482
13184912
13680112
12976375
13596906
13714497
13351253
13663857
14014780
13727821
13884127
13694950
13988117
14084186
14241536
13743628
13657060
14488999
14236291
14228704
14482400
14134993
14192249
14141313
13881059
13988672
14290470
14044832
14123254
14128514
14126002
14382826
14230210
14407435
14568920
14182775
14078963
14229697
14214577
14409181
14739042
14519950
14298702
14375054
14194857
14525089
14569090
14134362
14099317
14359497
14455625
14356079
14494187
14234211
14271844
14102769
14196219
14561150
14449390
14332872
14092915
13951639
13940875
14265619
14055271
13574037
13918985
14093175
14068563
14002483
13845249
13844407
13917192
14394274
14045185
14032237
14043591
14115459
14289297
14456659
14297743
14145197
14574105
14177381
14291368
14449940
14076492
14558122
14542179
14126147
14169096
14497193
14135457
14244012
14488834
14616213
14552152
14233319
14038758
14637172
14304851
14095896
13748333
15112835
14452520
14755159
14027006
14892128
14606847
14549919
14738623
14671390
14213854
14767645
14735283
14381054
14453859
14715257
14830011
14516945
14767567
14468425
14924096
14530300
14828289
14320629
14644364
14707135
14524978
14590280
14505992
14261025
14338395
14158722
14577777
14181995
14446019
14244996
14372507
14387777
14742350
14360056
14899217
14696074
14555194
14828582
15104171
14845025
14605377
14710564
14591559
14925118
14968752
14929966
14882876
14838051
14396279
14330193
14837356
14757392
14186020
14467698
14732497
14688933
14434089
14157630
14263998
14386614
14130268
14164908
14310482
14613041
14461989
13018179
14438427
14150894
9814831
13991686
14182663
14355116
14326312
13778285
14339644
14192687
14084077
14400425
14182153
14200600
14333417
13727038
14626693
14560570
13699149
13541121
13856274
13596245
13632615
13399230
13339224
13792432
13551146
13618903
13549482
13665550
13728116
13702168
13468970
13228467
13721196
13677206
13289087
13724120
13707859
13372687
13193760
13528170
13292978
13782905
13830700
13776287
13264436
13841062
13853064
13868803
12942608
13519324
13829990
13730733
13704041
13711592
