53230732
51886568
50325268
53344998
52485769
52955220
50493527
50693914
51915597
52131064
49864856
50891335
50410076
51631386
50759974
51123046
52112969
50708473
50134456
50307344
49725030
50630305
48732031
51739835
51612558
52503570
50470529
53301371
51134831
51986305
52029590
51032519
52416114
50633587
49538043
50231026
49824068
51691932
50275887
49703195
48416795
50695749
51399088
47991086
49122853
48405363
47827990
49025809
48615009
49155177
49846222
49880749
48681034
50040822
48501671
49580221
49001971
47330167
48042422
47571913
47203701
48526487
48662122
47764838
47872713
47130091
45587333
47066143
46579833
46894358
46676685
46344207
45333494
47755492
50179800
46870118
48347487
47430941
47095361
48716649
48186948
48993582
48588826
47407381
47976597
49649537
49676459
50229552
49770146
48856438
48570273
51946198
50398811
48517514
49203908
49660868
50329923
49901779
49620095
47577377
49159236
49807727
48560549
48506891
47831029
46427509
47617988
47552598
45573739
47471115
46162554
46263129
47977999
46260106
44863987
47187108
47465296
45355319
47758569
47100184
46911104
45114315
45147718
47774897
46975823
44924674
46239062
47859019
49007275
42354799
44654813
44600930
47027783
43880998
43868832
44543642
43513482
43436319
45805435
43164653
42711316
45134782
44332293
42179759
43094826
44236389
43450478
45098209
42745400
43406559
43041975
44489849
42730218
42446419
42623108
42601630
43473944
44363262
44669457
44584362
43333808
45593932
44891055
44753249
44817418
44156640
42930854
44667270
42852797
42100544
43032018
42835134
39805668
42640021
43330451
42654448
43529885
42843965
41496248
45129512
43035825
44198292
43107744
45348555
43141814
43984793
45072380
43784253
43111016
42645361
44879202
45763508
45984366
44131310
44710019
45895643
45050409
44862080
45246312
37511361
45049871
41352235
25515997
46572275
46484761
45219480
45909884
48332721
46532850
46287617
47625649
47671868
46222789
46502721
46089149
48985708
45553792
42578236
48709264
49496047
48064643
49161528
49494319
50183321
49982119
48457519
50008531
48920825
49621005
50005431
48957321
49626187
50218117
51401149
48940129
48925267
51339591
49281596
49044953
49023159
50107899
48541580
50774159
48638362
49048986
48294674
51085666
48372204
48361088
48315678
45367375
49107176
48151975
48745764
47508844
47523602
13276057
13573981
13973867
13230287
13625730
13398353
13798827
13792067
13709197
13596816
13942914
13806090
13935245
13715193
13890531
13675506
13982213
13875810
14125869
13854472
14059278
14002212
14191183
13715739
13790129
13507192
13844917
13351214
13835383
13124492
13766890
13880563
13523676
13828736
14177405
13880642
14032287
13870977
14151184
14244723
14401356
13900182
13820678
14650067
14394211
14385424
14644177
14293534
14346253
14311467
14028596
14143956
14451562
14207823
14277601
14286763
14287846
14536050
14388113
14562413
14724836
14331713
14225391
14378271
14370621
14563084
14890415
14671795
14448884
14523677
14332672
14672084
14717432
14275814
14272096
14510505
14618508
14509536
14642003
14391950
14425525
14256975
14350817
14702408
14606023
14498938
14248782
14103952
14092805
14419124
14215516
13741639
14083960
14252266
14230584
14159477
14009264
13998247
14067935
14552600
14194410
14192389
14187085
14263457
14442997
14605411
14443980
14286444
14707173
14311427
14429872
14594120
14225806
14699494
14679324
14273855
14321723
14627872
14277237
14392405
14642291
14761839
14685430
14386225
14178220
14781483
14441283
14241545
13894687
15251261
14589433
14893848
14162346
15038030
14731850
14683118
14866391
14801621
14332315
14897628
14854241
14512409
14578792
14823603
14958230
14646242
14907135
14612086
15057465
14655903
14952013
14449464
14766434
14843449
14636896
14702533
14630184
14399515
14466594
14286979
14708482
14320061
14580085
14378519
14506502
14506425
14856731
14493004
15027965
14801462
14680708
14954794
15220291
14962158
14714063
14829323
14720289
15066334
15096360
15065152
15022086
14973200
14500954
14473272
14965828
14900777
14313816
14593029
14858345
14807568
14568206
14294431
14398854
14514257
14244906
14306327
14433787
14752900
14596688
13067547
14570023
14248796
9774402
14133643
14320980
14492529
14475458
13928491
14484472
14347687
14234559
14561680
14316001
14344878
14467658
13872066
14773212
14693190
13851043
13693280
13997193
13753010
13778833
13558984
13486022
13950042
13713183
13771219
13711292
13825002
13881024
13860670
13615789
13378125
13873687
13830659
13449289
13877393
13857887
13519115
13330668
13675125
13443257
13940400
13984391
13928406
13419294
13988395
14016235
14016212
13048611
13660562
13978226
13879879
13843692
13854031
