53020278
51661512
50080091
53129811
52252234
52731623
50268352
50450566
51679768
51893600
49616606
50640601
50166145
51393985
50521070
50881615
51861556
50482102
49883666
50059344
49486399
50380560
48477519
51495412
51377929
52252284
50216608
53078985
50881915
51747887
51788340
50779550
52165726
50396857
49296457
49982920
49591352
51457898
50042489
49458510
48151799
50458297
51170946
47737974
48890555
48165402
47574659
48780784
48373123
48902822
49613015
49648130
48436212
49794756
48265117
49359034
48753092
47085938
47815977
47333698
46962882
48278577
48424439
47532606
47633020
46877818
45334984
46839938
46335483
46642276
46435390
46102706
45092134
47515073
49943592
46634254
48128274
47200074
46861237
48487443
47955767
48786178
48358367
47201332
47752583
49436184
49476576
50010614
49556165
48631347
48326852
51725584
50205071
48284845
48976460
49443135
50113212
49684285
49408843
47353466
48955045
49588100
48352903
48296406
47604424
46208897
47403147
47353233
45349906
47248439
45945554
46046506
47755744
46036601
44628506
46974686
47241810
45146208
47540078
46861533
46692884
44893713
44937302
47549937
46754340
44704888
46011577
47633445
48792301
42106185
44417018
44360357
46799463
43654432
43664078
44320357
43299664
43200954
45575201
42925883
42470619
44907546
44078760
41919057
42843908
43994377
43197227
44857348
42503088
43147794
42789165
44229325
42470573
42181052
42344800
42326236
43218531
44099330
44403422
44327146
43065289
45321130
44598803
44489244
44534199
43877785
42653910
44384867
42577192
41812951
42745920
42539460
39506847
42370089
43054237
42362522
43238466
42543036
41204516
44831155
42731860
43900065
42829702
45062404
42824400
43687451
44755822
43485104
42807913
42345344
44557130
45442219
45709914
43808808
44402172
45571362
44736116
44556882
44924110
37036888
44713285
41177310
25209213
46215204
46197371
44884248
45568157
47988174
46202167
45926112
47273495
47316360
45870622
46156731
45750566
48636161
45205987
42278668
48372021
49132871
47707028
48795408
49136916
49824816
49624981
48093862
49635728
48564569
49243606
49625357
48571483
49262615
49828180
51031568
48569306
48561688
50959563
48909296
48671662
48644279
49735103
48148245
50385916
48259770
48651869
47909854
50707409
47979312
47974251
47942293
45018414
48799442
47770253
48337607
47119692
47159686
13300699
13598570
14000751
13256822
13645506
13421648
13821383
13817366
13732817
13622865
13968502
13833202
13962608
13740779
13913243
13702138
14009772
13903189
14153609
13877370
14084144
14030504
14210543
13738324
13818299
13534315
13868768
13371806
13857233
13141454
13791055
13904725
13545612
13852152
14196794
13905565
14059492
13897682
14170340
14268052
14418365
13925212
13844792
14671567
14412553
14405771
14669928
14324223
14367506
14332484
14048828
14168327
14475437
14226695
14299068
14306375
14304306
14553893
14411023
14582922
14746496
14352976
14242640
14391838
14389347
14582798
14903945
14694760
14463272
14537887
14349926
14690636
14731633
14289939
14291989
14524500
14642199
14528725
14659064
14413145
14444393
14281313
14365866
14723428
14621565
14513002
14266501
14119722
14108294
14435811
14234383
13759935
14105491
14267302
14247094
14177431
14025423
14012307
14082492
14568192
14211504
14208203
14200843
14282796
14459020
14623459
14458779
14302351
14716629
14319137
14445513
14603913
14237576
14712426
14688644
14282821
14332599
14641436
14285218
14404492
14654480
14775358
14698879
14395980
14188104
14793016
14443485
14247253
13905555
15252498
14592733
14897088
14170195
15048415
14737913
14688676
14874084
14804560
14335900
14899742
14851755
14517614
14580338
14812283
14956496
14639591
14906548
14606039
15058370
14653042
14951119
14447767
14763923
14839600
14626771
14693466
14629564
14402148
14463984
14283907
14705682
14325222
14577385
14368702
14499246
14501282
14847753
14483662
15013159
14787912
14665061
14938719
15201389
14955550
14703196
14813746
14709902
15045086
15080352
15052710
15004955
14961398
14489881
14459564
14947262
14884554
14300483
14577761
14840416
14783553
14548265
14279626
14383254
14490057
14232832
14281239
14411883
14732906
14573069
12988684
14543719
14243281
9696415
14110735
14309851
14470331
14454753
13909489
14463314
14322423
14210108
14543040
14291756
14325527
14441771
13851297
14745840
14681896
13832456
13679723
13974757
13733760
13765171
13537638
13476189
13926284
13693422
13745849
13694310
13806674
13860056
13842412
13595336
13361747
13851903
13810750
13432193
13853970
13833970
13495977
13309395
13648682
13426710
13913058
13953772
13902210
13399051
13956000
13989415
13993772
13018469
13645341
13954949
13851184
13814366
13823028
