52780338
51432088
49852359
52877651
52016502
52499304
50022688
50218204
51428292
51668116
49367030
50393479
49913097
51143497
50277209
50645275
51617259
50207525
49624228
49802801
49219195
50124455
48208132
51258552
51136145
52008218
49951625
52806601
50648516
51512415
51528281
50534184
51912110
50130619
49041287
49728133
49326948
51191835
49777274
49196863
47888044
50189529
50911794
47450748
48613777
47885674
47299471
48509724
48107989
48651039
49361667
49391183
48178829
49532512
47982603
49092120
48495862
46794683
47532087
47066768
46682502
48004725
48160436
47257075
47353374
46602000
45040553
46553204
46041380
46346351
46137973
45812600
44803079
47244293
49688839
46335035
47838290
46909538
46578369
48197960
47673932
48505957
48096280
46900433
47482797
49169406
49179610
49748114
49266262
48362668
48048103
51463926
49916163
47999942
48684953
49154728
49840900
49407337
49125836
47057664
48677859
49317623
48068359
48020170
47321820
45910572
47131047
47055770
45062088
46967967
45639330
45752206
47479081
45740193
44323172
46669451
46951732
44830807
47249867
46576912
46404171
44573634
44633894
47244750
46454488
44394152
45717137
47370703
48511674
41795582
44106432
44071467
46492534
43343865
43343257
44010614
42993063
42860844
45278075
42599276
42153154
44587944
43781162
41614983
42528751
43680640
42870130
44552563
42173500
42824251
42479257
43916323
42147100
41840560
42030956
42013065
42915684
43793413
44103748
44006478
42752238
45009568
44274955
44170773
44236030
43580002
42358373
44078301
42273128
41456874
42463189
42242578
39173818
42076379
42765285
42051248
42946602
42267454
40884982
44540157
42432458
43624784
42524796
44782005
42532531
43408404
44467384
43195461
42527601
42053685
44286224
45198710
45462742
43545072
44115245
45303053
44478317
44276680
44667479
36808046
44462748
40917905
25035514
45972613
45938008
44631728
45311378
47750877
45958394
45675460
47036865
47097491
45638569
45915346
45509917
48414697
44977524
41961362
48132945
48905257
47489421
48568798
48909550
49598331
49370806
47877861
49420569
48346723
49018282
49432527
48368633
49055634
49621877
50823138
48355664
48330105
50747803
48712121
48478874
48445177
49530258
47932486
50186787
48051836
48466650
47718714
50517962
47793764
47768451
47754408
44831239
48598422
47573030
48161965
46917178
46954970
13327893
13625475
14026980
13284906
13681376
13451532
13842984
13842144
13756377
13647756
13993285
13861272
13989663
13768194
13947578
13721836
14043961
13932614
14184579
13907541
14115851
14059400
14235750
13767501
13846950
13562286
13901548
13404406
13888844
13171587
13828116
13938416
13575983
13879364
14228406
13935768
14088725
13924244
14203308
14293821
14449990
13953404
13878069
14698555
14440601
14434583
14701806
14353667
14398075
14364529
14076505
14195837
14501359
14253520
14327080
14337334
14335711
14580677
14441238
14605296
14777356
14383716
14271617
14419679
14416792
14611644
14931628
14722641
14490704
14562247
14370326
14714476
14761130
14322052
14321208
14548533
14676056
14554231
14686323
14437442
14476297
14305651
14393737
14748761
14654839
14545853
14295576
14150571
14134125
14467738
14262230
13792398
14136170
14292515
14273721
14203744
14053802
14044575
14113135
14593318
14243642
14237946
14227898
14306130
14487916
14650395
14484243
14328668
14739519
14346274
14467642
14631095
14265429
14736997
14713634
14309671
14362697
14660330
14313614
14426957
14681632
14802586
14720265
14423726
14211411
14813934
14467167
14276649
13928504
15279796
14615114
14924656
14189208
15069619
14751229
14711712
14890974
14822314
14351995
14915330
14875817
14537994
14599515
14833413
14977722
14659801
14928957
14632157
15080507
14670922
14970291
14467430
14776914
14862913
14650849
14714275
14650463
14420861
14487594
14304217
14721893
14346683
14598703
14395563
14518406
14520249
14864945
14512222
15028306
14801532
14689124
14962412
15220365
14975958
14718734
14829766
14732473
15076432
15102133
15075491
15025294
14984197
14501196
14481405
14966894
14911254
14319274
14601851
14862834
14803838
14574981
14306202
14411212
14518176
14251603
14311591
14437244
14760544
14600379
13002488
14572730
14261847
9693996
14138539
14332135
14498640
14485289
13943180
14485789
14354637
14248393
14574933
14320841
14355145
14469045
13882893
14775844
14705378
13860132
13710675
14008327
13764605
13797404
13569745
13499782
13953680
13722949
13782062
13727390
13843885
13892722
13873242
13628405
13390844
13879348
13838442
13461525
13887852
13866807
13526695
13333530
13675650
13454102
13946102
13987839
13934138
13427056
13990615
14025722
14024270
13041620
13675787
13981630
13885089
13842163
13855564
