51969433
50543920
48982982
52060535
51172930
51668299
49174102
49362568
50604256
50795764
48491918
49505994
49028793
50301877
49398336
49783104
50742316
49328729
48719059
48919546
48341005
49266203
47299086
50399495
50265168
51121549
49058812
51974923
49771582
50633374
50655252
49616949
51021218
49231755
48132297
48824610
48424032
50316144
48908293
48293096
46938589
49304607
49988397
46516783
47718263
46932472
46334559
47560214
47166692
47701959
48448634
48484082
47254031
48626507
47041122
48204008
47554092
45828066
46541798
46100442
45718319
47074648
47215362
46312626
46365683
45604824
44042067
45550713
45033718
45395055
45172336
44832373
43783087
46290554
48750939
45342513
46845836
45920220
45593244
47239599
46693999
47551643
47139803
45961914
46524846
48237230
48261393
48855851
48351817
47426918
47070597
50540943
48988278
47023509
47734486
48229023
48904480
48472792
48231150
46072149
47753204
48367025
47128289
47071469
46335712
44902529
46179279
46073548
44071878
46023162
44633326
44756242
46496728
44750195
43279346
45676901
45948410
43829365
46280032
45590249
45408565
43530146
43617737
46270040
45451638
43350033
44724285
46409631
47571451
40688885
43050907
43042847
45472903
42286363
42294260
42984730
41939606
41812314
44277897
41527093
41078508
43538958
42747578
40474751
41487452
42637327
41768296
43509496
41059119
41668307
41406838
42801516
41073950
40689747
40909362
40887924
41879893
42715178
43050108
42977742
41620638
43935540
43114118
43088796
43220440
42584812
41332061
43040662
41249654
40307275
41403691
41234104
37940709
41038165
41796701
41009254
41886581
41243239
39754857
43504992
41393928
42683485
41529895
43833631
41453514
42373276
43515760
42197066
41527910
41040164
43347744
44238285
44558951
42581058
43167616
44379358
43574575
43318513
43736810
36146804
43574301
39773019
24454953
45049715
45003832
43694053
44367275
46882202
45102801
44759049
46187359
46242118
44759664
45039011
44656509
47597431
44100541
40828125
47294746
48077393
46663644
47723107
48113577
48827674
48607346
47064543
48642604
47529822
48218441
48632777
47560153
48275355
48893772
50072076
47579606
47553969
50015669
47939774
47728002
47674908
48902849
47299323
49517378
47266453
47693165
46927208
49793159
47021591
46966907
46965814
44110579
47755613
46787674
47401138
46141027
46190946
13407888
13711801
14108321
13365221
13762191
13537055
13923868
13920707
13843448
13736052
14068033
13945264
14079507
13856833
14025910
13806165
14149088
14018052
14274907
13991245
14193550
14148653
14315785
13853313
13936289
13666077
13987199
13501165
13971052
13251346
13927131
14026441
13671896
13976389
14321552
14020972
14171002
14028572
14289464
14381594
14533995
14040913
13968138
14791802
14528565
14522393
14785604
14449445
14477020
14457239
14159794
14280658
14587149
14344913
14412986
14422992
14425351
14666218
14527269
14698848
14860017
14467580
14352777
14500489
14495627
14698082
15011370
14812301
14572270
14641750
14452853
14797663
14831064
14396736
14418513
14629576
14767112
14635494
14766379
14537610
14564157
14395610
14473640
14836473
14740544
14633111
14384218
14236616
14225951
14557463
14347949
13891375
14229583
14392410
14373632
14295731
14153144
14133525
14199445
14683732
14335899
14326573
14307204
14399401
14581408
14737038
14566629
14416457
14814643
14426230
14546366
14715011
14352699
14821241
14796512
14389373
14453679
14744842
14400937
14522008
14773805
14896278
14802024
14522905
14301973
14905439
14547188
14361399
14018020
15367122
14702458
15010005
14277061
15166433
14831125
14794646
14969141
14905968
14433063
15000044
14954363
14617709
14686015
14891209
15067182
14744430
15022097
14722782
15169446
14745723
15056735
14551806
14859502
14951758
14710363
14777528
14732764
14519989
14583441
14399115
14810421
14438772
14685391
14487196
14616753
14610806
14953155
14605308
15127932
14862874
14781129
15056107
15289023
15066189
14798492
14925849
14834509
15183159
15194283
15167700
15133913
15097027
14590429
14593555
15060995
15022725
14421710
14699908
14967318
14903789
14683702
14414706
14509165
14622016
14347097
14429389
14535557
14874299
14711043
13107005
14675315
14310280
9705141
14253811
14450717
14611928
14602303
14062348
14604531
14473195
14367532
14703738
14435950
14473290
14587565
13996967
14894811
14793571
13983123
13834358
14123107
13892305
13915777
13691153
13622914
14085317
13847677
13903054
13852940
13962348
14017637
14006024
13745654
13520114
13996070
13967652
13583043
14012701
13987594
13645638
13455590
13800536
13585927
14064645
14105838
14058270
13548588
14113857
14153845
14144776
13131834
13780871
14100952
14006291
13958333
13967512
