51884869
50462811
48917490
51979987
51097864
51563780
49101494
49266199
50506309
50706943
48403177
49411643
48927588
50195120
49303198
49687937
50647454
49240026
48633736
48830219
48228798
49143203
47201834
50311610
50180929
51012013
48967953
51850313
49685831
50515625
50556555
49524906
50941665
49133838
48026207
48727722
48309205
50210286
48791080
48183491
46837956
49189678
49879006
46406150
47600611
46838834
46223177
47448106
47063717
47598080
48347574
48369586
47140100
48535354
46929059
48097966
47450684
45719712
46440821
45988945
45600605
46958965
47096744
46187604
46259458
45497923
43934011
45436050
44922108
45275424
45043545
44718139
43653705
46167791
48647343
45209114
46724607
45795095
45480873
47106260
46579415
47432342
47015789
45841424
46391351
48125295
48134268
48743449
48229510
47304797
46935246
50417732
48858705
46897796
47588087
48093955
48759113
48340639
48079114
45952888
47609992
48247252
46985128
46942175
46207275
44773047
46044895
45929321
43927898
45884429
44483297
44616144
46348347
44582753
43144782
45557784
45798217
43679883
46135657
45431704
45279506
43379565
43473646
46121146
45301170
43206984
44570364
46272247
47411807
40517991
42889842
42891161
45314490
42102269
42132156
42813840
41781975
41633728
44122840
41362398
40905628
43385909
42570683
40303218
41307415
42487301
41612224
43338535
40875346
41486745
41239695
42615843
40894305
40489234
40727455
40704891
41710288
42540125
42863171
42780489
41445649
43759564
42914031
42892806
43049548
42404244
41158134
42853381
41071094
40108673
41215524
41033690
37714805
40856330
41619912
40821465
41705951
41063233
39552945
43313200
41195113
42485226
41338544
43636960
41275527
42190390
43340294
42011880
41339651
40845265
43151842
44055950
44371135
42390254
42975947
44186233
43389317
43159341
43559148
35979934
43373270
39580114
24305909
44873388
44810085
43494828
44181974
46695219
44902829
44563480
45988719
46064022
44567693
44842819
44477882
47409603
43929690
40633568
47113708
47905313
46479399
47524922
47928333
48635075
48411540
46869407
48459252
47334029
48019396
48449860
47354360
48079293
48699536
49900960
47387594
47354799
49831752
47749125
47539767
47497490
48700459
47117601
49309268
47086178
47513930
46742088
49598908
46839051
46771206
46771728
43941443
47562525
46604948
47210521
45946700
46000519
13413342
13709493
14108076
13372196
13766285
13536242
13929894
13924166
13850271
13740742
14069551
13943360
14079119
13857151
14026808
13804313
14150224
14019327
14279445
13990995
14195944
14148163
14320147
13857303
13939377
13665141
13993401
13502083
13977683
13253547
13927771
14031847
13678582
13975911
14320897
14022850
14167081
14031316
14292930
14382962
14539544
14043810
13975807
14793873
14532565
14522117
14786643
14447357
14480430
14460655
14161637
14286841
14586770
14353011
14411019
14429592
14427387
14666205
14533241
14698294
14860222
14471725
14355978
14500105
14500526
14700244
15013756
14813158
14574124
14646675
14451161
14797089
14831809
14397525
14424679
14631674
14767861
14642032
14764818
14537187
14566046
14396640
14478100
14836826
14744598
14641676
14387102
14240131
14226001
14560340
14351601
13896506
14236810
14395912
14374273
14300863
14159317
14142160
14202027
14686579
14337813
14334273
14311241
14401815
14586326
14737137
14573570
14417378
14814101
14428995
14544573
14717856
14353690
14823990
14797032
14396128
14454328
14748048
14402763
14524086
14779924
14895033
14804613
14529021
14308440
14903361
14550871
14369237
14021461
15363784
14698720
15008783
14280845
15170781
14829945
14795470
14966094
14904679
14430972
15000013
14951313
14622154
14683753
14889577
15062700
14747179
15021214
14726535
15169737
14742135
15057659
14552932
14859921
14955328
14704114
14778200
14735083
14524603
14586217
14397768
14809905
14441575
14686548
14489517
14617249
14611580
14950339
14609914
15123123
14854713
14777354
15054808
15283595
15071820
14800523
14921253
14841249
15187579
15194499
15160663
15135655
15100021
14586867
14602853
15056570
15031141
14425294
14704718
14967979
14903941
14683381
14417465
14513155
14621654
14351573
14435754
14543460
14887167
14717718
13100533
14682774
14307686
9685727
14259899
14456335
14618605
14615277
14074608
14607482
14483573
14376416
14716493
14445091
14482403
14590765
14009234
14903193
14796005
13989672
13843231
14133498
13900520
13926003
13702118
13632503
14085332
13858718
13915028
13865086
13973461
14024699
14014401
13756432
13533893
14004986
13972844
13598297
14021967
13998961
13651740
13458672
13808181
13592911
14076288
14113611
14065646
13557080
14119110
14162877
14155342
13138526
13784552
14112135
14013437
13967195
13975305
