51565660
50153173
48612400
51634225
50765862
51253082
48779615
48953814
50183341
50390090
48105893
49090222
48620749
49888130
48998191
49373094
50353110
48926243
48326153
48495144
47932570
48841276
46895795
49980401
49852421
50693437
48634488
51547827
49387668
50188305
50222125
49202796
50604109
48795114
47701855
48402608
48008887
49867799
48489775
47875870
46543338
48887531
49562248
46104702
47286948
46517264
45925544
47133108
46746599
47278621
48037099
48054195
46849094
48218249
46624289
47777718
47138943
45419026
46134240
45664036
45320524
46644533
46800585
45880730
45950486
45199885
43630317
45145872
44622357
44961465
44747378
44421348
43383825
45869238
48339088
44935626
46426727
45491763
45182571
46804640
46266668
47118028
46713340
45528242
46081727
47820638
47839906
48407094
47902707
46982188
46619515
50091823
48532660
46582997
47287944
47784945
48451658
48016227
47773373
45638440
47281877
47918146
46668585
46609382
45869740
44451135
45706847
45614837
43625586
45569597
44184100
44297403
46031464
44276923
42827535
45215751
45483937
43359754
45821482
45118274
44980210
43064186
43151798
45817186
44967414
42873487
44256217
45934136
47085082
40220089
42583194
42566935
45003503
41787128
41815605
42508690
41476508
41321794
43789942
41038319
40602680
43042319
42251047
39991603
40989641
42154488
41286096
42999146
40535548
41161433
40918722
42272516
40559752
40164220
40391762
40369438
41378746
42182392
42502241
42435254
41108390
43406064
42570155
42546519
42686530
42032815
40799744
42486274
40705995
39759375
40865252
40685990
37393288
40499440
41251792
40463765
41341932
40689138
39210295
42962209
40818748
42098964
40983840
43255399
40898513
41813121
42955283
41641370
40947131
40460301
42755564
43650179
44024358
41990505
42558839
43771801
42967883
42762489
43139919
35333197
42937230
39471751
23986072
44426054
44406091
43075634
43758731
46257429
44488144
44124416
45522534
45627432
44117552
44403936
44022122
46952666
43474988
40295346
46645091
47428834
46013713
47058767
47437770
48155951
47929755
46399774
47974135
46856321
47536948
47971051
46871181
47582828
48193257
49375750
46900780
46867527
49337659
47274935
47031203
46995361
48207948
46619279
48829428
46607200
47054067
46252604
49098731
46353210
46276782
46269757
43500666
47127686
46105314
46698670
45453931
45511303
13375972
13671774
14068099
13333282
13727620
13504637
13882195
13885338
13810469
13699393
14023827
13905547
14033819
13816334
13986740
13764258
14119128
13976616
14230061
13947175
14150644
14106115
14268412
13813787
13900799
13624369
13944298
13463201
13930802
13212063
13885234
13983208
13639806
13927132
14269917
13974730
14126723
13988871
14247295
14330394
14484312
13998648
13930161
14735229
14479002
14465482
14733514
14393944
14422122
14400108
14108620
14231920
14536628
14300928
14356689
14373585
14375653
14610175
14473756
14630755
14800738
14412746
14300704
14438229
14445598
14638479
14944410
14749903
14509994
14580741
14388321
14729283
14764338
14341400
14373732
14572818
14706184
14576008
14704281
14482029
14508024
14347680
14426065
14777615
14685204
14586940
14335735
14188712
14174073
14496868
14297310
13852201
14187111
14336302
14322806
14251151
14108961
14093391
14152084
14631284
14282121
14284878
14253250
14342889
14521868
14675476
14509502
14362479
14749008
14364835
14481315
14650410
14295563
14758983
14725917
14334434
14398315
14670890
14348317
14459325
14713575
14821262
14731780
14470602
14237741
14833350
14486766
14304363
13965833
15276934
14629524
14935066
14215471
15090105
14753472
14724354
14891518
14823700
14359095
14919736
14869952
14548712
14607692
14804283
14978574
14667228
14939127
14652252
15080647
14654506
14976838
14473012
14771898
14863719
14619855
14689545
14653250
14444825
14499876
14321392
14727023
14361100
14605050
14406866
14539992
14527982
14860064
14523296
15031773
14758675
14691073
14967510
15181785
14970669
14707556
14828681
14746000
15091820
15096448
15082732
15040783
15009185
14497974
14514596
14966097
14934493
14343655
14614184
14874486
14804708
14594105
14334073
14439283
14531172
14261142
14344966
14452202
14793632
14631068
12929110
14586327
14266310
9564085
14175948
14368430
14527083
14531361
13997125
14525103
14396420
14289890
14630798
14356668
14396557
14502509
13938461
14815530
14705439
13921666
13771118
14056832
13832216
13858610
13641768
13564662
14013921
13788788
13839602
13794663
13909447
13952457
13946283
13689210
13472489
13935878
13897904
13535202
13952071
13921088
13579717
13396815
13737897
13533872
14005181
14048095
13991916
13493947
14038786
14087507
14078197
13060405
13727721
14032251
13938026
13887880
13894172
