51836333
50436588
48884144
51934219
51048216
51528211
49044123
49219375
50468081
50668392
48361851
49359874
48892575
50143945
49262480
49644452
50613770
49187419
48602286
48780030
48195141
49118139
47165202
50267951
50125214
50978582
48915914
51814679
49660427
50485059
50505777
49475293
50887115
49082838
47984858
48684259
48287453
50162333
48744009
48157398
46811430
49149399
49844367
46363635
47547395
46790056
46181188
47413018
47007537
47532242
48303203
48340960
47109742
48486688
46882334
48039165
47406861
45658838
46403864
45945423
45560951
46909168
47050410
46145777
46203836
45454715
43886496
45378932
44861993
45226428
45001593
44674459
43612416
46129460
48579603
45172390
46690683
45756070
45434725
47058057
46531896
47382478
46979383
45795440
46352751
48085564
48086119
48675597
48196331
47249771
46893995
50357190
48803907
46854519
47537117
48054960
48713741
48292965
48043366
45890042
47560448
48179654
46953504
46884085
46140694
44710249
45985137
45869025
43881517
45819187
44436058
44556898
46292717
44557191
43086789
45496964
45744109
43629451
46073416
45391794
45220617
43320905
43414000
46074473
45237776
43135476
44521101
46196389
47359490
40463409
42822321
42818692
45257139
42038010
42071917
42743359
41727184
41579203
44043946
41291601
40845435
43315520
42491485
40233201
41231066
42402018
41524699
43253422
40797074
41393166
41164692
42533950
40806805
40416880
40641486
40613983
41612841
42443414
42755984
42669793
41342791
43648623
42808650
42780338
42934174
42269432
41052558
42728983
40950565
39984885
41106631
40930967
37613979
40731006
41491375
40689568
41560916
40909403
39438655
43181548
41041881
42328596
41205804
43481976
41132119
42039186
43174195
41868058
41199005
40696279
43003983
43900868
44246367
42231520
42805403
44031117
43209460
42988802
43377183
35652165
43187095
39551472
24107752
44669116
44655480
43312480
43987393
46491303
44698901
44363770
45767881
45847750
44349579
44637257
44258297
47183749
43698631
40533111
46883500
47662301
46258473
47304387
47679379
48383414
48158104
46627774
48195601
47089826
47763588
48197589
47103887
47823249
48438459
49630772
47126528
47095670
49569009
47495493
47272039
47224563
48452634
46854924
49061672
46797781
47237282
46461625
49328172
46575342
46497469
46485622
43698105
47344165
46331968
46922829
45664908
45708735
13406551
13707432
14104338
13367486
13762296
13535315
13919864
13915088
13843048
13731330
14064013
13942228
14074259
13849547
14019283
13797495
14149622
14012990
14264864
13990980
14187922
14144081
14310588
13848086
13931906
13659648
13983640
13497577
13969146
13247489
13919448
14021934
13669758
13969910
14312800
14015107
14165557
14019082
14283162
14373100
14531275
14038591
13965273
14779308
14524434
14516624
14782567
14441531
14465199
14447247
14155014
14279353
14580691
14339839
14403081
14420010
14418122
14657472
14523562
14688464
14849992
14457014
14341447
14490429
14489381
14687689
14999922
14800740
14558987
14633874
14439171
14783487
14818077
14386750
14412725
14620382
14754536
14629504
14753828
14526079
14552910
14384882
14467640
14823237
14733807
14633700
14377999
14224108
14217909
14545614
14335057
13887047
14228766
14383012
14362166
14294431
14145814
14130551
14190879
14674363
14328296
14321073
14298901
14388890
14569396
14723489
14559246
14406568
14801686
14414755
14528849
14698218
14336612
14812768
14781921
14379275
14440385
14724240
14387944
14501548
14760079
14879638
14787193
14512738
14283950
14886161
14532633
14349909
14007081
15339597
14680178
14989846
14263351
15145017
14813412
14772813
14944420
14884667
14407937
14977547
14927905
14600553
14658704
14862166
15040155
14725604
15001417
14703193
15141620
14712321
15023972
14528616
14827782
14926904
14678272
14749755
14705159
14492377
14551953
14367627
14777618
14409198
14658107
14460195
14590199
14579874
14914368
14572366
15091545
14815311
14744385
15022718
15245673
15028775
14762158
14882924
14798689
15144860
15157794
15128367
15095396
15059307
14547143
14558885
15019572
14985700
14387970
14662051
14929341
14860257
14645993
14383692
14482766
14581856
14308019
14398033
14503268
14841351
14676287
13011572
14636283
14287451
9611780
14220882
14415583
14573870
14576464
14031321
14564036
14439147
14330195
14670396
14398123
14441502
14542703
13968787
14857353
14759678
13952461
13809464
14091780
13864101
13891555
13672294
13593052
14049310
13819260
13872839
13824951
13936488
13988722
13974862
13722893
13498492
13967080
13932789
13564702
13984548
13959926
13609371
13427942
13767203
13561327
14033549
14071460
14018242
13522046
14071619
14119120
14106767
13095470
13756768
14068621
13970429
13919110
13925875
