51735254
50305449
48751947
51825160
50934901
51426027
48927907
49099212
50346960
50548207
48232991
49245663
48767736
50037779
49144648
49537983
50483521
49070871
48461444
48659560
48086700
48995904
47026715
50146815
50023279
50865981
48793887
51704808
49548509
50384250
50400606
49363197
50776611
48961576
47865835
48556578
48164592
50049364
48627273
48013832
46665181
49021073
49734650
46236167
47430554
46654551
46053300
47287219
46885373
47415678
48181960
48209450
46973352
48366956
46756092
47925828
47281905
45538264
46245861
45809557
45426411
46789670
46931413
46021445
46071684
45308074
43737844
45243640
44711972
45091621
44859683
44533964
43464708
45999622
48470928
45036287
46560762
45635571
45294485
46946590
46384982
47263244
46857356
45661023
46219901
47962700
47979191
48572754
48068202
47128954
46773803
50265839
48685982
46715133
47421080
47942854
48589135
48178870
47940736
45776091
47445227
48087051
46825693
46767379
46020164
44581070
45869874
45752619
43750251
45716268
44308487
44424912
46171896
44413242
42963009
45393046
45610744
43498412
45969911
45262706
45109896
43190289
43291980
45952929
45117150
43026001
44399327
46106711
47267194
40318171
42701728
42699309
45133922
41902989
41945916
42623675
41606346
41433884
43928684
41157230
40711461
43186102
42367812
40096493
41121225
42297680
41397151
43136656
40663005
41255970
41034264
42404346
40696359
40273884
40493675
40479349
41515534
42336215
42652579
42584438
41234309
43560545
42684317
42675444
42850160
42198172
40964902
42641356
40870990
39852444
41008746
40835404
37469471
40643151
41423087
40630132
41482776
40856401
39328976
43103433
40988126
42298359
41152622
43445209
41055605
41978197
43142096
41816471
41128645
40652739
42973388
43873348
44204267
42203929
42768811
43994721
43196713
42965340
43372569
35792863
43204129
39398824
24176835
44671029
44638552
43289239
43992302
46525368
44731321
44375115
45810396
45889230
44366295
44663462
44306008
47253479
43737949
40408278
46930513
47716403
46316868
47356012
47770975
48467668
48242232
46709455
48285926
47162402
47852558
48299684
47183770
47917019
48529383
49727018
47224084
47179789
49673943
47597973
47374795
47323867
48555483
46946887
49192759
46931360
47350970
46563870
49442710
46685475
46590564
46606723
43766185
47387506
46444283
47047599
45774408
45837347
13435970
13739129
14132772
13395825
13789703
13564929
13950223
13943712
13878341
13762197
14094977
13971137
14104198
13885786
14055854
13832411
14179749
14046757
14300378
14023224
14221501
14175461
14345718
13879890
13971138
13692444
14014291
13526977
14001571
13280191
13953103
14058053
13703245
14005163
14345424
14046015
14197975
14058314
14316865
14409696
14564546
14072172
13997430
14820145
14554774
14551850
14820538
14475842
14506583
14482790
14184381
14308533
14612872
14375321
14440604
14455879
14455321
14694816
14560972
14722039
14891209
14495303
14382130
14520365
14527643
14724903
15038904
14840033
14597401
14668269
14471955
14820164
14854894
14417086
14457255
14657890
14792352
14667162
14793245
14567426
14590212
14424993
14503965
14857943
14768105
14669332
14412719
14260149
14251154
14585582
14379505
13927086
14262267
14417285
14400625
14334244
14186871
14163836
14229417
14711965
14361774
14361458
14332292
14427741
14609035
14760441
14598336
14442024
14837667
14450230
14567208
14737015
14377697
14850567
14822709
14422018
14477756
14768767
14429564
14547109
14805150
14923243
14833431
14549835
14323999
14928460
14573484
14390757
14047960
15388055
14722227
15036740
14300477
15196297
14854468
14820441
14993842
14924958
14452751
15019427
14973192
14643094
14705242
14907669
15088365
14765359
15045448
14749993
15193561
14756726
15076773
14572524
14884226
14975742
14719569
14797950
14755287
14548281
14599239
14422960
14831987
14463518
14701079
14508122
14639480
14634062
14971205
14630246
15143038
14860233
14796576
15078380
15300000
15086271
14817175
14947980
14859258
15207819
15213018
15181744
15164025
15121356
14604028
14624794
15075783
15045730
14445465
14723051
14989468
14918432
14708855
14440135
14539534
14643091
14365697
14453412
14561178
14906915
14739978
13109190
14704101
14327274
9684079
14287481
14478694
14631780
14638418
14093527
14628017
14506360
14394783
14740334
14462022
14507359
14613185
14031045
14925609
14813005
14013517
13866402
14155154
13924962
13948962
13723105
13652834
14114784
13878227
13939521
13884799
13999833
14046709
14041417
13778254
13556505
14032377
13993549
13616319
14044056
14016724
13679004
13477641
13832388
13619736
14100282
14133264
14084925
13580951
14135201
14185416
14174103
13153954
13804056
14132367
14038297
13985054
13998117
