51033121
49581595
48012984
51036280
50158839
50624832
48154911
48326570
49550877
49746894
47465202
48449279
47957715
49227661
48331028
48721582
49701922
48268823
47664526
47836371
47273943
48180271
46238031
49321325
49170919
50007140
47983320
50830343
48704634
49454416
49544993
48520327
49917804
48136615
47036053
47739490
47330001
49196781
47789744
47202200
45868047
48179811
48866448
45436945
46616148
45854065
45258223
46466140
46082511
46597380
47357794
47382536
46183226
47528114
45960978
47122430
46472684
44746276
45460829
45006107
44674986
45969140
46130377
45213193
45270368
44518166
42969927
44497106
43937347
44298700
44100938
43731702
42717370
45200012
47657988
44271144
45757806
45148473
44507298
46112053
45589035
46415773
46023632
44845872
45406273
47145506
47122750
47722623
47214998
46283375
45930843
49366349
47837567
45851053
46552901
47051817
47720140
47322839
47065649
44922450
46572939
47173564
45966735
45906727
45171476
43761233
44997641
44894092
42938403
44840646
43469261
43572601
45325446
43568129
42136922
44514719
44782560
42658904
45109708
44396952
44287257
42352014
42441317
45073495
44233811
42157909
43520243
45176300
46283788
39542794
41861242
41838246
44249494
41112591
41110486
41782615
40764389
40628076
43054473
40312403
39876170
42301871
41514858
39294343
40245332
41408405
40542672
42285137
40097398
40428042
40178587
41519721
39868055
39428084
39644213
39624570
40577488
41375717
41710210
41619092
40324314
42606856
41931082
41760094
41851975
41190306
40013184
41648329
39909731
38969742
40056047
39845354
36643003
39660218
40413909
39623854
40483183
39819564
38380028
42162270
39968608
41197881
40110382
42313265
40048107
40945913
42028084
40750062
40069000
39540508
41832874
42696017
43502496
41059273
41626847
42791730
42018120
41853853
42160153
33947118
41927100
38709454
22975261
43395758
43513561
42063191
42727389
45156803
43440117
43059329
44438712
44569375
43070595
43295863
42946652
45812296
42371656
39488241
45488767
46258740
44859953
45901745
46260823
46944789
46727929
45198750
46757179
45672859
46319040
46753878
45654627
46338347
46967672
48131784
45688480
45636090
48059105
46083572
45818878
45740241
46933320
45421423
47596939
45369882
45765583
45006047
47803045
45118329
45033506
45052693
42199754
46019535
44879890
45717073
44211721
44265840
13338191
13625145
14008370
13295038
13683079
13458079
13823024
13815344
13760598
13646535
13958964
13839287
13968115
13763771
13917554
13703218
14066290
13912951
14159966
13877211
14075680
14039864
14187255
13752458
13835110
13570490
13877074
13413266
13870244
13147512
13826041
13918441
13579306
13862267
14195613
13901471
14050156
13921490
14169332
14253064
14393275
13924589
13856410
14643891
14396563
14375261
14639690
14306377
14334682
14318968
14026686
14154547
14447384
14221102
14263388
14294407
14288561
14507918
14381510
14533076
14703593
14321988
14201961
14339129
14341442
14532912
14830932
14646860
14398510
14470709
14280981
14610907
14645007
14239929
14292561
14463882
14614193
14516427
14597989
14383118
14407622
14245799
14323152
14662944
14581981
14497271
14244192
14097713
14081526
14398760
14196138
13775578
14100822
14228431
14219295
14157274
14013266
13992224
14059475
14513989
14183024
14186349
14149389
14235196
14409259
14552000
14391619
14240528
14618024
14246843
14353811
14516586
14179613
14626385
14585414
14211258
14273513
14536401
14227278
14334223
14591649
14677389
14590049
14345924
14108143
14682031
14346527
14179188
13844902
15111332
14477968
14779623
14079598
14934439
14588731
14565241
14728657
14655895
14210230
14745940
14690069
14391213
14441153
14624129
14802289
14502206
14769046
14496897
14954595
14480172
14789626
14300426
14596562
14678824
14433230
14502037
14466793
14259612
14324127
14140297
14541920
14193925
14459646
14231606
14354820
14337489
14655595
14331209
14821849
14548726
14489010
14751300
14943889
14758563
14501680
14613928
14534528
14868931
14866568
14894953
14825561
14796151
14280792
14313397
14749663
14722740
14139382
14394388
14646567
14561679
14389322
14136279
14313041
14309769
14049690
14139696
14238630
14584970
14414367
12539164
14364970
14053672
9196518
13970873
14184310
14303352
14315258
13806186
14310274
14176122
14098149
14435612
14140340
14180848
14282293
13746943
14581797
14497688
13733200
13591456
13856561
13643069
13673713
13465734
13386991
13818835
13611640
13643691
13609288
13729180
13762788
13754247
13512191
13305428
13741017
13709750
13372051
13766507
13731013
13384251
13218144
13546283
13366352
13803802
13849378
13787897
13329630
13837477
13883612
13871213
12818336
13557573
13828940
13768056
13672878
13681455
