51864600
50434573
48881582
51953753
51070405
51551458
49049948
49236144
50475998
50681999
48366193
49389159
48898621
50167731
49279412
49646197
50611107
49208451
48598747
48781649
48211392
49126753
47162331
50285291
50149538
50986804
48929561
51832902
49663077
50511098
50529300
49487026
50905633
49092184
47992786
48701618
48284796
50159966
48757827
48148489
46791616
49145829
49857087
46360677
47554030
46786367
46180156
47397709
47004497
47545414
48298711
48335239
47101467
48492581
46888793
48053316
47398388
45655082
46389439
45948858
45557894
46918251
47067286
46141712
46205024
45448370
43879673
45372114
44860719
45213877
45011323
44675502
43604731
46127735
48600979
45178970
46690605
45755991
45441603
47055614
46541657
47397227
46980468
45796210
46354315
48093621
48101942
48681968
48184575
47254151
46904093
50387901
48827786
46855000
47543009
48070866
48736654
48298955
48067624
45891930
47572420
48215655
46964127
46882556
46147977
44716319
45992553
45878645
43885596
45840416
44441142
44556815
46298791
44546983
43081251
45507457
45747870
43627260
46090221
45400370
45240624
43323277
43427126
46085205
45256177
43139253
44527985
46231739
47372513
40453035
42832594
42821929
45264770
42047365
42063069
42736683
41716762
41584044
44060448
41281576
40847222
43318120
42506713
40234766
41257092
42421277
41521579
43284308
40817249
41416176
41176742
42545155
40822143
40413281
40626209
40630291
41631392
42469742
42786789
42719096
41366998
43681549
42850896
42819435
42979527
42337217
41090708
42787567
41004528
39996354
41141811
40976870
37628489
40782790
41548430
40754094
41618814
40985811
39456934
43231513
41105015
42426316
41266780
43578474
41192461
42099946
43273536
41938387
41261094
40789816
43081115
44000476
44318933
42319205
42897107
44124702
43313410
43069762
43492000
35856387
43332835
39560993
24230532
44803830
44760124
43428038
44116301
46639666
44840603
44479178
45917647
45990418
44495155
44785816
44423899
47356827
43852463
40563532
47060019
47831924
46420713
47469274
47869681
48566945
48350953
46809793
48406925
47283911
47971917
48396679
47306071
48026261
48629407
49838757
47323502
47297251
49776232
47697698
47470293
47430626
48600107
46993932
49261156
47063767
47483668
46672225
49550111
46788485
46700828
46722557
43857369
47520098
46549789
47143133
45889434
45939175
13431106
13731489
14126069
13385295
13788077
13561453
13945130
13944701
13874551
13756380
14090949
13969230
14099386
13878751
14050958
13824051
14176102
14046328
14300125
14013607
14217179
14171172
14338236
13877361
13957415
13686036
14011827
13519758
13995217
13274475
13949039
14048763
13697595
14000486
14340994
14038265
14195362
14049198
14312726
14402424
14562718
14067996
13994619
14815438
14550701
14546213
14813561
14467601
14498061
14480012
14174525
14303105
14609845
14373263
14436463
14451809
14450387
14690759
14556049
14722822
14882212
14492331
14376898
14518552
14521683
14721682
15035443
14833493
14594921
14667344
14469862
14817569
14854305
14420789
14447090
14654544
14791416
14663803
14788382
14559662
14587962
14419043
14497751
14853306
14766389
14659561
14409963
14259834
14241470
14572886
14373941
13920306
14255044
14416367
14392104
14320220
14175602
14158103
14228362
14705714
14359168
14356474
14332346
14414555
14602041
14760788
14591447
14432592
14836022
14445386
14561358
14732188
14372551
14845255
14818335
14411590
14476003
14762855
14419936
14547676
14797734
14915549
14829074
14544905
14322531
14922771
14570164
14386527
14036857
15383728
14719757
15029275
14296329
15189622
14846781
14812988
14986945
14926126
14445899
15020006
14970961
14637009
14702445
14904643
15084670
14763118
15038283
14748916
15190965
14755155
15074600
14568226
14880246
14974196
14713746
14795006
14750526
14547045
14596640
14419518
14830388
14458738
14699860
14506584
14632362
14628293
14966373
14626918
15141146
14863684
14798707
15077193
15307668
15087515
14816681
14943778
14855468
15204389
15211877
15178856
15154960
15119052
14601557
14617719
15074532
15040421
14443081
14720246
14987270
14920123
14700883
14437908
14535183
14637729
14365777
14450249
14558132
14901064
14736301
13101801
14698863
14332824
9682881
14280051
14469964
14632323
14639165
14091078
14621849
14497667
14388897
14735021
14461150
14498885
14609553
14024794
14921153
14811913
14009411
13857050
14148890
13919453
13944385
13716874
13644109
14107073
13872918
13927792
13881313
13990487
14043838
14033376
13770580
13546232
14023429
13991807
13608190
14038135
14008628
13666846
13469074
13818612
13605657
14095280
14133390
14079350
13572876
14132085
14181771
14166678
13148047
13803250
14129622
14031894
13979087
13990852
