58591472
57525469
55992734
58772040
58032849
58475761
56178802
56419054
57513357
57777110
55671823
56741290
56319287
57271564
56560410
56844008
57894344
56569673
56050585
56204524
55636349
56450550
54759553
57415492
57379780
58295107
56446429
58961301
56893248
57650923
57842050
56925555
58252512
56592890
55558582
56167356
55741370
57538337
56160842
55614088
54578757
56629887
57337309
54172236
55158879
54605293
54083587
55262385
54721510
55307520
55729237
55848882
54720888
55976299
54686863
55501720
55095604
53630633
54380948
53806063
53452709
54650822
54730239
53928282
54194935
53486403
52051521
53378637
53000832
53178615
53004841
52674731
51852801
53907772
56137170
53187529
54616197
53725886
53322917
54916346
54431641
55085106
54620260
53504441
54139591
55558447
55619334
56036080
55703026
54886627
54744114
57802441
56329134
54719591
55322116
55630171
56347834
55861945
55472602
53778925
55197716
55751031
54561195
54592470
54073309
52811414
53742847
53773894
51848155
53542652
52508697
52561662
54186999
52535426
51389580
53430058
53812536
51758296
53889341
53339446
53055738
51711570
51582795
53920883
53303147
51396502
52500579
53919914
55064410
49143634
51186055
51058745
53363587
50481887
50393123
51057682
50070904
50064418
52142000
49789756
49369061
51593855
50874961
49034206
49691343
50704323
50196794
51552688
49607565
50216642
49656674
51150151
49440507
49410095
49385183
49368479
50036401
51059255
51253908
51180041
50102924
52103356
51628698
51401510
51275815
50616918
49408295
51228984
49367846
49009925
49665844
49407788
46967379
49195165
49664845
49292509
50199104
49414373
48377162
51571384
49705384
50527228
49591338
51731473
49695713
50456147
51359641
50203992
49606899
49123646
51162622
51977025
51948433
50509325
50992451
52115812
51177375
51087831
51419851
43351576
51143119
47606932
30009643
52737901
52603220
51431064
52160063
54281991
52459215
52419756
53555315
53501097
52249760
52496700
52002788
54673884
51499834
49422634
54496062
55212094
53791884
54897856
55070503
55761266
55547842
54149612
55509860
54597353
55265913
55478552
54574760
55157640
55586294
56761173
54438046
54482551
56642354
54675490
54448736
54490064
55315432
53859557
56023079
54018966
54308599
53821782
56272757
53736708
53924725
53758472
50619218
54451895
53540564
54131492
52922535
52899018
12550459
12821185
13242225
12484680
12842186
12631554
13090941
13065667
12940439
12825672
13224983
13028691
13150662
12952714
13122352
12942807
13102835
13107353
13323333
13089305
13310484
13221960
13454927
12950858
13002351
12696321
13054091
12554763
13056503
12403834
12936572
13073844
12702307
13026621
13380306
13117203
13285001
13034687
13357441
13460773
13616531
13103671
13011207
13854011
13607326
13608507
13844286
13477341
13597358
13494605
13291293
13371579
13679117
13413871
13512486
13510098
13504170
13778311
13596174
13802262
13958095
13578856
13492705
13664097
13608540
13794014
14142206
13901425
13720625
13804139
13643637
13943648
14006606
13577166
13440376
13774998
13811970
13761505
13912171
13599363
13655451
13487995
13615557
13973664
13841991
13705491
13472352
13358241
13347411
13653677
13451105
12919841
13281440
13479466
13437157
13382127
13207440
13231437
13326998
13790429
13440986
13415951
13480388
13525214
13671304
13872736
13723688
13562390
14033493
13631074
13746753
13882440
13506172
13985042
13989901
13555952
13567566
13952461
13567588
13667235
13908075
14022405
14010906
13635920
13470449
14083704
13769787
13535749
13183927
14566467
13922012
14209102
13475444
14319348
14106468
14018973
14236263
14158541
13708605
14261081
14235059
13855280
13947505
14236662
14324446
14010744
14212593
13923403
14388109
14018345
14321203
13795016
14158549
14170223
14062562
14107941
14020156
13728603
13807299
13649783
14045197
13639927
13875124
13724009
13852598
13897533
14284331
13833362
14413102
14213266
14076801
14335897
14619969
14359308
14162612
14218511
14060883
14397750
14451262
14348477
14348484
14300733
13947863
13783927
14320870
14212425
13701133
13979401
14239486
14214107
13918311
13638437
13760247
13903533
13664073
13637306
13833312
14076133
13943185
12814335
13932773
13775266
9986981
13460029
13646579
13836174
13776335
13224323
13817635
13642912
13530845
13816141
13665986
13665713
13822395
13195700
14097518
14047640
13153329
12980138
13325602
13034219
13084712
12853047
12812881
13252892
13007991
13079536
12987239
13111844
13176332
13131186
12945475
12660696
13201932
13141564
12730613
13191190
13181099
12868011
12708140
13034513
12753814
13262170
13313321
13251868
12740236
13341660
13301798
13357485
12589097
13025265
13335223
13215764
13225650
13237436
