50853834
49385064
47835336
50972761
50037030
50530855
48017940
48183908
49434096
49641608
47286376
48280510
47775554
49123312
48183738
48583857
49516763
48105062
47487220
47690994
47108307
48045319
46037728
49244706
49082515
49911771
47814999
50800158
48605192
49457643
49451828
48389286
49814335
47971601
46880268
47610591
47188451
49092573
47692378
47061949
45653832
48075391
48766221
45226498
46472491
45642955
45013684
46272302
45872197
46417233
47231037
47251519
45993399
47411939
45762628
46969529
46288389
44475384
45218158
44800696
44387578
45798042
45929166
45004550
45030303
44258202
42668403
44192143
43657951
44070338
43828056
43495145
42381830
45016766
47525771
44012906
45543056
44619471
44292059
45926949
45412275
46310328
45901570
44714028
45255278
47035423
47047076
47683945
47127252
46193956
45781878
49339262
47773145
45733720
46447464
47010320
47654402
47262987
47041389
44784899
46509612
47168803
45904099
45827439
45040362
43581449
44927381
44778358
42763380
44783961
43268158
43464071
45185633
43441245
41895508
44415800
44604452
42469191
44994732
44267417
44129941
42120207
42277208
44985068
44125683
41975995
43420834
45170439
46329475
39160736
41615866
41641710
44103785
40797029
40884427
41566096
40540099
40322901
42932114
40044378
39611254
42092515
41303517
38924149
40046599
41234977
40250684
42082357
39519129
40041504
39942497
41251375
39571220
39025620
39286545
39283450
40452016
41208292
41558551
41518149
40062079
42439053
41426869
41510943
41826599
41196327
39915872
41575934
39822671
38629590
39927504
39791648
36122159
39603117
40455696
39550016
40409673
39824300
38134668
42049527
39886137
41338065
40127092
42486765
39961263
40882260
42188424
40813194
40119541
39623381
42013135
42917435
43330261
41224319
41802226
43088545
42292675
42015765
42446908
34899069
42288297
38464222
23486679
43759912
43736980
42352237
43052117
45621763
43855523
43441897
44946814
45021183
43484186
43794499
43448366
46417984
42873230
39182846
46099896
46873833
45477356
46511113
46971751
47667772
47428871
45885415
47486171
46312268
47035436
47492383
46381201
47112362
47753837
48978285
46453119
46373471
48933591
46800398
46605518
46544932
47739514
46115236
48354141
46139645
46628203
45752609
48714573
45903882
45787645
45821798
42975058
46673095
45651937
46283188
44997633
45064666
13541480
13854262
14238766
13503624
13912448
13679841
14059713
14060079
13992513
13877074
14205617
14093989
14223128
13999591
14170813
13938040
14323971
14166377
14425690
14135211
14333983
14296099
14458643
13999577
14087593
13814743
14138407
13649885
14120090
13391668
14085028
14179371
13827676
14127170
14468656
14168556
14311732
14188289
14439372
14524331
14687982
14192706
14123653
14945663
14679325
14666468
14943534
14601468
14616355
14613409
14295371
14430813
14730754
14495835
14558842
14567767
14578458
14806724
14680827
14837337
15008918
14611209
14486979
14631917
14638246
14842590
15152238
14959892
14702962
14779422
14577083
14932430
14959736
14525236
14578613
14767945
14916259
14779109
14903537
14684153
14710150
14538103
14609836
14967276
14888670
14787187
14529680
14372555
14360338
14698188
14491169
14048983
14382044
14532092
14519001
14441581
14303194
14277350
14341621
14829265
14472008
14477245
14440804
14533404
14724781
14874535
14703922
14552828
14934104
14543813
14651558
14845436
14479733
14952689
14924137
14523974
14586270
14862637
14529349
14649746
14917478
15028954
14927061
14666068
14425410
15030345
14672784
14494280
14148486
15481738
14808600
15128949
14390787
15294611
14934532
14906695
15083341
15005384
14528664
15105680
15048656
14721680
14786082
14961361
15170010
14844707
15138104
14838942
15273609
14805258
15152745
14635288
14958370
15054184
14754288
14840986
14837180
14639633
14685503
14507448
14891599
14535648
14746167
14576955
14729096
14720183
15040487
14710816
15226829
14879330
14875439
15162941
15326397
15163162
14885412
15011255
14942204
15302083
15280489
15241854
15243711
15209948
14672592
14719026
15135995
15125810
14532182
14810217
15064332
14992124
14798176
14526791
14628002
14721155
14444093
14546105
14642267
14997729
14826408
13141023
14788256
14389017
9643801
14375944
14568084
14720837
14735560
14192242
14721816
14602066
14490047
14839461
14555916
14598421
14694560
14118887
15018261
14877865
14107875
13965476
14249093
14026174
14042131
13819589
13745568
14209585
13975617
14029738
13984796
14095063
14146416
14142125
13865888
13650453
14123498
14084989
13715519
14138186
14108856
13762233
13551912
13904147
13705804
14190074
14224105
14173621
13668452
14220811
14284243
14258385
13201388
13891798
14221548
14125291
14065409
14075660
