50652214
49161058
47614507
50747135
49810276
50309536
47776636
47930772
49216954
49409865
47052300
48053788
47552288
48891573
47946996
48370557
49290151
47878786
47241456
47466537
46875172
47803202
45796441
49012089
48860364
49673564
47591518
50577455
48387085
49239617
49231154
48165636
49596113
47748354
46640137
47374167
46959791
48859980
47455231
46836172
45420159
47843575
48540984
44975926
46228447
45402364
44784963
46026387
45646164
46178141
47003965
47042939
45764048
47181072
45525980
46762119
46052307
44237072
44979418
44555405
44142360
45580049
45701813
44760934
44786489
44017277
42421616
43950426
43393529
43828649
43586076
43262980
42148566
44798096
47315464
43770243
45316889
44370364
44059138
45691218
45167766
46065219
45696293
44489080
45025497
46830971
46826450
47462529
46920087
45975704
45557835
49131148
47560475
45492132
46244217
46801147
47435901
47051009
46812748
44575583
46311885
46947234
45680760
45610432
44817880
43343194
44704146
44559699
42537412
44562039
43028896
43216850
44975161
43228942
41656720
44182355
44382644
42227137
44780793
44055622
43915434
41896281
42041293
44765197
43903031
41731849
43208799
44977270
46120839
38915648
41390725
41416916
43863449
40552311
40651448
41338128
40298525
40070534
42706479
39803167
39369471
41864284
41064303
38684493
39812833
40994627
40012166
41858715
39246140
39752112
39709387
41000448
39341977
38747479
39036472
39005884
40232403
40949098
41309698
41274106
39802340
42196835
41147508
41234284
41585964
40974547
39686971
41336356
39608319
38353839
39690920
39578066
35816610
39356451
40233904
39321038
40169337
39591529
37864236
41829523
39657238
41135920
39895907
42271392
39715840
40642355
41994201
40585256
39897280
39407002
41794865
42711961
43133240
41017349
41577794
42881688
42114637
41805474
42249553
34692429
42107835
38250930
23340633
43544476
43534021
42152045
42843764
45440332
43680018
43226494
44746278
44835141
43283481
43593412
43252442
46233642
42682242
38917512
45919515
46694013
45304004
46320633
46785996
47488961
47253297
45696035
47304507
46159964
46856911
47322069
46201014
46943851
47592311
48808285
46263419
46214944
48747115
46654675
46431450
46364736
47586023
45938429
48171956
45972594
46453481
45576683
48552814
45751084
45606548
45653873
42807059
46502669
45485057
46082228
44829585
44895730
13566065
13874513
14265794
13526246
13938705
13706978
14077107
14080286
14014127
13904332
14219492
14114816
14251315
14024708
14194357
13963744
14354680
14190932
14451846
14161872
14354282
14325062
14478631
14024112
14114146
13838665
14165086
13673609
14144822
13409659
14111157
14208724
13854539
14151561
14494029
14188201
14331893
14214792
14459516
14549200
14710432
14218379
14149726
14965601
14698998
14691776
14968164
14626523
14640838
14638294
14316794
14454383
14755894
14519672
14579537
14598045
14599965
14827930
14704901
14854674
15022231
14633934
14506277
14654250
14662752
14864660
15177051
14982706
14722207
14798519
14595734
14954057
14983032
14544736
14603962
14790133
14942242
14798385
14928028
14706496
14731651
14559706
14632153
14988436
14904189
14809767
14547863
14389316
14382062
14717560
14513292
14071744
14404529
14551956
14542414
14462992
14327414
14299848
14356470
14849052
14495775
14493779
14456216
14553203
14746782
14893421
14722129
14570660
14954310
14560570
14669002
14863797
14503780
14976720
14944360
14539264
14604779
14879978
14553788
14672939
14938153
15054029
14945926
14685181
14445708
15044017
14690705
14509041
14168683
15494020
14829890
15148806
14403680
15314291
14950061
14924457
15094305
15019064
14536424
15118420
15062542
14729334
14797628
14967545
15188033
14859440
15151132
14859285
15285511
14806284
15168680
14644798
14967039
15061685
14753299
14843030
14848916
14652708
14695998
14520795
14903649
14547483
14746127
14586488
14737280
14732058
15046250
14719723
15245946
14871834
14886870
15179104
15315019
15172682
14889892
15019246
14955424
15313945
15285800
15249033
15262316
15230071
14680689
14735768
15137079
15137393
14547001
14820005
15081528
15003928
14813365
14544653
14639174
14739290
14452527
14565595
14652584
15013416
14841046
13140258
14804351
14394784
9636396
14396165
14583122
14735294
14754413
14207039
14740417
14615369
14505127
14857634
14568907
14617201
14715579
14137789
15029450
14892282
14128263
13983389
14263795
14042285
14061799
13840028
13760583
14228700
13992754
14053885
14005824
14118842
14163521
14158008
13885377
13669343
14136346
14108742
13730746
14164056
14123465
13776007
13567571
13922429
13721740
14210974
14241564
14189113
13686210
14239877
14300309
14277500
13210953
13907535
14232052
14137351
14081993
14092418
