50332444
48814103
47264925
50417382
49483491
49952798
47432570
47580311
48868002
49072145
46705098
47669870
47165541
48548106
47586805
48025523
48916863
47509629
46881334
47099136
46509244
47447321
45419329
48660052
48509238
49313095
47227892
50230492
48031638
48888889
48869648
47797670
49230121
47373281
46263490
47004940
46587846
48522381
47106752
46479550
45027238
47479862
48190295
44595511
45865863
45018061
44398918
45641562
45253897
45790744
46631368
46669730
45408471
46841000
45148750
46404005
45680406
43846565
44598195
44187806
43769967
45227444
45340746
44399269
44405178
43624431
42025074
43553075
43007683
43450510
43209625
42867848
41756404
44432152
46967166
43404351
44950384
44007220
43694201
45348987
44810815
45748967
45331904
44139477
44676296
46491167
46500260
47142559
46576597
45626764
45212244
48809143
47224791
45164931
45894697
46469465
47100633
46711952
46512200
44225159
45971546
46622173
45336586
45289743
44474122
42992363
44372891
44208819
42198422
44244158
42667894
42862673
44642698
42879360
41291741
43868381
44028559
41880766
44463832
43709424
43585685
41528771
41692461
44428375
43550206
41372182
42870860
44660124
45819842
38511057
41013195
41066470
43516192
40170285
40286600
40988794
39947933
39693658
42367457
39428678
38996429
41486255
40708448
38279113
39456854
40651300
39634137
41515453
38838952
39340091
39341345
40598021
38975946
38324624
38634253
38632790
39882268
40600324
40955729
40922312
39426460
41824409
40741035
40850467
41277195
40663492
39347279
41000977
39276296
37951052
39334014
39240496
35391409
39052677
39945618
39004505
39823672
39286901
37476074
41507929
39306383
40845050
39574401
41982100
39382035
40326334
41692022
40300925
39594435
39093481
41521732
42438861
42869686
40716482
41291497
42621506
41848779
41539085
41976334
34431319
41842495
37972174
23132612
43299746
43283873
41871650
42585430
45197252
43426479
42974588
44514116
44612982
43031369
43353808
43013986
46001770
42445461
38527102
45678168
46451183
45062421
46073426
46561161
47259935
47022384
45463013
47069986
45915762
46622502
47086817
45969535
46717648
47365157
48572517
46041623
45990499
48540471
46420785
46220034
46159051
47381066
45732159
47985379
45765557
46250856
45378716
48352216
45547524
45391770
45445727
42621841
46316085
45287543
45886694
44622668
44692622
13601673
13913007
14301632
13564501
13977152
13741518
14114642
14111256
14053569
13941826
14260358
14155063
14289132
14059816
14233241
13997567
14401456
14230917
14493450
14195343
14389362
14364203
14513761
14060406
14148158
13882392
14201969
13713033
14181464
13446156
14150206
14247069
13897845
14191090
14532986
14223557
14365373
14252951
14497996
14587853
14748680
14254167
14188326
15005774
14741764
14730656
15002662
14668958
14671441
14673036
14350353
14487580
14793828
14557594
14614542
14633321
14636117
14863704
14739250
14890246
15060683
14667106
14542692
14685187
14699293
14895563
15203682
15011319
14752409
14829371
14620605
14981436
15010160
14575839
14642216
14822991
14980006
14831057
14954381
14744553
14762828
14594197
14659518
15020209
14940219
14840404
14584144
14425729
14410741
14754219
14545511
14108718
14440334
14593248
14580646
14494462
14362405
14331895
14396906
14880498
14529902
14527189
14479953
14589263
14775618
14920671
14752782
14600196
14979307
14596086
14688890
14892422
14530579
15002371
14966455
14574262
14630450
14904401
14581872
14695954
14968698
15079719
14968986
14711928
14477107
15072174
14714454
14538067
14189431
15516515
14848771
15170680
14421413
15337914
14967676
14945263
15114844
15031082
14554303
15138641
15073942
14743215
14811503
14974595
15205812
14873721
15168746
14878310
15291731
14807882
15181305
14650362
14983712
15067211
14750023
14844290
14867567
14678142
14712626
14540899
14911271
14560037
14746670
14592848
14756889
14749818
15060446
14737338
15260623
14859870
14895859
15195947
15304703
15192452
14905235
15033518
14972096
15336127
15291633
15260258
15271683
15252236
14689222
14759898
15142298
15145027
14563110
14840843
15096274
15010051
14831339
14563451
14665081
14749664
14464424
14586901
14669163
15033745
14859949
13141016
14819821
14404555
9614973
14413526
14606480
14751236
14773810
14233682
14750758
14635750
14530943
14886977
14585885
14636576
14732719
14154803
15054499
14897369
14149515
14009454
14281738
14067706
14082142
13855559
13781775
14246134
14012522
14068995
14024261
14134964
14182641
14180235
13901310
13687998
14157145
14126669
13750011
14178293
14143168
13793873
13586490
13939886
13744341
14227808
14260807
14210206
13704076
14255648
14322595
14294836
13227139
13918703
14247330
14154709
14094345
14105193
