58073981
56976713
55435823
58264407
57505420
57954481
55654727
55884991
56985824
57254712
55126273
56179880
55768014
56736768
56023538
56306352
57354496
56008252
55483564
55656711
55077159
55908621
54183152
56891052
56832184
57739308
55877827
58416862
56349112
57119744
57288403
56381201
57704352
56040058
54989304
55591977
55189381
56986019
55609325
55058369
54008076
56067598
56783090
53581677
54597428
54033198
53520290
54676134
54155560
54746181
55194033
55280192
54155713
55416584
54108080
54940298
54539347
53050253
53806377
53226493
52862899
54085549
54180057
53364990
53587812
52890793
51453525
52796578
52421962
52593455
52419977
52075133
51229634
53340411
55569717
52602362
54027280
53146475
52745472
54344426
53861383
54524794
54062591
52944912
53569708
55012286
55082511
55494564
55141658
54330458
54172188
57260147
55782547
54134331
54760250
55084539
55809505
55320513
54927320
53217725
54630517
55202874
54017063
54009331
53480263
52216731
53177736
53200362
51267378
52986622
51926974
51988426
53614953
51970917
50783910
52863013
53229724
51186218
53320281
52754357
52498583
51094820
50969761
53359816
52721388
50786205
51913679
53359536
54502300
48521913
50596874
50452508
52767005
49882302
49803489
50454390
49465515
49450215
51543506
49191642
48750767
50993402
50270784
48418842
49086108
50104232
49572569
50962503
48992204
49617979
49044348
50551571
48806557
48763295
48753265
48735585
49437275
50439476
50638352
50565182
49479499
51497966
51034415
50783491
50698734
50006403
48802839
50627474
48765292
48379659
49044093
48777712
46310437
48578069
49066232
48681383
49582766
48796407
47746018
50982298
49068837
49938540
48979383
51134546
49067131
49838774
50741461
49591750
48985879
48497576
50555586
51386316
51361791
49883785
50397606
51525324
50578441
50485965
50821514
42739195
50548689
47002685
29546031
52149681
52023705
50823754
51536555
53697424
51875991
51814241
52980289
52918382
51646321
51901293
51428535
54108211
50903136
48800762
53919402
54654747
53218685
54345270
54508993
55192741
54990489
53589947
54969913
54022671
54699877
54927817
54021215
54590184
55041425
56216433
53874369
53936144
56097023
54126572
53897013
53943569
54791245
53316905
55489540
53469886
53764258
53266832
55754072
53196702
53386274
53213636
50092270
53913119
53000357
53583841
52380149
52345196
12627328
12896607
13320731
12561880
12921303
12711927
13167217
13145828
13020123
12906523
13302576
13110551
13233078
13032480
13201490
13021374
13191013
13183605
13409478
13168097
13385177
13300739
13527567
13030215
13085594
12783669
13135549
12633115
13138672
12473339
13021682
13152030
12791749
13112288
13461485
13195520
13360778
13116603
13438921
13545708
13695604
13188104
13095800
13938449
13690158
13689700
13926933
13558658
13677224
13581687
13370001
13449236
13758964
13493759
13588967
13592142
13584637
13858475
13678881
13875500
14034309
13657215
13570245
13734255
13688875
13875881
14224836
13982756
13798084
13874505
13711756
14020549
14078560
13647198
13522412
13851503
13886919
13834983
13983144
13675867
13732251
13567480
13690942
14046214
13916639
13781128
13557451
13434060
13423126
13732102
13532755
13001339
13364271
13556217
13521101
13462134
13288787
13310063
13405724
13866996
13518695
13496894
13555174
13604233
13751968
13945772
13793007
13638642
14106689
13704847
13817117
13954118
13583442
14063343
14062664
13635882
13647607
14022957
13640255
13744588
13979767
14097951
14079763
13715187
13545691
14150880
13838721
13607116
13253310
14634418
13992221
14277598
13545749
14391125
14172751
14092805
14301362
14228435
13774796
14328294
14300017
13921894
14006436
14304735
14394875
14080370
14284156
13993072
14460397
14082240
14383522
13860307
14220834
14236271
14123129
14172007
14080891
13798369
13877173
13714959
14114968
13706609
13943299
13788914
13920480
13960172
14339666
13903602
14473232
14270010
14137593
14396228
14684849
14423903
14219843
14283914
14126714
14466432
14515666
14426183
14416703
14367471
14006420
13857370
14382822
14280665
13756271
14046360
14299353
14272275
13982278
13703637
13822925
13962407
13721712
13701186
13891431
14144000
14007122
12830719
13999181
13819577
9959791
13527331
13716337
13901537
13839494
13296395
13884079
13712903
13598257
13888750
13727070
13734495
13884072
13261611
14165280
14110816
13222846
13049905
13391365
13103191
13145644
12922040
12877609
13322014
13078719
13150621
13058146
13184368
13246833
13200597
13008272
12734061
13264751
13208641
12798252
13259043
13245768
12935818
12772243
13101005
12820603
13333747
13376990
13315914
12810053
13401275
13368604
13418794
12634031
13087700
13395865
13283247
13284140
13300550
