49830544
48255728
46736512
49899451
48934118
49426290
46891823
47049313
48319912
48541468
46126481
47094478
46617106
48007413
47025003
47468867
48357844
46960869
46308090
46532359
45952119
46887176
44839244
48124892
47976470
48765944
46646192
49680801
47478002
48358456
48320492
47241057
48678811
46799443
45689827
46421393
46034718
47945298
46571128
45903445
44437553
46931017
47605457
43992318
45297676
44420527
43782755
45045397
44650057
45203030
46081969
46117290
44807262
46282375
44557887
45841555
45102866
43206366
43986517
43589171
43146579
44626488
44746048
43802438
43802406
42993373
41385074
42908760
42359821
42836316
42593675
42250051
41107372
43837016
46400017
42784669
44352678
43397302
43094478
44741725
44201893
45148366
44767339
43570911
44098921
45952325
45932460
46595987
46027851
45072416
44602571
48254032
46672072
44562756
45291367
45913710
46535159
46164883
45952696
43622963
45403858
46053779
44783530
44704240
43889086
42375927
43807022
43604734
41597140
43673502
42032775
42254114
44049191
42270743
40645498
43269203
43421609
41263200
43871898
43086461
42991929
40852903
41063320
43840365
42937678
40721005
42278733
44096134
45262782
37773093
40336241
40413433
42888345
39460746
39634272
40327547
39280809
38981327
41761591
38715646
38297624
40811895
40020230
37547669
38784738
39993910
38891022
40851513
38085402
38562033
38646194
39843647
38253243
37500475
37844173
37828467
39211943
39865283
40251354
40236625
38661016
41092650
39910637
40061479
40602332
40018213
38677390
40298507
38609223
37157541
38631257
38567211
34457253
38384049
39308300
38311392
39125973
38635033
36686034
40838536
38586281
40245170
38941106
41377422
38678656
39607840
41078819
39625927
38946146
38434910
40903105
41834403
42328448
40106559
40680573
42029900
41287011
40930988
41378730
33902243
41278517
37357896
22693804
42691867
42723905
41251069
41965911
44625435
42883919
42357714
43957626
44067068
42480852
42789035
42474674
45490774
41896223
37714329
45143212
45911872
44554441
45531805
46055449
46755966
46519977
44945141
46563235
45391844
46115525
46605065
45452793
46210707
46877647
48108490
45526949
45471617
48075323
45919757
45735030
45650826
46912321
45249354
47483757
45272865
45769788
44872567
47880830
45044235
44873836
44943768
42141479
45829190
44777979
45382773
44130202
44202434
13653505
13971317
14352723
13619278
14035537
13803254
14163191
14165904
14108584
14001653
14308534
14215112
14348320
14118731
14292706
14050405
14473438
14293475
14559715
14252476
14452397
14421806
14569113
14117666
14213144
13946271
14257969
13769236
14236468
13505135
14213316
14308155
13963363
14253556
14588478
14282740
14422071
14315943
14554953
14638729
14801535
14313058
14244420
15066800
14796702
14784641
15067006
14725071
14721498
14732299
14399944
14543613
14848934
14615239
14668530
14688644
14694131
14913769
14798370
14947654
15121102
14721999
14590807
14733351
14749129
14951918
15251359
15065536
14797426
14871281
14671274
15035668
15051627
14623126
14702860
14872155
15037367
14883531
15009006
14799698
14815169
14645830
14716035
15073778
14994383
14901747
14637883
14478209
14462420
14806061
14596314
14171573
14500710
14648466
14633807
14553001
14423658
14387139
14447282
14937248
14585375
14587815
14534354
14637027
14831825
14972362
14800718
14656422
15023212
14638793
14719634
14940404
14580930
15055024
15015330
14624638
14683747
14949435
14634109
14748293
15025648
15131761
15011155
14772070
14520750
15116017
14766679
14595281
14245256
15548305
14882693
15209069
14455536
15376336
14998496
14978842
15148174
15054140
14589023
15164261
15101301
14764571
14841760
14984113
15244348
14909455
15202784
14911767
15313414
14801461
15202025
14662595
15009098
15081733
14730387
14836611
14898651
14713707
14736951
14577705
14917562
14578443
14733308
14599616
14790118
14786869
15079786
14760481
15291700
14832586
14914009
15224889
15259339
15214359
14927775
15059514
15000198
15375360
15302194
15282391
15301170
15293988
14713530
14806700
15154860
15174333
14605282
14872028
15131572
15037237
14869328
14605942
14711993
14786668
14497966
14631247
14712113
15079558
14901083
13158740
14865249
14424401
9584382
14459952
14657314
14788480
14826264
14282332
14801656
14683272
14583080
14942340
14633002
14688224
14783254
14204936
15108031
14901350
14199288
14057693
14335351
14122373
14136531
13914633
13835157
14299246
14064289
14119228
14082074
14198099
14235896
14235814
13952250
13743450
14206394
14176895
13807195
14231170
14195607
13844003
13629432
13985577
13793177
14279691
14305215
14261141
13753245
14302813
14373813
14347329
13256942
13972229
14293511
14209031
14145693
14152004
