49700252
48129664
46603862
49787017
48829907
49319124
46749699
46912754
48188510
48404204
46010207
46955788
46478176
47888533
46895447
47344742
48215617
46815665
46163258
46396911
45816326
46750204
44690458
47987543
47834626
48626179
46505531
49565244
47359360
48231074
48187123
47086729
48538514
46637124
45539816
46285935
45880320
47815003
46432017
45764724
44287840
46780608
47462603
43840554
45144497
44276080
43620108
44890665
44498574
45061368
45921235
45971566
44682632
46126523
44402726
45694061
44961424
43031451
43830557
43439865
42980749
44490840
44596772
43643915
43634940
42851754
41223234
42739297
42193573
42688503
42442086
42087294
40952166
43701468
46264201
42638300
44200539
43235667
42923487
44583120
44066392
45015785
44636361
43430176
43948566
45809340
45814626
46472408
45883327
44920141
44460614
48118507
46532702
44411339
45155685
45779307
46384424
46022968
45826712
43472736
45260813
45936618
44633643
44564586
43734851
42214564
43662582
43468091
41448169
43535237
41860671
42126926
43895795
42131121
40489233
43116157
43270762
41107328
43732354
42943036
42839493
40701166
40907768
43691840
42782348
40549301
42128236
43964549
45121277
37581523
40174358
40251657
42726145
39292441
39473815
40176190
39123462
38784780
41611219
38509999
38112763
40644380
39862579
37355179
38613688
39841121
38698972
40675321
37893636
38350699
38476114
39649014
38080765
37286770
37646710
37643280
39047192
39668666
40075329
40058237
38494146
40917919
39697120
39898239
40457242
39873397
38511479
40109141
38440156
36953900
38464302
38404311
34223753
38208372
39166439
38143076
38957409
38457492
36480338
40681172
38414553
40095085
38786366
41235858
38485751
39434405
40939560
39473148
38788642
38275852
40748279
41697382
42192176
39943857
40528969
41905192
41149846
40782456
41253865
33742978
41146081
37215285
22597891
42548686
42586421
41116586
41831127
44505564
42772324
42239684
43842888
43939438
42335879
42652588
42342550
45373996
41770944
37490271
45038273
45784075
44416696
45406575
45928845
46633565
46385755
44824580
46450013
45258734
45977677
46483720
45351206
46092239
46779714
47994334
45421974
45355854
47964220
45816277
45636522
45531790
46801052
45132555
47385752
45146676
45660011
44752679
47772324
44930137
44774650
44826100
42043921
45708491
44660553
45278805
44009422
44105310
13667287
13987850
14370324
13636486
14052714
13820644
14173487
14182613
14130152
14014487
14327477
14232674
14368012
14133924
14314821
14067351
14492612
14308267
14573006
14268253
14464805
14440039
14582319
14134884
14227980
13960658
14276040
13787420
14254469
13519281
14233079
14321366
13972137
14271880
14615641
14298394
14439507
14334627
14576491
14659875
14821326
14326568
14264321
15078526
14815495
14798544
15083107
14746269
14741524
14753558
14412101
14563379
14862907
14630672
14684155
14704050
14712624
14929016
14817536
14967964
15132136
14736716
14603494
14748501
14761534
14972770
15268737
15074478
14814523
14889529
14681857
15053467
15065965
14638847
14723338
14887818
15054663
14896643
15023458
14813042
14836698
14663538
14731954
15089673
15011941
14918703
14655349
14496087
14482749
14823385
14615691
14191270
14523276
14660764
14651158
14571236
14439239
14404621
14460278
14950589
14597884
14603652
14551337
14652702
14850749
14990221
14818313
14676247
15035140
14652249
14724068
14957003
14593577
15069394
15031099
14636721
14696997
14966065
14646994
14764569
15034540
15146747
15026438
14787354
14536024
15132464
14778085
14607026
14255066
15552323
14893498
15216706
14468421
15389266
15007034
14994046
15163346
15055991
14600889
15171152
15105150
14769718
14850498
14986414
15256665
14922321
15203384
14922431
15317875
14802456
15209767
14660353
15017120
15086016
14727052
14837239
14907791
14717531
14747685
14588879
14925042
14583203
14730140
14606153
14803665
14797065
15084239
14768122
15301234
14827470
14925897
15229905
15253993
15220774
14934984
15060000
15011625
15385909
15296346
15288601
15312290
15312101
14719854
14821512
15150491
15176630
14620136
14884658
15141504
15042886
14881267
14618178
14722892
14796410
14506452
14646989
14727282
15091886
14918905
13155014
14874242
14434276
9578820
14475092
14673458
14799574
14839650
14301187
14816080
14697255
14598034
14958698
14646074
14697449
14790556
14218361
15123583
14895983
14217056
14071365
14348152
14132647
14145872
13925624
13850029
14311663
14082715
14137560
14096779
14205795
14253900
14250117
13964376
13758082
14219573
14189367
13820003
14245741
14211634
13851307
13640232
13998009
13807030
14288222
14320493
14271864
13764195
14314251
14387643
14353459
13262804
13979505
14309074
14220044
14158920
14167367
