49627710
48073260
46533746
49702314
48759235
49255792
46691270
46831520
48133427
48341470
45932159
46893090
46401797
47829770
46827897
47283644
48131094
46741164
46090390
46335151
45730988
46677539
44622052
47921877
47766426
48557523
46432215
49490574
47292655
48149216
48118438
47026417
48459712
46576863
45481145
46204492
45805996
47748294
46347556
45688949
44218164
46708861
47394085
43759539
45064877
44194877
43558712
44825495
44417528
44977650
45873155
45898326
44618827
46067226
44334444
45634482
44869517
42952272
43752676
43358600
42894265
44411775
44515409
43559991
43566927
42754212
41142047
42659555
42106908
42606809
42356364
41991754
40877278
43618801
46183420
42548541
44125641
43159159
42849350
44506209
43971837
44932469
44552284
43341072
43869825
45729803
45722086
46404056
45797291
44848111
44372116
48034945
46429340
44336614
45076260
45692764
46294557
45946009
45750403
43384254
45172014
45846493
44554191
44493229
43645512
42135812
43590581
43365734
41355339
43463050
41766968
42038638
43806034
42038162
40377955
43028954
43184015
41001425
43639625
42859106
42744389
40588129
40822013
43600991
42693072
40459120
42026636
43872955
45040073
37461825
40060747
40147641
42626580
39178969
39365336
40068157
39018832
38675487
41521034
38413110
38016086
40538239
39747170
37245776
38505505
39720752
38586261
40581663
37767158
38231318
38365894
39533089
37953453
37146110
37508105
37514163
38942956
39557185
39950874
39952580
38367713
40786907
39547856
39750037
40341847
39761248
38410739
40013620
38351151
36831018
38329635
38307250
34073305
38092890
39077326
38030228
38838400
38355416
36332284
40567960
38289812
39999908
38671160
41137556
38387426
39318159
40816686
39369193
38674576
38171194
40658556
41591880
42106810
39848704
40421592
41791659
41056290
40685916
41154593
33651476
41057202
37104979
22521508
42446913
42492408
41002473
41709517
44402564
42675509
42108358
43747248
43850651
42236247
42568023
42229529
45265964
41672779
37357249
44923004
45692519
44318822
45302565
45840454
46559266
46299623
44726450
46343413
45172047
45885004
46369547
45234761
46006475
46687409
47904399
45334692
45248246
47886813
45720527
45540957
45448338
46718175
45045498
47281073
45048114
45575954
44664264
47686437
44839197
44664965
44739928
41950097
45619332
44564309
45181659
43911936
43995744
13675525
13996720
14375528
13644024
14063077
13822813
14183461
14185826
14131635
14022709
14333591
14242458
14373809
14140329
14320688
14070905
14500142
14311979
14577939
14278426
14470457
14444662
14586903
14142532
14234815
13970895
14283522
13793338
14262595
13525474
14240062
14331900
13983537
14279712
14620633
14306360
14439781
14342635
14581723
14662381
14830556
14333672
14267862
15085588
14819388
14809530
15091379
14753329
14742257
14761055
14420879
14569382
14877053
14636981
14694091
14711001
14720218
14935848
14824791
14973678
15134991
14742912
14612024
14756152
14770886
14974472
15273280
15083064
14814139
14892140
14693916
15051225
15073132
14649497
14729787
14895603
15062465
14905903
15028087
14825156
14840942
14676486
14735976
15094067
15022119
14925970
14663517
14499608
14484447
14831860
14621668
14197788
14523591
14672436
14659773
14580161
14444333
14405088
14470148
14958192
14601104
14612929
14557009
14658921
14856812
14995073
14827705
14679869
15042683
14658093
14727601
14964144
14602950
15076527
15033067
14641132
14705474
14964129
14652685
14771650
15044655
15146464
15034425
14791492
14539436
15134401
14783219
14611783
14265158
15559242
14896628
15221655
14473427
15391065
15012542
14994646
15164149
15059192
14606684
15171913
15109684
14770458
14850947
14986673
15260399
14924239
15213957
14923026
15319596
14796677
15212336
14664238
15017136
15073330
14721608
14826552
14912485
14730687
14743594
14590827
14926652
14581894
14719558
14606175
14808576
14801541
15088855
14768847
15309453
14821893
14924467
15233847
15237019
15222846
14938972
15062460
15015438
15393865
15291704
15287428
15314447
15317556
14722234
14829147
15158207
15180807
14622740
14886786
15141684
15050184
14886715
14625253
14728541
14802198
14509162
14652303
14732687
15099325
14919129
13159949
14881632
14435107
9570151
14484090
14681213
14804139
14848061
14308568
14826068
14700846
14607170
14967490
14655739
14711442
14797622
14227050
15128680
14900296
14220500
14083479
14355446
14143434
14157758
13935941
13856102
14320597
14086379
14144709
14105209
14215421
14256490
14262928
13971571
13765530
14230503
14196642
13835231
14251077
14216475
13864786
13650489
14005237
13815643
14300503
14330676
14282024
13772110
14323251
14399445
14367172
13267156
13989575
14319548
14230179
14164147
14169417
