49489218
47921752
46381431
49558535
48599126
49101981
46556897
46682213
47984365
48178888
45775483
46725400
46249874
47673035
46669568
47122630
47968846
46572686
45934603
46171783
45567028
46519899
44450972
47769622
47609549
48406908
46283838
49335725
47129354
47990527
47956847
46844938
48314828
46428227
45305606
46052507
45639353
47598138
46182334
45518946
44039548
46554327
47227876
43586829
44902659
44022782
43375059
44653449
44240941
44811197
45706130
45749583
44441761
45899456
44160908
45469293
44702129
42781130
43581360
43185857
42728107
44236676
44361511
43397744
43376227
42572666
40950055
42478593
41905939
42436615
42179158
41827458
40668897
43454554
46030506
42362640
43961274
42982997
42675653
44350387
43803050
44783613
44390249
43194526
43707484
45583652
45575165
46248670
45652644
44698778
44216448
47889667
46297968
44173520
44919695
45545546
46151821
45804894
45608638
43222517
45021075
45696248
44403910
44319140
43490795
41953360
43418268
43217542
41180806
43312768
41591399
41854996
43649951
41883591
40207385
42881269
43019981
40830498
43495254
42691928
42579378
40417468
40638285
43436482
42510256
40278799
41867519
43729813
44911721
37261213
39874636
39971556
42461612
38994028
39186363
39906832
38834566
38495286
41355965
38221464
37812053
40361505
39581606
37040187
38326997
39557836
38383179
40420449
37562588
38004596
38170668
39333383
37766419
36925036
37310844
37312040
38781432
39361965
39774669
39764422
38167840
40600745
39345673
39541810
40173941
39596119
38232573
39847328
38167817
36626825
38165829
38134532
33829487
37921867
38922231
37851725
38676924
38183189
36118034
40396905
38117038
39850783
38510035
40989940
38183277
39129755
40677828
39200880
38510757
38012168
40512427
41444366
41968883
39698574
40277210
41663442
40922129
40529026
41015787
33535885
40930277
36956063
22427239
42323149
42356468
40864998
41579033
44283299
42546152
41987070
43608129
43719421
42100314
42425810
42131359
45155282
41546012
37136901
44802972
45584994
44211988
45189210
45721958
46434936
46168765
44611261
46271479
45054222
45787123
46269278
45137613
45903188
46579746
47804271
45223559
45143498
47776690
45620075
45420049
45324708
46626817
44942108
47173715
44962027
45474901
44561308
47594586
44736138
44567165
44642271
41857957
45528606
44461432
45080556
43799514
43888410
13696869
14013903
14395706
13656126
14076143
13842966
14204598
14207379
14149988
14041094
14350186
14260658
14395200
14157241
14338076
14090643
14522773
14338739
14600193
14298926
14493843
14467188
14609359
14159899
14251268
13991667
14306930
13810921
14280224
13542427
14255966
14352284
14006091
14297010
14638339
14325570
14460497
14364763
14595390
14683075
14845237
14352470
14289725
15107231
14840410
14827677
15105067
14775229
14760028
14777987
14435959
14589074
14890889
14657131
14712985
14733203
14736276
14956606
14846138
14991325
15159001
14764467
14629871
14773283
14785154
14996755
15287459
15101058
14831955
14913491
14709221
15071044
15087500
14662445
14752123
14907979
15084456
14921877
15047080
14840476
14859470
14692710
14755614
15114705
15035434
14948156
14678354
14515250
14504286
14851128
14639566
14212485
14544854
14693278
14679491
14595118
14465476
14429762
14485447
14975217
14623688
14633070
14572938
14673172
14874019
15012686
14838740
14694863
15058297
14666920
14742141
14978270
14620215
15092264
15051925
14660233
14719014
14979396
14670299
14785643
15059537
15167360
15047944
14811124
14554285
15147605
14796264
14629293
14281007
15565634
14905612
15233441
14480829
15402917
15020196
15006224
15177462
15068452
14614476
15179776
15115780
14779883
14857739
14990446
15272787
14930156
15213732
14935082
15321931
14788668
15218023
14669316
15024841
15082092
14717918
14828042
14920579
14735628
14753990
14598356
14930604
14583761
14713052
14605846
14821666
14811553
15092853
14780607
15317113
14814048
14926688
15247457
15220909
15232786
14947921
15070806
15027190
15403115
15294024
15292363
15321539
15332781
14728421
14842400
15159391
15184074
14638381
14901730
15148921
15059634
14896775
14635518
14743229
14807476
14519469
14666511
14743020
15106402
14935523
13165786
14893702
14435804
9566074
14495486
14692203
14812777
14863798
14321172
14838258
14717405
14625079
14982935
14662968
14718912
14817521
14238345
15145263
14895510
14233159
14100927
14368433
14158763
14171580
13954073
13866472
14336271
14104249
14160491
14125039
14228864
14270668
14275035
13986522
13784197
14245525
14212962
13844711
14267866
14230204
13876080
13660217
14017190
13828225
14312557
14339493
14297991
13786210
14337521
14414073
14377990
13278496
14002365
14327494
14240091
14174822
14180757
