49327301
47731312
46211910
49420998
48423922
48921374
46372733
46509271
47799642
48006076
45596923
46537675
46048150
47492125
46464381
46937093
47783502
46389734
45748352
45988555
45405552
46335793
44261944
47598012
47435162
48219415
46079329
49158363
46947679
47818432
47778351
46681878
48143039
46233835
45104414
45869037
45461353
47398417
45994768
45346581
43835480
46370473
47039373
43394013
44718933
43830355
43176785
44445272
44048870
44624308
45524663
45555262
44243484
45720958
43963653
45286665
44522494
42584708
43376221
42988063
42500309
44046909
44155781
43201537
43185964
42367922
40744904
42269105
41695232
42257192
41965385
41618806
40463639
43280342
45851770
42187266
43761240
42804049
42477159
44155835
43614853
44597096
44210855
43003540
43515574
45406791
45399247
46088121
45484917
44531360
44015218
47721964
46118091
43995242
44717224
45371540
45971724
45622039
45408564
43018645
44858197
45518416
44213095
44157321
43308119
41756105
43252564
43034247
41008930
43133202
41388831
41675847
43462368
41691443
39991784
42693864
42814418
40629777
43294964
42498331
42393463
40217356
40450844
43260808
42328847
40069623
41687916
43557396
44712832
37032395
39660745
39769643
42249835
38757729
38981552
39696884
38634169
38255842
41154099
37986890
37586361
40150024
39371566
36810909
38106346
39340048
38140250
40190937
37310199
37741684
37940349
39081864
37529384
36652725
37078220
37044431
38558285
39126618
39544234
39530110
37924394
40373674
39063952
39289269
39963296
39401175
38019152
39612562
37950451
36343380
37949992
37914128
33517474
37706005
38730033
37647883
38448385
37970635
35853702
40187051
37883439
39673836
38295228
40790254
37975212
38894251
40481486
38980187
38303066
37800561
40333695
41249872
41787427
39499987
40078139
41480947
40731283
40328467
40814597
33354097
40729920
36758934
22281270
42118885
42181659
40654137
41369662
44083482
42363724
41781325
43430000
43545541
41928170
42252953
41943677
44974503
41364349
36868164
44626032
45402650
44042847
45017447
45557310
46258529
46011088
44431896
46088536
44866597
45603680
46095863
44957025
45718066
46422565
47618336
45047287
44981789
47607363
45454656
45263811
45159310
46455441
44794081
47045421
44760303
45316756
44382168
47444883
44576521
44373122
44466562
41677074
45358542
44285652
44915582
43627489
43733409
13710096
14031434
14411628
13675914
14095612
13857100
14216764
14218337
14169108
14055071
14364122
14277936
14405209
14177766
14352972
14102711
14546644
14352104
14615983
14311801
14506023
14481453
14619778
14172493
14265974
14010875
14319472
13832305
14298602
13558537
14279352
14369214
14023294
14312321
14655414
14345651
14476476
14381108
14612283
14697370
14861280
14368460
14310275
15122958
14857128
14841055
15120711
14791973
14774596
14796427
14451492
14601038
14910274
14669070
14723238
14746065
14756326
14966048
14856712
15000620
15173323
14775149
14641443
14786163
14795429
15006886
15299281
15113664
14837692
14932700
14713956
15081393
15093509
14673883
14766871
14924174
15096706
14932842
15059921
14861716
14875474
14708510
14770485
15120992
15050163
14961817
14694557
14531336
14518308
14868265
14651095
14234770
14560169
14708182
14690741
14609723
14483734
14439270
14497425
14984544
14642137
14645044
14582155
14689409
14890516
15023742
14853637
14711305
15068914
14684308
14744986
14991420
14633722
15109402
15062715
14670341
14730450
14990035
14679483
14800627
15072396
15176404
15060096
14823775
14567745
15155560
14806935
14644090
14291767
15570776
14911083
15240248
14486851
15408541
15028545
15015087
15185832
15062973
14619056
15184380
15114809
14779100
14864485
14991766
15278024
14936911
15216689
14939542
15320668
14780151
15214556
14659623
15030415
15074703
14701683
14812735
14923745
14741763
14752843
14602202
14924556
14581178
14699387
14596104
14822952
14819599
15089166
14780205
15320638
14792155
14928889
15247459
15189496
15234476
14953160
15073057
15028170
15412437
15287473
15301187
15327228
15339348
14731455
14853275
15157568
15183926
14645738
14900527
15152840
15055538
14908205
14649011
14751750
14818843
14521760
14677610
14750004
15119483
14938000
13161525
14902681
14441391
9549844
14505343
14704266
14822036
14875782
14331983
14848335
14728206
14632364
14995558
14673146
14734935
14821745
14252872
15154256
14892149
14244812
14116209
14381617
14172818
14187194
13961132
13880297
14349223
14117073
14167369
14136850
14243099
14285489
14291277
13999585
13789215
14256491
14229147
13859265
14283053
14243494
13886143
13673486
14028275
13844989
14321307
14353268
14308408
13802476
14352276
14422623
14392208
13282113
14015072
14341779
14255369
14185776
14190764
