49297727
47704538
46182759
49387474
48414704
48894432
46343302
46480585
47773091
47981910
45586859
46518496
46035653
47468376
46458053
46921471
47761044
46373071
45721388
45953276
45365097
46311515
44227393
47570194
47398434
48192167
46056514
49145614
46919217
47781173
47744314
46648934
48087333
46201149
45087845
45819297
45428684
47362486
45979730
45300349
43808211
46330271
47026277
43358284
44682539
43791374
43137495
44422156
44003931
44570690
45484709
45511293
44214943
45690940
43920490
45255022
44481394
42524469
43323252
42949062
42474037
44006562
44106768
43150505
43126321
42312068
40689973
42219146
41658258
42185726
41924491
41568500
40407183
43219728
45807082
42124158
43710238
42731751
42429403
44098051
43565237
44535724
44160897
42947109
43476922
45349824
45334043
46020984
45420198
44454906
43949045
47656438
46055371
43918472
44657297
45314017
45902418
45560930
45354983
42960925
44785134
45424584
44152732
44092139
43220679
41678980
43177232
42954995
40925530
43048594
41304204
41614294
43402365
41611966
39906598
42618650
42751957
40526241
43217908
42398268
42310282
40108874
40344141
43162229
42250200
39988137
41575868
43475615
44633087
36911197
39542662
39674961
42140868
38646308
38860276
39575203
38521860
38144270
41068761
37862585
37473033
40017862
39268414
36682827
37990114
39220059
38009918
40079896
37167529
37596480
37828965
38943693
37385710
36504700
36909288
36902645
38419967
38979616
39394100
39413651
37789574
40231050
38894783
39133388
39841488
39277986
37875289
39459583
37811601
36186330
37803270
37771567
33326753
37553718
38595695
37495477
38298300
37814691
35677917
40050389
37712032
39528087
38156423
40653983
37798959
38744288
40357661
38829897
38152638
37651309
40177887
41110307
41660303
39354109
39929453
41338540
40606628
40187909
40673415
33205628
40611253
36604741
22174631
41977689
42040181
40502698
41228414
43956557
42231959
41624802
43317460
43420777
41798316
42105894
41812915
44834871
41213449
36696391
44495287
45262749
43895862
44865071
45428268
46134267
45867810
44300877
45946513
44738367
45472742
45969603
44815987
45575456
46276472
47504843
44917000
44836593
47487974
45313944
45132755
45031499
46326677
44666938
46902463
44634972
45185123
44230114
47301867
44441471
44227586
44310373
41554568
45231065
44146880
44767833
43503177
43593146
13707868
14032506
14411287
13674196
14097386
13861725
14218841
14227479
14167574
14059703
14368455
14276687
14409393
14173534
14355680
14107516
14547637
14352448
14624358
14315703
14503486
14483086
14623965
14172265
14271844
14009811
14323443
13834113
14297687
13560872
14277810
14370334
14025332
14316174
14658793
14342096
14471982
14383560
14615600
14697130
14861532
14367766
14313322
15126853
14854833
14844629
15120836
14797634
14776766
14797320
14455726
14604697
14912446
14674109
14728086
14749054
14760049
14965085
14861330
15008304
15169379
14778056
14640526
14786861
14800045
15007418
15299486
15110530
14846458
14930663
14715725
15087698
15097577
14677125
14773668
14930159
15102398
14936378
15062158
14855705
14880967
14709443
14770057
15127015
15055104
14967385
14698636
14534377
14519744
14864730
14654670
14240400
14567736
14709093
14696923
14617731
14488826
14445817
14502977
14992221
14639173
14644103
14584383
14697196
14894669
15026682
14856667
14714117
15066806
14688070
14744036
14998288
14638696
15109825
15061798
14677212
14738706
14987376
14684363
14801989
15078248
15180443
15060436
14830044
14572287
15161253
14809229
14645056
14299437
15569649
14911333
15243697
14490160
15411126
15021819
15012090
15182871
15060431
14622388
15180523
15113109
14775261
14864280
14986989
15274268
14936658
15216909
14941739
15317094
14772281
15215779
14660703
15028674
15064510
14694267
14808018
14919978
14744261
14749922
14607848
14924132
14577003
14690278
14592024
14828146
14823043
15089528
14778299
15319006
14781235
14925608
15250081
15176921
15232960
14949744
15069493
15030682
15407334
15276035
15298986
15320468
15347096
14726978
14860847
15152462
15180947
14653020
14905864
15155009
15055005
14914111
14649757
14758186
14823568
14523142
14682123
14759319
15121617
14949361
13156987
14907480
14436209
9538071
14513283
14710334
14820625
14883287
14343293
14856892
14730470
14645311
15006071
14686964
14740697
14834324
14259465
15161167
14884618
14254628
14123525
14386360
14179788
14193330
13974537
13886500
14359222
14125307
14182536
14146444
14258075
14292615
14300964
14011590
13808383
14266321
14232136
13872496
14294525
14256912
13892129
13681393
14041064
13849244
14335975
14366908
14320767
13811157
14357978
14437607
14393645
13286322
14024928
14346747
14264302
14194951
14201519
