57266765
56128969
54589456
57420135
56659415
57132921
54786869
55018085
56131577
56379397
54236657
55311038
54868547
55880456
55127833
55432315
56472859
55128128
54603965
54764803
54178410
55011404
53272960
56002215
55960383
56868410
54968248
57553495
55475427
56269481
56419851
55484696
56808607
55128148
54084407
54692615
54289133
56108516
54714329
54156770
53070916
55176616
55879819
52640430
53673190
53084013
52550516
53718703
53243392
53808860
54293502
54367839
53233120
54514058
53168120
54055006
53611466
52083227
52827750
52285860
51900216
53147700
53241236
52417101
52645892
51929462
50470915
51857761
51436388
51639779
51457171
51131145
50249502
52401140
54685090
51654206
53080436
52183735
51808316
53401705
52901400
53584110
53145318
52022964
52616121
54113188
54150947
54618699
54260211
53406849
53262276
56375460
54888745
53200011
53838687
54183711
54885343
54411948
54041538
52267122
53728262
54288627
53094410
53109375
52533389
51253164
52255002
52262102
50332896
52055298
50968838
51029525
52678573
51007681
49810741
51903308
52281308
50214548
52407291
51825888
51573169
50103064
50010073
52443106
51766840
49832981
50982146
52456307
53583933
47510587
49615833
49519623
51837274
48893709
48833456
49472683
48509662
48457041
50604849
48191751
47771943
50054047
49313762
47403272
48093371
49152188
48584691
50009019
47963705
48600453
48075743
49577919
47815214
47747481
47758364
47750328
48453848
49460423
49685164
49597135
48488421
50556464
50059562
49815662
49722097
49057605
47835390
49651208
47798910
47375848
48070661
47820633
45263549
47610264
48129574
47687836
48579660
47815760
46725780
50033008
48076032
48988015
48014059
50177541
48118205
48874669
49811015
48627663
48012179
47527982
49611897
50438227
50479713
48919161
49423896
50574303
49632372
49542102
49876914
41797248
49594272
46096248
28837342
51185788
51086742
49867332
50583298
52770030
50961453
50884332
52051563
52020383
50732797
50985110
50509318
53221751
49988066
47780782
53039971
53767337
52338101
53448855
53633622
54335291
54133531
52691389
54109659
53147059
53814200
54078081
53140514
53752672
54206273
55383416
53020763
53069916
55273828
53288530
53059910
53075623
53949209
52479787
54645324
52632428
52943867
52405537
54932893
52342674
52494256
52364804
49273677
53094363
52157668
52735286
51519347
51493607
12749560
13023154
13444807
12683803
13052537
12837709
13285164
13265068
13146104
13037983
13420846
13239852
13360304
13159949
13330151
13143149
13335669
13312369
13543612
13292073
13512192
13431283
13650902
13157715
13216570
12913721
13267113
12766498
13268121
12595355
13160710
13286430
12922389
13244304
13593774
13319252
13484579
13255564
13573660
13676324
13829634
13318919
13228660
14070054
13818353
13821928
14059454
13699593
13801914
13713037
13492692
13580359
13885699
13624107
13721044
13716779
13715558
13979929
13811746
14004575
14163663
13781228
13692088
13853294
13811153
14003660
14349089
14111001
13919279
14004494
13831514
14141496
14200241
13767797
13663638
13980479
14024597
13959851
14111107
13814260
13860125
13693724
13814925
14170346
14046011
13918159
13683169
13559716
13549021
13861299
13659611
13135860
13492910
13679524
13651678
13593813
13418634
13438755
13525081
13999192
13645867
13629201
13673391
13723945
13878401
14072410
13920115
13756074
14220912
13815506
13932720
14075326
13698013
14175433
14177769
13752833
13773279
14135793
13759867
13864196
14104733
14221526
14192709
13841678
13664164
14272326
13955813
13730100
13370660
14749008
14102901
14394616
13658143
14518735
14277567
14201623
14410234
14333774
13880409
14434614
14405265
14031894
14115730
14403463
14498139
14183523
14401628
14110123
14567741
14191723
14493636
13969979
14325342
14352495
14220662
14276670
14186241
13906051
13985574
13821089
14225350
13821272
14062711
13897394
14027095
14063626
14439012
14012907
14577107
14378671
14241011
14496551
14783349
14526371
14309794
14380877
14235634
14571340
14624608
14542895
14528507
14479111
14096461
13967679
14483254
14386284
13858322
14141443
14396639
14367358
14089841
13806556
13924495
14062547
13813360
13807824
13984952
14249495
14108607
12866296
14094181
13901942
9921062
13631225
13821008
14003782
13947847
13402128
13985898
13821314
13709426
14002171
13832376
13837851
13988201
13366581
14266890
14220112
13329114
13156884
13495591
13211752
13259962
13029297
12982368
13424916
13186548
13252086
13162607
13291171
13351483
13311807
13116943
12842226
13364682
13314943
12913725
13364106
13346115
13029734
12862713
13194497
12926490
13431486
13472839
13420504
12912004
13503209
13478158
13523039
12702681
13187615
13492706
13379826
13376236
13388037
