56901834
55757994
54210798
57064199
56304888
56745101
54381139
54625151
55763130
55998919
53847380
54891326
54457337
55491805
54752014
55056996
56083126
54725263
54188793
54360975
53779633
54620858
52857060
55631634
55565426
56475637
54568511
57158971
55077568
55887060
56016515
55069183
56412157
54728606
53674225
54300351
53873299
55708969
54308717
53749099
52657407
54765890
55473264
52232202
53267422
52660245
52126524
53309818
52806509
53383108
53882491
53960781
52806639
54101467
52734524
53650751
53177723
51646290
52404248
51851686
51487444
52728695
52824826
52008997
52211715
51492608
50038708
51423200
51000932
51192922
51028764
50685459
49784325
51972652
54243468
51211412
52642057
51751860
51369158
52966516
52474100
53175337
52718217
51587196
52206650
53711277
53754778
54200981
53834957
52988245
52815295
55964041
54475439
52758310
53404117
53765970
54470909
53985489
53620895
51827735
53284384
53880325
52683510
52681172
52094141
50803126
51824973
51824991
49894926
51634702
50522286
50591366
52237769
50570406
49343744
51459447
51833437
49751922
51966850
51391386
51127151
49643408
49556131
51994954
51325124
49366216
50540104
51997470
53172597
47028873
49147424
49045338
51378794
48425153
48366779
49015511
48023443
47985091
50163149
47717545
47290181
49569561
48832335
46915714
47607294
48686002
48079208
49525237
47481268
48122900
47593698
49088592
47341940
47252920
47267880
47256960
47977604
48966475
49207367
49120162
47997678
50066260
49554415
49345345
49267311
48573236
47360600
49156292
47308692
46862591
47584406
47317563
44735996
47119685
47653042
47196086
48086389
47309058
46211378
49546411
47586743
48495698
47514545
49682858
47621358
48382932
49333696
48146561
47521674
47037381
49124831
49967279
50030999
48440584
48961531
50098009
49175848
49076719
49409766
41338421
49126883
45634634
28491494
50727641
50618693
49413138
50114707
52336973
50512858
50413530
51601012
51575406
50261915
50528996
50065952
52786322
49540545
47283776
52593583
53315081
51899945
53015774
53218589
53904672
53690774
52264226
53689356
52703736
53373892
53667505
52706433
53316097
53798891
54977566
52611023
52657025
54852576
52873257
52640416
52660883
53574442
52077234
54248579
52238845
52551863
51987742
54554047
51952919
52092752
51949241
48883836
52684457
51745855
52323010
51132324
51100604
12798396
13079279
13493846
12741464
13107366
12891070
13334604
13313400
13203764
13089556
13467410
13292261
13418827
13215480
13385473
13193790
13397189
13367121
13596351
13352560
13569769
13489822
13705214
13215773
13275020
12976276
13325401
12822743
13321492
12646945
13218052
13345443
12980315
13300413
13655012
13377649
13541875
13316294
13629633
13731611
13887703
13377002
13287443
14131231
13875490
13875146
14113788
13758186
13853885
13773455
13546434
13637799
13945057
13682640
13775636
13776007
13768265
14032855
13867055
14054804
14218205
13839003
13748582
13908290
13865988
14058071
14401998
14168474
13975172
14047205
13883577
14191350
14256228
13815974
13722618
14029747
14082905
14017400
14164155
13871130
13921116
13753847
13868404
14228295
14105853
13979064
13740315
13613159
13603738
13916506
13715986
13199243
13554719
13736793
13708628
13650272
13483336
13494555
13583565
14052027
13699135
13683778
13724498
13780717
13934481
14120079
13970410
13812847
14272708
13868226
13984505
14127814
13756135
14233220
14228700
13801576
13829009
14187732
13814841
13914878
14156254
14280914
14244643
13894038
13719954
14322802
13998245
13780321
13424046
14801150
14154407
14447369
13710447
14570372
14325948
14248978
14450234
14382183
13928766
14477602
14451546
14086133
14164836
14450388
14548650
14234542
14450126
14154075
14622830
14239197
14539616
14018373
14371435
14401949
14264449
14317125
14232013
13963873
14036359
13868575
14275051
13871467
14111447
13945676
14082582
14107693
14482777
14059814
14620294
14421280
14287288
14544128
14830448
14567164
14351802
14435494
14287928
14622157
14672544
14595989
14574499
14530542
14139778
14016885
14539743
14439609
13907219
14185786
14444675
14412656
14135822
13858206
13974149
14104320
13859027
13852743
14033579
14298034
14156974
12879059
14140991
13936906
9901658
13679024
13870666
14052436
14003804
13456517
14037745
13875326
13763555
14055964
13883304
13890904
14035417
13420262
14318180
14270767
13387448
13212818
13548848
13266886
13310339
13084846
13035585
13474286
13236485
13303768
13221121
13348206
13412193
13371444
13166046
12901680
13418297
13363548
12965595
13413058
13403233
13080685
12913234
13244401
12983926
13482178
13530895
13473736
12968297
13550310
13534101
13570965
12740352
13234865
13542100
13431314
13428999
13442000
