41475193
38291139
37844366
41643052
40000179
40264784
37656797
37513431
38950062
39523807
36387376
35894312
35933290
38868434
36558975
38243517
36868751
36168402
35409241
36531685
35667145
36658007
33417702
38869099
38618025
38373924
36356741
40517488
38075808
38079737
38832549
36837548
38825830
35913645
34239432
35956702
35616116
38061627
37169960
36009022
32736653
37473092
37264190
31894517
35006756
32635393
31146046
34064364
32476335
33613948
36261509
36591117
33983821
36926688
33630404
36216388
33340555
30071437
31113013
31924159
29912432
34167630
33758430
32316778
31809285
29910816
27735340
29629321
28539934
31186511
30539686
29802596
27773376
33719982
37000512
30786333
33367948
32199284
31381713
34025163
32947169
35056100
35047629
33556767
33684065
36887614
36832775
38065139
36805051
35497048
33344461
39009650
36993760
33716692
34519988
36690183
36675384
37310948
36747711
32212363
35885882
36499515
35022004
35063309
33358331
30404682
34251374
32363587
30360493
34254436
30227256
30608605
33423235
30769041
26531936
33054999
31944786
28751885
33273156
31020763
31580803
27188108
28781934
32543826
31564967
27161121
30768665
34819997
36148846
20883939
26774617
27835118
31532786
24182327
26382676
27870669
25742848
24668598
31295772
23150998
24001115
28316528
27154831
22422878
24172543
27397289
22838447
28009816
21752463
22880359
24774832
24797102
22764575
19496603
23103697
22248735
25972592
23795674
26076418
25911126
23650005
27414208
23931894
24507380
27764112
27984989
26118852
27180313
25142499
22575845
25056049
25480422
15404197
25402172
28936082
25003592
24904918
25144024
19244311
29335123
23789553
29484893
26616770
29977930
24993339
25713889
29302920
26585511
26589087
25752001
29935431
31235422
33135572
28817333
29501651
32088927
31907841
29699617
30912471
22988983
31578454
26352515
14723451
31637647
33185310
30152803
30105574
35368524
33846665
30962834
35008782
35154340
32769211
32931085
33510913
36804247
32360942
19800718
36308175
36908539
35881723
36044697
37960745
38669700
37858222
36234899
38153973
36060923
37435914
38154450
36869503
37904936
39172264
40672019
37172648
37010382
40610221
37631677
37931659
37359048
39568900
37335982
39780714
36355594
38069359
36467935
40507854
36987992
35893331
36345407
34632130
37965027
36029238
36916670
35483983
36114159
14315239
14437132
14982237
14306564
14709792
14426245
14663207
14676152
14629634
14684294
14822218
14453771
14751802
14743965
14661130
14617819
14896409
14562190
14917800
14808644
14790584
14948355
14560820
14726504
14884426
14503572
14806906
14482733
14841522
13793033
14933820
14785659
14592454
14590168
14692946
14602808
14648269
14963575
15122006
15016521
14833327
14932396
14694337
14880419
15205983
14729796
14741241
15099668
14213246
14858943
14623137
15111288
15048759
15197873
14828857
15215972
14547999
14095627
14516945
14817556
14220340
14907322
14424816
14467356
14497806
14131104
14141748
14023836
13689489
14448894
14140859
14311634
13965454
14805820
15277535
14514722
15254789
14735065
14592383
14918932
14816345
15029982
15005421
15233594
15229308
15480419
15071106
14978718
14833234
15121532
14536218
14796255
14913313
14785285
14657507
15021631
14750581
14966559
14688093
14735406
14831864
14884345
14600500
14902407
14987057
14427932
15050546
14509943
14465150
14831930
13940335
14484482
14515289
14684187
13530872
14757214
14439981
13803192
14579322
13984135
14539063
13856279
14151844
14525543
14106284
13728629
14093141
14916829
14571215
11975865
13169399
13962521
13700363
12874582
13329937
13682482
13394109
12644898
14202441
12426645
12704315
13258245
13216876
12161062
12934290
13355399
12276541
13481755
11832755
11695645
12936784
12209152
12214935
10859663
11727849
11649543
13054375
12051162
12646167
12638249
12273906
12508561
11622234
11758674
13493800
13757516
13157259
13033237
13297944
11877607
12752848
13377693
9399512
13324475
14125469
13240993
12959228
13510915
11055373
14312335
12708775
14721807
13018348
14281526
12976937
12917812
13650157
13064029
13642193
13297131
14214234
14027342
14572462
13831869
13587495
14564611
14608705
14330776
14445309
11701129
14566085
13239382
7757928
14016003
14721671
13963547
14165162
14426763
14849861
14103790
14913386
15237445
14467105
14760531
14955374
14358709
15187798
10768306
14508099
14300730
14594177
14278557
14575725
14419168
14052635
14698737
14414911
14267871
14566065
14615861
14662321
14750196
14433189
14344192
14559869
14607786
14389993
14695485
14658915
14105085
14085960
14393704
14316824
14543492
14770891
14731499
14286169
14643450
14806235
14611934
13463041
14390634
14457481
14547930
14448351
14515173
