45738
14086
16182
15301
25434
14496
14917
14134
15330
16454
19265
14835
15217
460195
21307
39165
2215227
23468
476199
18673
16260
46222
15777
377319
20546
16971
16244
17154
16343
17945
105479
17538
19746
560568
20365
45276
17340
54383
18010
78917
16866
18415
17574
28441
23659
16235
16639
16462
16171
19217
18876
18671
363826
310499
22894
963510
539302
686883
27262
20712
1161624
30927
172130
43165
17278
15994
22790
933109
26064
22792
16430
18851
16967
23822
625774
22141
696874
40210
22606
18033
18476
17871
18086
17443
20373
877146
26703
18332
18293
18632
18041
21652
457402
23366
19946
19999
27123
20325
275330
609768
27315
34270
17746
18170
24279
17314
20554
88630
17742
28155
19457
18914
17780
17912
16875
16736
18002
23589
1175280
29165
1481266
47452
23836
1551319
28675
95524
19855
421771
34594
38026
18015
17310
25079
1209894
27470
27661
400650
173335
1119442
27680
15933
18262
16223
16396
19102
164312
520057
975590
25871
114589
16630
16915
47213
17991
15002
16682
16162
18173
90464
18324
260525
25530
1196965
53880
87439
17498
84913
20142
15722
16306
15666
16643
16039
86951
16478
17727
272182
208887
17410
2648065
28700
27440
35476
24009
835546
1115961
38261
297699
24101
35446
17058
20715
1593829
17630
17495
18657
17708
1231942
98836
27503
150392
20602
17635
42147
17037
19786
17180
18075
463387
21244
17296
1777748
305987
22777
353251
18831
16754
16360
17396
18866
14788
14871
14302
15360
19746
23481
26526
17615
57841
1204027
28900
16285
60020
16449
15577
17243
19854
728115
22387
29495
16813
194570
1025369
690874
16493
15870
14156
15169
33733
32240
13177
12473
141794
17471
14827
11481
7642
2419
2807
2593
4265
2459
2554
2471
2620
2799
3345
2590
2631
78062
3648
6645
376741
4017
81576
3184
2848
7862
2752
62792
3464
2862
2738
2824
2743
2946
18265
2946
3227
96626
3514
7632
2956
9052
3026
13674
2946
3042
2958
4954
3986
2760
2895
2762
2819
3323
3197
3151
62785
51625
3822
164530
89575
118810
4612
3580
197566
5223
29582
7486
2927
2731
4001
159425
4520
3944
2850
3238
2880
4071
106163
3828
116860
6919
3936
3051
3166
2969
3133
3008
3554
152841
4482
3044
3087
3130
3046
3552
77655
3894
3362
3333
4493
3371
45546
106143
4635
5796
3022
3065
4103
2950
3508
15128
3093
4799
3293
3228
3048
3138
2946
2787
3023
4067
200860
4956
252842
8012
4187
262554
4837
16516
3414
73057
5691
6735
3111
3011
4195
211345
4877
4682
74222
30439
186340
4901
2788
3164
2774
2882
3368
29509
92101
165574
4491
19495
2961
2925
8304
3133
2659
2930
2812
3079
15798
3167
44873
4328
207497
9374
15392
2987
15018
3495
2855
2871
2804
2944
2895
15126
2963
3123
47053
37326
3097
456853
5092
4865
6079
4087
149310
193045
6500
50784
4241
6243
2964
3518
277530
3019
3072
3128
3071
209993
17684
4683
26039
3580
3022
7262
2885
3379
2928
3041
80241
3653
2950
308107
52306
3985
61641
3192
3025
2862
2928
3148
2512
2464
2394
2567
3305
3998
4550
2944
9916
210607
4901
2759
10266
2697
2673
2899
3305
125735
3828
4970
2869
33968
176325
120316
2919
2769
2383
2663
5881
5597
2248
2163
24605
3032
2584
2046
