45769
14858
16017
15045
25612
14521
15327
15957
15710
16913
20827
15969
17309
452550
21965
39355
2160426
25237
455555
18914
17294
46585
17251
375735
22434
17456
17842
19055
17760
19092
106776
17983
20530
563352
22976
46136
18193
54066
19847
77106
17447
19246
18551
29619
26085
16936
17753
17195
16596
19681
18546
21477
347520
310704
23170
937842
522431
684595
28604
21117
1129011
33606
164395
42827
18626
18280
23064
904336
28272
24653
16258
20029
17379
24098
599960
23160
692419
41726
22463
18817
19958
18401
19362
18860
21909
856289
28029
19652
18905
20073
19345
23616
446338
25145
21649
21768
27348
22489
273925
617043
29759
33314
19602
19312
26194
18915
23254
87300
18717
30466
19905
19821
18354
19083
18294
17664
20216
23890
1146938
31470
1452900
47815
24909
1525716
29806
97779
20938
412273
36456
40014
19080
18916
26247
1179519
29272
27410
397308
167031
1127605
29275
17872
19000
16609
16870
19983
164237
529569
965730
27877
113632
17227
17768
46341
19753
17016
17319
17870
19628
92386
21088
253093
26915
1165829
53901
83028
19375
83979
20407
17595
17168
17229
17513
16985
89706
17909
18165
271951
212415
19338
2605313
30589
29302
38813
26009
827298
1080009
38218
294760
26013
35440
19522
21562
1568093
18561
19347
19450
18942
1207766
99672
28873
154961
21098
18533
43792
17127
20961
18601
20626
458016
22546
18556
1747600
306445
24326
354870
19267
17405
18658
17801
20696
16630
15969
15139
16754
20694
25137
26459
18653
59559
1211161
29066
17125
60199
17363
16574
17157
21068
700757
24028
31166
17306
190358
1031198
684825
17965
16178
16239
16084
35409
32290
14449
13761
139886
18921
14562
12429
7484
2467
2742
2455
4177
2414
2586
2696
2630
2781
3544
2631
2896
74443
3657
6519
357765
4194
75902
3092
2930
7760
2922
60854
3691
2841
2918
3034
2956
3063
17929
2936
3296
94398
3913
7543
3034
8747
3264
13037
2922
3072
3011
4998
4279
2846
2967
2779
2805
3229
3061
3488
58427
49984
3797
155821
84594
114961
4714
3543
187103
5495
27462
7256
3058
3069
3977
150180
4699
4160
2755
3330
2897
4038
98703
3916
112950
7071
3774
3117
3328
2997
3219
3190
3729
145102
4548
3185
3100
3293
3235
3727
73580
4101
3537
3489
4454
3587
44098
104280
4879
5494
3208
3144
4265
3141
3828
14455
3155
5046
3328
3276
3038
3275
3086
2891
3260
3997
190878
5253
242249
7823
4237
251101
4871
16388
3481
69402
5802
6809
3196
3123
4305
200206
4992
4584
71221
28414
182560
5059
3038
3205
2777
2880
3443
28757
91131
159054
4700
18937
2980
2996
7840
3353
2962
3016
3033
3253
15686
3480
42448
4428
196468
9112
14198
3225
14406
3401
3053
2897
2975
3023
3007
15116
3106
3134
45528
36991
3313
436810
5259
5084
6566
4270
143526
181432
6312
49066
4434
6075
3270
3600
265466
3118
3309
3173
3200
199376
17465
4754
26039
3612
3089
7294
2862
3496
3122
3340
77511
3773
3088
294243
50905
4128
59997
3156
3062
3093
2943
3340
2718
2591
2478
2669
3379
4191
4443
3049
9913
205679
4810
2849
9979
2762
2780
2853
3428
117584
3997
5103
2865
32353
173417
115790
3117
2737
2659
2781
6003
5373
2405
2302
23592
3156
2472
2097
