45425
13384
16251
16241
25829
15042
14953
15637
15747
17002
20394
15809
16735
456933
21742
39673
2182627
24553
461116
18856
16814
47418
16621
377771
21423
17736
17758
18023
16299
19022
107263
18310
20431
562128
21774
46618
18142
53940
18947
77011
16919
19149
18536
28546
25144
17989
17949
17507
16964
20137
19568
19914
354952
313305
22942
942717
524992
686254
27831
20249
1131502
32917
165707
41772
18268
16818
23581
912133
27066
22707
17050
19826
17044
23477
600867
25090
702023
40268
22789
18497
20337
18017
18626
19548
21923
863868
27637
19207
19679
18698
19203
22826
448341
24341
21096
21477
27627
21386
273941
615002
29194
34187
20083
19278
24960
19047
22565
88533
19101
28917
18687
20178
19426
19273
17573
18366
19408
23673
1164209
30452
1459550
48470
25377
1535443
30395
96568
20708
419663
36257
39356
19071
18296
26665
1192015
28145
26981
393316
167942
1133591
28216
18148
18888
17522
16607
19615
166891
528092
972780
27900
116948
17814
18026
47198
18993
17078
17693
18029
19911
91081
21020
257158
26851
1176459
54353
86407
18842
83570
19963
17967
17002
17568
17072
16891
87678
18507
18584
267593
211705
19308
2609351
30262
28478
38130
24731
833371
1090337
38425
296145
25048
35699
18348
21493
1573503
18285
19146
18892
19099
1212901
101268
28759
154468
20716
18100
42388
18252
21445
17981
19720
462668
22200
18538
1765022
306657
24937
358809
19550
17795
18036
17871
19641
15097
15051
15987
15892
21281
24434
27017
18891
58574
1210833
28791
17372
61067
17367
17029
17671
19520
711119
23424
30325
17388
191353
1034249
688998
16986
15681
14664
16226
35925
31710
13644
12973
142434
18369
15346
13031
7491
2287
2788
2676
4298
2541
2550
2647
2645
2869
3519
2642
2839
75698
3612
6627
363959
4110
77273
3136
2840
7899
2844
61667
3533
2893
2951
2895
2735
3067
18125
3029
3319
95091
3711
7762
3057
8845
3179
13137
2877
3100
3069
4861
4151
3020
3023
2834
2911
3328
3219
3296
60158
50883
3788
157706
85429
116590
4642
3476
188951
5447
28010
7186
3059
2885
4077
152661
4608
3845
2845
3357
2910
3981
99945
4235
115025
6929
3844
3043
3378
2960
3141
3286
3795
147507
4521
3151
3218
3127
3235
3659
74703
4020
3439
3498
4456
3446
44511
104997
4899
5707
3266
3198
4166
3201
3754
14800
3249
4855
3180
3350
3191
3316
2994
3021
3178
4102
194802
5098
244729
7933
4416
254747
5027
16259
3498
71108
5756
6799
3180
3130
4368
204518
4858
4536
71549
28894
185014
4886
3142
3168
2964
2834
3414
29373
91581
161554
4765
19492
3084
3068
8081
3212
2960
3080
3104
3324
15600
3464
43367
4458
199467
9308
14848
3179
14461
3388
3143
2919
3062
2945
2932
14955
3199
3217
45280
37252
3318
441180
5295
5005
6453
4176
145870
184552
6440
49667
4317
6205
3090
3607
269314
3084
3247
3143
3222
202127
17922
4748
26120
3556
3065
7123
2999
3630
3037
3247
78975
3716
3138
299983
51390
4210
61137
3265
3120
3061
2943
3195
2526
2456
2600
2607
3454
4118
4512
3104
9800
207485
4811
2924
10209
2777
2876
2993
3207
120145
3957
4978
2873
32750
174512
117485
2951
2670
2413
2806
6113
5325
2265
2214
24220
3071
2616
2238
