45061
14234
16441
15660
26674
14556
14825
15284
16039
15941
19642
16834
16887
454780
22856
40217
2185454
24251
463556
19047
18001
47454
17029
378160
20660
17964
17070
17614
16586
18522
105038
18939
20138
568582
21494
47320
18059
55139
18305
79626
17546
19054
19248
29407
25459
16779
17468
17550
17067
19657
19669
20650
358465
311038
23544
952817
528248
686190
27961
21134
1147141
31718
166720
41838
18997
16512
22774
916030
27382
23744
16265
20412
17407
25062
606829
23518
695636
41154
22022
17919
19716
18565
17888
18564
22324
872632
27217
19740
19511
19715
19019
22007
454205
24740
21701
19951
28307
21706
278503
616783
28590
33557
19522
18832
25350
19288
22244
88490
19381
29556
19568
19197
18248
19305
18078
17476
19281
24237
1161914
31079
1468915
46807
25360
1536341
30190
95316
20790
414881
35289
38566
19255
19042
26634
1189721
27452
27768
392174
168451
1120294
27822
17967
18425
16322
17095
20050
165341
525348
977118
27035
117228
17574
17846
47397
19165
16538
17896
17667
19236
92149
19956
257144
25841
1180689
54573
86989
18710
85610
20378
16389
17576
17343
16129
17142
88938
18118
18231
271000
209318
18935
2636764
29362
28473
37045
25224
838452
1098862
39600
295836
24766
34788
18626
21658
1582648
18630
19642
20163
18708
1219980
99348
28954
152982
21429
18126
42694
18356
20528
17747
19956
459349
21444
17712
1757950
308946
24230
361200
18759
17102
17989
17798
20255
15379
15183
15781
16783
21031
23923
27496
18477
56513
1212360
28244
16906
61166
17465
16757
17195
20217
715270
23521
30903
17471
193171
1022062
690601
16654
16541
15439
15271
34572
31326
14056
13866
141093
18377
14276
12713
7458
2429
2815
2599
4463
2444
2544
2610
2719
2687
3450
2852
2886
75917
3870
6762
366048
4125
78235
3239
3032
7946
2910
62069
3476
2992
2837
2885
2773
2999
17792
3176
3263
96432
3649
7819
3060
9061
3056
13557
3000
3069
3149
5026
4235
2839
2975
2870
2902
3284
3252
3389
60993
50889
3932
160234
86556
117138
4686
3634
192488
5262
28238
7178
3182
2846
3944
154091
4595
4011
2759
3472
2905
4212
101439
3978
114988
7099
3778
2962
3312
3078
3059
3187
3866
149923
4531
3235
3231
3293
3181
3511
75737
4037
3592
3284
4603
3536
45432
105740
4705
5624
3277
3116
4212
3259
3751
14876
3305
4897
3299
3186
3059
3338
3108
2914
3215
4157
195415
5185
247532
7833
4385
256398
5000
16251
3498
70809
5747
6682
3260
3212
4336
205139
4736
4675
71584
29078
183888
4808
3132
3144
2805
2934
3503
29310
91599
163190
4641
19626
3092
3031
8173
3287
2864
3133
3010
3197
15831
3365
43566
4304
201549
9298
15012
3175
14880
3438
2909
3027
2996
2819
3008
15224
3153
3202
46006
36948
3306
447790
5169
4964
6328
4278
147281
187035
6626
49789
4343
6030
3210
3612
271171
3178
3372
3323
3220
204492
17649
4801
26076
3727
3066
7211
3092
3482
3028
3294
78701
3616
2988
300292
52015
4129
62043
3109
3061
3056
2969
3278
2600
2507
2601
2796
3452
4008
4615
3031
9521
208119
4779
2863
10336
2816
2867
2884
3304
121709
3985
5134
2928
33285
173520
118163
2929
2831
2589
2663
5967
5348
2365
2399
24085
3146
2522
2216
