46749
15136
16740
15123
26792
14707
15236
15657
16088
16042
20157
16587
16353
456326
21268
38339
2191915
23863
465362
18783
16383
46925
15568
375873
21570
17860
17795
17199
17003
19100
108077
18561
20175
567636
21515
45011
17936
56152
18892
78190
17176
17832
18966
28870
24548
17472
16934
17606
17228
20643
19670
19752
358364
311234
24290
951451
533220
691877
28784
20696
1147035
32083
166657
43984
17790
17383
22281
918522
26522
23279
16423
19478
16667
25309
616837
24269
695204
41759
23767
19373
20375
18923
18985
19261
22914
871604
27652
18801
19335
20190
19244
22912
460850
24615
21485
21369
28285
21036
275258
615288
28415
33512
19571
19303
25601
19734
23164
90606
18829
29445
18731
19198
19605
19699
17787
17858
19058
24805
1160749
31516
1463525
49805
25816
1541838
29347
97994
19913
420681
36398
38016
18668
18566
25426
1198693
28852
27653
398760
169233
1123845
27671
17676
18890
17073
17593
19252
164549
522841
980228
26251
116429
18137
17581
47938
19495
17254
17577
17143
20115
91036
20449
254992
26743
1186593
54339
88262
19318
83864
20262
17388
17684
17108
17369
16694
89477
18066
17948
271902
208845
19367
2634320
28055
28689
37644
25098
835694
1099962
36794
295273
24998
34667
18660
22024
1590118
18253
19214
19854
19031
1220059
99683
27192
155252
21354
18345
43759
17808
20509
17767
20304
456667
22059
18930
1764152
304062
24063
357474
18580
16971
18560
17152
19565
14835
15389
15991
16905
20985
24112
27713
19640
58947
1202511
28963
18471
60153
17159
16448
17187
19812
716597
24017
29948
17547
195545
1022977
688469
17361
16429
14142
16067
35943
32129
14230
12825
143614
18757
14093
12794
7769
2546
2877
2536
4452
2496
2581
2672
2703
2703
3459
2792
2779
76781
3616
6479
369061
4054
78669
3161
2792
7910
2697
61887
3626
2955
2943
2835
2828
3090
18399
3104
3314
96861
3666
7533
3086
9300
3166
13349
2940
2922
3126
5000
4100
2934
2865
2911
2929
3441
3257
3306
61213
50929
4052
160823
87537
118506
4836
3531
193223
5341
28270
7565
3015
2940
3886
155038
4479
3992
2803
3310
2814
4342
103293
4136
115324
7213
4103
3213
3435
3106
3242
3286
3986
150112
4607
3110
3214
3383
3218
3689
77254
4054
3628
3551
4635
3425
45033
106154
4751
5645
3310
3167
4201
3362
3914
15265
3319
4929
3211
3283
3270
3389
3073
2973
3144
4219
196059
5303
247915
8248
4459
258306
4902
16754
3415
71855
5969
6657
3206
3187
4210
207361
5001
4681
73122
29490
185216
4880
3065
3228
2949
3046
3390
29293
91578
164041
4545
19497
3185
3005
8250
3372
2991
3074
2994
3325
15753
3407
43519
4493
203222
9333
15235
3281
14586
3448
3050
3018
3046
3054
2949
15562
3183
3126
46372
37020
3340
449809
4968
5027
6440
4232
147656
188091
6195
49990
4336
6041
3173
3701
273505
3112
3293
3292
3226
205270
17684
4605
26569
3682
3087
7426
2998
3495
3025
3379
78548
3734
3189
302314
51423
4162
61516
3120
3030
3144
2853
3217
2524
2504
2682
2737
3472
4046
4713
3268
9975
207824
4863
3076
10243
2821
2826
2899
3252
122124
4035
4973
2942
33757
174446
118344
3019
2825
2362
2770
6207
5436
2417
2215
24488
3188
2455
2222
