29425363
29286433
28860613
30189076
30039637
30193205
29285521
29584950
30138141
30366262
29367855
29813794
29869946
30643808
30079902
30465700
32214115
30361241
30538109
30274762
30015332
30345860
29723342
31140402
30963624
31549883
30739756
32073979
30803783
31135912
31667034
31240932
31939229
31438425
30297878
30939436
30465441
31710422
30978993
30699101
30203211
31436471
31660782
30103948
30545498
30599346
30241124
31069381
30323568
30854373
30879505
31118546
30714632
31309166
30683960
31446765
30890298
30422884
30408357
30130564
30775272
30819835
30785350
30419891
30522334
30073767
29408890
30674242
29923114
30159390
29863997
29789051
29509699
30345306
31921421
30049273
29923679
29458051
30046138
31163985
30739513
31004603
30602337
30225085
30315040
31785023
31360173
31571306
31234525
31003931
30879218
32477385
31962827
31072829
31286718
31419510
31953955
31650170
31039608
30607878
31227591
31527143
30854581
31155942
30870891
30386187
30788952
30567209
29571134
30455675
29748250
30207200
30738384
29993258
29528293
30506796
30728953
29746605
31092779
30357579
31152883
30037969
29563825
31131650
30380467
29455180
29991191
30874007
31351574
28920504
29556515
29503358
30754808
29825149
29136750
29852367
29060804
29087951
30527122
28735089
28590315
29598704
29536108
28778081
28796105
29429067
29346142
29661567
27715511
29012089
28690361
29357912
28728250
28899357
28566178
28681093
29090542
29568878
29762934
29685244
29551337
29988624
29466382
29444590
29705791
29501932
28878743
29865501
28844108
28985056
28926224
28969390
28089236
28869988
28892647
28963739
29613073
29033967
28550163
31492863
29127833
29350434
29113668
30020838
29348352
29900958
29724591
29237929
29007261
27407504
29509854
29888086
29470176
29461461
29310070
30250814
29563708
30033137
29461485
23371347
27955610
27087040
18493417
30497230
30229307
29617594
30071577
31064967
30405758
30196375
30641431
31669767
30237192
30090533
29806767
31100167
29330796
29187401
30837250
31348702
30487408
31083849
30901810
31353237
31151964
30479673
31215085
30775439
30909417
31383254
30505249
30723174
30805603
31771748
30154107
30244376
31216680
30650243
29629474
29307518
28849180
27837998
29980747
29314922
29083687
29321110
30142218
29014369
29318306
28720216
27991113
28774863
28508576
28076536
27743349
27728511
6220461
6291133
6381971
6315187
6383843
6380127
6410008
6440581
6481681
6462676
6479075
6454266
6489108
6550016
6523701
6502747
6831942
6547795
6636739
6502705
6583666
6609513
6596018
6620220
6600894
6565837
6540459
6578567
6592845
6371349
6644466
6646169
6578226
6628411
6660708
6601469
6654133
6671271
6676475
6685311
6655426
6593017
6643077
6738280
6711584
6684340
6726720
6634096
6719357
6664845
6617262
6682625
6769191
6731724
6631212
6810542
6710392
6755921
6650965
6700141
6876482
6672821
6686982
6717628
6667681
6667945
6727773
6806998
6627103
6687672
6573797
6682484
6640993
6640266
6774396
6646303
6603168
6523788
6738901
6708836
6709816
6677903
6711620
6781674
6763813
6916594
6717997
6706267
6680759
6745406
6666028
6651869
6758396
6666799
6698255
6711317
6677494
6643919
6666991
6786198
6701839
6743868
6688185
6692835
6692570
6712092
6734829
6655815
6741502
6685134
6625604
6704407
6651595
6768905
6669005
6596353
6610281
6693614
6762396
6655612
6884276
6660959
6692500
6805976
6552614
6685709
6659323
6674471
6591794
6755971
6626459
6733451
6594664
6834807
6666328
6673384
6744895
6660157
6702520
6692104
6625427
6629715
6617789
6630292
6725126
6659666
6702130
6625949
6467014
6587263
6696574
6565236
6630042
6594648
6606041
6633336
6622738
6536864
6620441
6550236
6647930
6531834
6595816
6558620
6675772
6635597
6724207
6630092
6772739
6651539
6623335
6740025
6678569
6726098
6706134
6672821
6661109
6742964
6683798
7119723
6745435
6769527
6588361
6623566
6802007
6839177
6599641
6637598
6705012
6408986
6636992
6549199
6566314
6613400
6553167
6572841
6639353
6787353
6695723
5369668
6377456
6252061
4372744
6567318
6597151
6625039
6663315
6553245
6770079
6622936
6679887
6946654
6649725
6655510
6712359
6615103
6765440
6617124
6597869
6552016
6626392
6533399
6576308
6549047
6505784
6589403
6607385
6535259
6530208
6721257
6575943
6568350
6551892
6489707
6557386
6525070
6500999
6625257
6419802
6197016
6167055
6099358
6353858
6440086
6465452
6434641
6409970
6477866
6428031
6393812
6028729
6270971
6405106
6216968
6232891
6201563
