24765091
24629391
24292735
25446658
25344112
25441888
24699702
25017686
25475620
25665593
24818669
25211161
25251610
26009845
25440775
25816568
27705569
25724923
26002275
25650023
25477376
25736181
25183184
26483794
26285526
26777580
26088749
27191597
26134454
26480262
26947107
26553298
27167166
26780462
25693687
26316464
25868593
26972196
26357312
26094300
25625077
26745263
26929106
25559250
25939400
25999023
25695660
26450714
25761878
26207687
26236541
26450907
26177449
26673718
26091371
26889279
26318332
25934441
25818609
25583231
26373454
26202772
26206141
25872804
25963466
25509226
24971768
26224023
25416686
25638818
25329066
25306391
25080302
25751474
27259205
25514552
25526624
24910045
25486888
26468721
26103790
26341583
25952481
25677691
25740325
27184883
26656554
26843294
26524655
26332505
26202698
27612850
27251484
26387418
26579427
26678106
27155031
26882753
26361831
26033713
26516564
26771600
26193053
26472147
26202385
25806861
26155461
25918329
25063042
25810257
25198748
25628582
26035352
25404478
25000347
25873108
26041705
25217941
26541388
25745215
26669019
25474885
25046613
26614883
25726103
24960518
25439896
26226237
26567321
24533135
25033081
24995100
26113417
25454901
24683076
25348859
24641130
24652852
26021883
24295792
24168354
25062673
24997386
24384097
24366383
24940395
24890969
25290100
23420528
24522485
24231409
24812115
24290576
24449728
24121173
24264748
24606550
25023769
25174314
25120502
25052986
25370435
25095770
24856607
25152500
24945530
24418061
25297612
24406015
24566511
24479993
24497505
23733454
24439191
24432195
24504627
25118925
24561698
24134033
27103294
24642796
24813251
24635652
25365391
24938533
25499839
25132781
24757991
24521002
23119644
24951753
25260101
25059063
24934543
24739490
25589360
24989183
25566637
24850192
19741294
23581402
22731977
15423867
25784156
25532236
24996976
25404549
26210630
25794730
25508522
25894333
27099467
25587045
25394855
25193868
26275689
24696108
24696351
26021334
26470105
25708549
26218843
26052720
26410533
26239979
25689902
26324926
25938206
26024367
26589863
25672873
25841923
25918869
26756116
25339570
25422376
26250342
25912294
24836827
24567774
24135910
23298758
25195526
24619968
24303495
24579234
25225397
24292562
24537094
24024882
23290199
24028405
23854615
23437734
23109821
23113470
5260438
5318964
5388200
5354919
5410491
5411548
5425373
5464091
5505940
5491079
5494957
5482797
5508749
5584867
5545282
5537009
5903987
5570168
5668382
5530131
5605348
5630155
5605792
5655421
5632134
5610757
5575128
5620205
5618205
5449081
5681650
5677069
5629176
5671529
5669395
5635340
5667570
5701098
5699903
5698120
5660129
5628533
5677366
5727228
5711727
5691858
5723696
5659806
5723061
5675122
5638738
5696713
5780899
5753105
5647831
5837322
5730808
5767200
5659724
5697178
5893479
5685038
5705255
5723245
5681451
5665840
5714875
5824249
5634304
5688468
5584705
5675709
5638817
5646214
5805000
5650488
5633061
5518528
5722971
5714041
5711553
5687877
5707263
5763089
5752252
5932950
5726951
5722923
5691875
5740853
5676700
5686080
5784708
5678246
5709189
5718188
5697311
5664652
5683232
5782534
5707821
5749700
5697704
5702047
5692143
5706781
5731639
5656206
5721048
5681646
5621072
5692145
5651832
5742884
5649143
5603349
5615691
5677301
5788195
5654246
5901268
5649828
5673694
5830394
5560787
5665125
5653586
5683120
5611488
5720479
5613694
5700172
5609336
5826907
5645136
5657860
5717163
5640984
5715747
5655963
5595952
5617053
5603011
5602577
5684685
5643335
5683715
5645765
5446018
5565834
5652200
5552410
5600931
5574303
5574712
5609196
5599161
5534093
5607541
5547996
5634807
5532307
5619655
5544185
5659904
5610368
5677908
5615619
5724467
5623366
5598352
5695452
5625827
5684043
5663983
5636865
5644786
5696760
5634914
6127984
5702398
5721444
5567368
5601821
5773793
5826289
5585894
5614380
5661830
5388969
5608769
5537658
5577902
5592798
5536130
5564503
5612070
5775070
5655397
4494691
5368060
5234836
3597332
5562421
5578488
5596419
5638009
5551025
5750629
5604446
5660158
5955444
5634975
5629287
5679972
5611631
5705313
5594673
5593423
5561122
5608152
5536286
5569066
5554150
5512982
5579720
5604883
5534561
5528316
5726467
5561488
5555937
5543619
5504107
5536763
5509203
5503776
5623858
5400274
5212693
5180185
5112750
5369042
5427317
5424773
5412484
5398127
5443704
5398265
5364066
5031578
5254560
5373311
5202197
5206327
5181545
