22145042
22080401
21835461
22853757
22771975
22863539
22227718
22505821
22970236
23135163
22354719
22714460
22753741
23521698
22945777
23294101
25253625
23206117
23523931
23148631
22988101
23223001
22729815
23948949
23722579
24190142
23549097
24581655
23578921
23911823
24349291
24008804
24525260
24249457
23208215
23773094
23346668
24369446
23813178
23573122
23146777
24166002
24331912
23074800
23430015
23512025
23220315
23891932
23250107
23688327
23675132
23918361
23687624
24099911
23537037
24367212
23834789
23485918
23278622
23072276
23924133
23668052
23667132
23349694
23430068
23020255
22537822
23775608
22935553
23154677
22841500
22836399
22626462
23233520
24651027
23008722
23065765
22393107
22989010
23900122
23545057
23765063
23373178
23161125
23185034
24616105
24015507
24211992
23903819
23757216
23614183
24887164
24618566
23761416
23972583
24050032
24478550
24252230
23713323
23491242
23898136
24137924
23583064
23855937
23609114
23255839
23571374
23330153
22555008
23264338
22654286
23090463
23424753
22866222
22494126
23268181
23433126
22704341
23987856
23134207
24186130
22934239
22504799
24068002
23115065
22435528
22882178
23633487
23901783
22052194
22487518
22466959
23481994
23003733
22194213
22813696
22183703
22161198
23494602
21800628
21699224
22487324
22477731
21907188
21871878
22410069
22408450
22797209
20963848
22007265
21735848
22250822
21824114
21943727
21650938
21757596
22084765
22432272
22595987
22546398
22521184
22773001
22604535
22254665
22547993
22367369
21934918
22681641
21886036
22016195
21932365
21959622
21271361
21909605
21904338
21957755
22522799
22055238
21624163
24596657
22070785
22235859
22078260
22755130
22429004
22957457
22516643
22187882
21962730
20704459
22325196
22573744
22507479
22315376
22126237
22870336
22340342
23011536
22226212
17755195
21159333
20147055
13717827
23049824
22789604
22346338
22700604
23421028
23121337
22777748
23115925
24438898
22887896
22687248
22521626
23475560
22016570
22177894
23224900
23625282
22942778
23382751
23216053
23548581
23400778
22896753
23474466
23108071
23174607
23781168
22878971
23000162
23076539
23861372
22542094
22610622
23334127
23147735
22094176
21872536
21449343
20689385
22401249
21909666
21539231
21831825
22389457
21552102
21770294
21329244
20629216
21258792
21132104
20703260
20432267
20407914
4692354
4753190
4820358
4799003
4846231
4849012
4862764
4899065
4943859
4934264
4928203
4921530
4945030
5032771
4979352
4977088
5362458
5005294
5104755
4970762
5034540
5058570
5034840
5098613
5066297
5053909
5014383
5067760
5051986
4906920
5119185
5112866
5069916
5118133
5096390
5070249
5096233
5133686
5126011
5125550
5086739
5065075
5114104
5144943
5132833
5122818
5144773
5088154
5145156
5103162
5067808
5128486
5203490
5175374
5071920
5267501
5163413
5195606
5079048
5112427
5316486
5109131
5127634
5142684
5102682
5083225
5123980
5248148
5058251
5108220
5007268
5091880
5056109
5069865
5228938
5069098
5056919
4934365
5133731
5134143
5126276
5106582
5119355
5167852
5158047
5349256
5137865
5138667
5110530
5156071
5093093
5109902
5207355
5092786
5125882
5134749
5117678
5088727
5093738
5192926
5124617
5163782
5106529
5114818
5102885
5114423
5139917
5071373
5118955
5091940
5026052
5098010
5063341
5143275
5053635
5017342
5025715
5082162
5207448
5058157
5321904
5054928
5070811
5250723
4974504
5061778
5059358
5094892
5027683
5105878
5015503
5092905
5020229
5235033
5041773
5059868
5113932
5040192
5132984
5042615
4990802
5015182
5007061
5003762
5071729
5039055
5083358
5057636
4836386
4961215
5038868
4949725
4997642
4969120
4969632
4997071
4995262
4933551
5005268
4953713
5031978
4936718
5031903
4936981
5047631
5000703
5065904
5008118
5098780
5007687
4986958
5071248
5002911
5060101
5048251
5018824
5031647
5079454
5012554
5525940
5076147
5094508
4956900
4995668
5160268
5215009
4975090
5001798
5037404
4786362
4992270
4924977
4982064
4976066
4927032
4949465
4990149
5164285
5032928
3999336
4779789
4607302
3159302
4952266
4957100
4975575
5013548
4943575
5131633
4981073
5036224
5347153
5018044
5008033
5052457
4997937
5062792
4993514
4979943
4948739
4988706
4923492
4950647
4942532
4906895
4956759
4988862
4916640
4912035
5111088
4941861
4930910
4924481
4897820
4910098
4887473
4885377
5011382
4787199
4624816
4588219
4520061
4762676
4812676
4792731
4790679
4782629
4811628
4775006
4742335
4440402
4635304
4744278
4577887
4585388
4558373
