16865069
16832023
16651318
17441060
17419990
17453602
16980973
17228238
17592301
17728495
17143813
17377676
17434081
18177190
17613002
17904999
20018345
17847087
18249078
17804994
17709493
17877221
17532765
18559614
18296450
18667079
18180942
18979779
18192498
18435885
18858088
18560708
18998249
18893198
17925714
18400217
18051136
18885596
18415670
18239659
17881343
18729771
18835709
17846682
18132344
18196180
17983058
18524328
17986213
18341796
18340482
18555321
18490209
18776807
18272823
19176406
18587240
18353913
18048580
17876380
18906021
18400483
18427473
18128959
18216974
17824313
17448423
18726757
17800565
17986671
17720023
17735463
17568137
18036194
19362353
17849638
17987947
17348469
17826710
18599849
18309947
18490825
18173404
18033172
18018574
19403158
18721799
18855422
18625115
18492301
18402563
19395550
19323818
18522449
18651989
18758570
19102839
18910481
18503819
18404419
18635221
18828908
18402974
18622868
18424470
18137460
18403789
18188658
17563342
18126171
17615317
18027460
18273891
17822776
17535630
18115936
18258202
17682188
18949564
18051155
19260334
17888171
17547367
19129898
18008238
17524796
17836814
18536981
18668841
17251328
17548783
17559657
18359601
18275434
17311900
17851149
17385786
17329173
18589079
16998586
16908109
17554634
17537898
17124056
17083711
17545488
17592884
17986742
16316873
17201782
16970826
17361328
17043018
17145433
16890767
16998717
17265377
17518133
17682215
17633485
17687916
17793243
17901522
17392187
17653775
17525179
17176321
17741157
17128618
17247729
17131813
17223973
16654430
17175001
17138483
17201596
17711203
17286990
16947170
19967174
17304780
17411092
17305839
17810066
17769674
18289256
17657336
17439041
17234394
16113604
17481320
17666407
18051557
17504151
17311994
17947278
17515909
18303113
17410308
13655646
16509140
15868649
10684619
18113252
17876432
17510159
17801639
18334348
18233760
17866933
18138988
19624051
18008998
17779036
17702030
18427240
17257964
17365228
18191977
18542371
17957010
18337308
18173953
18467587
18335026
17927298
18383081
18102271
18144414
18852381
17907003
17994410
18047909
18684930
17602088
17669797
18243389
18294629
17200955
17062764
16720591
16131704
17662691
17237169
16774089
17003085
17408456
16767046
16953005
16569759
16055462
16503938
16428074
16029406
15791204
15773399
3579425
3627599
3676943
3672815
3711719
3711177
3717064
3751749
3791451
3790588
3779346
3767844
3793771
3894629
3826746
3831882
4261059
3854372
3960804
3828153
3879115
3897766
3881036
3958301
3911915
3912833
3873320
3927635
3902298
3793366
3971065
3960088
3937010
3992813
3938284
3924980
3939480
3983046
3965178
3964486
3927287
3926989
3966864
3973488
3969858
3960939
3976736
3940347
3977704
3949176
3924715
3977215
4056300
4029621
3931381
4142865
4021976
4053080
3933188
3954542
4189948
3962978
3989685
3989873
3962820
3930135
3957672
4123374
3916767
3958197
3878156
3942004
3910254
3929340
4105826
3922887
3932511
3811356
3972241
3994066
3980356
3968246
3977942
4011571
4005913
4214889
3999513
4001514
3977765
4008088
3967932
3988517
4089332
3963737
3988730
3999977
3993507
3966953
3973517
4062419
3991692
4026795
3979926
3987664
3975297
3977849
4003814
3949627
3973876
3961627
3899036
3969981
3945411
3998099
3927392
3898457
3911158
3945092
4109116
3937394
4225316
3929133
3943102
4166307
3869164
3938430
3932220
3990929
3926886
3970742
3901674
3962231
3918121
4139543
3917101
3944007
3990900
3925534
4048919
3915429
3870639
3904255
3891006
3887448
3942986
3931052
3974179
3973178
3738714
3861157
3914441
3849892
3885093
3864026
3861608
3886970
3886016
3838950
3904343
3859873
3934299
3845100
3971286
3845401
3941913
3902447
3944494
3904010
3969543
3901576
3877893
3954116
3889060
3945318
3931152
3910439
3936478
3960891
3902681
4464668
3960713
3970846
3866640
3898193
4067228
4134099
3887477
3913694
3933279
3699721
3892896
3841663
3974178
3885462
3840660
3868957
3896944
4088555
3928052
3045936
3705889
3602201
2424106
3877739
3874197
3882033
3920378
3865460
4033841
3894671
3942979
4282156
3934321
3913009
3958873
3919094
3954463
3890141
3896199
3880170
3898741
3857770
3871239
3874158
3845681
3875410
3904578
3846055
3844397
4050136
3863796
3854365
3852895
3837084
3830121
3814429
3821311
3955616
3719550
3597489
3568894
3512537
3752401
3774330
3723470
3724633
3718544
3737849
3710179
3674570
3447441
3590713
3679558
3535062
3535315
3512805
