8387261
8372295
8345819
8757835
8782383
8784877
8601154
8760645
8950233
9022196
8724193
8871867
8887171
9580953
9014549
9213624
11571952
9177963
9674577
9161397
9121902
9231766
9049031
9779199
9468927
9659546
9420881
9871874
9411550
9600910
9837884
9659899
9885258
10076379
9292260
9595059
9355323
9851710
9588913
9510051
9242191
9762026
9803287
9284354
9416915
9471904
9338262
9657421
9332836
9537015
9518845
9679925
9848407
9903398
9504472
10531985
9948149
9880739
9356711
9265871
10518591
9579077
9669560
9440140
9444001
9240789
9029180
10277300
9246764
9364563
9165624
9212066
9109987
9333108
10444575
9236020
9668058
8825330
9201400
9658935
9476400
9580477
9382454
9356926
9304711
10575683
9702371
9773083
9627129
9580259
9510695
10069078
10290880
9584477
9656989
9720387
9906948
9800447
9645616
9753149
9642009
9759046
9505773
9653690
9528444
9377395
9538856
9404405
9062128
9348231
9061189
9299295
9408237
9194917
9031806
9339262
9410743
9115741
10363785
9295119
10756681
9247139
9030439
10645104
9245828
9028406
9182269
9770153
9635404
8932299
9007029
9053869
9478732
10079358
8920744
9241077
9144589
9013000
10058655
8718414
8646999
8991558
9005715
8813188
8775758
9065446
9227581
9732912
8260554
8810969
8670565
8873772
8730345
8772836
8645181
8684861
8835828
8944268
9069414
9044621
9207373
9090646
9775479
8822953
9060931
8968156
8823860
9078233
8751063
8814601
8738658
8798855
8501138
8795364
8742904
8769885
9181893
8917024
8641037
11717026
8822895
8880604
8854170
9075651
9494716
9978754
8994945
9005794
8757303
8196321
8884419
8923359
9906736
8917787
8771210
9113084
8873890
9969440
8837286
7091136
8449521
7894150
5419695
9201451
8993654
8838833
9001439
9247835
9490931
9043161
9165862
10975852
9231830
8997194
9062845
9287106
8670116
8915884
9178994
9344028
9040861
9203532
9139455
9259681
9209158
8999068
9229823
9067302
9077677
9994262
8934643
8974465
9005230
9357302
8758137
8793991
9073403
9551355
8489127
8464233
8252376
8031016
9126059
8841679
8208138
8352040
8538690
8244689
8327507
8159385
7824533
8009683
8089325
7753549
7638120
7636538
1754668
1779579
1812237
1821923
1843934
1846331
1852357
1877923
1902420
1902610
1893703
1895306
1904959
2020649
1929665
1943425
2428836
1951634
2065673
1938874
1967843
1981770
1969283
2053639
1995793
2001197
1975758
2017564
1988984
1952105
2043651
2031924
2022838
2100374
2006056
2013158
2009174
2047546
2031049
2032624
1995228
2013342
2035209
2027946
2025136
2025165
2027199
2018206
2029053
2018084
2001723
2038262
2121578
2089851
2009273
2236760
2112246
2139528
2004553
2012398
2282160
2025110
2056991
2041729
2018293
1998594
2006185
2215867
1995554
2020104
1968664
2005396
1981379
1997839
2179714
1990898
2067489
1900747
2010596
2038145
2024453
2018268
2017119
2038652
2031180
2260061
2038561
2041551
2023106
2040705
2017404
2043325
2145695
2014724
2031062
2038461
2041178
2023477
2036673
2114986
2030781
2053414
2020315
2030322
2019562
2019429
2036035
2007807
2008330
2006253
1967832
2007522
1996195
2022689
1981642
1974364
1978962
1993810
2208392
1989935
2314061
1988219
1989461
2275275
1952691
1985391
1985941
2067510
1995660
2005469
1961922
1997488
1985590
2231789
1973393
1996721
2054858
1997612
2145763
1961856
1935160
1959880
1956919
1952688
1979601
1988324
2040495
2102214
1844493
1935671
1955976
1928114
1946280
1933227
1933139
1942924
1944085
1919723
1964054
1939610
2003133
1926343
2122985
1913156
1984941
1953598
1979648
1957519
1982586
1947959
1935520
1976109
1935234
1972522
1961278
1949529
1996846
1997263
1941844
2562773
1976146
1981286
1933982
1947292
2125783
2204804
1941638
1977202
1953758
1833267
1938373
1903276
2137838
1937701
1908854
1926536
1935424
2177309
1953931
1531569
1849748
1746639
1183304
1933626
1913973
1921074
1945693
1920753
2059098
1934328
1960688
2353871
1979183
1944909
1986544
1945496
1947970
1951025
1936453
1927619
1929860
1909288
1917400
1918522
1905956
1914537
1934949
1898516
1898426
2120185
1900352
1895514
1896633
1898123
1876483
1870056
1877926
2035888
1805113
1755135
1736129
1716869
1913235
1902876
1793817
1800657
1800214
1807234
1792380
1776691
1651222
1715829
1780724
1679846
1679676
1670391
