5537552
5540495
5523031
5805217
5844557
5823895
5724358
5836036
5972696
6010795
5830295
5935485
5930380
6565619
6030453
6168501
8541596
6147999
6670193
6127603
6115998
6201945
6074166
6679323
6357617
6464961
6322513
6622747
6310889
6451388
6631376
6488892
6656808
6958395
6235214
6455563
6298252
6643072
6446162
6403549
6199538
6569552
6603029
6237790
6329602
6369809
6274444
6492338
6275910
6422806
6392040
6533933
6788227
6757493
6395927
7462225
6882767
6892128
6282621
6241220
7505059
6462484
6579943
6380275
6368181
6191313
6071113
7256830
6203542
6318397
6154765
6206486
6140251
6282096
7258811
6199134
6691842
5864383
6183306
6499908
6371465
6464665
6295869
6299486
6256454
7436197
6542512
6574006
6478622
6442090
6381689
6767401
7108890
6466175
6511876
6547759
6656200
6608935
6546809
6747463
6489959
6591131
6408890
6518276
6406053
6326604
6460912
6359146
6106839
6299743
6100147
6285363
6321171
6195427
6077805
6267523
6322689
6154147
7372041
6258785
7798831
6238104
6070937
7696079
6201011
6112939
6206733
6702974
6495356
6035155
6059140
6115568
6391851
7211737
6006679
6256542
6295372
6116937
7132263
5863644
5820458
6034957
6051085
5929667
5921187
6157754
6373763
6904742
5505195
5959023
5836895
5948536
5870609
5892433
5803354
5841738
5939129
6008117
6108638
6071216
6278292
6106600
6937674
5898226
6098592
6022295
5958657
6100378
5879963
5928980
5869712
5900157
5700561
5947930
5870634
5895334
6271729
6043265
5802820
8804132
5903719
5944659
5947912
6071484
6643545
7083788
6049228
6126663
5899444
5480916
5938587
5947552
7131105
5960841
5853002
6095768
5938694
7125414
5927321
4768187
5722122
5250295
3618506
6165797
5991712
5889489
6001738
6159357
6478015
6020020
6091904
7969957
6244575
5979615
6143563
6184270
5754783
5979249
6089549
6203242
5994459
6101721
6067074
6150865
6097240
5964633
6132997
6002258
6010247
7003754
5927752
5928833
5954843
6193267
5774070
5806616
5999978
6586656
5613566
5603977
5438063
5338405
6318439
6065252
5395553
5510638
5605030
5414231
5472241
5393169
5152363
5261224
5377602
5056955
4990001
4984403
1119777
1138914
1156711
1167634
1185056
1183427
1191124
1207700
1225916
1226993
1221534
1223274
1226835
1337952
1246380
1258314
1733488
1262724
1373848
1252402
1273578
1285415
1275819
1354993
1293627
1297306
1280746
1309444
1287813
1268719
1331023
1318192
1316944
1402257
1299166
1307107
1304434
1332577
1316872
1321222
1291628
1307332
1324502
1312625
1313231
1313971
1312220
1308428
1316204
1310143
1297004
1325959
1410151
1374962
1302639
1528121
1408813
1437514
1297462
1305733
1568679
1315795
1349645
1330694
1312392
1291444
1299356
1506746
1290518
1312454
1274354
1299657
1285436
1295881
1461769
1287793
1377927
1217092
1300880
1321149
1310196
1312644
1305445
1320741
1316438
1533919
1324119
1323917
1313096
1321705
1306228
1325010
1430524
1309855
1319884
1323369
1323614
1315462
1333760
1409881
1317783
1337647
1314209
1319941
1307715
1310376
1326977
1308582
1302158
1302705
1274696
1305312
1292468
1311671
1282605
1277048
1280445
1294981
1514467
1291158
1614206
1288982
1288129
1584525
1261708
1291903
1291944
1368317
1296819
1300391
1270181
1296890
1290363
1535052
1278281
1299099
1360884
1305231
1464255
1268376
1253001
1266454
1265359
1262925
1283554
1298757
1355629
1433191
1179977
1258002
1265721
1244111
1257370
1248688
1248231
1257644
1257536
1240861
1274188
1252897
1312981
1245213
1452078
1231085
1287380
1261506
1285558
1266460
1280288
1259320
1250329
1272403
1246760
1280594
1267649
1259803
1309995
1301185
1252145
1852273
1271130
1275451
1249049
1254877
1431211
1504515
1255986
1293246
1264221
1177685
1247213
1221842
1483091
1246103
1226281
1240118
1247515
1494748
1261708
988144
1204539
1116964
757051
1248452
1228168
1231331
1249465
1234703
1354968
1240453
1255632
1647561
1290078
1246260
1295589
1249965
1245253
1258519
1239887
1235394
1235427
1221669
1227588
1230854
1219497
1224534
1241493
1213351
1214242
1435216
1215372
1208837
1211020
1213795
1194849
1191131
1199370
1356723
1150553
1121385
1103922
1101241
1280781
1258863
1137714
1145331
1141761
1145952
1137031
1132265
1049165
1087768
1140793
1056289
1058302
1051684
