1977843
1966015
1988483
2078110
2119069
2098877
2071600
2124583
2175922
2187364
2131100
2161404
2168225
2737349
2214052
2284287
4723706
2270898
2806131
2260981
2269071
2313522
2247656
2697186
2356365
2399067
2347779
2461855
2339579
2400376
2515230
2420404
2473111
2949826
2317150
2430581
2340862
2511827
2414813
2430892
2305763
2458529
2458056
2344275
2362897
2375964
2342401
2429107
2334892
2395363
2385104
2428914
2818334
2703288
2382937
3478123
2954420
3015920
2346882
2316567
3650077
2423080
2571907
2399889
2372610
2300873
2264004
3380595
2320953
2361997
2300470
2314658
2291538
2344512
3174216
2302991
2909200
2128131
2295323
2432456
2377686
2403089
2345630
2352182
2329496
3393170
2454789
2450973
2421813
2410051
2376530
2526661
2996244
2414198
2433162
2441885
2494698
2469066
2585122
2871304
2437537
2476610
2384020
2445831
2397728
2367399
2409908
2425629
2284776
2358660
2263831
2350490
2358260
2309332
2266400
2337647
2356333
2303007
3555400
2341031
3946312
2356215
2275959
3916582
2322262
2333465
2317565
2784636
2436297
2277003
2249880
2293863
2400167
3551478
2260736
2355599
2616195
2421882
3323870
2193882
2167106
2253310
2252369
2227995
2212551
2395912
2672683
3216228
1990932
2265975
2170755
2205017
2190741
2198203
2160480
2176620
2215477
2236664
2320739
2264304
2523524
2288766
3382950
2190673
2325823
2243957
2259697
2275598
2192358
2206476
2178133
2204550
2130736
2258038
2171530
2192509
2493753
2360121
2156194
5141944
2195342
2199639
2216853
2243963
3040837
3449352
2250009
2465343
2184700
2013774
2192715
2178823
3675698
2205739
2158067
2249933
2190881
3491170
2229150
1791160
2194625
1928434
1377957
2280812
2190970
2160424
2194058
2243268
2654206
2205557
2228592
4195143
2465628
2189113
2443555
2249003
2088707
2241967
2210877
2252735
2178173
2219531
2200551
2226731
2202849
2167025
2221288
2162613
2192154
3265252
2127869
2126933
2168160
2234307
2071999
2084706
2144475
2913814
2007939
2010135
1948600
2018753
2862194
2629810
1899462
1958338
1979086
1905396
1939610
1912530
1822627
1837159
1979606
1728177
1728731
1725618
389550
393456
405217
407677
417873
415379
419416
428201
435121
434984
434521
434030
437328
542875
445030
453763
935359
453331
562240
449875
459906
467050
459137
532249
466945
469216
463054
474579
464991
460482
491483
478874
477047
580511
469221
478628
471959
490376
479354
487204
467031
475546
480806
479244
476319
476192
475625
475798
476477
475068
470694
479823
568400
534183
471963
692901
584512
610969
470876
471421
737376
479690
513107
486889
475300
466909
470666
681650
468909
476312
462384
470478
465218
469816
622185
465064
579133
429015
469388
480696
474729
473845
472592
478163
476495
681789
482412
478898
476675
480206
472977
482203
587217
474972
479031
479505
482128
478060
511695
583579
480997
487947
475477
481324
475363
476445
481063
485046
472541
474138
459660
473800
469246
474938
464532
462445
463045
470360
709792
468726
792238
471640
468678
782347
458488
477839
467914
553516
472853
475725
458390
471265
470049
732146
467168
474423
551357
501309
659673
460355
452457
459436
457244
459861
465092
491147
552024
645747
412774
464112
456617
447682
455646
451945
451393
455029
454701
448051
469981
453850
511676
452900
688153
444053
476457
455489
472429
458010
462940
454206
450309
461420
451086
471121
455455
454518
504996
492935
451073
1046026
458476
458513
451791
450333
635062
708493
453694
503630
454219
418873
446983
434439
744564
447644
439031
443941
446366
708440
461242
359380
447250
397961
278345
448944
435801
438347
443467
437330
538781
441691
447110
843576
494490
443291
500462
442486
439407
457008
437788
437293
436361
432450
432614
433980
428692
432729
438430
425260
431532
655387
424613
421718
429616
426694
417240
415777
417811
584433
399978
391705
385054
404905
566048
531571
389525
396300
392672
392456
391819
390530
361038
369312
408462
350894
356341
353740
