552737
521825
530233
554493
569828
555183
549186
563065
578045
577558
566880
570557
573094
1087307
588546
621389
3038974
604080
1139817
599760
601124
644877
592776
983541
628460
634294
622248
653056
618727
637499
726716
645037
663886
1195204
619031
671086
621841
702003
645047
702747
614964
656346
653825
632853
638990
634532
627006
649178
624904
640711
636099
646728
1078045
928848
640925
1731223
1224579
1316056
631327
618781
1936334
658502
825194
669035
637963
617705
612514
1681993
628815
639208
609909
621857
614515
633796
1390189
619659
1283262
574465
619907
647054
635479
643475
626492
631243
626130
1630575
660833
656365
645296
643598
635920
674015
1201314
650444
651787
655464
674779
662425
878118
1190328
656921
679219
643244
655490
648933
639481
647125
712867
614693
639992
604054
632060
634562
621269
608468
627109
630232
618194
1866757
632357
2236035
654689
612761
2250745
623139
685708
624589
1071100
667663
625586
606662
614562
651194
1927959
616034
640455
1013254
796863
1664363
600159
582635
605951
604334
591676
595003
752917
1072054
1627734
538848
681926
578593
591896
613672
590406
577350
582302
596114
599622
665404
608716
875394
614203
1867773
613010
681887
598915
662914
608837
588698
591106
579248
593119
570104
661471
585178
590634
865611
774916
580561
3522883
591719
598494
607976
605455
1472997
1853420
621867
893226
588987
545244
588333
587032
2231544
591113
577267
596709
581687
1927066
660813
487390
685155
527158
373816
634997
586877
576668
585297
597427
1041389
588912
595899
2571057
868856
584485
889444
598754
560481
597574
583343
600361
578821
590563
583546
588798
590693
577485
601088
573317
617013
1717415
573681
560950
598271
588028
544909
545778
570622
1381264
536695
540410
513311
682713
1483957
1227094
500453
514188
518764
504010
518663
522823
475637
477560
632901
452789
449238
450090
105408
101228
104676
105446
108910
106735
107937
109969
111906
111636
112049
111125
112110
209013
114830
119773
584732
116954
221017
115744
118276
125981
117451
187440
120936
120304
118945
122213
119282
118887
138297
123886
124109
230067
121458
128152
121527
132816
124156
136782
120657
123028
124060
125301
124638
123323
122929
122839
123551
123282
121671
123738
210569
177101
122638
334711
233138
258568
122630
121787
376312
126137
159507
131501
123805
121093
123131
327133
123007
124678
118762
122181
120671
123133
264877
120860
245747
111901
122362
123890
122852
122724
122398
124092
124150
318591
125604
124198
123132
124476
122714
124734
228467
123757
124513
124550
126190
124212
167564
234214
125709
129630
124096
124956
124491
124666
124885
138240
122959
124410
118527
123142
121862
123416
120569
120122
119985
122157
360624
122595
434046
126646
122085
434813
119317
135824
121937
207297
125612
126160
119252
122354
123485
383860
122988
124773
208399
159396
317141
121220
117742
119467
118246
118138
120898
149731
215027
315215
107641
134634
117969
116156
123350
117574
116714
117819
118251
116380
130432
118073
171738
117796
369365
120325
135482
117992
133705
118778
120261
117629
115961
119946
116620
133104
118550
118227
169470
156675
117447
691263
119619
120510
119600
117235
297934
366298
121042
175429
118382
109583
115941
113257
440055
116097
113503
113973
114858
376500
132598
94597
134719
105286
73031
121232
113206
113179
114255
112971
204446
114116
115761
502412
168605
114779
176087
114212
114140
117956
112372
112819
112349
111599
111237
111197
111474
111626
114850
108908
117769
337241
111158
108143
114984
108918
106294
105643
107615
269158
103568
101967
98465
133104
286141
241135
99610
100803
99915
100494
101536
103480
91321
93162
126044
89016
89713
89407
