64470433
63630665
62224749
64728307
64134287
64490307
62410520
62703416
63657411
63929730
62055238
63099547
62761481
63473173
62892269
63144632
64139767
62979608
62522020
62696124
62132112
62857103
61406127
63688211
63706639
64636880
62988584
65172505
63308092
63931101
64244447
63442715
64646790
63164130
62167203
62710728
62272816
63982193
62717492
62190033
61400859
63236580
63848589
61008682
61851063
61434889
61010033
62117974
61442734
62082146
62289452
62454379
61423274
62589635
61520916
62082892
61826004
60603974
61381489
60707262
60335728
61489425
61482909
60836995
61182920
60510587
59241792
60354020
60124154
60186368
60052348
59734194
59081937
60832635
62821006
60300333
61603503
60760579
60308375
61846273
61410165
61925264
61441542
60418934
61034505
62221202
62343628
62648537
62413390
61700148
61683720
64382310
62990460
61686840
62213992
62410189
63117878
62611633
62108885
60754493
61969873
62481682
61363812
61458845
61089276
60010976
60704816
60793626
58975065
60454499
59621238
59705611
61188629
59635694
58741383
60499780
60902287
58975286
60827749
60366582
60052363
59090528
58812292
60873143
60446406
58664076
59604041
60835714
61917200
56768934
58550696
58319491
60465549
57848741
57757592
58381731
57461210
57420179
59275868
57228666
56851429
58811139
58239656
56621828
57107979
58018515
57706863
58794866
57226567
57685631
57076387
58491966
56930956
57082270
56842475
56794053
57436996
58467484
58548103
58509920
57599918
59280928
58934487
58698092
58539358
57916116
56707888
58546051
56719052
56565672
57055210
56768325
54813297
56550012
56841952
56719821
57636859
56781762
56004347
58600434
57135400
57689966
56900426
58899584
56978481
57579420
58496957
57414598
56890947
56363807
58243220
58994579
58708904
57688841
58077549
59188933
58189219
58071794
58412089
50145486
58088175
54661594
35679301
59712288
59551307
58438522
59222038
61065578
59285056
59377829
60362587
60195375
59170468
59389769
58845079
61255940
58375690
56987080
61147658
61810224
60424526
61531974
61569789
62215084
62040182
60750666
61974233
61167325
61835442
61892724
61176660
61645572
61970183
63094886
60918229
61059921
62916487
61062637
60872689
60961621
61550283
60314276
62349279
60481278
60654332
60421067
62498885
60172901
60557097
60264607
56989520
60752777
59999248
60616755
59429697
59333538
11498366
11733384
12154295
11413986
11725737
11546367
12038181
11995341
11847892
11724218
12156848
11919037
12021781
11853663
12020168
11864475
11897825
11982885
12179696
11969848
12206228
12091679
12355668
11843710
11874178
11551004
11913734
11417478
11923838
11352008
11754924
11909499
11538415
11874500
12231142
11987806
12171374
11845213
12194893
12315004
12456732
11940085
11837148
12675059
12436581
12450777
12659642
12267489
12481473
12307441
12183463
12213248
12532517
12241608
12361208
12356733
12349907
12633377
12415667
12645522
12802745
12422195
12381259
12550656
12455395
12637648
13003923
12746157
12605031
12690433
12552864
12814446
12891394
12469712
12216694
12641626
12580855
12598797
12777825
12399906
12477827
12321960
12476850
12824561
12663688
12511342
12303461
12207982
12200002
12481806
12297983
11710655
12087705
12296886
12244296
12200675
12008415
12060580
12193628
12624666
12279132
12237906
12374022
12375188
12483123
12712528
12583828
12427021
12945218
12542553
12652241
12754037
12371896
12853694
12878943
12427897
12405931
12851004
12449390
12535610
12760933
12844048
12897158
12483048
12359637
12962659
12683743
12414109
12061523
13435671
12831873
13099899
12374451
13180693
13053272
12931916
13177218
13097472
12652253
13202704
13188843
12787386
12880752
13202784
13261311
12963065
13093313
12822184
13285492
12957677
13261202
12738878
13125193
13080696
13065542
13101742
12981014
12658449
12744250
12608369
12960213
12562792
12754973
12679506
12794770
12866980
13283867
12765864
13378333
13182465
13059322
13301556
13589638
13339772
13192569
13190590
12983610
13317755
13385797
13200062
13262259
13219911
12979761
12705537
13266298
13146295
12685237
12975325
13215560
13221013
12872760
12598946
12746284
12890833
12688856
12567323
12827950
13010719
12894691
12258874
12906836
12925867
10116500
12408052
12580001
12792585
12689033
12140462
12772792
12582768
12444262
12692303
12626836
12607710
12794329
12151162
13032990
12997132
12096729
11908517
12296351
11968777
12024031
11796243
11786842
12204316
11957567
12040056
11911080
12052897
12121900
12049817
11924693
11598294
12181050
12101825
11676457
12167232
12152383
11876417
11764787
12065330
11733813
12263620
12304951
12234799
11747795
12353484
12251937
12360988
11836445
12051757
12359551
12222257
12294138
12304792
