393671
361531
370074
379915
399761
383838
377699
390793
395606
398694
395127
394771
397685
890271
407130
426721
2812900
422574
938145
413955
416515
451785
408820
786504
436503
439797
431965
455690
427847
443517
519686
443569
455646
994787
428010
471455
432668
501037
440254
506853
426570
453089
452608
443237
440633
435011
430966
445969
428653
445571
439286
452958
859031
733208
445615
1502862
1013398
1125377
439668
429653
1716455
457288
620664
474793
441427
424419
424739
1467355
437824
442881
421510
434467
421792
435545
1159476
430037
1093820
400418
423091
448224
434151
443434
431784
436032
432701
1409054
459343
454742
445321
444686
439570
466467
973379
446455
446351
456920
465873
454603
682369
996583
454405
471303
439787
451228
446840
434466
449729
510526
419484
441733
417455
430523
433337
426280
417627
424759
436331
429060
1654159
441993
2013156
454854
419457
2045756
433083
496438
429587
863716
462555
435400
416766
426945
450034
1715343
423649
443470
820476
602887
1479607
410057
397670
417941
414491
410299
411383
562862
894473
1439494
372911
501409
400646
405790
429599
408071
396183
403971
410278
411270
483445
421222
681481
430956
1670624
438267
492701
413998
480795
419475
404669
408854
399272
405701
392099
476520
400787
404708
676575
589411
401604
3295328
413370
417209
426045
418848
1284510
1647906
434914
707827
410988
388513
404803
402754
2045603
409355
399041
412087
399205
1733939
476853
345917
514037
362165
256578
447454
406825
401205
406285
411344
861362
408587
410172
2349918
685034
404795
720397
411179
384150
411190
402387
412743
394560
404359
404636
405893
403030
400247
414868
395787
436528
1544825
399227
386712
430300
405040
375667
383380
392261
1188603
369909
375661
353140
529784
1334777
1070557
346950
356401
359933
350899
365900
368331
329615
334530
485366
315528
312082
311474
73473
68690
71360
70782
74811
72125
72663
74657
75167
75210
76329
75173
76064
167810
77838
80444
530224
80042
178130
78170
80101
86307
79269
146850
82108
81891
80889
83359
80576
80740
96799
83426
83425
187887
82326
88173
82765
92808
83142
96546
81939
82982
83916
85870
83915
82470
82904
82782
82982
83741
82161
84750
164351
136577
83575
285007
188673
215842
83688
82875
326405
85593
117499
91311
83688
81435
83690
279237
83376
84633
80252
83372
80855
82661
216614
82211
204858
76441
81694
83783
82128
82706
82371
83633
83766
269957
85116
84247
83062
83870
82753
84305
181877
83161
83260
84875
85286
83246
126943
192147
84981
88104
83012
84085
83842
82794
84899
96848
82072
84041
80022
82179
81694
83030
80829
79614
81271
82716
313301
83823
382448
85773
81801
386100
80840
95901
81950
164020
84974
85998
80077
82644
83544
334644
82783
84396
165784
117951
275631
81325
78698
80520
79620
79856
81541
109569
175490
272711
72922
96625
79527
78118
84103
79361
78230
79703
79555
77904
92721
79925
130752
80587
323172
84050
95871
79451
95013
79890
80739
79500
78093
80044
78366
93696
79300
79215
129385
116557
79098
632998
81801
81941
82012
79467
254313
318127
82935
135915
80553
76305
78176
76063
395453
78261
76752
76961
77096
330711
93848
65290
98956
70492
48750
83415
76690
76990
77614
76286
165455
77594
77903
449894
130044
77710
139442
76886
76522
79496
75779
76060
75265
74647
75398
75096
74600
75767
77696
73936
81717
297786
75472
72823
80884
73482
71710
72668
72577
227209
69759
69449
66074
101006
252735
206131
67532
68376
67551
68515
70178
71351
61886
63554
94348
60660
60739
60561
