380383
342927
347803
364143
380380
366201
363892
369248
377382
378396
374339
377631
379125
864017
392374
412575
2748076
399157
909699
398846
396288
430289
391626
769205
412164
420682
409314
431712
408407
423626
509000
424379
435222
974608
412804
448744
412902
477587
423955
483703
400700
433123
432611
421368
425474
416905
412927
430531
409818
426120
420628
430396
826132
716881
420168
1465760
987229
1099023
418275
407740
1670986
436683
589853
451143
421116
405049
405344
1415905
419482
421819
400083
414073
403405
417493
1120729
408313
1072085
382754
405301
429574
415280
422283
412868
417517
409644
1368280
434153
430976
427981
421900
417129
443619
936303
428401
428940
431552
443450
434534
658911
983890
431847
447557
421992
431959
427810
414718
428583
489667
399982
421134
395245
407169
412577
408668
398851
407497
406932
408590
1618257
421271
1972730
436679
405228
2006493
415577
473154
411066
838832
443796
423834
399748
400563
426824
1675081
402734
423843
798729
579797
1470915
394401
381403
396773
397164
387391
390417
542353
872124
1399004
354074
475565
379995
386945
410922
387213
377934
383442
391210
392355
461721
399058
660323
408132
1632242
414361
475989
396279
460035
399371
383111
388102
383583
387221
370721
455774
382152
387750
652852
568061
382790
3228457
392194
396134
406513
400111
1257293
1607703
415039
686698
389488
370036
385293
384213
2008832
389252
379630
390226
382648
1687441
460274
327663
495290
343390
244580
425420
383746
378324
386771
391522
839010
387742
391237
2299674
666422
385844
694473
391447
362556
391511
384955
391586
379007
386193
383483
390267
381523
382463
395112
373914
414211
1526216
382660
369101
411364
384648
356808
358660
374163
1152088
353233
362436
337704
507949
1314703
1041736
331390
336192
342018
330783
349370
348839
317057
313754
461746
298233
296987
294293
69786
64026
66030
66949
69998
67743
68805
69483
70419
70157
71183
70462
71250
159495
73555
76450
509590
74316
169028
73887
74575
80864
74355
140837
76290
76862
75160
77544
75652
75851
93283
78333
78320
180910
77817
82362
77548
86776
78376
90581
75811
77954
78597
79960
79582
77922
78031
78356
78031
78483
77314
79037
155181
130868
77368
272735
179773
207000
78074
77241
311842
80138
109630
85327
78378
76275
78338
264580
78667
78945
74818
78027
75974
78087
205721
76685
197305
71563
76806
79030
76851
77117
77295
78615
77768
257535
79224
78292
78342
78139
77348
78797
171751
78276
78470
78767
79588
78232
120580
186050
79470
82076
78230
78813
78801
77537
79196
90991
76736
78457
74476
76176
76288
78101
75715
74946
74201
77552
301192
78080
367377
80917
77454
371646
76016
89920
76856
156291
79917
81903
75515
76285
77711
320256
77195
79180
158338
111119
268385
76501
73904
75102
74656
73903
75987
103916
168034
259768
67854
89780
74137
72982
79301
73761
73036
74249
74480
72867
87180
74241
124444
74950
310012
78122
90847
74524
88927
74822
75073
73920
73436
75079
72707
87731
74270
74390
122448
110324
74140
608161
76114
76379
76677
74559
244102
304715
77601
129147
75069
71550
72848
71353
381053
73234
71772
71626
72564
315628
88802
60934
93461
65920
45723
77769
71179
71128
72484
71049
158438
72226
73154
432071
124364
72661
132168
71629
71163
74035
71058
70623
70646
70020
70232
70830
69427
70985
72642
68508
76158
288939
71028
68284
75818
68598
66995
66665
67981
216083
65482
65786
62147
95293
244614
196994
63243
63471
63197
63450
65726
66217
58442
58836
88093
56489
57088
56135
