356819
322269
327008
339613
358616
341346
341003
345693
354190
359033
349876
356331
354844
836703
368666
393630
2704533
377978
873915
372165
372466
409044
368075
739408
394203
397268
389278
410524
383383
396908
483100
401222
407691
945498
384297
426516
390713
451202
397483
457954
379772
404298
409079
395025
396750
393496
387255
406585
387608
397000
393199
406429
787938
688308
400389
1423289
948580
1076496
397442
381935
1625027
415205
572014
426181
394505
379095
381317
1379388
395172
401091
377872
392964
384245
390981
1080976
385465
1052834
362728
384669
402925
395037
400037
386371
393118
390862
1327230
414865
403196
398490
401713
392604
420014
904249
406930
406569
407136
422397
410432
636884
966479
412718
422226
394849
407586
401835
393576
402233
464380
378431
399659
376732
392049
390626
385295
375801
383453
385015
385047
1594172
395734
1923740
411999
382297
1974113
393111
454972
389778
819609
416624
397070
378926
381352
408471
1641253
386327
397942
766433
547451
1451221
371052
362983
375642
373871
369481
369404
516676
854554
1372735
337218
459589
363373
366518
390887
365202
360696
362819
370294
371781
438458
375531
632163
388923
1595050
393322
446562
372872
441893
379186
365750
366861
360265
362778
354703
433760
361823
366040
632009
550167
355638
3176198
377087
375637
382410
379021
1219572
1561157
391393
662885
371234
348851
366085
365494
1976881
368209
358544
369692
365773
1644686
439316
311617
472887
324041
234953
405935
364736
361439
364141
370504
813016
364853
368332
2251143
649606
363496
680524
370936
343488
373186
364400
371568
355945
362711
361058
366820
365234
359807
372846
354184
391909
1516521
359327
350203
386321
365436
337740
340592
355036
1117267
335661
341012
320401
492146
1300626
1018744
314574
320919
318201
311540
330608
330984
299290
299094
438515
283967
278130
279227
64722
59456
61292
61365
65089
62254
63672
64087
65255
65753
65684
65948
66015
152694
68114
72002
494563
69571
160836
68061
69346
75762
69012
133747
71712
71426
70169
72705
70049
70211
87247
73252
72405
173538
71484
77496
72240
80934
72537
84347
70682
71853
73509
73907
73364
72252
71729
72679
72670
72098
71080
73558
146122
124049
72555
261474
171123
199931
73166
71291
299138
75136
104744
79246
72672
70385
72474
254030
73081
74118
69768
72889
71090
71996
195755
71190
190401
66834
72068
73001
72303
72224
71164
73004
73509
246864
74698
72462
71984
73488
71607
73525
163363
73161
73355
73226
74887
72833
114678
180348
74626
76581
72163
73562
72840
72657
73552
85356
71890
73436
70022
72193
71054
72471
70618
69668
69419
71860
292191
72574
353750
75172
71925
360072
70952
84956
72029
150637
74229
75751
70444
71385
73086
309149
72786
73279
150309
103721
261097
71087
69205
69924
69312
69558
70812
97708
162477
251347
63714
85425
69681
68151
74187
68713
68721
69347
69547
68233
81612
68906
117399
70591
298386
73228
83975
69211
84222
69867
70605
68984
68041
69402
68623
82358
69502
69234
117066
105370
68070
590747
72123
71608
71253
69577
233562
291327
72276
123248
70378
66254
68097
66655
369526
68490
66897
66886
68206
303453
83713
57119
88215
61170
43184
73305
66559
66971
67542
66236
151129
66965
67800
416675
119323
67608
127399
67151
66191
69483
66337
66280
65532
65248
65310
65635
65467
65765
67573
63867
71152
283280
65850
63878
70369
64143
62432
62444
63552
206921
61532
61092
58027
91162
239159
189927
59312
59491
58235
58854
61379
62017
54672
55127
82727
52888
52668
52545
