14027221
13921789
13927754
14473879
14527390
14448079
14252390
14487762
14764025
14776657
14387923
14634481
14595610
15317279
14778056
15041364
16904534
14983726
15363355
14962605
14950506
15091622
14867984
15702295
15435509
15715471
15375755
16043155
15299691
15491838
15979160
15760927
16030858
16061657
15194384
15686101
15319261
15989001
15661748
15396383
15096806
15961454
15977297
15201551
15464827
15514401
15356284
15845373
15310630
15648544
15595212
15924570
15803146
16100507
15655635
16373218
15866191
15797914
15462765
15305159
16271919
15825238
15865921
15577294
15654503
15206292
14998852
16079940
15389171
15604547
15209352
15425822
15315331
15487422
16540762
15342202
15596316
14944288
15409845
16055970
15808706
16032305
15666007
15727841
15546127
16696870
16189113
16261269
16095393
15999788
15900966
16705264
16643561
16103158
16193140
16291845
16547244
16414220
15965852
16099158
16213039
16397276
16054803
16326978
16046890
15916167
16201974
15788344
15435203
15810959
15371080
15845570
15939467
15615750
15417726
15743357
15970328
15582257
16543613
15808852
16954682
15764519
15421788
16742786
15716364
15440047
15765473
16186037
16357646
15445125
15404577
15606667
16220486
16101333
15375354
15983424
15420771
15243321
16654174
15099414
14960105
15429471
15490396
15310125
15216476
15557319
15653858
15907160
14626494
15220051
15026406
15313327
15203332
15224013
14982861
15061666
15345697
15488074
15609857
15669691
15720226
15635077
15730328
15316499
15539403
15557161
15324655
15769279
15252116
15432949
15262084
15369725
14897802
15354669
15216301
15330878
15846519
15415375
15148373
17673093
15340475
15462166
15504582
15751992
15747103
16112107
15741503
15425421
15383572
14233314
15440467
15510271
16202468
15625437
15339586
15854003
15524839
16016555
15346261
11796351
14516064
14332186
9764324
16111440
15840191
15524846
15765625
16020090
16203478
15815420
15946197
17344910
16017527
15799862
15727073
16188446
15186323
15506573
16004933
16267677
15796206
16054971
16024585
16165625
16080121
15788757
16100900
15845124
15833011
16709604
15706584
15742309
15783231
16339836
15367495
15504208
15891052
15904149
14941481
14769987
14519269
13990703
15459234
15090922
14529122
14910726
15094251
14644415
14739180
14421710
13924521
14295694
14308521
13925764
13672018
13529759
2469826
2490390
2535816
2536429
2561207
2553088
2578927
2604692
2633487
2621039
2620263
2618164
2625584
2709863
2650265
2666412
2974294
2669369
2743926
2654933
2702208
2710495
2708529
2767026
2723673
2733189
2699478
2748257
2710633
2649731
2776480
2776440
2749482
2801148
2742489
2749584
2752061
2775492
2768799
2752019
2728474
2746974
2776097
2771409
2773726
2772647
2777260
2759899
2785236
2763027
2742457
2801110
2841258
2833202
2759886
2900532
2816661
2855882
2758504
2774633
2949538
2785880
2817948
2815330
2790522
2748591
2778241
2889870
2766193
2802709
2728235
2787605
2767125
2767813
2874619
2759578
2778215
2684449
2802119
2823192
2805434
2805567
2807598
2841644
2827688
2979019
2827405
2827541
2815633
2836626
2812229
2821867
2893385
2809197
2829847
2836077
2837158
2816931
2814214
2901640
2840024
2868087
2841676
2850514
2820188
2843254
2866638
2806329
2835836
2823420
2771950
2833164
2809622
2851799
2802776
2766426
2783804
2823279
2933362
2807092
3027636
2797145
2820378
2971823
2752344
2807739
2823470
2844954
2813728
2860562
2782299
2841606
2817410
2951374
2819829
2855443
2867886
2806000
2951726
2810684
2773236
2792254
2789381
2804474
2838488
2827040
2868674
2853758
2694941
2769585
2809865
2761818
2807646
2777601
2780839
2798495
2800895
2752936
2810622
2786469
2830877
2749669
2839821
2761113
2833417
2806970
2850786
2822076
2865277
2825554
2808399
2860308
2808607
2854606
2841692
2824423
2852825
2865119
2817826
3212642
2851537
2863768
2810719
2808033
2932156
2964759
2820828
2819564
2844517
2648695
2798545
2755491
2908520
2821649
2778875
2784231
2819496
2911176
2825917
2139990
2645389
2641820
1792315
2814788
2808210
2801084
2833352
2780329
2925132
2816286
2845917
3097623
2857389
2847148
2864582
2833942
2843695
2809157
2818464
2802751
2815638
2780817
2797531
2799759
2783142
2802462
2821587
2771852
2767057
2956933
2782591
2776664
2779530
2772716
2754497
2749020
2750779
2836028
2653761
2567705
2566034
2513186
2719805
2715461
2661456
2686401
2666373
2689406
2655132
2629984
2469915
2567270
2633481
2529447
2516385
2481651
