38697461
38527709
38020518
39585697
39364956
39556524
38462280
38849296
39460824
39722522
38544061
39084293
39148780
39875336
39334696
39728525
41189443
39652185
39704480
39549971
39236447
39606121
38915348
40452652
40332679
41004058
40075837
41502986
40121747
40495131
41141841
40625070
41446375
40724936
39528710
40281183
39714328
41104294
40295130
39941736
39396501
40841706
41102393
39265906
39804281
39837190
39458951
40394126
39537852
40138786
40128474
40445012
39832856
40592717
39936830
40491400
40019226
39474512
39660736
39288162
39670662
40090628
39973953
39573108
39769184
39245265
38483461
39597553
39100617
39321140
38997732
38893984
38607318
39514370
41133671
39250955
38907463
38501448
39228692
40511423
40045490
40345779
39848485
39398954
39559432
40911500
40719681
40926475
40614687
40317381
40207832
42039213
41274091
40428639
40689896
40804916
41435483
41079188
40319250
39840823
40588233
40938133
40180140
40514619
40208002
39642724
40071937
39845560
38705448
39715411
38973829
39452094
40071213
39173363
38688570
39837982
40079134
38909690
40210813
39645376
40128800
39257731
38714707
40193170
39687752
38617137
39247279
40119890
40768438
37967730
38696047
38613341
40091854
38676073
38214262
39035610
38021946
38064015
39648441
37746201
37581778
38761111
38655462
37792403
37796471
38499613
38382581
38569900
36513852
38073013
37661624
38474241
37735774
37992080
37557630
37666888
38166386
38768594
38910172
38883023
38610083
39215034
38219654
38551775
38823842
38590552
37806924
39037842
37809374
38012981
37971692
37933127
36926520
37823849
37845365
37954253
38674731
37972811
37505572
40063417
38170120
38385797
38105841
39201185
38160948
38661851
38841372
38208021
37991122
36089766
38577936
39036769
37989716
38534052
38371315
39452482
38618107
38862279
38503054
31136791
36759902
35729701
25035542
39728725
39446112
38722638
39256177
40394855
39503518
39384378
39908031
40557427
39370495
39250512
38876900
40416562
38352973
38281113
40136347
40737713
39689766
40428513
40212612
40707376
40541883
39729719
40579304
40056525
40262738
40554874
39796616
40007192
40112871
41199951
39356598
39509492
40618528
39729784
38775624
38427510
37886497
36590658
39034242
38253611
38132637
38481729
39436475
38079205
38461809
37745657
36930373
37850728
37472220
36974174
36670658
36608038
7431399
7517973
7638463
7503456
7586070
7570469
7650490
7674413
7690040
7660528
7723731
7671315
7703313
7729827
7739207
7694462
7907594
7751721
7820876
7699915
7807278
7817864
7835534
7793218
7784583
7712053
7724084
7697953
7778361
7507960
7798816
7817148
7708154
7771375
7874790
7781240
7865772
7818674
7869156
7888792
7876710
7753556
7798597
7973574
7925020
7894684
7959316
7813117
7947655
7855168
7806540
7867266
7970950
7911636
7827663
7961863
7890317
7958461
7859909
7933859
8059361
7877159
7885107
7938996
7879972
7896255
8002611
7989529
7865354
7920245
7805814
7933094
7898545
7853969
7907020
7882045
7807685
7756053
7989689
7901957
7916665
7869192
7930045
8022992
8001009
8075951
7899279
7881574
7865457
7947376
7864342
7769385
7894223
7852973
7876577
7885631
7826794
7800009
7847722
7999481
7888005
7921281
7900881
7884217
7887145
7935909
7943577
7859873
8013262
7909438
7874101
7937711
7851708
8015541
7923933
7801134
7803872
7946467
7928101
7871331
8048391
7886733
7952050
7959885
7753189
7952297
7899157
7857769
7755678
8053099
7874336
8002671
7790933
8051968
7949485
7920362
8019276
7930957
7903295
7992839
7923508
7884728
7871550
7920122
8024118
7920583
7960930
7841484
7765191
7855790
7996208
7813719
7917570
7872810
7901189
7931600
7893661
7772824
7859441
7784184
7894206
7758650
7789040
7806685
7924849
7889743
8018541
7868468
8079825
7934778
7910465
8035443
8000587
8030314
8008392
7960833
7906735
8024559
7982847
8250523
8038113
8052996
7856332
7854291
8059063
8060908
7838961
7900171
7993138
7718581
7892305
7781754
7744944
7871100
7810236
7784764
7893825
8001817
7957384
6623848
7661593
7554654
5546044
7771593
7819977
7878221
7894943
7726685
7992578
7843304
7888688
8080214
7870176
7882960
7958235
7803743
8048616
7887873
7781910
7712167
7830831
7697340
7755396
7704804
7672712
7793592
7786107
7721192
7700134
7870930
7771875
7751195
7737543
7620929
7769656
7728471
7659441
7802193
7638262
7398272
7383609
7325720
7522616
7654124
7716047
7669907
7607355
7738002
7659382
7654544
7257911
7508850
7665642
7468485
7511043
7474235
