35805741
35629680
35136092
36648271
36427490
36616400
35558238
35922262
36548443
36771790
35645581
36139930
36227370
36964394
36409176
36800140
38342337
36717728
36825545
36618106
36337346
36675740
35966013
37509086
37368415
38035510
37118024
38522014
37172650
37544229
38137914
37661136
38427550
37790755
36607813
37320570
36783185
38132786
37336150
36991599
36477112
37864513
38129285
36348308
36854414
36906773
36520293
37458900
36590033
37225866
37211620
37493801
36909987
37664539
37001550
37603459
37128227
36610009
36725457
36388766
36833857
37156524
37061778
36674391
36849650
36327679
35586466
36804274
36198155
36438652
36105947
36012895
35718884
36628034
38225831
36331418
36027989
35631424
36308635
37555554
37101749
37388183
36931001
36492291
36641932
38060953
37768245
38001684
37650423
37396254
37273031
39049196
38345514
37477887
37738532
37834505
38443805
38114287
37410972
36922786
37652279
37992447
37253965
37557982
37267246
36727773
37171415
36932657
35825869
36791759
36041555
36507503
37120069
36285931
35789076
36895320
37135535
35997496
37357344
36730475
37308577
36342265
35848390
37359235
36788509
35722287
36345658
37210975
37834520
35085504
35833094
35729713
37174358
35879431
35343453
36148622
35174866
35245321
36788455
34900645
34730044
35879828
35767421
34933778
34967183
35663355
35546733
35742846
33708649
35223305
34821932
35613604
34907640
35102772
34731559
34843373
35310022
35890933
36031328
36010399
35774248
36330425
35468219
35715153
35986433
35726433
34972798
36173278
35000049
35195846
35135350
35101235
34135855
35025547
35034401
35165869
35832579
35173556
34717178
37392653
35337044
35558336
35318396
36323446
35430106
35941490
35992414
35425949
35169045
33344116
35758503
36215108
35375869
35709749
35546619
36598210
35818879
36118632
35686429
28607411
33984419
33083376
22940269
36885984
36615842
35901309
36418966
37522330
36707629
36544829
37042303
37819892
36561983
36444821
36076542
37566073
35567470
35405365
37290595
37859430
36850150
37560708
37342728
37823575
37655792
36892921
37713770
37219053
37388751
37746098
36954610
37168068
37278663
38324571
36550073
36673209
37733008
36964424
35965909
35619950
35094937
33909345
36271632
35533611
35383143
35689668
36586297
35312917
35654171
34964616
34199484
35080312
34717754
34242274
33912352
33881802
7128977
7209705
7321565
7207902
7286085
7273953
7333551
7361897
7393661
7361070
7405951
7363621
7404814
7435038
7434641
7394200
7645128
7448476
7529310
7401422
7502293
7516633
7518272
7501063
7489180
7431390
7427855
7424364
7483035
7225896
7511623
7528913
7431109
7488384
7569534
7491279
7560690
7538896
7575732
7588593
7570907
7466105
7515726
7662554
7624339
7594533
7649668
7524764
7640476
7566639
7512403
7576640
7669637
7621718
7530040
7675302
7594584
7660358
7560675
7625899
7765112
7579685
7588273
7632166
7577729
7591736
7677958
7703212
7555672
7617043
7498412
7622503
7582893
7553106
7634651
7574151
7501500
7447213
7674316
7606630
7619271
7574995
7629563
7714793
7696446
7797886
7611444
7597366
7575702
7656054
7570822
7505249
7618120
7563039
7590548
7598438
7548386
7517408
7561036
7700573
7599021
7640235
7603418
7591818
7597592
7637413
7654385
7564945
7698392
7606768
7561123
7632480
7555435
7711575
7612051
7504925
7512074
7632052
7648923
7577524
7768006
7584128
7640156
7682727
7462524
7637563
7593332
7569179
7479401
7731430
7567916
7686183
7500310
7753165
7627574
7614097
7698807
7615585
7607538
7667120
7598620
7575195
7560892
7595168
7699525
7608921
7649977
7538190
7434676
7542601
7670413
7504195
7599638
7554708
7575570
7604602
7578979
7470661
7555426
7484446
7588525
7460006
7495603
7500373
7620895
7581698
7693637
7566110
7756886
7617812
7593156
7715515
7668770
7707122
7683635
7644586
7601839
7709318
7662289
7982070
7718913
7737420
7545250
7552291
7753466
7764188
7535441
7589223
7675804
7384481
7587334
7482890
7459877
7564796
7500466
7496000
7589059
7706273
7651706
6277869
7336677
7235511
5219669
7482247
7529457
7573736
7601513
7448730
7706039
7548891
7598502
7815290
7575875
7594766
7657672
7522374
7736183
7571039
7503400
7437765
7543495
7424116
7474221
7430744
7394974
7509252
7505356
7441422
7422004
7600348
7491014
7474898
7455265
7356221
7481171
7443065
7386633
7523570
7347577
7110537
7082979
7024179
7241940
7365409
7415250
7373350
7317230
7435792
7360668
7348811
6959891
7209308
7356528
7161934
7192020
7157168
