33772826
33595733
33112111
34561295
34363446
34533803
33524195
33886314
34482729
34707742
33590431
34086468
34160204
34907661
34343842
34739048
36370187
34637258
34790428
34539342
34274775
34614379
33930832
35450411
35282742
35920269
35034499
36409153
35098122
35440848
36039132
35572955
36322745
35725951
34558229
35218031
34707924
36038486
35272826
34964022
34441772
35784175
36026489
34291483
34776463
34837563
34471435
35371430
34542067
35126751
35162372
35430662
34913400
35616417
34937369
35616918
35097271
34603419
34671908
34356956
34867937
35103984
35034413
34646846
34807606
34308073
33584173
34803949
34149422
34400234
34082022
33999885
33713700
34567649
36166506
34312538
34041820
33670351
34299564
35491172
35065638
35358391
34889249
34470000
34591016
36060866
35716324
35947191
35597359
35338918
35240407
36963883
36304299
35414897
35667029
35786290
36353285
36057564
35377912
34914209
35605338
35930286
35216062
35534962
35235956
34695517
35121081
34889182
33820771
34781231
34050220
34523350
35092021
34282170
33785736
34867075
35115705
34008802
35360719
34720038
35362497
34343346
33841618
35385407
34754189
33731488
34341616
35215106
35762370
33127765
33832208
33754817
35140665
33945096
33387485
34132889
33233172
33279477
34812800
32936388
32797284
33889034
33800039
33006949
33009117
33677397
33585880
33814514
31820512
33263719
32875133
33640929
32937415
33166732
32776034
32899282
33362575
33888941
34067367
34024001
33809120
34337123
33564140
33755496
34024422
33774534
33067174
34195362
33075595
33237276
33202578
33185759
32231718
33090631
33106476
33231337
33878527
33264618
32783777
35530880
33409098
33626254
33371911
34375578
33521832
34059634
34055750
33502531
33250973
31461852
33819832
34268988
33579117
33785195
33609878
34647162
33873509
34228547
33756201
26869178
32093079
31286368
21533153
34914504
34675383
33955270
34459798
35539309
34768040
34599640
35078489
35929026
34602925
34481344
34143782
35588863
33665402
33470871
35302167
35877980
34899815
35583992
35392383
35855624
35660115
34934537
35730437
35247559
35417551
35793934
34977626
35206286
35303424
36326327
34570354
34693511
35746535
35027908
34006270
33682317
33213090
32044848
34350059
33650067
33441465
33749630
34622242
33388766
33718478
33044371
32303961
33177751
32830106
32344507
32025335
31998203
6863555
6939035
7040164
6943080
7018625
7010934
7059890
7090528
7124068
7096162
7128082
7093429
7129213
7173898
7164209
7129968
7409481
7179097
7265813
7130439
7226809
7248132
7242709
7241297
7226843
7174181
7162524
7171373
7216926
6972079
7256235
7269423
7181177
7233920
7302862
7224235
7287674
7282087
7310872
7323427
7303013
7213814
7255289
7385183
7351051
7322927
7374809
7256742
7367263
7292711
7249167
7310815
7403827
7362273
7261860
7422166
7331716
7395385
7292544
7350991
7502407
7312381
7321320
7363430
7311184
7318705
7399933
7437274
7279517
7341675
7222816
7344125
7304872
7280887
7378968
7302388
7234126
7179183
7402501
7344289
7359611
7318847
7363514
7441275
7419854
7546354
7352661
7340083
7313300
7388887
7313321
7261989
7372218
7302929
7334028
7344230
7296536
7268437
7304927
7436618
7339973
7381982
7341540
7338026
7339862
7370068
7386513
7302053
7422424
7342509
7294432
7369151
7298220
7439953
7341405
7244093
7256952
7359196
7390932
7315634
7515736
7321386
7368415
7431478
7202160
7365134
7328186
7315005
7223696
7448815
7295439
7413221
7240886
7489743
7352555
7342904
7425399
7339900
7351445
7388285
7319285
7302408
7294581
7319969
7420199
7335669
7380504
7277834
7156032
7268194
7391911
7236505
7320822
7284715
7295281
7326969
7306271
7206028
7290007
7218009
7320607
7196813
7235401
7232564
7353781
7310034
7419738
7299538
7479655
7341429
7317751
7438304
7385734
7429805
7407340
7372206
7334772
7440620
7385919
7738461
7445789
7465652
7273268
7290754
7483093
7504964
7275340
7323722
7400250
7102407
7321846
7222690
7213420
7300329
7235487
7240021
7319430
7449085
7383635
5994286
7061387
6966916
4967226
7226838
7273427
7307878
7339970
7199175
7446394
7294982
7348054
7573870
7317059
7332164
7395737
7274275
7466268
7303730
7251386
7195656
7289962
7177839
7230929
7192000
7151809
7255891
7259665
7192139
7177675
7361301
7238616
7227109
7210338
7118516
7226836
7187636
7143767
7275588
7085682
6857745
6831540
6766463
6995329
7111083
7150910
7118445
7067757
7168010
7104298
7080878
6698881
6952014
7094073
6894970
6925666
6892620
