30015410
29834959
29373633
30711766
30573917
30682235
29783715
30112408
30667926
30894957
29871757
30293897
30378696
31145643
30571112
30971650
32681425
30861056
31059531
30764996
30550805
30843198
30211577
31650494
31461017
32042915
31252588
32499794
31313872
31590121
32187542
31762425
32452401
31938947
30804288
31461697
30978875
32228819
31514888
31224003
30719394
31972051
32203452
30618681
31078303
31128315
30770216
31626526
30850224
31418803
31408829
31676703
31224845
31862610
31238776
31949620
31426949
30972713
30969541
30698156
31311697
31392785
31352989
30978781
31095610
30640527
29979989
31240769
30477671
30747850
30442190
30377234
30096378
30924460
32488364
30651594
30477010
30095481
30656669
31782199
31372346
31617567
31194559
30846944
30947067
32399164
31989453
32216830
31857945
31647141
31524653
33110261
32602371
31697201
31951292
32074416
32597607
32321922
31699938
31286779
31880477
32206969
31530470
31833401
31536948
31053731
31494458
31236537
30243014
31136816
30431850
30909287
31422459
30684748
30225353
31203770
31421528
30437113
31774671
31079718
31821367
30753628
30299267
31841754
31084694
30185046
30751203
31583546
32081245
29635878
30269878
30242455
31521698
30541767
29883315
30599754
29753350
29811012
31290167
29462957
29316652
30351887
30283258
29541960
29541049
30164256
30107998
30378014
28460564
29780080
29423593
30113948
29506893
29678854
29355087
29479126
29859787
30370055
30520031
30480180
30311120
30772244
30203919
30252875
30503184
30289485
29649339
30665004
29619645
29788164
29745476
29740148
28882093
29674041
29675467
29765319
30429249
29824967
29373761
32216636
29946775
30160577
29933162
30873910
30153897
30705928
30563878
30070071
29816897
28097502
30335617
30774224
30360792
30325116
30147527
31126729
30412281
30827776
30290255
23808298
28673026
28104257
19108417
31394151
31170038
30498205
30974083
31970429
31284378
31054440
31518688
32524488
31128800
30980784
30688962
31996986
30210070
30000134
31741752
32256145
31357176
31985599
31778384
32232486
32068646
31360422
32136146
31685166
31826350
32274668
31411017
31612667
31715450
32692053
31069452
31165936
32111248
31547303
30499817
30168286
29732095
28703451
30911629
30220090
29974228
30250273
31056711
29922317
30192216
29570800
28905486
29703096
29380851
28943390
28608662
28579274
6235844
6300442
6386646
6318975
6390516
6378113
6412804
6445968
6484945
6465677
6479771
6451452
6487800
6546760
6523846
6498932
6816230
6543155
6631223
6498310
6584975
6607637
6592050
6617350
6596695
6559426
6536025
6563975
6589882
6362820
6636792
6643190
6572188
6619104
6657396
6599043
6651824
6665694
6677448
6682935
6654176
6590404
6639559
6735689
6706873
6684926
6726319
6635923
6720533
6667556
6617173
6684599
6766022
6733135
6634229
6802847
6708360
6758538
6656285
6707288
6875159
6677655
6692773
6722144
6673513
6677461
6741664
6812207
6636542
6698248
6587902
6694223
6651905
6648850
6777022
6660060
6606413
6544964
6754345
6720552
6726054
6689271
6726961
6798944
6781908
6928359
6730282
6724059
6696386
6760995
6687577
6662071
6773994
6681878
6718243
6728672
6693460
6662891
6689636
6809024
6722089
6766462
6716881
6718763
6712811
6737597
6764641
6678226
6770991
6711682
6654703
6734731
6677566
6798280
6699937
6624843
6636399
6723077
6790334
6688886
6906108
6689247
6730393
6833767
6584359
6725553
6699795
6701925
6624143
6796024
6662186
6770978
6632370
6867876
6708701
6710450
6779701
6700028
6742916
6735311
6670837
6673519
6662786
6674501
6770124
6701700
6749699
6666237
6515751
6635303
6741886
6607617
6682905
6644859
6659038
6688165
6669626
6588485
6663908
6600129
6693284
6578354
6636262
6611652
6726073
6683779
6774484
6677664
6826623
6702550
6683808
6791998
6736376
6785684
6761268
6727967
6712934
6797870
6738697
7152931
6802265
6824927
6645383
6681078
6858572
6892499
6657533
6693500
6762946
6453367
6694963
6615524
6635227
6676012
6617024
6633688
6698250
6836656
6755999
5380372
6423990
6359120
4443831
6633226
6667823
6694406
6732202
6615185
6832197
6681819
6741632
6998828
6713286
6722187
6777120
6681376
6836910
6671599
6662775
6611880
6689444
6593794
6634846
6610444
6571940
6658692
6675832
6605169
6595028
6780673
6643041
6631361
6620311
6551058
6630378
6596538
6564713
6690445
6487696
6267949
6240242
6171517
6428760
6514290
6538418
6512199
6477661
6556866
6495577
6464510
6111699
6349719
6476808
6292684
6309693
6274265
