24674596
24523970
24201207
25288458
25184603
25292118
24547367
24871377
25340569
25519547
24676391
24996778
25090604
25861215
25283019
25627368
27521695
25566680
25843135
25485218
25320229
25557174
25049174
26337742
26121487
26620466
25941863
27035369
25983299
26201066
26793299
26417958
27011421
26669161
25584578
26189573
25743387
26845734
26219345
25985721
25510206
26616088
26834440
25468631
25862488
25931993
25616708
26346917
25677388
26141620
26154310
26409465
26106287
26624546
26032190
26827936
26278689
25904100
25777889
25541524
26335204
26205994
26175994
25843757
25943450
25509216
24965579
26248874
25422865
25663383
25372361
25329251
25115504
25783151
27279580
25540525
25461648
25109749
25556523
26539486
26167137
26392142
26043313
25759497
25842269
27265946
26781440
26953243
26654548
26474706
26328546
27709279
27390477
26479088
26730041
26835351
27299963
27046616
26508774
26213071
26690616
26947420
26364697
26654889
26396356
25980854
26377745
26116304
25274261
26045656
25400481
25866821
26284899
25658481
25243530
26101189
26321428
25443495
26760001
25991940
26944492
25756195
25328705
26864288
25993766
25246523
25715438
26505238
26888701
24856288
25311037
25304722
26415444
25754054
25015396
25685983
24967446
24978487
26398630
24644548
24504028
25404379
25368842
24731216
24717752
25312023
25250766
25556644
23793625
24928390
24630637
25184760
24722958
24862464
24557892
24662720
25028898
25437084
25597212
25556049
25478756
25758205
25486930
25346936
25586145
25394209
24881453
25736731
24875394
25014699
24955236
24995646
24200679
24917084
24898659
25000539
25584574
25068667
24638702
27585291
25138369
25338786
25175175
25914530
25448756
25993634
25661447
25278929
25052234
23462633
25478043
25823665
25822106
25515336
25306397
26167305
25556971
26057367
25423161
19628540
23923873
23650868
15893676
26424938
26222976
25622568
26037049
26862284
26417544
26139924
26516577
27713989
26233628
26059396
25824890
26948712
25351148
25176422
26688574
27160820
26377498
26897614
26716707
27118598
26952454
26383251
27035456
26614078
26727121
27271874
26399889
26552656
26626024
27520076
26061401
26133493
26976463
26616361
25510087
25228319
24851835
24019340
26000659
25399718
25093275
25327272
25974003
25052287
25271631
24686558
24114282
24791303
24525890
24178524
23798914
23768160
5198618
5254334
5323226
5283756
5336804
5338729
5353512
5391046
5434578
5417358
5422230
5397566
5430251
5512299
5466950
5453485
5823064
5495616
5587747
5455876
5527743
5549988
5532844
5583956
5553853
5536355
5500151
5548086
5544168
5359054
5608880
5602799
5555908
5603989
5597860
5564044
5598344
5630374
5626503
5632219
5590267
5561443
5613283
5661296
5649489
5633956
5658878
5594075
5659748
5617077
5578333
5641586
5719693
5695143
5588694
5779641
5674039
5711625
5605131
5642035
5837163
5635463
5651790
5672911
5630251
5618317
5665259
5779791
5589095
5644004
5545030
5634962
5596013
5606547
5758979
5607970
5570767
5508202
5689365
5679768
5675701
5650966
5678997
5729605
5725412
5902320
5701593
5692882
5667533
5719885
5654673
5660216
5764004
5648808
5688124
5701878
5678949
5645775
5663954
5769262
5692695
5735428
5682026
5689686
5681881
5692574
5727869
5649750
5713387
5676675
5613741
5691748
5652330
5744977
5651567
5600300
5618684
5676041
5785393
5655224
5906248
5655402
5680465
5830695
5565620
5673398
5662715
5688372
5620909
5734760
5623097
5713075
5619804
5840856
5664385
5678720
5734237
5659549
5738031
5679481
5620402
5639866
5629831
5629262
5707871
5668521
5705745
5652744
5475308
5597954
5685893
5579541
5642636
5609115
5615077
5641191
5635548
5567784
5643274
5585115
5669298
5560855
5645822
5591831
5696653
5653295
5723837
5655453
5770502
5667806
5649611
5742919
5675273
5734904
5715173
5691798
5688673
5751488
5687493
6170731
5753458
5778397
5625494
5661791
5829099
5879248
5641875
5672094
5721647
5415451
5668876
5602374
5680764
5661856
5602423
5628175
5678187
5825135
5723499
4436117
5391803
5376903
3671068
5635029
5661938
5672291
5713890
5626942
5822942
5678563
5733827
6022500
5710360
5709841
5755877
5694731
5790519
5643790
5672314
5636576
5690164
5617860
5648223
5636435
5599880
5663809
5690366
5614327
5613237
5806392
5650254
5643091
5633290
5593561
5628182
5598928
5591838
5714229
5488441
5294296
5272087
5212450
5475427
5534817
5535508
5512492
5494009
5548372
5495078
5450607
5149224
5359065
5463803
5304298
5301864
5271061
