19244541
19175571
18937876
19836152
19790648
19835928
19283982
19565957
19946787
20116383
19408765
19685106
19758363
20508531
19952626
20262757
22266568
20179876
20531161
20121285
20003852
20187593
19798345
20887625
20662188
21072189
20503762
21422872
20540592
20779972
21247698
20929278
21405712
21241300
20226597
20746958
20367984
21297561
20776660
20586417
20147735
21124139
21257458
20159771
20467279
20534241
20296857
20891762
20314075
20703220
20688245
20954655
20776736
21139499
20603484
21484695
20919097
20638502
20392361
20194548
21149644
20777577
20771455
20490066
20531865
20159641
19710801
20967210
20100822
20310547
20018287
20018187
19846798
20378554
21751171
20185123
20247994
19660594
20175730
20994056
20682314
20879524
20538332
20378316
20379619
21779560
21162397
21319983
21044494
20908782
20783703
21938259
21768925
20952334
21112019
21195157
21601635
21396107
20933456
20762756
21060981
21304375
20810994
21059561
20829361
20514295
20828867
20582876
19900343
20544339
19977806
20384161
20696990
20208096
19865290
20542857
20711390
20055298
21311316
20466707
21558765
20274607
19903228
21459276
20435333
19852135
20237166
20971050
21180694
19573545
19901655
19906382
20805625
20533195
19651079
20238856
19690899
19649450
20964023
19314948
19208867
19940031
19913788
19435053
19418736
19898093
19919106
20273660
18562154
19546471
19308136
19740945
19369113
19480524
19230913
19329126
19618566
19922735
20093453
20049971
20066038
20213939
20201130
19810642
20074093
19938201
19525343
20204650
19478428
19622382
19528977
19586020
18956106
19553636
19512434
19579764
20123181
19672046
19274653
22287951
19694213
19824475
19721123
20285819
20089130
20629616
20084886
19832822
19601360
18305082
19921204
20166138
20395176
19938768
19733053
20476147
19975128
20662115
19850049
15415770
18745894
18255428
12280670
20663647
20434640
19965666
20314703
20959107
20724706
20398253
20687623
22110489
20516345
20319743
20187102
21023955
19708660
19747629
20802086
21159896
20534906
20920671
20769286
21107729
20960457
20500098
21021922
20680382
20757293
21416485
20456840
20586451
20644619
21378794
20186638
20257434
20888583
20818692
19681228
19510380
19197775
18495836
20195138
19716018
19288185
19540176
19978772
19265225
19450696
18994703
18486493
18988456
18841430
18443895
18171845
18120181
4063146
4112408
4164580
4155277
4199307
4196670
4204615
4240505
4280562
4277357
4262787
4250663
4280221
4374307
4313899
4316131
4717393
4339658
4437977
4307153
4364634
4387005
4366528
4434482
4398653
4395371
4350368
4408716
4385741
4257857
4454644
4443296
4413438
4467924
4424166
4410011
4428461
4469738
4457013
4458592
4412038
4411231
4454124
4472861
4464981
4454684
4472130
4430047
4475159
4443560
4409869
4472278
4544024
4520391
4418166
4625193
4511398
4541079
4427175
4452785
4672835
4459603
4481682
4489753
4452837
4429768
4459494
4605041
4408834
4455424
4366116
4439381
4405208
4425030
4594051
4423150
4414014
4305097
4481139
4489618
4482280
4465291
4478201
4520050
4511452
4711865
4505411
4505906
4478075
4515560
4463140
4490389
4585680
4466300
4495587
4503765
4500687
4469309
4475752
4566271
4494725
4536061
4485124
4492182
4479649
4487602
4515700
4450660
4487731
4473598
4407557
4476131
4451284
4517930
4437204
4404980
4420390
4462298
4603984
4447695
4718931
4440652
4455805
4657389
4374587
4449028
4448793
4498140
4433593
4493991
4412347
4477402
4424026
4639195
4433983
4458639
4508718
4439030
4549025
4438717
4387939
4417248
4406062
4402033
4468016
4445737
4487231
4467582
4245646
4376353
4441480
4364114
4404955
4380080
4384035
4407405
4404710
4351231
4423532
4374566
4452429
4353589
4465773
4363637
4466583
4425269
4474088
4430374
4503178
4426478
4407986
4485432
4419531
4479093
4464458
4440798
4459760
4495519
4428527
4970536
4494728
4508603
4391734
4426727
4587234
4648990
4406847
4436718
4460813
4198261
4421256
4369315
4477773
4413794
4363393
4397799
4430577
4605662
4462004
3441044
4201549
4132492
2791520
4407004
4411196
4414375
4455992
4397474
4565938
4428103
4477880
4806177
4465121
4452320
4494452
4450714
4500542
4409949
4432988
4408057
4436414
4381571
4403476
4406230
4372087
4412705
4442338
4375439
4374838
4576469
4391457
4387934
4380919
4367424
4371530
4350470
4350915
4481402
4242633
4100524
4079851
4011747
4268556
4299703
4262272
4260231
4244187
4273307
4237365
4196437
3950510
4112964
4200041
4049732
4050358
4018690
