12504984
12437133
12337497
12914966
12912583
12921838
12607043
12789093
13071468
13148793
12721975
12903724
12950641
13648129
13080734
13335795
15550210
13280675
13733581
13234966
13186926
13310320
13071841
13914480
13642086
13924034
13556432
14192317
13549985
13740962
14117936
13907494
14211836
14264151
13379270
13769829
13494981
14159834
13819604
13658836
13355850
14043269
14139094
13379932
13592952
13675202
13468625
13914888
13489546
13762423
13748032
13951946
14030135
14179176
13737420
14709699
14133940
13977722
13553194
13442378
14599365
13876295
13921015
13679146
13714299
13424086
13140326
14363242
13417717
13588707
13343639
13381265
13281702
13605430
14803406
13433058
13725882
13096011
13453170
14072978
13832621
13970311
13723621
13642327
13624216
14947026
14189998
14283915
14100997
14013271
13916092
14710908
14805870
14056680
14171396
14239758
14488212
14363947
14093158
14115931
14133048
14329194
13984773
14195331
14004973
13795025
14056281
13839106
13362671
13797750
13376803
13712184
13880607
13584597
13334796
13772071
13933583
13483143
14743903
13758876
15093137
13657175
13382021
14949755
13702946
13360498
13613148
14248817
14274552
13224871
13391121
13423870
14063316
14294233
13263712
13698213
13395075
13305660
14483023
13004582
12935092
13415071
13423060
13124152
13109235
13471289
13572312
13969728
12510537
13173740
13004981
13289196
13092767
13138926
12948780
13034566
13246005
13443133
13568915
13526942
13653913
13625441
14036855
13379983
13580970
13492120
13238962
13663239
13186043
13295592
13204609
13271576
12825458
13255433
13208975
13275325
13730332
13377988
13064318
16103577
13338424
13435041
13377807
13755088
13908508
14414789
13639999
13511325
13301405
12287077
13484008
13647473
14453607
13556771
13364024
13895930
13543194
14350109
13442435
10169370
12554906
12479707
8316470
14060640
13891092
13532437
13779659
14198167
14244117
13855003
14032281
15702601
14017583
13798056
13794018
14278479
13338541
13367976
14078398
14341455
13919270
14181199
14077971
14294329
14205819
13872938
14258577
14006893
14042691
14838990
13838411
13913753
13970553
14473548
13601287
13677051
14113477
14307562
13196797
13095759
12886552
12476716
13884325
13490691
12939448
13105467
13392147
12901725
13031846
12659835
12334325
12663276
12613333
12268959
12027956
11987312
2623848
2651968
2689684
2692408
2721644
2722942
2727481
2752555
2787691
2782558
2772499
2767639
2785843
2891390
2809105
2823352
3275591
2838461
2945312
2813025
2856566
2869381
2858396
2937851
2885309
2893950
2855596
2909810
2875565
2801943
2943227
2934380
2916869
2982530
2903734
2903292
2912060
2953726
2940488
2933980
2898959
2909855
2944619
2938900
2939140
2939815
2941101
2922939
2945908
2927698
2907030
2954113
3039630
3007370
2917446
3139458
3018394
3044599
2918151
2934774
3186204
2948597
2976541
2971081
2946568
2919031
2936657
3119922
2912388
2948448
2880750
2931981
2911374
2925701
3102128
2913469
2956818
2835476
2957119
2982875
2969364
2959763
2964291
2992735
2987772
3208029
2993707
2994927
2974943
2997615
2963248
2995078
3097601
2970349
2993079
2999829
2996850
2978144
2990427
3072321
2990815
3026807
2988943
2997884
2982224
2984219
3014906
2965676
2979414
2974268
2920444
2977140
2958939
3003603
2943157
2924849
2943464
2965001
3156419
2960180
3265557
2954674
2962357
3212681
2906745
2956230
2959563
3027388
2966370
2991502
2933087
2981447
2960407
3185176
2952793
2979517
3028280
2967828
3108051
2947616
2913068
2938578
2934281
2928329
2974230
2972696
3017886
3038314
2814781
2911437
2950976
2902828
2935636
2914907
2912921
2933960
2933633
2901711
2954014
2917411
2989868
2901644
3066162
2913966
2989411
2956033
2989130
2962767
3004268
2957520
2941100
2996294
2942852
2992832
2981200
2967661
3001638
3014890
2956174
3545123
3002945
3016655
2940019
2965657
3133516
3204320
2956961
2983243
2983395
2771739
2956410
2922459
3130754
2961961
2920011
2949193
2969077
3155129
2985515
2224483
2770973
2778932
1839553
2967244
2965496
2955341
2989542
2955747
3103436
2976519
3008706
3379027
3016196
2991633
3034708
2998772
3010375
2945665
2979294
2966099
2981749
2946836
2958618
2963918
2941594
2961077
2991231
2939809
2938900
3150503
2945774
2944052
2945245
2940052
2921342
2913078
2924071
3056351
2815404
2724530
2715186
2677266
2913288
2910599
2834719
2831667
2827166
2836090
2813385
2768032
2610958
2718889
2785211
2666520
2654511
2632244
