8690158
8663450
8609241
8997983
9040332
9022427
8820260
8962567
9177266
9218605
8937944
9045592
9083134
9753572
9185208
9379785
11670381
9343233
9842361
9320541
9299929
9387913
9200645
9923397
9605702
9803939
9552175
10007339
9554918
9693061
9983536
9817397
10024502
10220918
9429377
9741202
9513924
10022125
9736205
9647841
9398345
9925916
9977942
9422844
9589144
9646675
9499554
9847329
9506908
9719723
9682425
9862066
10029119
10083170
9696433
10708887
10127813
10068669
9559106
9461825
10679537
9802799
9896648
9673971
9666801
9437933
9251467
10447933
9471456
9588081
9404612
9443710
9361549
9572258
10677750
9456085
9863437
9130078
9472717
9935274
9735811
9866437
9661444
9635787
9583728
10830859
10012229
10065682
9919781
9892986
9804440
10372600
10577645
9910221
9989464
10040924
10237314
10134644
9967294
10099960
9977075
10103739
9866683
10016901
9872729
9714490
9915814
9767228
9409918
9707875
9404922
9675050
9792188
9576303
9386748
9692548
9801715
9506444
10725714
9684357
11120862
9634111
9416424
10989487
9611178
9434435
9565203
10143634
10041833
9351894
9409494
9459357
9920338
10446897
9334741
9687606
9543045
9400783
10503886
9144591
9067337
9419725
9424758
9237566
9206003
9492953
9665012
10129045
8716625
9281364
9126075
9314631
9197636
9211595
9078570
9136741
9296770
9416117
9551733
9521502
9664021
9564499
10178972
9346609
9542995
9462510
9315912
9585416
9241728
9341053
9251397
9313791
9000136
9333516
9252654
9305312
9695723
9436047
9154459
12159120
9345719
9397718
9378719
9607525
9991156
10461351
9563547
9523987
9308767
8587377
9416004
9499249
10503657
9488844
9319357
9697056
9456978
10371847
9366901
7145202
8820348
8652002
5791191
9834500
9662900
9431997
9597234
9846581
10068836
9642761
9756934
11529766
9841202
9599891
9668842
9920444
9244331
9409038
9773657
9970371
9663788
9836794
9757313
9897539
9829415
9617689
9872983
9705387
9693684
10604011
9546215
9604910
9653255
10010736
9379545
9408697
9700377
10104717
9035768
9034592
8895130
8632421
9809002
9483322
8843092
8998242
9155029
8804251
8907036
8654531
8459804
8619814
8636977
8277075
8156819
8098492
1774161
1797482
1823761
1828180
1852714
1849981
1855139
1873112
1902125
1899081
1892572
1885423
1899144
2008852
1919057
1932355
2392224
1939689
2050167
1924467
1956652
1966854
1952664
2036453
1976253
1983635
1956347
1997049
1971534
1924526
2024343
2013613
2003452
2079576
1986925
1994807
1994830
2031386
2012138
2011737
1981216
1997263
2021997
2007925
2011446
2012212
2009252
2007002
2016430
2005800
1988695
2027455
2107289
2076227
1999274
2217706
2098077
2127672
1995835
2004778
2260103
2020317
2053846
2039548
2016328
1991857
2004261
2198114
1993028
2016309
1969200
2003778
1985308
1998709
2172560
1989436
2056478
1916726
2018730
2044553
2027145
2026568
2025680
2044989
2039843
2257768
2051463
2048548
2033106
2052946
2027624
2052465
2151425
2031932
2045857
2053354
2057267
2039780
2052323
2133072
2049288
2072810
2046110
2052840
2040135
2038233
2063319
2032259
2032210
2030891
1990872
2034625
2025053
2052788
2007858
1997817
2008593
2024302
2228372
2020079
2331569
2017098
2020342
2290753
1978227
2021294
2015952
2092015
2027701
2042536
1996416
2032568
2025026
2252695
2011903
2038114
2089131
2030432
2183169
2005067
1977294
2001105
1995842
1993152
2021879
2030442
2082272
2131679
1892238
1986097
2005038
1972122
1996334
1977274
1978501
1991831
1992965
1968768
2015356
1989956
2048731
1974964
2154719
1973817
2037040
2008929
2035063
2014118
2038597
2010418
1995400
2034140
1994203
2036862
2023582
2013783
2053547
2059479
2002962
2591606
2037266
2043132
1994887
2008678
2179803
2253708
2009455
2037506
2020671
1872582
2001494
1974576
2207369
2008970
1975482
1995949
2009723
2208763
2018713
1507238
1881950
1864787
1232160
2012912
2002854
1995762
2019219
1994499
2129363
2010216
2033603
2408769
2055393
2021419
2064174
2026385
2023708
2006410
2010854
2006424
2011256
1989440
1994751
2000041
1984008
1995165
2018421
1981354
1976583
2193477
1979140
1978025
1982217
1981335
1960999
1949170
1958403
2100996
1874670
1828811
1824370
1799650
2005778
1990092
1885063
1889857
1882104
1882971
1869481
1839217
1742059
1798411
1852935
1749125
1748820
1728718
