8098487
8036976
7926195
8372217
8366629
8397345
8135695
8265978
8474049
8555072
8227868
8379387
8401953
9115992
8522547
8696542
11390489
8664880
9258493
8645813
8575284
8710669
8470948
9263628
8950130
9125044
8867380
9350281
8890480
9089721
9268909
9072696
9331848
9506278
8743613
9001478
8807104
9324310
9029849
8997757
8716059
9178633
9243454
8707850
8850553
8895832
8757138
9061071
8780520
8966777
8992982
9078222
9417913
9321099
8902856
10205245
9515152
9313370
8778948
8707146
10170818
8974322
9126159
8885295
8848364
8662685
8444414
9866261
8602176
8728910
8586964
8570617
8454707
8762327
10078319
8668450
9115952
8479662
8634767
9041942
8885376
8963421
8804098
8708111
8718912
10126616
9110929
9208946
9052001
8977707
8900765
9493616
9881725
8960748
9038063
9090289
9304672
9191747
9102046
9134235
9018771
9148550
8867329
8983914
8874647
8688619
8842166
8798164
8402746
8708481
8425172
8609037
8785924
8527143
8336391
8707513
8758442
8441552
9875148
8641079
10323331
8545905
8351216
10206583
8604179
8360547
8506815
9199316
8979324
8134998
8344227
8322422
8777448
9591669
8199693
8479343
8473736
8431839
9310366
8045332
7973231
8343473
8320284
8049145
8064663
8387141
8510949
9224344
7739331
8176151
8013375
8230489
8050525
8067049
7972354
8031447
8142198
8294010
8415768
8343610
8563315
8489087
9471316
8292150
8447533
8302597
8170961
8423068
8085868
8117516
8089719
8125756
7806543
8160799
8125449
8134937
8537486
8264986
7958570
11521343
8177583
8259060
8190016
8471864
9002974
9656197
8379287
8481187
8137286
7627553
8308115
8396463
9708073
8291173
8181464
8537806
8318468
9682628
8296205
6666365
7921537
7185596
4934006
8616890
8418642
8314625
8444397
8787830
8921647
8494641
8647175
10714969
8693176
8439599
8544009
8823860
8186074
8178008
8688745
8876704
8577309
8755247
8691138
8846057
8766104
8551311
8809532
8638714
8688351
9570284
8514901
8581322
8644629
8971879
8394351
8392159
8718305
9369667
8186749
8165101
7978454
7785341
8843268
8551710
7877454
7973000
8235807
7893472
7988505
7838720
7471423
7700765
7839949
7615444
7419239
7434204
1971655
1990102
2015588
2027378
2055904
2054001
2049345
2074187
2105511
2106120
2091042
2095485
2108306
2250914
2134621
2141867
2797920
2157703
2320102
2143410
2167906
2192604
2165167
2274626
2210783
2206673
2182616
2231355
2200106
2151306
2257872
2235907
2234937
2321387
2219231
2218365
2219725
2275296
2247018
2257998
2212242
2226543
2248703
2242181
2242435
2237727
2242272
2233542
2240710
2235117
2218152
2248395
2387064
2313569
2215549
2547194
2373664
2375406
2216276
2226622
2597310
2236766
2280139
2254007
2226271
2209464
2217284
2513039
2189236
2222873
2169523
2206254
2181810
2205429
2477018
2203511
2305027
2150166
2225681
2249412
2240734
2231034
2226986
2247794
2244072
2545907
2255938
2259921
2238414
2256000
2222507
2264460
2422613
2225503
2242975
2253043
2256666
2237152
2261776
2338645
2242952
2269909
2222415
2232961
2226720
2217192
2236270
2216480
2206854
2205551
2163926
2205565
2201150
2222853
2171133
2175250
2181065
2189336
2481366
2190502
2628367
2189295
2179974
2580257
2147973
2187229
2177774
2300755
2191371
2184710
2155721
2187886
2175858
2528426
2157249
2180571
2263467
2216122
2347846
2152843
2122162
2153552
2146185
2126168
2165285
2182400
2239217
2363037
2062351
2131046
2146811
2117425
2132723
2118101
2113050
2128363
2130624
2112379
2155869
2122197
2214602
2126030
2434753
2122164
2186011
2145206
2175621
2149075
2172689
2132263
2120905
2164829
2120979
2171445
2152964
2144418
2203736
2198992
2132247
2978208
2173238
2184179
2116575
2149612
2384082
2520724
2135600
2198337
2151840
2023174
2142760
2109674
2467292
2130699
2097032
2131644
2139009
2500915
2165091
1701230
2052093
1880997
1270485
2135337
2110443
2132945
2154080
2140320
2281379
2143083
2175511
2706434
2197262
2148546
2210080
2167013
2168818
2131322
2151075
2147482
2149455
2128780
2140484
2142771
2118692
2136096
2160151
2118596
2126559
2377061
2124243
2124665
2126574
2126371
2105539
2092375
2108042
2337921
2041699
1980540
1954198
1945491
2162398
2158767
2014003
2015164
2026168
2025566
2018252
2002350
1841364
1926260
2020409
1928701
1908972
1901529
