664308
623113
632310
656172
675361
653050
647426
661720
682112
679366
664734
666235
674323
1171534
686856
716936
3083234
705316
1226334
698352
699904
730147
695852
1073929
727929
738861
719297
755596
720551
737255
830736
747564
764076
1298092
716199
775690
725350
807975
743516
804290
713142
758422
764097
729945
743869
736346
726024
754346
731002
746765
742006
763422
1162475
1042326
749307
1805039
1316738
1425384
734905
727190
2012036
768896
923115
777151
744332
717216
718149
1760283
742791
756651
723358
738718
727553
743078
1487180
728809
1380023
702208
734422
774126
757235
763494
741772
751250
750724
1728583
785611
781238
770510
770518
757974
815628
1306139
777295
779349
785666
804394
798870
1001308
1319749
788653
812865
769589
785677
779403
761796
782208
838015
738175
765996
729848
759200
762726
751596
732701
755192
763807
745869
1973149
765710
2339927
784295
739678
2369668
763286
810022
760685
1202103
802192
759817
740207
750724
792863
2025524
748436
780350
1132580
921701
1809848
728020
704953
739396
738253
727155
729153
882672
1207584
1737931
674835
817806
715808
723563
754766
722586
710910
719565
728116
740696
811410
749131
1008897
754931
1977398
763630
826844
744953
799670
755216
724968
739733
726183
738068
707538
803158
728427
736402
1012024
909920
719438
3618009
739080
746900
759643
753355
1605405
1971715
774313
1032030
741250
668515
740609
733748
2371686
748657
731611
764566
741995
2043237
805657
565229
807690
691175
474495
806364
758222
734725
755014
759236
1203382
758612
758471
2690458
1031236
751754
1052157
767069
710048
741202
751046
771467
744087
759297
762122
764512
757718
746215
769042
740507
783569
1882320
737910
735228
770694
759219
710974
711202
738070
1509717
689726
697465
676712
831351
1654025
1384059
664754
674151
676871
658178
678906
665323
632773
630654
774530
602346
593702
586919
124092
118592
122224
122412
126598
122809
124408
126497
129389
128093
128697
126824
129177
220703
131239
135293
581932
133823
232770
131742
134486
139671
134790
200988
136865
137159
134423
138366
135978
134219
154495
140606
140002
244540
137763
144689
138630
149269
140029
152962
137021
139071
141643
141404
141870
139791
139629
140025
141342
140220
138506
142732
222738
194730
140450
342284
245873
273335
139570
140187
384470
144118
175004
149563
141334
138025
141335
335430
141890
144116
137810
141950
139683
141363
277322
139521
258846
133930
142275
144888
142946
142497
141780
144529
145281
331097
146072
144661
143748
145375
143087
147493
243124
144920
145377
145928
147572
146503
187094
254313
147632
151809
145187
146303
146248
145135
147814
158716
144538
145459
140155
144648
143185
146256
142076
141262
142169
144272
373592
145101
444281
148294
144295
447853
142828
157020
145254
227427
147650
149733
142097
145505
146856
395512
145926
148675
227640
179932
337683
144443
138996
142767
141549
141681
144441
171798
236674
329468
131810
157961
142354
139152
148307
140305
140339
142208
141183
140033
155612
142166
193660
141314
382192
146552
160664
142926
158014
144083
144622
144065
142177
145948
141301
158038
144340
144342
193681
179944
141998
695944
146332
147066
146295
143243
317962
381487
147239
198962
145476
131797
142477
138544
457553
143441
140669
142669
143245
390919
158006
107066
155528
134811
90281
150192
143103
141047
144087
140283
231182
143757
144279
514857
195881
144241
204157
143166
141479
142919
141475
142289
141531
140309
141951
141334
140337
141080
144010
138390
146109
361512
139679
138439
144863
137600
135959
134464
136615
288435
130267
128769
126951
158878
312662
266142
129376
129392
127252
128543
130511
128736
118839
120478
151236
115891
115640
113820
