434328
396025
403453
416895
432584
414756
413398
417103
424127
431957
422303
420005
422617
904614
435440
458890
2753826
445930
941000
436829
440913
475831
437693
811392
460621
464048
456197
478106
447918
458897
555466
470844
480912
1019242
453055
496220
457476
523164
473550
528637
451637
484288
481732
472380
470632
467098
461452
477615
457794
474781
471822
489057
860324
771755
475233
1490753
1022151
1145881
476777
469709
1691897
498437
647309
509100
480412
465705
459061
1455082
479249
485189
464054
475735
470817
477796
1169443
470805
1129025
468934
477083
501997
491358
495423
482776
490581
484345
1416371
513508
509669
503700
501059
495365
527848
999066
510513
511159
515882
528930
523469
747931
1070870
523375
536988
507742
516020
517456
499410
515224
566874
488406
510929
485028
501632
501939
499748
484743
497993
505764
494450
1692122
511145
2032662
530171
490570
2072591
505420
567482
502729
931088
540031
514603
486104
502911
527007
1739856
504545
521986
884936
659002
1575567
487409
472762
494620
494316
488058
492458
640436
975163
1473631
460132
579221
474750
482314
511977
486859
477448
481995
486768
495947
565490
509020
754402
507602
1703966
524383
569444
503237
563053
511682
488450
496229
485058
496047
476329
562965
491563
496955
762593
679151
486414
3276417
507966
504017
519715
514140
1350304
1675793
525365
793836
505177
444062
496334
499853
2124894
508433
491261
517216
499966
1750337
568108
361012
577749
485985
330402
552723
516860
498472
511442
516048
956555
509072
515759
2383017
789929
512905
824503
521946
481356
497842
512463
523848
499947
516331
513181
514068
517790
506821
524041
503287
540319
1663378
500460
491160
534086
518803
480929
482735
499132
1238188
463079
474042
452173
612986
1441590
1136434
441432
448884
452561
439082
452522
446389
416547
413290
554306
395157
386909
384112
77986
72191
74782
74871
77739
74842
76340
76528
77480
78291
78674
76848
77850
163371
79866
83400
498833
81287
171587
79324
81423
87410
81594
145453
83299
82694
81631
84067
81174
80587
99504
85130
84569
185039
83589
89268
83858
92966
85568
96662
83259
85199
85757
87768
86024
85237
85153
85244
85289
85777
84822
88069
158038
137927
85698
271003
182568
211261
86915
86853
309045
89551
117677
93953
87413
85876
86711
265787
87841
88655
84864
87615
86799
87286
209903
86294
202678
85784
88278
90166
89064
88646
88493
90633
89906
260584
91446
90592
90153
90770
89748
91503
179107
91179
91417
91867
93115
92038
133654
197886
93514
96448
91910
92521
92966
91180
93257
103231
91503
93147
89285
91800
90616
93235
90100
89348
90395
91417
307553
92863
370804
95910
91700
375738
90907
105339
92002
169227
95260
97001
89631
93382
93685
324691
94492
95326
170876
123677
281358
92512
89345
91328
91035
90965
93736
119667
183480
267645
86102
107072
90473
88923
96456
90709
90381
91674
90705
89923
104141
92364
138832
91155
315745
96601
106323
92648
106649
93649
93529
92626
90946
94135
91245
106249
93595
93198
140223
128832
91958
603691
96184
95182
96046
93559
256202
310389
96118
146229
95083
83844
91656
90731
393216
93590
90708
92454
92567
320577
107062
65557
106565
90840
60363
98623
93516
91712
93764
91668
176117
92570
94196
437409
143824
94607
153296
93562
92070
91855
92514
92650
91223
91729
91698
91421
92012
92138
94309
90293
97122
307257
90871
89039
96632
90434
88134
87469
88575
227022
84147
84164
81562
112445
262412
210369
82723
82711
82031
82344
83351
82874
75422
75814
103872
73040
72434
71671
