432168
394349
402308
415212
430331
413391
413780
415546
426190
429466
420149
419000
419473
885592
434304
462465
2705755
448818
921893
436471
437041
472220
438195
806231
461477
461456
451958
480011
452122
459247
555233
473587
481994
1016721
456574
498583
457862
524401
470489
523578
446566
482447
482272
465051
468238
464609
461974
475506
457583
474224
466745
487177
843552
770352
478159
1464828
1010448
1147926
474619
464619
1657306
500177
646194
504663
480215
460206
461728
1428595
480541
487905
462759
479381
466545
481717
1143327
464184
1121453
475206
474997
498508
486384
499967
483524
491861
481724
1397515
514591
508328
502851
498467
493117
531657
984393
511421
510238
519545
525578
523284
748233
1074384
526082
536364
507154
523027
511713
505380
521722
566980
489816
510350
485995
505148
505345
496134
488114
492829
509398
497295
1676350
512951
2002819
533737
499566
2054534
504850
568463
508398
925088
546009
512540
496209
502536
533809
1719147
502018
528945
874386
652637
1582691
492835
479014
498506
493714
489101
490985
640563
980047
1460695
460328
580322
482885
486945
521765
487723
482411
485917
497652
500554
566533
508979
753104
511872
1679327
532615
574165
507030
566854
512174
493986
496267
490610
499067
480655
569660
493878
500521
765875
684976
488551
3229006
505815
508891
523344
515178
1332093
1646103
531384
783445
504078
448583
502335
504805
2096910
505879
496908
515283
501157
1717024
575122
358288
576240
488734
334470
553669
518119
502276
517645
519974
961387
518083
518273
2348455
791874
515284
831759
523978
486153
507390
516079
525902
508040
514333
513573
518570
516770
512615
524669
500227
538988
1665250
508944
494535
532845
516008
485504
485334
502543
1213716
467271
473226
458579
607923
1448004
1143704
445793
454929
450349
440473
453945
445742
421592
416590
546615
401050
388756
376447
75874
70481
73104
72989
75797
73216
74914
74729
75953
76315
76553
75065
75635
156867
77937
81997
480312
79746
164377
77399
79016
85055
79743
141588
81539
81046
79600
82675
79973
78668
97238
83516
83239
180830
82442
87462
82150
91137
83217
93561
80827
83130
84057
84600
83811
82810
83333
83029
83550
83646
82102
85590
151601
135084
84242
260765
176522
207402
84642
84171
296521
87906
114863
91525
85603
82983
85292
254810
86063
87431
82731
86094
84002
86006
200503
83310
196858
85177
86167
87650
86196
87209
86633
88328
87755
251931
89783
88425
88182
88437
87422
90175
172857
89226
89212
90220
90669
89896
131007
194396
92143
94084
89870
91346
90038
90271
92238
101115
89895
91072
87456
90201
89310
90683
88642
86683
88756
89993
298061
91077
357670
94538
91288
363468
88573
103253
90967
164618
94091
94608
89394
91316
92774
313861
91682
94125
165346
119679
276465
91519
88485
89819
88754
89395
91161
117035
180362
259154
84099
104735
89861
87602
95967
88877
89262
90153
90375
88660
102204
90404
135610
89712
304206
95943
104723
91187
104898
91419
92328
90727
90207
92394
90047
104971
91851
91812
137164
126996
90237
582188
93666
94006
94434
91659
247725
297925
94760
141475
92688
82962
90629
89302
379454
90973
89745
90352
90713
307325
105795
63734
103960
89402
59620
96660
91667
90534
92745
90538
173335
92116
92589
421843
141247
92876
151313
92053
91084
91451
90969
90965
90858
89279
89767
90275
89870
91120
92616
87876
94855
301115
90400
87718
94334
88099
86927
86104
87482
218086
83164
82100
80992
109093
258263
206504
81644
82121
79887
80869
81894
80968
74688
74627
100051
72751
71428
69004
