428488
383129
391698
408235
420475
404357
403090
413190
419508
420120
410066
413044
415373
885432
427199
451986
2688994
435175
911184
433923
435852
463456
425376
801702
449891
456627
443210
469421
443019
451775
550367
464586
470663
1003250
445582
487754
448991
512857
460978
517436
437919
471847
471986
458501
463113
451168
453555
470260
449288
467740
462195
477263
832227
762003
471262
1454833
1003386
1133663
467037
456137
1648807
489728
626015
494597
472524
450611
450143
1415741
472867
481584
453917
467178
458254
470893
1120061
456639
1117479
466953
474324
489586
482907
487655
477117
481156
475018
1380985
504157
500043
497282
490434
488605
520886
971301
498683
497801
506552
520112
512709
734350
1064912
514068
525271
495429
508500
503491
491868
508664
564698
475905
498870
474425
496209
497968
488970
480542
488539
499873
491420
1671321
509757
1997583
526223
487394
2033938
499583
558600
502414
914587
534392
509701
481207
495054
522815
1705683
494815
517649
868609
642881
1579848
479866
463441
486707
484372
482953
482288
636078
967086
1444619
456406
574154
469221
476790
510758
476765
468687
479242
484067
488848
559060
501367
741901
499348
1659617
518697
564338
496848
554120
502285
479990
493569
483428
489793
472447
560118
483161
492510
756196
673768
482232
3215334
501497
504607
514864
504799
1326166
1629929
524904
773560
501031
445881
490998
499183
2084739
498179
486154
504493
495367
1706327
560091
352141
568624
482101
328518
550925
513456
496062
502677
508072
951200
507251
511520
2333162
780502
507362
814388
514278
478322
492295
506442
519870
498740
509553
511145
512923
509113
502429
515157
497329
531601
1662001
497132
492286
524773
505453
470875
476705
491662
1209479
459930
466834
451240
606023
1442104
1131777
434637
444251
444896
434068
451028
437278
411115
409157
541038
394192
382220
371828
74972
68387
71090
71469
73860
71475
72620
73938
74534
74606
74420
73618
74534
156010
76581
79824
475802
77368
161888
76636
78475
83013
77200
140028
79354
79507
77606
80574
78254
77290
95940
81786
81052
177499
80140
85316
80146
88901
81293
92049
78862
81125
81779
82972
82731
80303
81587
81558
81327
82357
80802
83681
149019
132661
82685
257399
174599
203572
82869
82164
293501
85848
110992
89077
83963
81223
82979
251804
84524
85934
80931
83797
82241
83767
195689
81781
195466
83221
85513
85832
85130
84677
85134
86401
86003
248144
87815
86721
86599
86570
86214
88003
169435
86877
86943
87821
89273
87884
128027
191975
89957
91820
87566
88697
88223
87600
89853
100223
87071
88598
85204
88386
87617
88912
86856
85347
86711
88495
295806
90165
355348
92558
88745
358433
87246
100781
89380
161564
91927
93846
86499
89686
90510
309900
90051
92064
163385
117442
274772
88609
85490
87566
86705
87827
89242
115781
177257
255348
82969
103379
87092
85472
93753
86537
86408
88298
87932
86458
100378
88563
133062
87436
299081
93174
102516
88836
102145
89361
89745
89431
88201
90164
88397
102851
89468
89894
134931
124591
88902
576619
92530
92722
92608
89399
245246
294150
93276
139136
91539
81529
88410
87945
376012
89287
87406
87945
89364
304131
102662
62435
102188
87740
58457
95910
90609
88944
89908
88057
170947
89814
90761
418048
138722
91176
147593
89965
89233
88529
89256
89543
88860
88135
89057
88865
88370
89016
90340
87070
93131
299552
88010
86604
92459
86053
83990
84505
85372
216687
81297
80942
79448
108246
256069
203796
79320
79835
78484
79357
81065
79207
72588
73189
98539
71063
70072
67980
