426161
386052
396889
407169
419661
403817
404820
408662
418585
418883
410800
413735
409856
883297
425085
450075
2667859
435875
906626
425706
428614
468679
425806
795738
444997
451229
446561
469274
439326
444054
543897
458062
469951
1002141
440341
487348
446316
511349
461129
515518
437439
469650
469265
457480
460120
453779
447487
472495
447855
462021
458300
476900
829847
759217
468960
1446289
988554
1130816
465965
452454
1631562
486819
628423
495611
467024
452573
452337
1414451
471588
483817
453720
468498
460162
470398
1120670
460150
1117219
470032
467704
488818
475660
489928
474969
482140
474872
1376144
501224
497562
493971
488505
488297
515946
964513
502021
500262
507322
519312
513203
734796
1062015
516079
526705
493207
510505
502498
492434
511567
564150
478764
499985
475270
495382
491758
488258
479501
483113
496356
488093
1656947
505916
1989022
521072
488497
2032652
498772
557828
496266
906342
535976
510327
480249
498453
524451
1692769
489471
513888
868369
639877
1572143
484017
465838
484587
486025
478651
482147
631389
972856
1438768
457176
573926
473837
472876
510973
480256
469250
472920
485797
488607
562121
500614
741752
499411
1654874
519369
562206
498215
554499
503474
481162
493493
481963
487191
470314
555570
484109
492647
759000
674282
483080
3206173
501200
499212
513599
508420
1318895
1619261
521521
772931
500179
438668
491683
493647
2071601
501953
485335
505367
489924
1710655
560241
349544
570372
481757
330139
541859
509239
494550
497701
507190
949856
502262
502241
2329571
785890
505778
817434
511297
474859
490413
502142
511263
494627
506896
506992
507492
507352
501288
515229
497402
528948
1656386
501181
485405
528938
502366
471484
477520
486830
1197434
461785
470720
446488
602245
1430967
1126662
431864
444655
445580
428168
449536
433649
412995
411140
539033
392754
384217
369795
74270
68626
71481
71040
73606
71039
72733
72976
74058
74062
74417
73401
73262
155004
75774
79361
470385
77117
160678
75228
76892
83644
76914
138828
78309
78437
77677
80215
77216
75774
94523
80453
80384
176803
78970
84878
79656
88418
81094
91629
78475
80306
81200
82772
81951
80393
80003
81572
80764
81016
80155
82990
148082
131906
82046
255561
171738
202525
82320
81355
289784
85004
110858
89064
82663
80819
82720
250324
83975
85740
80501
83559
82160
83298
194917
81936
194837
83333
83966
85331
83647
84969
84442
86135
85961
246374
87097
85952
85674
85883
85819
86792
167850
86842
86849
87725
88535
87635
127740
190810
89846
91715
86901
88664
87720
87246
89865
99540
87140
88584
85025
87934
86184
88487
86137
84336
86032
87531
292383
89120
352550
91402
88482
356779
86842
100463
88012
160178
91858
93305
85908
89493
90314
306840
89038
90925
162451
116468
272343
88891
85487
86863
86662
86470
88763
114756
177474
253496
82730
102975
87531
84544
93181
86660
86219
86999
87647
85881
100499
88238
132537
87104
297322
92764
101592
88842
101698
89445
89326
89232
87968
89586
87534
101445
89466
89672
135151
124289
88468
573274
92276
91528
92052
89625
242972
290866
92384
138209
91167
80186
88102
86627
371868
89502
86996
88104
88085
303761
102738
61717
102059
87399
58293
94032
89654
88288
88643
87605
170003
88650
89330
415286
138925
90543
147535
88992
88135
87769
88096
87894
87626
87262
87996
87627
87641
88452
89811
86293
92498
297482
88346
85322
92779
85239
84099
84161
83982
213887
81258
81190
78426
107514
253302
202256
78506
79788
78367
78179
80314
78253
72520
73241
97887
70510
69842
67125
