40167833
40000262
39512818
41080199
40861059
41036219
39945065
40362808
40982230
41249834
40076002
40621861
40678937
41395550
40846128
41252040
42685033
41178039
41236193
41101229
40777561
41151983
40432813
41996216
41871227
42548370
41622669
43065665
41647524
42040818
42701634
42174082
42985158
42258610
41099966
41829430
41244179
42651346
41824695
41476205
40927910
42402835
42672764
40794706
41342096
41382724
40979519
41959926
41031961
41693179
41653502
42003652
41335783
42143491
41481731
41958757
41528552
41021653
41236965
40831602
41167809
41640726
41527341
41110544
41339399
40778871
40033502
41124139
40656344
40885608
40538361
40464796
40165754
41067973
42647707
40800751
40441935
40031793
40757737
42059895
41599619
41908567
41370860
40954410
41120227
42438372
42269333
42467615
42144313
41870026
41752723
43592121
42807093
41986816
42253754
42358051
42967102
42642472
41859059
41356735
42148160
42492613
41722647
42054743
41757540
41206123
41638993
41371878
40237529
41244538
40484035
41027433
41593668
40726962
40236548
41376792
41610519
40442200
41719410
41213212
41656195
40816052
40263181
41703509
41223990
40143496
40755422
41640209
42307924
39516538
40224326
40150884
41676405
40172383
39744355
40579126
39535744
39565539
41162512
39275345
39099183
40290245
40191857
39325277
39330157
40031333
39931051
40079653
38047277
39568713
39188362
40013738
39266917
39532377
39084771
39160989
39705732
40297425
40430628
40417392
40156565
40736406
39711328
40083886
40347376
40125605
39319302
40572918
39324234
39518033
39498439
39435983
38454401
39317154
39318174
39470021
40212598
39492355
39037242
41491971
39673597
39876747
39640722
40711221
39639917
40132267
40377271
39719103
39479622
37537583
40097054
40533072
39436624
40057844
39854085
40974676
40118316
40303459
40003381
32517022
38225368
37179417
26209636
41245653
40931850
40206011
40772231
41895435
40989558
40873509
41412600
42027892
40879868
40791342
40356432
41905986
39836262
39807294
41665011
42253069
41177582
41945799
41726615
42230568
42028990
41224000
42040547
41577002
41745642
42040230
41275872
41515258
41590611
42706837
40823341
40983073
42101855
41170055
40244067
39875094
39306682
37993803
40438071
39683451
39575272
39961186
40899901
39559631
39925709
39232924
38336128
39286015
38930348
38445348
38132423
38048659
7507746
7591529
7720942
7573526
7654734
7643565
7729453
7752561
7767195
7734396
7802351
7746587
7779612
7796978
7810806
7769010
7960985
7820816
7893348
7773215
7883110
7894183
7916301
7861530
7852453
7774241
7788369
7759521
7849806
7577994
7861883
7885265
7767159
7832646
7951335
7852233
7935553
7879130
7936488
7957859
7950584
7818103
7860456
8047672
7997142
7964670
8027962
7877010
8022158
7923545
7877507
7939379
8035913
7974828
7898903
8017722
7952680
8036119
7933468
8008757
8127488
7943655
7959654
8012034
7953065
7972108
8081732
8058262
7944168
7997830
7883082
8011335
7977878
7932482
7960963
7959173
7879599
7836946
8062272
7962314
7982643
7937728
8003587
8100023
8076145
8136817
7962967
7943424
7928256
8013718
7932561
7827789
7955048
7915432
7941188
7945278
7883001
7862006
7914034
8067039
7952420
7985193
7967673
7950855
7953279
8009505
8014591
7928499
8088388
7977526
7945948
8012185
7916717
8091052
8000741
7870634
7867239
8020789
7992286
7947711
8110913
7961837
8030056
8020257
7819362
8026165
7970499
7919187
7815749
8137708
7950997
8077400
7863271
8120348
8025139
7996486
8096292
8006540
7970678
8076304
8003961
7959850
7947648
7999964
8104192
7997976
8037366
7913329
7856835
7933352
8080839
7892223
8003949
7952632
7985886
8012051
7976807
7847251
7933866
7859652
7967028
7831156
7863443
7883396
8000348
7966401
8106229
7942058
8162540
8013980
7994627
8115143
8088965
8108811
8088188
8043057
7986925
8108665
8065405
8303784
8112550
8129313
7938029
7922073
8133539
8130256
7917867
7981036
8073251
7809406
7968573
7849321
7817918
7950429
7886649
7852567
7966649
8065982
8035722
6731342
7747959
7643386
5667032
7838111
7890332
7948141
7963818
7788594
8062787
7911545
7954495
8139267
7935665
7964560
8030009
7865659
8118586
7964373
7849256
7771565
7901300
7762095
7820224
7767059
7734146
7859980
7846839
7785601
7762878
7931259
7836892
7817457
7802709
7678627
7841992
7793969
7718784
7859920
7711990
7474156
7457101
7407300
7583629
7724612
7793373
7745090
7674983
7815434
7728574
7738431
7337000
7586362
7746481
7556628
7597367
7555256
