38981412
38817924
38326944
39886323
39660830
39871608
38741411
39139971
39751693
40036487
38863517
39391352
39448493
40179778
39624022
40051340
41492119
39958966
40015405
39830857
39536679
39918717
39174768
40762959
40616847
41328371
40372280
41830359
40439037
40839640
41442509
40918508
41721319
41041890
39827482
40562688
39990913
41409283
40586788
40230118
39700342
41134155
41412597
39548079
40078716
40135594
39715084
40708604
39784592
40436214
40436602
40729620
40089048
40882509
40200253
40735462
40300952
39758174
39963147
39584046
39937563
40396153
40257161
39867307
40038161
39503313
38744583
39915558
39341828
39577437
39278404
39159601
38874401
39817900
41410599
39512870
39178805
38773793
39469218
40771992
40304549
40612255
40107865
39671385
39822118
41201378
40987434
41185744
40852815
40587018
40461548
42334627
41540654
40688076
40945174
41072561
41679841
41365473
40597416
40054568
40847889
41187671
40436821
40746833
40472142
39878107
40336201
40116631
38963564
39953669
39207530
39690109
40304195
39417208
38905052
40078961
40327045
39147221
40458694
39910998
40372781
39492378
38956883
40436514
39946904
38858116
39450879
40349700
41012941
38170560
38936839
38839657
40348368
38894506
38446125
39240211
38237162
38291045
39869814
37960303
37809418
39003535
38888384
38001475
38029006
38710385
38614700
38782753
36716702
38290517
37887344
38714435
37933580
38217600
37759261
37896890
38375393
39002069
39134407
39095518
38820079
39455992
38449259
38784519
39057378
38808814
38042716
39269314
38031766
38212680
38181600
38155277
37145605
38055705
38030950
38183853
38875832
38208330
37736694
40285195
38370417
38610970
38322936
39417609
38400449
38895823
39070670
38436941
38184740
36287165
38817613
39273181
38217629
38767651
38591909
39692860
38845843
39092693
38746756
31378045
36981276
35915394
25207155
39978095
39680168
38942242
39489224
40648165
39740321
39621878
40149165
40812350
39616904
39523417
39092061
40683512
38612098
38484599
40412721
40981080
39920787
40698538
40455193
40975687
40783712
39992243
40799772
40334566
40532920
40809350
40046414
40280486
40393817
41494310
39633905
39767766
40881887
39954874
39012076
38655134
38159896
36829475
39263378
38488393
38390622
38748409
39701212
38330897
38714380
37983034
37161771
38106197
37732819
37244088
36936479
36876752
7517304
7604725
7732036
7589803
7674207
7660266
7736376
7765037
7782380
7749397
7814443
7762209
7796636
7817622
7828665
7789252
7998170
7841671
7914664
7786272
7901951
7913645
7923927
7881594
7872325
7798985
7812883
7786989
7871291
7598603
7885308
7909286
7796450
7864365
7966658
7872349
7953586
7912286
7961956
7980413
7974794
7843257
7889945
8068912
8016644
7991470
8052111
7908417
8042728
7952064
7904201
7960373
8060278
8002041
7916590
8048707
7979461
8056081
7954654
8028152
8155517
7971888
7978794
8032541
7970480
7990818
8096897
8089078
7954590
8012220
7899956
8026267
7992667
7950174
7998094
7975328
7900943
7850203
8078935
7991192
8010464
7961228
8023651
8120879
8094917
8170131
7990709
7970674
7954792
8039650
7952784
7858768
7979952
7940429
7965771
7975415
7910816
7889473
7939877
8088472
7973761
8007146
7987429
7971189
7980500
8030752
8036167
7950261
8108683
7994969
7962580
8031781
7936607
8110621
8013836
7891053
7893500
8036288
8018021
7968865
8139475
7981900
8044693
8047379
7842169
8044674
7987779
7944288
7840190
8148647
7965623
8094208
7880366
8144211
8037466
8011029
8109923
8020748
7991220
8085193
8015742
7974379
7960023
8007976
8116840
8007990
8051351
7929351
7859251
7946234
8090703
7903936
8006632
7961016
7989247
8019511
7982123
7860091
7944819
7875248
7979943
7849239
7879163
7896986
8012370
7977521
8114654
7957492
8172602
8023298
8001206
8130261
8094944
8124971
8092327
8050986
7994254
8123970
8077558
8343677
8125902
8147408
7945418
7939315
8151667
8153086
7927114
7990382
8083291
7807496
7983741
7869327
7832606
7964880
7897401
7875730
7983942
8092460
8053773
6712349
7753903
7637678
5617974
7856653
7907684
7965497
7982942
7813352
8085074
7930463
7974171
8169263
7956304
7977763
8046776
7892115
8138283
7975138
7870997
7792879
7915362
7787995
7835892
7788965
7753608
7882394
7863040
7806332
7786009
7956715
7859721
7839891
7827207
7704935
7859769
7816984
7741861
7884933
7726987
7485656
7468622
7409782
7602095
7739603
7805019
7761030
7687376
7824103
7744524
7740789
7338994
7596497
7754597
7560530
7598296
7562006
