38077712
37928558
37408851
38949043
38744968
38962949
37843505
38217447
38854095
39126058
37944433
38457705
38512257
39269634
38735300
39131735
40610991
39030649
39073768
38927144
38611413
38985390
38241873
39842717
39714295
40405903
39439861
40877426
39513445
39922870
40483087
39988418
40800299
40095905
38893711
39605920
39055966
40465888
39645820
39318696
38751659
40182200
40453564
38616659
39139550
39170100
38753220
39724648
38845778
39486600
39495821
39771970
39165226
39946922
39251761
39831493
39380878
38825794
38998978
38644116
39008051
39403621
39315561
38896921
39086998
38564172
37792231
38965491
38387544
38611926
38306093
38219110
37898995
38864091
40464019
38566728
38210815
37823989
38520150
39806686
39353557
39648390
39157438
38706778
38871666
40264502
40038096
40244359
39882766
39622905
39500007
41373268
40599773
39738972
39982016
40106378
40707152
40390342
39657802
39116351
39879979
40260642
39461309
39778238
39487830
38915220
39360545
39137697
37968437
38982552
38225919
38718247
39330940
38442243
37935709
39101771
39336768
38167322
39511521
38928517
39437226
38523453
37986909
39514845
38989429
37881252
38488321
39396162
40041743
37158716
37963079
37855366
39373587
37951373
37454956
38255399
37265469
37312238
38898429
36982027
36827281
38020831
37884190
37019479
37038235
37769714
37638702
37846565
35759963
37315386
36911645
37726442
36966915
37211894
36818009
36920667
37391590
38037873
38163670
38121242
37852113
38492076
37540463
37816817
38096206
37853746
37077890
38280739
37065708
37243673
37225084
37173552
36167189
37070977
37073202
37208681
37909731
37233976
36748822
39384737
37432687
37648207
37356490
38449885
37454578
37973514
38116033
37489866
37233022
35366883
37871055
38316480
37325636
37796371
37645051
38720021
37902939
38164079
37813429
30525111
36067505
35006486
24487704
39000193
38728629
38015050
38541596
39716453
38796381
38680568
39178121
39903651
38659956
38560849
38181458
39748233
37656308
37508335
39456646
40056205
38987678
39751715
39535110
40036350
39867704
39067619
39889800
39416497
39581660
39902679
39114552
39355080
39467496
40563293
38715349
38830258
39972127
39088877
38140183
37754547
37249556
35987625
38386052
37579700
37488708
37818388
38792388
37432819
37810613
37095733
36282922
37223350
36860523
36359255
36038600
36010365
7516967
7607618
7732703
7590661
7680083
7669452
7742787
7763118
7788138
7753452
7817059
7762720
7797511
7826317
7838765
7794581
8021111
7847107
7920427
7794691
7906046
7918335
7929108
7891397
7885258
7810046
7819186
7793708
7877968
7606761
7897233
7921029
7807406
7873217
7975298
7880253
7960988
7922675
7970697
7993714
7976578
7856747
7900472
8076288
8025945
7997050
8058448
7914669
8046073
7961004
7909741
7969698
8072638
8015106
7926723
8067425
7992419
8064336
7961336
8035308
8170010
7976577
7983085
8037862
7978388
7999107
8099849
8099881
7960766
8016570
7899427
8031378
7994881
7955765
8011515
7984228
7904645
7854362
8086923
8001837
8019748
7968682
8029591
8127244
8100117
8185395
8003117
7983751
7962657
8051248
7961714
7876881
7997711
7951226
7977893
7989225
7925064
7901539
7945630
8098233
7983565
8027930
7992124
7982703
7987293
8034136
8044742
7955380
8107228
8000977
7963911
8037248
7945987
8110803
8018148
7896558
7902515
8038560
8029220
7971241
8158187
7993356
8049049
8064457
7850964
8050945
7990075
7955056
7852736
8148927
7968627
8097297
7884531
8158045
8038132
8012619
8110590
8021343
7995918
8081782
8013014
7974045
7961462
8006278
8114799
8012215
8056935
7934308
7854003
7944836
8086654
7903219
8006864
7963196
7984630
8012729
7982621
7867331
7952171
7875715
7985789
7852964
7889034
7894526
8015726
7984993
8112628
7960095
8171769
8024130
7998813
8128829
8091455
8119607
8094364
8052723
7999999
8118206
8075379
8365039
8131180
8148916
7943348
7943430
8156167
8158443
7930896
7991967
8084377
7802189
7988061
7870667
7838546
7963326
7896872
7877451
7985155
8102554
8054380
6688787
7749432
7627799
5581642
7864770
7911925
7972653
7989038
7823479
8092496
7938898
7982128
8189669
7961652
7977845
8052075
7896890
8136439
7977621
7877464
7804148
7923197
7795331
7849250
7798440
7763383
7887142
7876758
7812498
7792595
7969426
7865607
7847795
7829064
7713901
7864944
7819334
7752121
7897108
7735383
7485296
7462405
7408816
7603945
7741106
7802893
7758450
7696056
7823588
7746769
7741480
7332620
7595164
7754125
7554144
7590826
7558812
