32363881
32193756
31775238
33151816
32980150
33134378
32184094
32535641
33105005
33343332
32298785
32733585
32819673
33569484
33007617
33414225
35046228
33322279
33483464
33243751
32972680
33294111
32646405
34119527
33947365
34565287
33714265
35057301
33783648
34133903
34711176
34238723
34964675
34404742
33265107
33934976
33426410
34726841
33991314
33661391
33167854
34485095
34722536
33050438
33507411
33566471
33199697
34089798
33257753
33849612
33863391
34130595
33630321
34310444
33659493
34339095
33827664
33335787
33401896
33075981
33632037
33808906
33745028
33363714
33514503
33043002
32337574
33565289
32915782
33136835
32805737
32741337
32491270
33295294
34889842
33044600
32826831
32381970
33027825
34197272
33754178
34036678
33583559
33219216
33330041
34730542
34398843
34607606
34271259
34031323
33915619
35586368
34986783
34116603
34352045
34461918
35038207
34726145
34028436
33602957
34259735
34573529
33904112
34218604
33911434
33421744
33835973
33572493
32539754
33459237
32748271
33237503
33776156
33001813
32523910
33562404
33782254
32732665
34063521
33410727
34085894
33055539
32548080
34077161
33401647
32442297
33028254
33890751
34425628
31894897
32551129
32485331
33831890
32709759
32113616
32871458
31976911
31991070
33518129
31665567
31535095
32603353
32510192
31743335
31754296
32388659
32323617
32563938
30616589
31983288
31605594
32324939
31668865
31881698
31520252
31623298
32051269
32569130
32729227
32692130
32519229
32988278
32314660
32413048
32685498
32470162
31798700
32878986
31775419
31957806
31900392
31892537
30976646
31810675
31816734
31896675
32582375
31959178
31485512
34249582
32081073
32298881
32062123
33007932
32235407
32742312
32711668
32169708
31940546
30242412
32469459
32883039
32248332
32453634
32259472
33261415
32523847
32910700
32399539
25841810
30820361
29896918
20588617
33498280
33259189
32585685
33061591
34081919
33378753
33199357
33650242
34543925
33209756
33065019
32739860
34116170
32255676
32172701
33842510
34417156
33456099
34105988
33917458
34355343
34177229
33458436
34235263
33770862
33896101
34319677
33510709
33711575
33806334
34804738
33120073
33221171
34220000
33539692
32575761
32244728
31737130
30633541
32843510
32176760
31952533
32269494
33102022
31936586
32241746
31606379
30814164
31664170
31368584
30906651
30581140
30559781
6561390
6634626
6734884
6649185
6718156
6710293
6755462
6786776
6822023
6801270
6829552
6792105
6827435
6875842
6866096
6835310
7117356
6880538
6966563
6837529
6928120
6947711
6941119
6948885
6930832
6884720
6869352
6886729
6925102
6691940
6967761
6972967
6893801
6946453
7001364
6930320
6991303
6988420
7013680
7019535
6997860
6919597
6972313
7083156
7044672
7021655
7067188
6961733
7060503
6996454
6951096
7013611
7096635
7062072
6963949
7120392
7034399
7088442
6990207
7046141
7199199
7008389
7019015
7056359
7008651
7013605
7083813
7132026
6973923
7033852
6918723
7031984
6994594
6977388
7084171
6994136
6934061
6866074
7089588
7039840
7045880
7010715
7051582
7130018
7112644
7236490
7047141
7035237
7011644
7081008
7001268
6968235
7069507
7000060
7030581
7037236
6997732
6970600
6996639
7123896
7030625
7073353
7033719
7028893
7025476
7055777
7079812
6990235
7096915
7027950
6975031
7053056
6986763
7119737
7022365
6936117
6945184
7045251
7088908
7002424
7203410
7004840
7044700
7121740
6888742
7038998
7010594
7004339
6920919
7122152
6978208
7087637
6934218
7169640
7028797
7023117
7099270
7013721
7037589
7056415
6992978
6985414
6969671
6992592
7092915
7013431
7056352
6963358
6831508
6947855
7061093
6914520
6992184
6956231
6970632
7001899
6977450
6885581
6966534
6900600
6996216
6877668
6925084
6912222
7026830
6987057
7087249
6979363
7139508
7013501
6992838
7104556
7047415
7096116
7073754
7032613
7009457
7102753
7046428
7416464
7109637
7129673
6945954
6964921
7151599
7173771
6951355
6992009
7067850
6777383
6991268
6898952
6890645
6968629
6908728
6915564
6994110
7122255
7052917
5713739
6740325
6619926
4700025
6905634
6944779
6981886
7009518
6882260
7117438
6967827
7020094
7252200
6990785
7001009
7058750
6951121
7125290
6975450
6929579
6882229
6965097
6861658
6909979
6874079
6839579
6930659
6938799
6871091
6854068
7039074
6916555
6901342
6888943
6808855
6899189
6862784
6822703
6949303
6763006
6541053
6510498
6441166
6674636
6777803
6812110
6784745
6746803
6835064
6771168
6746697
6371361
6617476
6756666
6567004
6590127
6559436
