31598284
31434534
30989988
32380221
32210366
32382548
31413152
31757080
32291136
32573332
31522884
31955819
32030248
32784203
32219975
32626331
34299073
32511251
32682035
32411024
32173573
32504797
31839291
33308366
33127985
33769709
32908414
34241880
32989369
33331539
33882935
33427930
34171424
33570723
32437674
33114080
32607752
33889284
33145560
32862688
32317517
33620150
33868630
32220119
32666936
32740088
32373983
33234569
32445298
32999468
33048228
33314988
32778421
33457457
32830360
33525483
33002932
32509204
32544591
32243681
32830596
32957588
32906225
32523311
32659435
32173073
31510055
32739978
32040887
32271889
31976380
31871927
31612387
32452469
34058514
32192093
31978071
31532591
32173635
33316688
32896436
33182520
32742220
32352616
32472544
33906446
33557640
33749663
33421615
33175070
33051237
34726639
34155591
33246174
33481472
33589466
34153415
33862568
33171256
32766400
33395375
33720126
33007516
33320598
33033750
32526867
32935950
32691002
31674408
32595168
31872144
32338050
32906560
32091844
31629714
32680166
32884281
31843160
33207323
32524177
33220048
32155834
31678552
33249735
32521821
31573074
32156498
33023395
33515274
30978421
31653772
31595909
32934620
31851386
31227169
31959741
31092729
31144118
32644159
30794469
30637626
31729245
31611452
30836805
30851208
31508175
31431412
31702171
29714597
31097725
30755407
31460581
30797377
30980623
30633348
30760221
31151901
31703249
31862675
31813286
31630517
32123823
31477672
31539291
31812382
31562787
30910807
31970591
30900858
31041734
31004054
31009755
30094487
30918648
30905274
31033310
31667947
31071850
30592879
33450647
31185786
31421459
31180560
32126896
31378011
31927271
31823477
31329254
31043478
29391533
31622229
32028060
31434681
31562882
31381619
32390107
31643504
32095825
31558238
25103450
29988061
29077172
19938137
32626805
32370118
31716760
32205558
33225094
32514066
32333558
32801928
33747565
32346588
32227621
31897239
33297035
31405526
31273795
33015649
33556750
32602057
33278509
33077274
33527825
33360879
32634259
33404412
32944427
33060506
33515778
32669701
32884186
32989035
33981109
32315814
32400382
33405406
32785972
31767956
31448276
30974414
29864356
32065926
31371793
31197306
31455035
32326549
31128060
31425882
30819731
30068906
30879093
30577316
30134375
29812728
29809398
6584852
6657479
6757684
6674327
6749699
6741031
6780274
6813112
6846793
6830104
6855135
6820249
6859389
6905744
6891844
6864657
7169378
6911138
6996973
6863918
6957890
6979646
6967406
6974698
6961999
6917903
6901196
6919675
6957922
6719380
7001333
7007472
6931975
6973833
7027560
6961678
7022739
7022997
7042569
7055847
7023544
6949456
7000732
7112182
7078256
7053976
7100143
6993227
7090619
7025827
6980585
7050023
7127917
7093368
6997125
7161766
7067865
7119699
7016330
7071371
7235173
7039540
7050095
7083581
7033860
7037468
7115637
7168750
6998136
7058724
6945179
7054627
7019921
7004101
7129622
7023129
6966281
6888324
7115158
7071673
7078994
7043854
7079337
7157976
7139560
7275105
7084638
7067380
7043673
7114672
7028678
6999678
7111010
7030426
7060909
7069401
7029624
7002817
7025592
7155738
7062609
7108361
7056720
7058478
7055485
7084791
7105453
7015929
7123815
7053179
6999281
7077620
7017257
7143964
7047237
6961733
6970332
7067630
7119918
7026859
7239483
7035113
7070050
7160610
6914714
7069514
7034567
7032668
6944894
7142337
6996887
7112201
6962494
7204819
7050957
7046830
7119555
7038266
7065851
7078384
7007649
7006135
6990163
7011731
7108986
7037684
7081658
6991009
6845014
6964831
7084215
6938419
7013814
6976040
6987027
7018381
7000273
6910315
6993457
6925682
7021051
6901830
6955347
6931650
7051168
7009490
7103920
6999326
7160149
7030229
7007629
7124327
7066338
7115278
7083183
7059335
7029534
7122541
7064616
7468038
7128084
7155873
6964896
6991579
7180252
7208038
6972126
7017725
7084049
6789473
7015867
6923155
6918936
6994103
6924016
6942426
7010892
7158487
7077661
5714584
6759004
6633202
4683408
6927629
6964842
7002739
7038417
6910700
7141711
6993248
7047774
7297784
7014999
7026910
7084846
6982036
7148759
6996515
6960206
6906911
6985735
6890316
6934725
6901477
6866889
6957594
6965798
6896057
6883121
7072948
6939529
6929543
6913381
6839003
6927970
6890748
6854692
6988603
6788373
6563255
6531647
6460502
6699695
6801064
6839347
6805772
6774062
6854526
6796444
6769298
6393318
6637269
6776293
6584867
6606596
6581363
