45247
10174
12802
12149
24797
11040
10969
11557
10586
11357
15174
10475
11873
474235
15809
31849
2277865
19375
495516
13265
12101
42636
11288
362030
14792
13112
12105
12529
11125
12601
92784
12628
14929
553083
15709
41383
11422
54405
12952
77312
12180
12679
12555
25054
18969
10999
11436
11346
11313
13776
12725
13732
391194
298370
15876
1007697
558394
688049
20968
14708
1208176
24983
173635
43312
12782
11558
18142
965368
19935
17053
10687
13216
10927
19622
660044
17216
684312
32274
18120
13288
13722
11884
12003
12778
15843
907699
21258
12505
12709
13532
12419
16581
492579
18136
13703
14600
19904
13918
262978
587113
20843
28462
12730
12600
18565
12176
15989
88195
12394
23797
12979
12987
11667
13001
11125
11208
12746
17003
1191690
23285
1508252
40744
16955
1571729
21863
90591
14018
426831
27940
30449
12430
12192
18778
1243086
20071
19989
404436
181565
1070791
19385
11345
11647
9873
10689
13036
156334
496641
992394
20387
109275
11160
11409
42382
12471
10194
11049
11337
12710
80699
12835
262291
20415
1220546
51784
88669
12413
81719
13999
10711
11133
10772
10309
10182
81427
10700
12059
268858
197992
11787
2722881
22164
21118
28492
18167
858258
1168058
31054
304662
17910
28725
12110
15076
1614972
11430
12643
13165
12207
1271479
92549
23475
150153
15523
12182
40300
11590
13865
11446
13042
453363
15566
11855
1843530
294795
16515
336974
12547
10871
11258
12447
14500
11180
11496
11200
11441
13912
17780
21217
12743
54871
1164595
22230
11044
51660
11088
10893
11970
14893
759934
17920
25839
12234
198754
992176
702627
13390
12071
9817
12117
29032
31833
10174
10438
148597
14680
12446
9605
8058
1887
2414
2169
4410
1994
1979
2124
1942
2070
2848
1940
2195
85461
2904
5777
412117
3521
90248
2378
2191
7696
2059
64239
2674
2258
2157
2182
2009
2196
17000
2281
2607
101593
2844
7452
2085
9582
2329
14418
2228
2242
2217
4674
3405
2001
2066
2021
2099
2495
2323
2506
71781
52684
2855
183421
98446
126522
3826
2701
219312
4464
31717
7973
2296
2140
3409
175742
3607
3096
1944
2410
2013
3571
119120
3174
122083
5946
3266
2340
2527
2142
2209
2338
2954
167720
3764
2206
2264
2433
2263
2848
88747
3227
2456
2575
3470
2460
46219
108781
3736
5141
2296
2255
3311
2219
2875
15986
2330
4303
2357
2365
2089
2427
2041
1998
2310
3117
216345
4247
274989
7255
3198
283211
3898
16587
2574
78698
4953
5733
2308
2223
3314
231598
3784
3581
79669
33968
189570
3673
2145
2136
1806
2009
2489
29946
93867
179234
3790
19866
2098
2105
7843
2332
1934
2087
2108
2323
14977
2329
48227
3692
226385
9660
16540
2294
15374
2596
2034
2078
2037
1963
1953
15162
2086
2231
49436
37739
2262
500972
4183
3980
5207
3289
163080
215287
5622
55278
3359
5435
2223
2722
300004
2099
2337
2357
2272
231551
17851
4176
27713
2918
2234
7353
2091
2506
2095
2314
83553
2821
2156
339434
53765
3073
62565
2260
2055
2107
2222
2559
2059
2044
2019
2051
2466
3244
3848
2243
10021
216839
4058
2002
9361
1956
1993
2197
2646
139728
3295
4635
2205
36713
181647
130027
2512
2244
1779
2251
5360
5871
1843
1871
27411
2721
2291
1778
