45990
10551
13260
12200
24195
10806
10956
11501
10850
11702
14908
11253
11890
472122
16616
31877
2286467
18298
498904
14518
11835
42004
11278
365175
15352
13304
12543
12300
11682
12791
89358
12519
14500
556223
15030
40293
12446
54716
13264
80549
11329
12450
13601
24657
18929
10896
11088
11634
10981
14374
13629
14134
392355
299541
16055
1016879
566004
688981
21932
14437
1217521
25740
174862
42829
12675
10836
17869
974495
20724
17283
11107
13523
12112
18508
662404
17846
682926
32738
18402
13667
13844
13254
12949
12543
15343
915438
20561
13310
12978
13214
12483
15747
497560
18227
14518
15303
21684
14720
261657
586749
20365
30362
13015
12393
18911
12727
15062
89400
12307
23763
13255
12930
12296
13081
11435
10795
12953
17090
1188413
23320
1526987
40060
18399
1568868
22308
89453
13938
431038
29500
32443
12544
12421
19825
1250261
21304
21010
409637
184919
1076727
20071
10738
11984
10576
10853
12540
157570
500678
1004639
19584
110523
11044
11445
41057
12515
10527
12034
11314
13429
79294
13767
265531
21701
1231574
54163
88319
12777
81237
14344
10889
10852
11342
10898
11379
80314
11998
11491
268600
199900
12080
2744930
22494
21148
29701
17709
861421
1175347
32465
307671
18223
27451
12496
15508
1625686
11892
13554
12989
12639
1283548
92636
23977
150213
15872
12232
40394
11924
13674
11894
13034
452183
15712
12602
1848563
294982
17522
334825
13230
11340
11762
12014
15194
11278
12378
11900
11963
14596
17810
21400
12417
55215
1164827
22527
11755
51675
11728
11429
12420
15185
768287
18569
25334
12817
201066
996735
704792
13302
12685
10724
12244
28852
31992
10698
9852
150043
14038
12070
9849
8294
1943
2470
2197
4323
1956
2021
2118
2020
2132
2781
2055
2204
85389
3070
5783
415479
3373
91336
2661
2209
7709
2085
65009
2761
2377
2262
2182
2122
2258
16547
2261
2568
102458
2763
7325
2284
9767
2366
14982
2118
2201
2388
4580
3417
2009
2055
2086
2049
2624
2461
2537
72221
53212
2920
185823
100280
127215
4006
2715
221545
4626
32022
7943
2333
2018
3358
178398
3808
3225
2014
2525
2185
3372
120302
3296
122396
6084
3413
2496
2532
2378
2406
2320
2874
170079
3693
2380
2324
2406
2257
2750
89876
3224
2604
2674
3827
2593
46295
109320
3699
5464
2377
2210
3391
2346
2700
16191
2299
4244
2430
2364
2230
2503
2127
1956
2260
3201
216769
4226
278912
7251
3454
284920
4014
16490
2585
79927
5179
6110
2306
2284
3538
234169
4030
3832
81223
34695
191771
3804
2030
2202
1960
2040
2398
30183
95064
182396
3690
20131
2119
2097
7705
2373
2032
2266
2089
2427
14799
2503
48938
3954
229787
10126
16588
2349
15320
2625
2078
2051
2126
2067
2170
15059
2291
2154
49587
38252
2255
507232
4253
4015
5455
3240
164155
217584
5918
56277
3470
5237
2295
2832
303458
2183
2509
2308
2354
234495
17940
4332
27761
3018
2254
7379
2184
2528
2165
2325
84004
2903
2310
342111
53928
3249
62648
2380
2172
2156
2194
2666
2058
2178
2140
2168
2564
3275
3921
2219
10077
217656
4081
2187
9419
2054
2124
2248
2760
142075
3389
4523
2340
37386
182954
131386
2523
2338
1914
2293
5415
5880
1926
1815
27856
2596
2237
1828
