45641
11512
12901
12270
24492
10665
10898
11498
10376
11830
15418
11551
12126
472712
16995
32206
2284384
18801
500004
13713
12161
43137
11045
367187
14880
12438
12342
13174
11226
12579
91075
12595
14437
561291
15940
40228
12090
53663
13081
81321
11555
13549
12548
24765
19532
11860
12043
11169
11503
14442
12761
14540
395714
298216
16162
1014554
563584
690454
21985
14667
1220771
24928
176633
43143
12296
12156
16941
975563
20328
17084
11056
14318
10998
18778
667225
17399
681250
33347
17789
12999
14127
12049
12962
13609
15090
909800
20976
12167
13167
13901
12890
16819
495623
17947
14801
15164
21327
15069
261427
584879
20664
30892
12782
12860
18231
12174
15485
90467
12650
22524
13291
12427
12552
13110
11516
11278
12524
17170
1198235
24432
1523938
39498
17185
1572071
22323
89471
13656
428248
29535
32028
11777
11635
19420
1250578
21061
19910
407549
187067
1072574
19999
11014
12193
11511
10590
13043
158991
499695
999501
19738
110983
11248
12253
42018
12461
10993
11164
11639
13290
80356
13118
268368
20101
1239136
53305
88066
12128
81184
13949
11143
10931
11123
11000
10891
80692
11500
12147
267574
198091
12169
2746098
21342
20661
28670
18098
860000
1174487
31507
307143
17893
28273
12270
15103
1626959
12114
13292
12579
13214
1283978
94532
24663
150145
15579
11648
39223
11520
14246
11751
13711
454085
15718
11538
1850824
292351
16602
338616
12466
11490
10858
12081
14594
10945
12186
11894
12097
14366
18501
21526
12674
55619
1169226
22897
11100
51716
12031
11376
11532
15051
773478
18657
25612
13118
200412
998382
708441
13696
11366
10221
11737
28955
32566
10609
9929
149773
13905
11866
9972
8250
2117
2423
2173
4388
1960
2030
2093
1878
2157
2862
2088
2238
85800
3154
5873
415539
3426
91300
2510
2242
7881
2082
65321
2644
2259
2264
2302
2049
2200
16787
2275
2524
103549
2945
7290
2205
9617
2364
15000
2148
2356
2262
4635
3522
2148
2200
2010
2165
2611
2316
2602
73007
52983
2921
185211
100065
127556
3978
2691
222390
4510
32380
7996
2236
2216
3221
178677
3741
3164
2045
2691
2075
3414
121333
3208
122197
6189
3272
2355
2564
2169
2348
2516
2867
169530
3782
2184
2327
2543
2344
2915
89677
3241
2679
2690
3748
2642
46310
108935
3726
5560
2293
2326
3293
2255
2814
16375
2375
4114
2451
2281
2260
2430
2183
2032
2266
3179
218238
4444
278819
7132
3246
285333
3999
16541
2514
79144
5196
5986
2162
2195
3459
234352
3917
3648
80939
35135
191381
3831
2114
2272
2101
1975
2481
30585
94724
181079
3672
20208
2141
2221
7868
2345
2070
2077
2140
2415
15071
2364
49558
3608
230650
9943
16626
2242
15393
2539
2146
2050
2103
2113
2050
14991
2210
2308
49541
37982
2312
507837
4108
3912
5330
3278
164371
217599
5737
56147
3358
5391
2231
2746
303896
2221
2471
2268
2429
235101
18279
4493
27892
2954
2170
7233
2100
2607
2193
2461
84278
2850
2112
342547
53510
3096
63294
2248
2176
2015
2179
2618
2020
2147
2126
2165
2592
3395
3952
2266
10147
219055
4173
2002
9468
2087
2066
2100
2707
142742
3400
4593
2413
37397
183645
132082
2550
2117
1836
2213
5472
5914
1944
1804
27780
2554
2244
1858
