45029
11567
13841
11468
26162
11439
11099
11515
10810
11182
15344
11528
12251
471934
16672
31406
2289531
18254
501299
13445
12350
42618
12162
362127
15422
12591
12521
12249
11159
12075
91865
12461
14029
562368
16035
40474
12650
54538
12981
79570
12201
13206
12611
25455
18683
11008
12040
11317
10768
14273
13342
14290
398310
297837
17018
1016709
563751
687132
22038
15260
1222260
24355
177132
43336
12204
12834
17597
980157
20988
18141
10965
13893
11836
18223
667830
16918
682238
32252
17849
13051
13667
12144
12331
12646
15144
911769
20159
12431
12794
13054
12778
16218
500903
17726
14188
14989
20619
14824
260216
584559
19875
29714
12388
12930
18957
12172
15144
89334
12744
24383
12972
12901
11819
12598
11376
11464
11643
16204
1195557
22975
1524178
41075
17856
1582365
22084
90497
13751
429128
28075
31275
12216
12685
19178
1260624
21134
19927
405167
184833
1077757
19733
11531
11964
10906
10357
12731
155097
500014
1001856
19444
108883
11234
11721
40246
12789
10418
11612
11150
13072
79594
13063
262770
20808
1240248
52123
88071
12406
81146
14107
10755
11307
11613
10144
11754
81450
11566
11605
271771
197715
11928
2751265
22306
20505
29710
17911
864738
1175063
32611
308926
17786
28386
12241
15720
1628440
11643
13104
12768
12343
1284442
94045
23183
151709
15717
12263
40160
11772
13563
12100
13242
453332
15037
11714
1851018
295284
17055
335706
12316
11876
11200
11522
14270
10932
11728
11623
11531
14708
17585
20803
12273
56355
1161662
23196
11643
51122
11379
11062
12297
15305
775066
18260
25473
12816
202514
994448
703088
13004
11981
9940
11833
28244
32504
10779
9999
150877
14568
12000
9244
8159
2098
2535
2084
4652
2082
2054
2132
1966
2048
2894
2103
2255
85570
3062
5766
416971
3354
91569
2476
2280
7791
2249
64564
2755
2246
2230
2149
2036
2095
16925
2257
2468
103726
2921
7341
2317
9731
2370
14801
2248
2307
2274
4720
3374
2039
2209
2014
2045
2595
2412
2569
73333
52974
3060
186099
99838
127137
4028
2824
222600
4432
32577
8085
2232
2331
3337
179533
3902
3346
2018
2555
2138
3386
121173
3146
122396
6019
3312
2354
2523
2212
2291
2361
2830
169873
3601
2206
2327
2380
2334
2812
90594
3176
2569
2667
3605
2626
45987
109181
3641
5370
2297
2367
3407
2250
2740
16103
2396
4425
2376
2357
2131
2359
2124
2052
2116
3018
218165
4222
278880
7441
3377
286813
4006
16802
2542
79488
4948
5871
2246
2357
3423
236135
4017
3637
80296
34609
191780
3783
2215
2252
2022
1963
2439
29782
94833
181946
3655
19931
2144
2163
7585
2393
2008
2214
2096
2347
14888
2407
48524
3775
231196
9803
16537
2307
15402
2617
2050
2110
2173
1940
2249
15211
2195
2215
50150
37880
2255
508641
4312
3903
5510
3275
165184
217944
5960
56382
3350
5388
2252
2831
304343
2123
2457
2327
2290
235014
18141
4153
28109
2966
2274
7391
2142
2524
2231
2351
84077
2785
2173
342955
53984
3154
62821
2228
2259
2058
2086
2509
2004
2066
2075
2063
2644
3224
3773
2213
10320
217760
4239
2122
9390
2012
2041
2234
2756
143207
3315
4572
2330
37561
182754
131473
2466
2225
1814
2223
5256
5957
1931
1833
27864
2731
2235
1741
