47097
10921
13375
12320
25185
11005
10607
10826
10231
12310
14736
11295
11463
472630
16894
32023
2293171
19173
499136
13139
12051
44171
11295
364808
16050
13607
12760
11987
10985
13019
91174
12426
14599
560582
16071
41065
12552
54407
12660
79898
11601
12815
12731
24991
19430
11027
11521
11296
11429
14627
13546
14335
395592
296594
16927
1019329
564329
687869
21406
14598
1231036
24497
174469
42325
12852
11977
18135
984051
20730
16655
11368
13685
10934
19080
669828
17492
679429
31794
17423
13203
14037
12121
12510
12773
14964
919619
20466
13364
12484
14070
12903
16243
498014
16949
15046
14903
20953
14700
263086
587018
20434
29991
13257
12988
18559
12269
15195
89324
12103
23052
13596
13475
12181
13037
11346
11468
11844
16828
1195047
23612
1535051
41108
17734
1584643
22468
90201
13379
432182
29602
32002
12272
12033
19118
1253163
20143
19064
408786
187390
1076148
20493
11331
11518
10581
11050
13217
154676
495956
999704
19391
108341
11378
11641
41440
13057
10499
11707
11660
13210
78932
13297
264629
20333
1232798
52455
88093
12644
82301
14231
10224
10878
11146
11090
10732
81701
11673
11675
266481
198169
11905
2754984
22700
21383
30332
17575
863357
1173868
31987
306532
17986
28623
12319
14779
1628890
12802
13123
13292
12702
1283287
94038
23157
152036
15772
11813
40469
11290
13744
11480
13161
451283
15248
11588
1856079
295020
16982
334371
12937
11075
11556
11687
14340
10693
11750
12019
12343
14950
17309
19955
12274
55271
1165959
22502
11254
51238
12278
11219
12595
14948
769007
18418
25767
12867
199261
998604
706585
13238
12219
10703
12540
28766
32224
10004
9287
152764
14475
12122
9420
8425
2001
2491
2227
4467
1999
1977
1989
1891
2224
2783
2089
2140
85779
3084
5819
417887
3489
91654
2386
2252
7988
2141
64978
2881
2410
2275
2112
2029
2298
16871
2213
2575
103548
2954
7404
2307
9638
2285
14898
2176
2248
2241
4689
3533
2025
2101
2015
2130
2637
2418
2592
72893
52561
3059
186379
100134
127340
3927
2732
224141
4445
32008
7867
2316
2195
3410
180146
3793
3082
2070
2528
2021
3496
121586
3242
122196
5954
3240
2343
2539
2191
2299
2409
2819
170973
3698
2366
2208
2578
2360
2816
90177
3042
2729
2698
3720
2622
46482
109403
3722
5494
2394
2296
3318
2251
2751
16337
2274
4155
2528
2478
2194
2470
2114
2056
2146
3151
218551
4297
280668
7474
3340
287420
4115
16663
2445
79993
5200
6027
2250
2267
3413
235147
3809
3499
81169
35199
191557
3874
2167
2182
1948
2077
2531
29801
94474
181680
3674
19805
2193
2164
7817
2436
1992
2210
2172
2388
14770
2454
49100
3697
230118
9787
16537
2305
15651
2643
1984
2061
2095
2109
2065
15251
2212
2208
49354
38109
2266
509971
4317
4072
5612
3198
164679
217693
5792
56090
3398
5391
2258
2659
304559
2328
2421
2375
2370
234821
18156
4155
28161
2942
2200
7439
2058
2550
2133
2354
84006
2826
2124
344413
54042
3137
62580
2321
2116
2133
2135
2539
1996
2123
2133
2197
2639
3161
3678
2222
10076
218334
4101
2057
9378
2140
2096
2271
2678
142216
3383
4540
2339
37239
183524
131736
2518
2264
1961
2336
5372
5915
1812
1744
28214
2681
2300
1782
