46529
11124
13181
12442
25361
10945
10732
11402
11816
12391
15111
11768
12127
475129
16420
32711
2299108
18200
497937
12974
12038
43146
11049
362819
15315
12889
12238
12687
11559
12859
91759
12185
14642
560882
15355
40656
11966
54545
13064
80338
12227
12951
13069
25322
20073
11385
12605
11331
11614
14512
13551
13379
396773
296762
17227
1017695
563421
684763
22598
14963
1230563
24604
175135
43867
13199
11715
18230
987953
20489
18059
10587
14324
11417
19386
667304
17551
682490
32309
18496
12796
13665
12351
12960
12561
15890
921027
20113
12361
12808
13156
13083
17099
502143
18377
15141
14879
21246
15557
263471
588918
20209
31192
12493
12288
19990
13510
15217
89316
12339
23262
13354
12994
12820
12789
11701
11375
11902
16924
1198334
23164
1523693
40646
17200
1581913
22033
89214
13161
429126
29574
32130
12369
11725
19993
1256259
21127
19653
409529
187251
1076874
19787
10937
12012
10894
11031
13161
157733
496212
999985
20098
107471
10942
11862
41237
13103
10521
11331
11829
13007
80731
13816
268289
21419
1235900
51223
88614
12824
82407
14999
10758
11381
11231
10474
11230
80721
11626
12039
269314
198032
11872
2762285
21642
20343
29550
17024
863866
1179553
31086
307512
16477
28141
11909
15747
1631976
12205
12938
13311
12676
1285172
93221
23894
149604
15563
12912
40699
11292
14051
11915
13123
453085
14570
11835
1855286
294943
17278
336126
12230
11990
12027
12697
14540
11468
11574
11596
11947
14443
18378
22076
12373
54436
1164538
22002
12183
52641
11776
10934
12114
14512
771638
17562
26121
12392
200687
994804
706465
13111
12459
10837
12099
28018
33012
10899
10137
150959
14472
11362
9002
8352
2005
2486
2236
4583
1995
1994
2110
2159
2217
2863
2162
2233
86284
3033
5928
419002
3361
91381
2390
2264
7886
2069
64628
2777
2328
2203
2243
2140
2256
16949
2236
2578
103718
2839
7399
2200
9745
2341
15041
2240
2306
2328
4748
3596
2070
2331
2016
2151
2622
2419
2451
73464
52935
3136
186206
100074
127093
4127
2774
224230
4474
32156
8211
2390
2160
3451
181342
3765
3353
1990
2642
2077
3505
121355
3253
122843
6002
3446
2332
2459
2218
2389
2351
2977
171174
3589
2232
2322
2382
2374
2979
90952
3239
2729
2681
3743
2691
46764
109963
3691
5680
2276
2224
3612
2519
2760
16238
2307
4210
2480
2451
2289
2389
2188
2069
2132
3147
219167
4208
279733
7321
3232
287492
3960
16537
2444
79825
5173
6030
2275
2194
3597
236101
3977
3574
81477
35260
192116
3784
2067
2243
2005
2022
2531
30426
94563
181822
3783
19669
2094
2181
7816
2451
1996
2139
2232
2351
15030
2500
49716
3938
231223
9576
16700
2370
15691
2732
2060
2112
2112
1960
2122
15081
2183
2265
49898
38142
2252
512117
4125
3923
5478
3104
165248
219444
5700
56412
3123
5363
2196
2893
306005
2274
2354
2395
2365
235680
18087
4327
27787
2906
2350
7553
2081
2591
2199
2363
84433
2698
2194
344432
54193
3221
63115
2172
2304
2198
2289
2565
2091
2067
2106
2125
2564
3334
4012
2235
9896
218671
3996
2215
9674
2020
2025
2237
2588
143034
3242
4712
2253
37465
183277
132100
2459
2328
1971
2276
5268
6034
1989
1861
27955
2679
2164
1685
