46531
10879
13285
12215
24512
11114
10556
11299
11431
12352
14587
11591
12195
471982
16676
32647
2277722
18596
495554
14261
11681
41848
11246
365322
14975
12981
12612
12728
11333
13027
92229
12514
14222
560151
15589
41013
12697
53762
12726
79121
11949
12807
13046
24809
18337
10833
11618
11236
11360
14044
13235
14358
391511
296443
16732
1003609
556978
684296
21842
14904
1212510
25233
174531
42567
12510
11505
17552
970678
21307
17221
10959
14341
11359
17985
655767
17766
675267
32309
17649
12909
14054
12902
12183
12732
16012
911712
20197
13025
12341
12750
13050
16250
491405
17508
14958
14223
21580
15251
263984
589337
20061
29870
12798
12534
18942
12492
14913
89122
12335
23982
13033
12964
12238
13630
11316
11226
12259
16706
1186610
23114
1515182
40482
18768
1571841
21346
90333
13576
424414
27769
31950
11892
11927
19054
1245590
21115
19794
406214
185246
1076357
20883
10768
11878
10977
10597
12661
156649
497266
999113
19773
110555
11227
11869
40588
12551
11255
11290
11537
13454
80456
13248
264928
20168
1230441
51268
86585
12272
81643
14657
10667
11044
10817
10695
10683
81517
11955
11663
269677
197366
13043
2734696
22572
22044
28316
17772
858847
1173026
30953
305292
17599
28475
12230
15156
1628123
12151
13517
13360
12529
1276656
93716
23652
151676
15172
12343
40854
11117
13412
11862
13217
451376
14974
12435
1840145
291525
17485
334918
12819
11489
11225
11200
15309
11462
11554
12033
12025
14559
18739
21350
12173
53829
1165501
22915
11857
51424
11790
11297
12185
15185
765294
18079
26139
13121
201372
994911
701924
12704
11621
10585
11421
28921
32112
10215
10137
150046
14460
12480
9447
8299
1990
2480
2203
4373
2011
1925
2032
2066
2205
2759
2106
2223
84875
3052
5857
412585
3366
90388
2568
2157
7608
2077
64586
2700
2264
2264
2210
2048
2279
16944
2239
2503
103218
2848
7402
2346
9511
2327
14575
2195
2283
2301
4589
3303
1989
2145
2030
2108
2517
2342
2554
72007
52612
3012
182847
98358
125950
3983
2774
219798
4541
31888
7921
2262
2106
3274
177256
3913
3180
2026
2630
2055
3300
118390
3265
120861
6021
3268
2309
2556
2279
2243
2348
2931
168929
3616
2265
2187
2328
2330
2810
88671
3161
2662
2534
3795
2668
46407
109131
3655
5367
2323
2239
3407
2312
2708
16076
2281
4275
2409
2371
2191
2533
2120
1991
2215
3122
215544
4160
275537
7269
3499
283813
3863
16588
2463
78256
4866
5995
2186
2175
3393
232775
3939
3640
80278
34605
190563
3944
2043
2188
1990
1982
2413
29928
93895
180281
3676
20065
2123
2178
7611
2353
2100
2133
2132
2399
15007
2384
48807
3634
228400
9504
16122
2256
15390
2634
2046
2047
2009
2012
2055
15093
2258
2181
49550
37602
2449
503331
4255
4116
5233
3204
163242
216269
5602
55544
3295
5403
2264
2769
302504
2203
2467
2414
2326
232518
18100
4208
27823
2849
2240
7489
1997
2483
2189
2361
83425
2738
2274
339150
52889
3241
62388
2279
2225
2068
2027
2677
2093
2069
2113
2133
2582
3405
3887
2146
9776
217500
4151
2147
9345
2037
2078
2222
2674
140650
3296
4652
2369
37277
182108
130196
2404
2138
1917
2136
5352
5858
1835
1869
27680
2655
2324
1779
