45953
10588
13154
12044
24624
11410
10783
11663
11281
11658
15697
11422
11873
476152
16719
32910
2294590
19474
499808
13940
12808
43335
11160
364949
14699
12459
12648
12307
11451
13279
92646
12559
14913
558515
15415
41180
12544
55383
13461
81624
11451
13015
12979
25204
20005
10844
11886
11580
10924
14261
12936
13999
400890
297890
17553
1022145
566046
689847
22052
15042
1230532
25022
176374
42855
12598
11702
17434
986019
20534
17992
11262
13946
11096
18911
672640
16853
686277
31577
17675
13284
14640
12488
12982
13556
15266
922112
19689
12725
12824
12625
13071
16479
501443
17710
14711
14661
21193
15007
263582
584982
20826
29932
12718
13293
18633
12352
15580
91324
12123
23737
13039
12576
12250
13232
11454
11530
12511
17236
1197053
23587
1527659
40919
18001
1587099
22243
89346
13721
434416
28732
32534
12299
12165
19152
1259651
20751
19999
412660
186945
1070469
20372
11603
12234
10712
10537
13102
158364
496570
1010258
20347
110226
10892
12390
42089
12626
11053
11392
11920
13688
79524
13849
266420
22074
1236946
53125
89510
13033
81857
14947
10399
10766
11279
9752
10897
80985
11715
12135
268038
199800
11892
2764224
21783
20845
28764
17159
865074
1185225
32592
306410
18173
28174
11898
15905
1638963
11527
12769
12760
12524
1285456
93690
22827
150305
14676
12207
39128
11460
13796
11480
13542
455615
15535
11668
1846584
293146
16094
334947
12986
11654
11854
11889
14628
11558
11717
11503
11577
14974
18615
20436
12266
55103
1167573
22692
11596
51351
11882
11406
11982
15407
774950
18622
25413
12809
202620
993266
711108
13384
11905
10305
11796
29217
32269
11075
9836
151827
14072
12464
9460
8314
1953
2480
2186
4386
2097
2021
2156
2078
2108
2942
2081
2180
86666
3060
6027
419668
3560
91919
2551
2366
7917
2074
65145
2660
2279
2290
2169
2070
2325
17085
2281
2624
103493
2879
7532
2289
9856
2422
15234
2141
2298
2292
4749
3610
2016
2212
2110
2058
2596
2341
2567
74113
53209
3166
187897
100656
127864
4000
2780
224533
4508
32641
8003
2338
2163
3340
181203
3751
3351
2069
2541
2064
3480
122392
3153
123535
5948
3261
2358
2681
2243
2378
2491
2874
172232
3619
2311
2281
2329
2355
2874
91153
3194
2697
2612
3726
2650
46682
109610
3841
5447
2328
2381
3362
2235
2873
16633
2294
4337
2433
2338
2215
2483
2163
2091
2250
3205
219016
4303
280363
7393
3394
288786
4003
16571
2500
80642
5097
6178
2280
2278
3479
237024
3912
3682
82073
35223
191674
3883
2187
2278
2020
1973
2507
30636
94524
183646
3790
20119
2080
2277
7961
2317
2095
2165
2214
2470
14926
2574
49476
3963
231602
9963
16833
2409
15561
2750
2025
2000
2142
1863
2095
15163
2240
2300
49729
38471
2271
513304
4171
3969
5341
3144
165991
220835
5956
56275
3453
5371
2209
2883
307308
2186
2379
2280
2349
236206
18231
4174
27938
2785
2282
7268
2075
2566
2161
2402
84961
2851
2135
343643
53965
3028
63008
2369
2270
2183
2173
2597
2120
2087
2077
2077
2677
3407
3759
2228
10145
219505
4129
2136
9468
2096
2121
2192
2783
143893
3452
4601
2312
37934
183617
133315
2557
2214
1861
2242
5480
5961
2004
1814
28265
2608
2328
1792
