46318
11531
13075
12076
25659
11285
10708
11385
11290
12221
15598
11724
11875
480435
16437
33065
2301873
19606
503808
13843
11765
42213
11393
365645
15550
12822
12615
11678
11903
13057
91188
12075
14295
554700
15374
41399
12763
54739
12089
82002
12349
13028
12609
24975
19816
11466
11821
11640
10902
13959
12912
14351
401156
298538
17171
1018311
571969
691085
22436
14771
1230842
24938
172081
44020
13063
11642
17911
988777
20395
17820
11350
14011
11441
17956
673086
17235
684664
32407
17699
12555
13699
12489
12769
13276
14780
917465
20681
13321
13321
13794
12577
16269
502858
17416
15009
14723
20798
14723
264903
585561
19651
31288
12861
13036
18364
12876
15391
89447
13328
23393
13463
12863
12526
13320
11021
11143
12785
17689
1194287
22881
1527031
40332
18101
1585002
21876
90144
13831
434806
28659
32399
12357
12344
19187
1259994
21108
20315
408037
187872
1068940
19303
11743
12468
10874
10706
13230
156895
494949
1003071
19737
109450
10965
12108
40865
12490
11078
11497
11356
13057
80309
13588
264296
21039
1240059
54738
88440
12553
82914
14285
10664
10710
10671
11197
10924
81011
11551
11959
271161
198766
12597
2754322
22200
20470
29183
17341
861881
1184942
31578
306156
17236
27918
11999
14829
1636398
12291
12960
13008
12830
1285331
95198
24352
150540
15465
12259
40824
11852
13795
12304
13510
451051
14889
11738
1859240
293851
16848
335018
12807
10232
11072
11792
14539
11339
11792
11889
12098
14787
18723
21305
12751
55044
1166756
22323
11324
51646
11766
11295
11858
14617
777712
18942
26493
12528
200067
992774
705945
12739
12020
10918
11747
28438
33719
10548
9920
153418
14110
11641
9659
8420
2142
2461
2189
4615
2070
1996
2111
2036
2210
2934
2170
2179
87469
3053
6013
421239
3586
92761
2547
2197
7744
2144
65473
2834
2281
2284
2097
2173
2311
16864
2224
2541
103195
2891
7486
2344
9829
2194
15317
2284
2300
2290
4670
3624
2103
2196
2126
2036
2511
2335
2616
74427
53289
3101
187483
101813
128387
4110
2739
225217
4491
31894
8169
2373
2179
3407
181985
3794
3299
2103
2611
2139
3353
122714
3183
123479
6039
3327
2308
2506
2269
2340
2471
2778
171537
3700
2372
2408
2564
2284
2829
91472
3111
2694
2624
3678
2667
47053
109765
3603
5688
2337
2322
3316
2401
2824
16382
2500
4268
2511
2369
2295
2485
2080
2023
2317
3324
219530
4176
281363
7267
3395
288782
3957
16856
2578
80840
5036
6096
2287
2301
3435
237596
3998
3706
81444
35488
191585
3705
2218
2309
1978
2006
2520
30243
94687
183381
3706
19963
2118
2196
7747
2375
2091
2157
2146
2383
15164
2506
49148
3823
232089
10241
16678
2340
15772
2615
2049
2042
2023
2105
2137
15170
2220
2246
50236
38439
2374
511961
4196
3933
5430
3191
165525
221062
5788
56173
3296
5273
2201
2740
307304
2271
2419
2331
2424
237054
18471
4393
28029
2889
2289
7522
2158
2546
2265
2441
84326
2727
2162
346037
54226
3168
63099
2270
1969
2060
2169
2604
2089
2086
2160
2141
2648
3431
3943
2299
10076
219374
4110
2089
9577
2081
2091
2165
2640
144097
3514
4798
2276
37359
183211
132576
2455
2251
1965
2239
5331
6175
1929
1846
28590
2617
2190
1808
