47549
11040
12780
11562
24961
11804
10334
11551
11301
12074
15548
11460
11446
474261
16517
32577
2299209
18106
501087
13566
11805
42721
10888
362104
15336
13163
12942
11612
10878
13177
89667
12279
15104
554573
15053
40975
11631
54088
12699
81185
12035
12350
12672
24842
19636
11322
11675
11727
10952
14222
12959
13607
398834
298348
16128
1018787
563958
691264
21534
14249
1227486
24767
176497
43573
12956
11050
17295
984367
20708
17280
10793
13945
10921
18304
676193
17617
677211
32201
17523
12893
13583
11953
12721
12930
14781
920946
21133
12749
12436
13296
12363
16471
501335
17447
14784
14941
19703
14016
262366
584499
20459
29907
13140
12291
18899
12657
15163
90911
12561
22987
13549
14381
12618
13127
11853
11447
12216
16593
1202526
23173
1522395
39415
17817
1578948
22246
89446
13393
430970
29384
32468
12664
13074
19411
1253697
21236
20291
409151
187122
1078876
20697
12045
11630
10197
10374
12862
155110
493614
1000288
20284
108201
11057
11307
41692
13133
11205
11098
11210
13201
80319
12310
266062
20068
1235160
52108
89032
12180
83281
14658
10181
11247
11016
10465
10892
82686
11997
11685
269748
198154
12065
2756854
22508
21925
28031
17173
860244
1188717
32093
307006
17816
28374
11731
16056
1635248
11912
12951
12842
12937
1285177
92784
23422
151146
15847
12595
40951
11515
13731
11949
13185
446821
15877
12013
1858053
293059
16999
336614
12722
11562
11785
12745
14655
10798
11314
11263
12198
14666
17580
20905
12770
54740
1158716
22458
12222
51722
11129
12157
11867
15003
783241
18799
25768
13386
202321
983993
708052
12895
11755
10691
11537
29244
32161
10379
9942
151436
14852
12068
9340
8607
2020
2448
2068
4550
2144
1940
2125
2087
2220
2940
2088
2140
86633
3070
5951
421153
3330
92108
2482
2227
7845
2038
64733
2794
2366
2330
2081
2010
2309
16597
2215
2670
103180
2828
7443
2163
9765
2338
15195
2236
2196
2277
4681
3572
2072
2167
2101
2056
2601
2337
2510
74093
53298
2950
187084
100400
128600
3942
2674
225013
4481
32626
8120
2352
2080
3270
181421
3864
3203
1995
2591
2040
3409
123369
3247
122476
6067
3300
2314
2461
2177
2355
2417
2798
172414
3821
2306
2237
2413
2244
2870
91223
3123
2655
2708
3509
2531
46675
109547
3699
5439
2400
2241
3411
2339
2808
16608
2409
4161
2518
2649
2264
2457
2231
2082
2214
3109
220380
4272
280518
7181
3397
287844
4017
16645
2479
80266
5179
6181
2344
2388
3464
236870
3982
3765
81617
35436
193503
3945
2269
2187
1875
1991
2462
30049
94431
183148
3830
19819
2160
2081
7861
2504
2136
2111
2099
2407
15131
2292
49549
3703
231993
9839
16785
2285
15848
2700
2010
2118
2082
2007
2127
15432
2299
2192
50289
38322
2314
513495
4296
4201
5255
3127
165532
221805
5883
56579
3392
5418
2184
2866
307278
2221
2424
2317
2389
237082
18094
4277
28184
3004
2329
7589
2086
2530
2207
2387
83680
2930
2242
346529
54127
3151
63473
2314
2249
2229
2317
2647
1969
2051
2050
2184
2624
3251
3810
2302
10079
218553
4167
2242
9549
1944
2230
2167
2668
145162
3480
4639
2421
37787
182553
133177
2471
2188
1934
2186
5440
5925
1938
1840
28291
2799
2274
1773
