48975
10722
12902
11180
25545
11347
10520
11028
11336
11340
14869
11446
12715
475466
16474
31819
2302967
18358
500653
13495
12454
42305
11565
363613
14886
12363
13120
12878
11227
12966
90654
12048
14137
559194
15436
41112
12326
53796
12220
81352
12090
12941
12728
25486
19794
10785
11493
11487
11163
13905
12570
14199
396193
297523
16123
1021812
567200
689052
21526
15055
1225542
25338
176192
43680
12611
11985
18039
991215
20117
17224
11426
13534
11252
18794
677864
18478
685578
31870
18223
12975
14191
12285
12638
13350
14942
922620
20606
13194
12640
12837
12936
16129
500741
18098
15001
15021
20269
14242
260964
592413
19939
30148
12762
12961
19398
12383
15260
90005
12483
23336
13295
13414
12180
13302
11551
11107
12509
17053
1198320
22939
1523192
40191
17734
1587459
22944
90162
13267
432235
28894
31930
12593
12763
19371
1254817
21121
20198
408904
186947
1070637
20037
11640
12006
10260
10747
12528
155705
498880
996556
20648
110687
11965
11738
41826
12951
10241
11567
11120
13046
79027
12747
266654
20998
1240472
53104
89824
12183
85139
13981
10634
10999
11126
10166
11003
80555
11768
11397
270498
198949
12261
2752522
22532
21196
28546
17370
867645
1188632
32210
312412
17268
27515
11541
15278
1629074
11435
13235
12740
12484
1285469
93969
24087
152571
15128
12658
41282
11074
13060
11483
13363
452230
15198
11507
1862404
290066
17131
333038
12056
10936
11645
12225
14111
11550
11925
11895
12300
15114
17227
21618
12129
55116
1161912
23322
11779
52799
12101
11642
12247
15031
781118
18026
25374
13737
203636
992004
713145
13228
12985
10132
12193
29378
32246
10149
10231
153019
15048
12509
9764
8804
2017
2442
2047
4580
2061
1979
2050
2078
2075
2846
2123
2318
86709
3051
5820
422251
3410
92408
2441
2338
7798
2178
65269
2738
2202
2382
2292
2075
2265
16772
2212
2505
103904
2873
7492
2264
9627
2245
15203
2257
2296
2281
4788
3584
1990
2128
2058
2099
2534
2284
2564
73818
53246
2942
188311
100845
128377
3921
2801
224554
4573
32569
8120
2318
2212
3484
182526
3752
3203
2101
2513
2107
3454
123490
3411
123914
6016
3433
2355
2583
2213
2341
2482
2806
172661
3739
2345
2269
2364
2348
2820
91355
3238
2689
2695
3618
2524
46363
111101
3630
5487
2346
2364
3517
2298
2807
16480
2369
4322
2470
2458
2194
2484
2169
2003
2266
3201
220392
4185
281158
7245
3378
289449
4142
16793
2463
80532
5172
6065
2371
2373
3487
237117
4028
3706
81830
35318
192322
3865
2216
2235
1901
2015
2417
30104
95362
182014
3884
20215
2273
2195
7904
2454
1935
2223
2071
2371
14882
2377
49605
3849
232613
10035
16983
2278
16261
2621
2049
2065
2124
1969
2114
15161
2259
2162
50325
38400
2309
512933
4341
4082
5321
3175
167039
222036
5910
57600
3307
5320
2140
2816
306725
2154
2441
2283
2345
236797
18315
4386
28390
2869
2307
7684
2054
2452
2147
2420
84471
2789
2137
347538
53554
3146
62761
2209
2095
2168
2223
2515
2140
2164
2151
2174
2674
3196
3945
2209
10144
219118
4272
2161
9767
2141
2169
2259
2714
145412
3351
4598
2476
38163
183770
133575
2508
2414
1871
2331
5475
6012
1837
1907
28514
2744
2339
1847
