47010
10973
13259
12044
25562
11145
11154
10975
10546
12604
15496
11622
12055
478042
17104
32406
2299200
19322
501330
13849
12048
44147
11655
365012
15068
12878
12659
12659
11700
13519
90206
12024
14570
558188
15501
40341
12495
55722
12603
80512
11655
12434
11898
24033
19381
11237
11413
12296
11077
14697
13030
14282
401108
298493
16416
1024609
569374
686115
22174
14303
1231234
24999
175736
43783
12556
11537
17671
988255
20490
17832
11133
13625
10873
18980
676361
17932
684737
30880
18942
13503
14353
12093
12585
13446
15415
926619
19928
12997
12439
12837
12308
16665
498354
16805
15546
14936
20611
15240
264822
582458
20332
29901
13834
13389
19411
13361
15749
89275
12298
23912
13143
13173
12093
12814
12130
11459
12230
16429
1194693
23571
1529869
40659
18498
1587263
22271
89506
13619
431642
28775
31434
12381
11900
19385
1259962
20867
20187
409730
188789
1070349
20141
11680
12034
10478
11328
12683
155680
493039
1002837
20079
109603
11160
11501
41250
12710
10257
10973
10823
13526
79281
13529
269024
20880
1239984
52768
91068
12749
83707
13913
10610
11216
10739
10600
11228
79980
11470
11929
268450
197544
12441
2755018
21708
21283
29395
17983
864642
1185962
31769
309092
17479
28923
11925
15333
1634070
11766
12871
12669
12548
1290791
95499
23159
150374
15607
12286
39558
11421
13553
11539
13528
452575
15717
11656
1855761
292007
16293
333238
12440
10414
11426
12359
14674
11292
11606
11509
11986
14884
18026
21930
12030
54071
1158721
22924
11724
52658
12205
11364
12577
15205
777235
18840
26262
12504
200670
991957
707817
13350
11738
10680
12165
28885
32106
10533
9760
151169
14530
11763
9565
8517
2039
2478
2197
4611
2077
2078
2040
1969
2299
2934
2127
2237
87064
3170
5955
421459
3536
92352
2544
2239
8123
2147
65504
2724
2311
2318
2255
2142
2377
16769
2197
2568
103849
2875
7366
2307
9941
2293
15128
2180
2230
2153
4588
3572
2089
2109
2213
2099
2658
2351
2585
74465
53359
2975
188507
101524
127856
4058
2660
225343
4557
32535
8146
2307
2157
3409
181944
3787
3318
2047
2544
2023
3504
123566
3301
123968
5840
3482
2432
2639
2195
2341
2506
2874
173021
3639
2356
2289
2384
2257
2897
90963
3064
2786
2685
3675
2674
47018
109371
3709
5428
2491
2399
3476
2426
2893
16383
2341
4317
2467
2469
2182
2435
2256
2090
2211
3072
219601
4339
282459
7371
3472
289778
4104
16665
2535
80591
5125
6002
2273
2236
3479
237990
3908
3687
81786
35622
191818
3817
2224
2278
1951
2145
2463
30097
94378
183162
3770
20140
2159
2185
7812
2398
1936
2118
2056
2441
14989
2480
50032
3838
232725
9930
17182
2345
15917
2595
2063
2095
2010
2027
2151
14962
2222
2295
49962
38141
2375
513117
4178
4073
5487
3243
166385
221629
5815
56787
3374
5495
2236
2804
307773
2197
2382
2290
2346
238402
18545
4225
28152
2971
2300
7299
2079
2518
2162
2424
84562
2872
2152
346442
53987
3009
62829
2262
2014
2130
2257
2616
2075
2071
2099
2144
2678
3328
4014
2205
10045
218725
4234
2152
9709
2159
2121
2333
2725
144854
3513
4775
2300
37662
183900
133117
2507
2198
1955
2345
5439
5964
1953
1804
28220
2712
2244
1832
