46644
11421
13522
12135
25672
11276
10589
10917
11600
11393
16176
11156
11771
478844
16366
33155
2298899
18369
503737
13334
11629
42464
11072
361154
14900
13072
12245
12555
11450
12413
90851
12398
14256
558771
15768
40762
12083
55195
12988
80639
11761
13316
13013
24240
18708
11671
11498
11882
10870
14155
12980
14095
399053
298637
16668
1023711
561342
690122
22082
14998
1230347
25285
176613
43754
13113
12113
17991
989135
20285
18124
10756
14296
11502
18620
678723
18309
678609
32566
18312
12990
13616
12340
12588
12989
14720
918845
20443
13248
12713
13605
12303
15819
501941
18405
14711
14167
20486
15120
263572
583367
20287
29367
12938
13086
19091
12994
15300
91977
12460
23461
13511
12414
11790
13226
11306
11681
12547
17282
1197689
23453
1526423
40929
17716
1579281
21757
89281
14255
435531
28850
32543
12608
12380
19465
1253846
20285
19872
412012
187469
1063443
21027
11427
11800
10036
11166
13474
158367
493239
1000794
20368
108321
11594
11864
40486
13411
10871
11643
11405
12926
77268
13423
264595
20698
1247039
54171
90456
12654
82827
15012
11127
11082
11538
10747
11828
81986
11868
12056
269099
196981
12552
2765640
22075
20182
28383
17779
864590
1185812
31139
306976
17322
27917
12464
15117
1629206
12154
13088
13012
11983
1292312
93026
23729
150147
15579
12614
40988
11545
13852
12067
13902
448593
15063
11747
1860999
292008
16725
332292
12876
11449
11360
11645
15528
11016
11560
11914
11493
14766
18944
21198
11865
56159
1162758
21667
11347
51011
11769
10949
12511
15186
777658
18194
24497
13414
199681
999695
704152
13153
11655
10146
12167
29602
32724
10588
9868
150577
14203
12500
9140
8525
2120
2518
2185
4640
2064
1967
2024
2139
2072
3068
2064
2182
87328
2984
6097
421369
3446
92748
2434
2168
7816
2044
64997
2743
2385
2233
2261
2078
2221
16855
2282
2529
103919
2925
7424
2216
9899
2333
15124
2217
2373
2313
4586
3403
2180
2156
2132
2073
2611
2350
2546
74350
53406
2998
188876
100084
128343
4037
2785
225148
4631
32608
8205
2403
2227
3419
182280
3724
3338
1980
2674
2124
3492
123956
3404
122745
6119
3408
2348
2484
2222
2360
2452
2779
172225
3723
2368
2322
2471
2244
2782
91595
3329
2640
2567
3639
2729
46940
109526
3724
5390
2353
2371
3459
2410
2775
16819
2351
4272
2493
2332
2154
2535
2113
2106
2251
3296
219976
4272
281078
7375
3374
288171
3908
16633
2608
81116
5103
6210
2349
2352
3515
237371
3857
3705
82363
35391
191194
4015
2198
2199
1862
2099
2578
30661
94366
182963
3862
19945
2221
2209
7731
2543
2094
2205
2138
2359
14561
2477
49376
3749
234261
10190
17121
2371
15832
2780
2166
2053
2166
2051
2278
15364
2250
2289
50141
38087
2396
515185
4279
3891
5307
3274
166380
221532
5743
56502
3302
5379
2343
2771
307055
2276
2404
2364
2237
238117
18084
4317
28065
2983
2340
7596
2112
2588
2218
2474
84105
2783
2178
347621
54027
3121
62423
2326
2221
2107
2126
2741
2028
2094
2169
2067
2637
3460
3866
2181
10270
219129
3989
2097
9442
2073
2026
2319
2699
144560
3354
4472
2439
37417
185086
132545
2479
2133
1862
2301
5560
6083
1920
1834
28120
2670
2344
1745
