46301
11654
13277
11818
25785
10426
11020
11635
10804
12214
15472
11246
11550
479035
16906
32451
2298364
18740
501843
13415
12376
42502
11502
363800
15208
13075
12991
12034
11584
13270
90223
12835
14905
556646
15646
42318
12650
54238
13269
80862
12280
12958
13438
25480
19563
11800
12096
12119
11728
14269
13745
14754
398839
297392
16505
1023900
568990
690733
21203
14182
1231197
25175
176451
43100
12345
11725
17786
985705
20496
17542
11366
14085
11541
17876
675901
17426
678713
32504
18208
12655
14361
12523
12504
13137
15283
923323
20542
12999
12415
13975
12903
16397
503476
17921
15489
14589
20985
15233
260645
583562
19415
30050
12698
12525
18627
13206
15003
89928
12175
23161
13345
13583
12628
12691
11419
11223
12382
17259
1203259
23865
1534115
39737
17189
1590677
21523
89357
13832
433486
28537
31615
12627
12518
19548
1257684
20465
20300
412050
188990
1065195
20229
11387
11612
10671
10751
12703
156718
495864
1004297
20038
107262
10655
12222
41792
13327
10774
11528
11040
13398
78024
13379
267311
21417
1240751
53300
88729
13012
82669
13604
10706
10924
11621
10719
10959
78439
11723
11859
268125
197587
11821
2756102
22606
20614
28713
18090
865454
1187092
32451
310008
17180
28221
12506
15750
1630132
12153
13101
13117
11828
1284565
92037
23812
150399
15401
11616
39720
11959
14450
11701
13858
453769
15390
12108
1861637
292883
17238
332454
13084
11481
11493
11880
14323
11700
11502
11628
12127
15283
17908
21263
12590
53568
1160806
22847
12094
51889
11382
11562
11588
15783
779427
17767
25944
13197
200968
988724
705240
13610
12402
10914
11909
29285
33885
10371
9932
151201
14485
12600
9246
8419
2157
2495
2128
4591
1922
2037
2170
2016
2229
2942
2086
2157
87387
3116
5921
421603
3460
92610
2484
2309
7787
2170
65358
2803
2347
2354
2136
2122
2318
16772
2366
2644
103516
2900
7713
2340
9756
2378
15179
2281
2286
2395
4827
3581
2190
2259
2173
2154
2616
2489
2652
74106
53154
2995
188756
101420
128707
3921
2644
225918
4563
32680
8109
2272
2179
3387
181967
3763
3286
2108
2627
2121
3320
123485
3280
122988
6094
3404
2286
2641
2271
2327
2436
2816
172665
3682
2327
2268
2571
2367
2874
91738
3231
2807
2678
3758
2695
46505
109813
3566
5477
2318
2275
3385
2427
2753
16528
2306
4241
2488
2506
2308
2373
2187
2011
2254
3244
220935
4393
282837
7258
3235
290587
3938
16646
2545
81005
5113
6040
2293
2363
3487
238098
3879
3744
82363
35739
191198
3867
2174
2183
2014
2012
2432
30308
94784
183762
3781
19729
2085
2259
7874
2511
2073
2206
2097
2451
14688
2462
49883
3915
233343
10017
16779
2436
15769
2519
2068
2060
2197
2049
2140
14828
2276
2248
49806
38077
2272
514343
4295
3898
5325
3328
166804
221648
5992
57084
3268
5431
2322
2866
306901
2255
2449
2380
2226
237054
17924
4387
27926
2937
2165
7363
2219
2674
2186
2488
85006
2836
2232
347794
54079
3212
62715
2415
2201
2149
2201
2588
2111
2045
2114
2175
2708
3308
3941
2263
9886
218927
4154
2207
9573
2000
2143
2142
2827
144978
3313
4709
2396
37730
183267
132717
2577
2325
1978
2259
5471
6235
1883
1849
28285
2670
2376
1763
