47449
11090
13063
11602
25673
11525
10967
11644
11255
12068
14835
11402
11742
478652
17197
30940
2308883
19110
497046
13127
11720
42854
10945
363250
14828
12520
12640
12296
11331
12557
90456
12649
14497
555689
15292
40693
12252
54504
12856
82004
11367
12832
12948
25017
19607
11424
11678
11305
11796
14014
13341
14763
403156
293892
16599
1027013
567779
688787
21613
15113
1234946
24399
176199
44169
13158
11961
18179
986529
20199
17227
10672
14025
11203
18831
674378
17427
680189
32144
18099
13167
13880
11958
12734
12948
15882
921244
20805
12947
13056
13716
12649
16123
502983
17781
14306
14715
21143
15600
263386
587133
20835
29425
12511
12901
18962
12524
15184
90108
12307
23075
13607
13447
12244
13095
11406
11248
13226
17261
1195982
23291
1524002
40381
17827
1582330
21352
89873
13448
430029
29043
32602
12353
11955
19250
1262086
21573
19009
409217
188004
1065340
19904
10991
12203
9921
10972
12769
155959
491736
1007294
18896
107233
11131
12012
41355
12730
10153
11394
11485
12911
78821
13966
266484
20950
1238479
53287
88515
11718
82886
13366
10725
10818
10886
10775
11128
81813
11645
12227
268484
198543
12366
2759838
22193
21833
27596
17501
865113
1178947
32768
309512
17672
28494
12328
15030
1628748
12242
13251
13140
12310
1289163
94465
22983
150103
16306
12398
41410
11159
13866
11706
13222
453640
14676
11485
1858946
291406
17086
332839
12311
11341
11294
12285
14811
11593
11117
11711
11461
14643
17819
21219
11749
55936
1159899
22564
12533
51029
12442
11211
12094
15526
777684
19458
25424
12445
199844
984896
709168
12860
12007
10307
12057
29331
33648
10389
10125
151960
14566
11533
8989
8590
2067
2488
2124
4597
2108
2073
2142
2072
2222
2810
2118
2209
87404
3174
5659
423691
3508
91634
2427
2205
7866
2060
65270
2726
2269
2296
2195
2078
2206
16791
2312
2592
103428
2841
7430
2291
9790
2311
15305
2117
2273
2310
4733
3570
2113
2178
2035
2232
2590
2437
2651
75155
52539
3018
189290
101401
128434
3984
2864
226233
4436
32648
8191
2410
2235
3429
182403
3777
3211
1973
2573
2087
3475
123395
3250
123061
6008
3389
2379
2544
2182
2340
2433
3021
172852
3768
2326
2345
2483
2335
2822
91676
3189
2568
2671
3781
2792
46960
110420
3778
5367
2293
2366
3447
2347
2799
16501
2337
4230
2561
2464
2182
2473
2156
2047
2355
3192
219802
4328
281548
7321
3354
289407
3834
16675
2506
80222
5133
6211
2281
2257
3472
238906
4078
3549
81798
35633
191545
3823
2100
2286
1845
2081
2452
30294
94243
184290
3601
19680
2169
2262
7868
2418
1956
2191
2152
2343
14810
2497
49743
3825
233041
10027
16713
2165
15885
2506
2093
2065
2096
2047
2189
15281
2219
2317
50059
38354
2366
515120
4265
4181
5188
3219
166841
220811
6008
57039
3347
5408
2303
2774
307149
2286
2440
2352
2324
237861
18381
4228
28017
3087
2288
7674
2051
2554
2178
2385
85225
2732
2137
347062
53875
3206
62674
2257
2186
2135
2213
2594
2134
2005
2112
2075
2661
3292
3893
2149
10233
219303
4160
2309
9369
2176
2072
2211
2801
145103
3570
4643
2274
37389
182600
133341
2457
2215
1881
2277
5565
6172
1896
1886
28331
2681
2202
1703
