47821
10771
13576
11893
24960
11248
10865
10600
11791
12125
15174
10851
12048
476664
16568
31323
2305098
19164
502115
13720
12149
42837
11142
366602
14643
12531
12386
12250
11644
12821
88466
12570
14902
557391
15810
41143
12513
54942
13227
81100
12595
13202
12644
24830
19277
10985
11668
11192
11345
13734
13704
14505
400886
295290
16610
1017596
566713
685859
21456
14448
1232111
25313
177261
43664
13219
11479
17456
980396
20407
18386
10628
13787
11155
18310
675293
17655
686194
32126
17878
12524
13638
12474
13089
12883
15974
923341
20667
12906
12624
12970
13241
16636
510720
17611
14080
14055
20529
15576
261348
581820
19737
30212
12627
13006
18578
13065
15544
88362
11712
23364
13433
13216
12600
13293
11888
11461
13380
17055
1197811
23104
1526220
40607
18120
1587312
20711
90798
13878
429905
29567
32360
11713
12245
19585
1258302
19763
19648
410445
190921
1067360
20472
10966
12213
10611
10584
12964
156960
492439
1004747
19490
107343
11279
11793
42162
13079
11717
11604
11023
12968
78011
13441
263884
21182
1239448
53244
89786
12397
82457
13976
10310
10804
10933
10945
10617
80198
11138
11625
266313
201808
11578
2757947
22429
20419
28308
17228
863936
1193010
31900
306370
17388
28882
11994
14380
1633078
12139
12879
12960
12207
1285933
93396
24062
150872
15248
11748
40864
11646
14270
12425
13484
446684
15315
11156
1866706
292419
17095
331659
13183
11352
11722
11901
14625
11248
11806
11720
12357
15243
17447
20433
12328
55358
1161094
22725
11583
52085
11937
11637
12683
14495
771121
18554
25960
12477
201065
988457
705497
13345
11740
10137
12364
28905
32422
10870
9454
153052
14964
12074
9434
8664
1983
2574
2171
4496
2065
2030
1972
2180
2239
2861
2004
2236
87205
3058
5780
423135
3550
92708
2551
2288
7887
2085
65656
2681
2233
2225
2161
2142
2241
16571
2277
2662
103807
2953
7512
2311
9919
2414
15176
2347
2372
2279
4705
3505
2018
2193
2022
2125
2538
2492
2635
74497
52998
3034
187549
101184
127938
3950
2720
225889
4573
32789
8175
2415
2153
3357
181119
3793
3423
1989
2583
2075
3400
123391
3315
124029
6048
3366
2281
2500
2247
2395
2376
3014
173375
3773
2344
2304
2383
2447
2950
92964
3210
2533
2530
3665
2712
46605
109475
3632
5463
2296
2372
3364
2431
2835
16189
2270
4265
2488
2440
2279
2517
2274
2067
2418
3228
220720
4299
281985
7399
3397
289876
3757
16946
2570
80276
5229
6161
2185
2293
3484
238282
3738
3648
82038
35995
192074
3958
2123
2286
1974
2011
2492
30321
94519
183696
3715
19793
2166
2211
7984
2453
2204
2191
2080
2357
14682
2452
49166
3885
233031
10072
16974
2300
15752
2575
2013
2055
2072
2088
2043
15128
2166
2237
49685
38975
2212
514535
4313
3883
5311
3176
166481
223112
5873
56490
3339
5512
2235
2641
307884
2250
2424
2367
2323
237328
18155
4382
28257
2894
2185
7576
2086
2616
2303
2422
83893
2813
2057
348416
54032
3164
62481
2389
2199
2168
2215
2602
2068
2135
2119
2227
2738
3291
3789
2216
10174
219400
4206
2123
9662
2085
2157
2343
2619
143995
3407
4692
2288
37909
183530
132952
2514
2171
1849
2372
5435
6015
1997
1755
28678
2770
2264
1772
