46703
11575
12941
11192
25068
11602
10606
11152
11127
12633
15358
11423
12081
476037
16377
31613
2301957
18924
501316
13592
12338
43315
11660
362784
15554
13325
12872
12933
11758
12987
90085
12754
14649
559917
16286
40991
12369
55698
12828
81466
11348
12619
12870
24998
19604
11659
11872
10932
11700
14006
12686
14329
399622
294514
16382
1021821
571506
684918
21748
14932
1235277
25243
176996
44680
13074
11529
17541
986351
20301
17824
10995
13737
11056
18625
678647
17564
679570
32564
17844
12910
13472
12382
13011
13394
15814
923993
20362
12222
13212
12886
13158
16843
501014
17320
15316
14080
19942
15202
261221
585754
20179
30309
12746
13385
18739
12830
14990
91061
12458
21436
13427
12912
12594
13073
11399
11508
12584
17380
1200927
23563
1528570
39973
18006
1582652
22513
89836
13406
432705
28124
32033
12313
12771
19567
1267453
20853
20857
408349
189283
1064597
19972
11387
12855
10586
11269
12555
157738
493884
1010833
19520
108867
11270
12106
40380
12722
10996
11894
11180
13352
79351
13408
266504
21064
1242502
54135
90388
12626
82207
15055
10880
10809
11268
11167
11127
81725
11656
11927
267024
198776
12296
2766312
21951
21738
28675
18213
862858
1192429
31756
308168
18824
28430
11541
14273
1641321
11869
13319
13384
12576
1291271
95612
23623
149342
15552
12282
40678
11881
13569
11939
12981
451594
14934
12143
1860344
294498
17030
332531
13151
11386
11338
12332
15426
11325
11842
11460
11889
15205
17534
21710
12479
54731
1167246
21990
11659
51890
11638
11145
12169
15482
778460
18950
25354
13500
202928
993706
706401
12978
11925
10541
12439
29197
32973
11089
9401
154244
14091
12108
9124
8454
2124
2436
2029
4534
2133
2001
2072
2073
2316
2902
2138
2256
87259
3062
5820
422590
3508
92489
2495
2277
7906
2199
65233
2843
2381
2335
2311
2139
2300
16781
2323
2573
104082
2989
7534
2313
9970
2354
15235
2148
2252
2341
4714
3568
2153
2193
1994
2177
2540
2322
2621
74286
52828
2983
188615
102135
127675
4031
2804
226639
4569
32820
8385
2391
2167
3362
182175
3775
3301
2044
2583
2088
3466
124078
3270
123329
6076
3316
2356
2504
2250
2397
2506
2961
173132
3708
2226
2388
2400
2384
2938
91402
3161
2763
2538
3525
2699
46454
110213
3711
5553
2344
2365
3390
2384
2756
16662
2406
3970
2511
2424
2291
2462
2178
2075
2259
3216
220776
4359
282303
7262
3411
289345
4084
16680
2507
80826
4991
6159
2256
2412
3515
239548
4002
3823
81770
35737
191135
3883
2162
2393
1950
2138
2449
30561
94795
184819
3705
20075
2154
2255
7662
2396
2098
2262
2102
2430
14969
2486
49685
3901
233503
10165
17090
2354
15751
2799
2121
2063
2165
2111
2168
15455
2233
2250
49971
38480
2332
515511
4200
4112
5342
3369
166338
222615
5816
56894
3666
5551
2168
2627
309314
2213
2474
2406
2366
238463
18596
4283
27850
2995
2291
7589
2155
2535
2240
2347
84596
2783
2251
347347
54465
3157
62638
2386
2180
2119
2216
2740
2094
2121
2086
2114
2686
3255
3981
2265
10093
220648
4007
2149
9599
2073
2084
2245
2793
144866
3488
4571
2443
38113
184219
132891
2467
2213
1909
2345
5476
6125
2019
1750
28766
2649
2263
1740
