47224
11558
13479
12319
25204
10835
10467
11277
11194
12188
15254
11599
11522
478235
16934
31605
2300961
17975
503165
13243
11934
43081
11128
362813
15199
12961
12570
11694
10751
12852
91236
12287
14963
558220
15695
41131
11978
56277
13042
82260
11837
12160
12638
25115
19527
11473
12533
11160
11043
14031
13230
14047
403475
298351
17480
1024926
566959
685319
21680
15109
1228330
25123
176389
43568
12893
11543
17615
986443
20878
18134
10976
13618
11173
18106
671538
17757
677986
32733
18094
12837
13812
11774
12998
12870
15279
920943
19780
12909
12750
13683
12646
16306
504323
17923
15199
14552
21453
14807
262614
582011
19756
29800
13358
12572
19225
12506
15724
90610
12357
22765
13079
13619
12889
12816
11035
11270
12480
16758
1189849
22658
1535856
40638
17496
1587589
22186
89883
13655
431570
28816
32053
12088
11515
19848
1259803
20234
20575
409976
188310
1065406
20079
11500
12188
10583
10684
13060
157929
492925
1005325
19871
107903
11116
12556
39778
13662
10860
11665
11238
12561
79338
13211
270072
20860
1242763
54499
91477
12144
82898
14694
10572
10649
10968
10570
10968
81224
11955
11994
268593
198767
12006
2762211
21783
21238
29261
17962
864193
1189812
31574
309819
17707
28252
12074
14916
1629411
11528
13041
13207
12625
1291203
94165
23741
150029
15973
12655
40236
11669
13914
11828
14026
452246
14399
11492
1863320
291224
17206
333329
12340
11425
11111
12078
14793
11924
11711
11925
12254
15837
18242
20427
12461
54499
1160051
21427
11665
51612
11470
11276
11782
14716
774456
18689
25754
13175
200809
992284
707765
13674
12401
10571
12147
28048
32254
10389
9708
152030
14278
12344
9552
8582
2134
2541
2203
4573
1992
1946
2113
2061
2219
2908
2129
2185
87452
3167
5804
422311
3320
92944
2447
2223
7947
2101
65196
2785
2334
2302
2103
1982
2294
16969
2276
2629
104136
2911
7493
2218
10070
2366
15488
2228
2183
2304
4713
3578
2132
2333
2021
2125
2583
2376
2536
74921
53252
3149
189244
101078
127978
3996
2831
225933
4573
32749
8101
2375
2137
3343
182537
3880
3364
2023
2549
2091
3367
123147
3262
122971
6116
3392
2346
2542
2158
2391
2408
2880
172806
3565
2351
2302
2533
2298
2847
92064
3236
2757
2629
3816
2622
46734
109481
3601
5498
2452
2297
3510
2291
2864
16612
2331
4132
2449
2526
2359
2431
2076
2026
2260
3158
219187
4178
283496
7377
3321
290240
4022
16693
2499
80946
5086
6102
2245
2166
3613
238456
3848
3800
82072
35675
191504
3861
2192
2279
1975
2032
2513
30705
94562
184002
3757
19897
2156
2334
7562
2536
2071
2237
2092
2301
14931
2401
50096
3779
233803
10198
17302
2268
15859
2722
2062
2006
2091
2044
2124
15279
2270
2302
50107
38478
2308
515237
4213
4085
5464
3332
166789
222884
5843
57044
3380
5419
2280
2761
307548
2146
2431
2362
2353
238784
18348
4302
28054
3015
2367
7494
2161
2570
2216
2520
84812
2685
2098
348518
53834
3199
62865
2257
2247
2071
2217
2636
2192
2105
2177
2216
2812
3388
3808
2212
10097
219189
3926
2117
9549
2031
2071
2155
2602
144424
3510
4639
2426
37709
184118
133080
2573
2316
1940
2264
5312
5965
1901
1818
28368
2678
2335
1798
