47999
11261
13621
11872
24777
11192
10956
11568
11300
12412
14917
11737
12375
478150
16219
31995
2304079
18586
503507
14042
11671
42852
11533
362487
15139
12566
12120
12535
11866
13461
89358
12578
14431
556616
16078
40891
12236
56114
13439
82264
11863
12953
12723
24878
19029
11062
11641
11797
11318
13695
13302
13841
401412
298787
16391
1024077
569165
686903
21332
14246
1234193
25655
175574
43072
12379
12068
17800
984144
20272
16843
10668
13588
11080
18810
673469
17415
679734
32300
17296
13270
13324
12550
12971
13487
14771
920967
20923
12493
12748
13444
12886
15437
504706
18097
14541
14602
20357
14532
261533
587775
20300
31134
12819
13285
18858
12890
15684
92475
12382
23445
13164
13492
12315
13050
11433
10955
12420
16807
1203248
23076
1531354
38946
17294
1580901
22192
88981
14007
430314
28540
31766
12043
12310
19437
1261865
20993
19992
408189
186990
1073633
19698
11600
11971
11284
10513
13354
156377
492094
1005303
19598
107088
11460
11441
42465
12600
11019
11081
11270
13110
80176
13854
270686
21057
1242355
53168
89529
12588
82647
14133
10463
11081
11034
10677
11000
80820
11427
11293
271168
197695
11988
2754978
21277
20828
29280
17580
868234
1186815
33377
309198
17627
27956
12405
15672
1639748
12868
13498
12699
13480
1289226
94161
23910
148445
15666
11960
40832
11761
13623
12173
13369
449700
14730
11755
1870044
294003
16788
332225
13121
11207
11657
11687
14581
11818
12069
11452
12075
15706
18065
21402
12812
56308
1157456
22685
11348
51405
11879
11358
12766
15357
780594
18797
26433
12427
200516
992287
709770
13167
11737
10431
11976
28461
32415
10380
9925
150235
14377
12020
9327
8686
2064
2543
2168
4455
2062
2015
2121
2112
2274
2843
2139
2288
87255
3013
5875
423150
3480
92950
2556
2173
7885
2155
65309
2743
2256
2197
2240
2171
2390
16606
2285
2557
103783
2982
7499
2259
10028
2437
15485
2214
2297
2313
4697
3497
2044
2169
2142
2142
2546
2383
2529
74810
53450
2980
189197
102030
128138
3927
2646
226259
4662
32562
8060
2286
2229
3403
182175
3751
3151
2007
2552
2057
3500
123249
3255
123084
6048
3236
2402
2449
2285
2391
2519
2791
172551
3777
2255
2327
2479
2389
2697
92139
3220
2658
2613
3647
2592
46658
110325
3703
5706
2328
2417
3417
2369
2866
16933
2363
4293
2462
2511
2261
2430
2140
1985
2248
3177
221318
4244
282869
7112
3252
289483
3989
16598
2571
80385
5071
6043
2248
2310
3514
238949
3992
3732
81806
35437
193007
3812
2252
2258
2103
1987
2557
30280
94560
184096
3706
19736
2176
2151
8070
2366
2111
2122
2127
2413
15136
2518
50413
3841
233661
10020
16890
2317
15786
2641
2060
2050
2131
2047
2134
15211
2204
2176
50431
38295
2320
514231
4128
3954
5471
3234
167514
221979
6117
57266
3391
5357
2330
2867
309023
2383
2523
2265
2528
237891
18434
4368
27738
2973
2222
7524
2174
2501
2250
2439
84375
2723
2147
349448
54562
3143
62735
2372
2172
2199
2168
2607
2181
2173
2100
2160
2809
3326
3971
2320
10368
219169
4183
2087
9501
2081
2096
2359
2745
145466
3458
4741
2288
37634
184209
133600
2474
2210
1895
2288
5381
6046
1922
1847
28027
2711
2313
1774
