48486
10894
13377
11913
25206
11334
10514
11132
11055
11847
15067
11547
11493
481611
16660
32195
2318931
18648
500190
12977
11985
43353
11420
364744
15468
12153
12627
11675
12154
12799
90937
12619
14635
558013
16428
40456
12245
54390
12695
82507
11982
13238
13216
24837
19474
11449
12152
11069
11343
14795
13330
13913
397803
300639
16821
1023107
568634
684598
21517
15060
1233264
24284
175074
43496
12400
12140
18577
991032
21043
17750
12013
13911
11009
19588
679632
16980
681794
31962
18406
13917
14065
12161
12788
13019
15402
924608
20709
13034
12819
13437
13331
16484
503785
17635
14914
14343
20780
14790
262878
587479
20297
29781
13372
12740
19347
12854
15742
90513
12669
22983
12754
12770
11332
13156
11973
11375
12276
16589
1197663
22770
1536887
41481
17709
1587803
21536
90006
13634
431838
29003
31334
12127
12214
18871
1262142
20501
20290
409308
189431
1064556
20032
11442
11799
10471
10456
13021
156075
494250
1001757
19125
111496
11220
11343
41079
12320
10656
10709
11413
13047
78190
13286
268355
20733
1242173
54278
89013
12463
82618
14229
10832
10785
11349
10543
10930
80227
12101
11465
268420
197590
11507
2762971
22403
20945
28772
17757
861646
1188301
32138
308212
17976
29205
12261
15507
1637677
11965
12519
13535
12805
1288922
93803
23064
150938
15996
12629
40985
11932
14062
11936
13408
450778
15574
11701
1863912
294633
15699
333093
12723
11417
11160
12129
14292
11110
11645
11526
12678
14430
18615
21376
12441
55097
1160714
21978
12180
51145
12251
11091
12534
14828
777015
19029
25526
13059
203515
990907
710117
13138
11550
10531
11405
29273
33353
10246
10069
152536
14016
12735
9575
8781
1992
2533
2202
4557
2065
1986
2090
2048
2157
2884
2147
2160
88050
3080
5882
425241
3441
92438
2394
2263
8047
2132
65641
2828
2193
2325
2080
2193
2219
16934
2294
2593
104054
3016
7399
2286
9847
2304
15340
2249
2350
2357
4694
3517
2119
2264
2015
2152
2680
2425
2517
74105
53799
3094
188488
101631
127812
3994
2807
226643
4407
32291
8168
2294
2237
3543
183224
3908
3297
2184
2589
2054
3627
124196
3136
123388
6031
3421
2525
2597
2204
2390
2409
2906
173669
3724
2352
2291
2491
2435
2843
92045
3143
2662
2594
3706
2624
46771
110196
3738
5451
2417
2295
3500
2356
2873
16683
2381
4238
2380
2359
2079
2499
2203
2072
2217
3156
220469
4193
282962
7541
3383
290389
3933
16737
2521
80670
5124
5978
2273
2300
3418
239225
3883
3716
81894
35938
191707
3844
2152
2217
1970
1975
2534
30346
94726
183366
3656
20502
2168
2099
7760
2330
2062
2061
2136
2379
14758
2463
50153
3778
233637
10184
16877
2303
15808
2629
2087
2024
2156
2043
2147
15050
2327
2208
49948
38341
2224
516158
4311
4013
5391
3281
166073
222223
5942
56693
3434
5549
2313
2868
309008
2254
2361
2471
2382
238240
18295
4204
28238
3068
2350
7689
2189
2642
2225
2423
84603
2842
2166
348608
54497
2955
62865
2317
2175
2070
2211
2541
2041
2106
2112
2270
2580
3455
3919
2242
10187
219697
4059
2221
9425
2139
2090
2331
2664
144901
3523
4655
2389
38211
183517
133790
2487
2165
1937
2195
5505
6192
1923
1899
28623
2586
2422
1823
