47620
11199
12803
11858
24840
11052
10420
11136
11580
11455
15291
11462
11422
471504
16252
32214
2279797
18471
490104
13323
12010
42258
11414
368534
14781
12871
12369
12281
11587
12835
91807
12717
14658
556761
15472
40866
12381
53358
13106
80374
11459
12840
11852
25036
19356
11081
11513
11397
11413
13739
13718
14625
389362
299879
16943
1012287
555015
682937
21194
15358
1211244
25075
173459
42756
13104
11052
18684
969406
20707
17277
10617
13642
11005
18433
658895
17231
679479
33116
18030
13266
13961
11958
12784
13672
15107
908466
20155
12538
12972
13567
12864
16149
493000
17889
15119
14851
21177
14551
265286
586283
20481
29769
13106
13046
19137
12865
14924
88588
12212
23946
12957
13491
11887
12511
11777
11655
12742
18089
1194846
23058
1517767
40471
17753
1574299
22252
89444
13262
429557
30145
31754
11483
11727
19531
1248521
21003
20343
404801
183783
1070082
19931
11033
11671
10962
10175
12989
156990
499027
999111
20183
108905
11165
11713
41317
12712
10566
11323
11372
12330
79930
13742
266336
21152
1226574
51975
86939
12325
82589
13752
10651
10391
10930
11241
10145
81673
11955
11543
269294
200546
12484
2728816
22436
21356
29195
17382
860316
1168419
31678
305569
17770
28897
12891
15075
1621874
11851
13048
12466
12813
1270290
95589
23244
151905
15041
12779
40072
12326
13334
11798
13098
451584
15423
11818
1842840
294189
17117
337299
13555
11090
11260
12127
14652
11186
11751
11260
11688
14773
18043
20950
12423
54313
1168590
22817
11583
52686
11717
11702
12547
15132
769820
18539
25845
13228
199579
995577
704894
13063
11423
10724
12308
28618
31712
10569
9690
149867
14753
11874
9967
8439
2081
2405
2149
4414
2015
1914
2066
2139
2093
2905
2071
2117
85129
2953
5900
413093
3392
89514
2447
2241
7613
2135
65310
2634
2283
2226
2136
2081
2234
16833
2300
2575
102519
2875
7388
2257
9476
2367
14802
2118
2238
2080
4659
3513
2018
2113
2002
2105
2492
2418
2634
71652
53056
3050
184003
98014
125656
3836
2829
219923
4505
31811
7955
2330
2051
3471
176812
3738
3226
1931
2477
2014
3329
119154
3156
121380
6068
3357
2371
2524
2160
2366
2508
2829
168330
3597
2218
2315
2475
2341
2779
88792
3189
2650
2633
3701
2564
46718
109047
3751
5414
2380
2309
3401
2336
2696
16013
2342
4266
2387
2471
2182
2321
2148
2069
2258
3349
216701
4191
276792
7268
3350
284484
4024
16402
2412
79261
5235
5963
2095
2206
3490
232994
3953
3675
80177
34349
189828
3824
2082
2153
1986
1901
2479
30138
94350
180755
3722
19662
2135
2146
7794
2372
2011
2127
2118
2269
14969
2482
48976
3795
227762
9695
16173
2301
15500
2513
2055
1933
2053
2119
1997
15138
2239
2188
49396
38193
2360
502985
4237
4057
5367
3196
163392
215583
5753
55625
3338
5419
2370
2733
301749
2171
2414
2224
2365
231369
18309
4153
28045
2807
2333
7351
2215
2491
2170
2328
83347
2780
2147
339790
53704
3145
62680
2436
2132
2092
2156
2576
2022
2083
1984
2089
2607
3315
3790
2209
9938
217884
4118
2089
9601
2045
2128
2309
2662
141739
3382
4611
2393
36968
182242
130796
2482
2096
1930
2303
5338
5814
1921
1751
27623
2736
2222
1874
