45726
10860
13925
12183
24655
11992
10691
11511
11083
12103
15618
11282
12298
478073
16853
32577
2303834
18531
504281
14114
12487
44514
11473
361937
15013
12677
13282
12113
11417
13336
89221
12588
14467
561969
15271
40727
12056
54725
12964
81567
12417
12859
11973
24811
19208
11515
11507
12046
12073
14772
12952
14679
403697
297946
16987
1027723
567195
686603
22398
14881
1233515
24938
175783
44613
12910
12003
18184
985553
20445
17169
10866
14079
11420
18736
673634
17067
681890
32604
18017
13102
13886
12050
12766
13649
15302
924983
20365
13143
13190
13527
12537
15947
502694
17751
14892
14612
20281
14489
263080
583881
20810
30609
12541
12284
19010
12612
15867
90883
12466
22504
13276
12661
12019
12652
11519
11625
12313
17454
1196306
23087
1537982
39916
18297
1586086
21901
90607
13667
431645
30112
30560
12137
12352
19688
1257621
20950
20232
410607
188735
1069713
21197
11298
12548
9894
10553
12979
158641
492409
1005920
19067
107483
11266
11893
41663
13123
11123
11470
11462
13325
79303
14218
268999
21193
1244053
54052
91820
12398
82523
14434
11421
10847
11568
11078
10292
80744
12029
11855
269834
198055
12612
2778862
22794
22116
29015
17395
868229
1193641
31584
307820
18301
27926
12239
15205
1642246
11866
12652
13262
12394
1288385
93691
23388
151130
16572
12190
40051
11650
13680
11832
13790
447522
15136
11921
1864362
296536
17261
335024
12402
11351
11346
11747
15223
10999
11184
12142
12676
15389
18285
21602
12610
54527
1160618
23109
11985
51366
11331
11722
12616
15140
777614
18605
25065
13324
201672
997099
713549
13092
11695
10059
12203
28551
32962
10786
9304
152179
15541
12656
9717
8296
2000
2588
2237
4471
2160
1993
2146
2038
2193
2943
2090
2277
87477
3093
5979
423284
3437
93296
2609
2282
8222
2167
65199
2745
2307
2413
2161
2104
2355
16637
2271
2612
104673
2825
7437
2268
9845
2364
15272
2306
2301
2173
4674
3504
2153
2137
2154
2250
2723
2354
2624
74990
53391
3067
189520
101548
128032
4088
2823
226656
4557
32566
8312
2361
2192
3468
182516
3759
3205
2015
2618
2130
3474
123317
3170
123583
6108
3369
2361
2538
2190
2341
2570
2908
173663
3707
2347
2351
2482
2307
2834
91787
3233
2695
2636
3628
2594
47003
109899
3771
5607
2292
2251
3459
2350
2927
16616
2382
4107
2493
2357
2229
2431
2178
2099
2241
3230
220154
4307
284096
7237
3482
290163
3988
16959
2532
80851
5309
5856
2277
2319
3524
238477
3946
3699
82272
35828
192401
4048
2158
2325
1836
1998
2469
30803
94577
184555
3647
19843
2165
2214
7895
2445
2152
2220
2151
2421
15007
2588
50189
3879
234166
10169
17438
2337
15800
2644
2190
2058
2190
2110
2004
15237
2316
2272
50280
38329
2402
518479
4389
4221
5425
3241
167417
223452
5857
56739
3506
5348
2307
2786
309675
2237
2360
2382
2308
238135
18316
4300
28225
3136
2283
7452
2134
2531
2217
2475
83998
2753
2237
348816
54769
3196
63274
2271
2189
2126
2159
2695
2069
2005
2203
2249
2736
3396
3922
2288
10106
219146
4222
2213
9496
1995
2197
2355
2745
145091
3434
4599
2444
37890
184911
134521
2476
2192
1858
2316
5394
6125
1984
1734
28285
2879
2440
1847
