48689
11634
12696
11763
24824
11609
10906
12137
11648
11630
15460
11752
11710
476603
16921
31271
2312375
18621
503141
13506
12013
42874
10956
363847
14837
13119
12254
12265
11628
13682
89114
13015
15025
555933
15186
40635
13014
57984
12941
81249
11970
12257
12375
25132
19153
10834
11848
11301
11822
13924
12944
13778
400699
296237
16399
1027687
569778
692926
21460
14249
1227884
25259
177851
43948
12883
11058
17723
995070
20621
16873
11133
14111
10989
18888
677716
17599
681869
31351
17852
13185
14262
12144
13440
13560
15052
920787
20590
12443
12500
12093
12615
16555
502932
16483
15011
14427
20627
15228
262758
583448
20489
30955
12964
13411
19122
12431
16042
91267
12188
23720
12812
12743
12200
13285
11678
11557
12265
16711
1195389
22811
1536617
40344
18439
1591112
21699
90586
13710
428749
28876
32897
12355
12554
19153
1260980
20668
20395
410404
187629
1062852
19678
10916
12702
10648
10543
13064
156705
495073
1005618
19943
109130
11385
11823
41379
12714
10789
11761
11362
13081
79643
12807
266863
21510
1249316
53986
89371
12838
83866
14080
10745
10864
11167
10242
10786
79735
11772
12066
270918
195122
11826
2765234
22675
20631
28177
17614
864888
1192874
31147
311213
17361
29244
11880
14904
1636336
11249
12516
13399
12436
1293786
94527
23428
150203
15649
12559
40631
11481
14042
12075
13609
446245
14591
12035
1858315
292595
17850
332608
12716
10939
10968
12594
13838
11557
10917
12527
11493
14902
18241
21228
12119
55007
1158387
21955
11651
52748
11931
10922
11993
15540
778144
18213
25248
11885
200333
993215
708590
13478
11472
10455
11531
28592
33306
10355
10322
152991
15200
11943
9865
8821
2161
2395
2150
4523
2119
2026
2235
2138
2111
2939
2162
2210
87174
3137
5747
425255
3431
93135
2481
2271
7885
2074
65321
2712
2359
2221
2185
2133
2393
16677
2376
2676
103695
2878
7426
2434
10414
2393
15195
2228
2152
2265
4710
3542
2018
2206
2047
2233
2543
2354
2511
74679
53155
2957
189982
101837
129252
4002
2683
225732
4540
33147
8281
2399
2084
3336
184028
3817
3181
2061
2626
2054
3491
124192
3267
123465
5925
3377
2424
2632
2214
2485
2574
2837
172995
3736
2256
2292
2255
2311
2883
91873
2971
2723
2620
3700
2698
46848
109778
3744
5679
2377
2421
3454
2306
2935
16754
2321
4334
2393
2384
2245
2537
2205
2090
2222
3175
220318
4212
283484
7318
3507
291341
3898
16955
2558
80408
5126
6242
2302
2356
3471
239000
3955
3769
82137
35579
191457
3766
2128
2345
1995
1996
2525
30534
94799
184323
3777
20073
2144
2219
7908
2410
2053
2233
2143
2406
15009
2385
49849
3934
235201
10167
16856
2409
16033
2603
2068
2049
2141
2010
2091
15026
2242
2314
50592
37772
2269
516703
4402
3950
5279
3218
166915
223134
5761
57396
3275
5578
2220
2737
308451
2148
2374
2409
2348
239435
18467
4282
28236
2951
2330
7561
2144
2595
2253
2433
84057
2702
2227
347895
54075
3302
62799
2353
2126
2072
2281
2485
2115
1982
2255
2092
2671
3393
3917
2203
10172
218933
4073
2121
9770
2120
2034
2198
2774
145317
3379
4638
2229
37667
183861
133750
2536
2129
1913
2232
5387
6178
1922
1911
28678
2848
2272
1860
