46969
10995
13203
12898
25416
11239
10792
11239
11244
12265
15747
11440
11636
475304
16603
32902
2312510
18889
504451
13205
11555
42998
11015
364938
14980
12871
12141
12333
11549
12878
89396
13231
14544
559446
16252
40844
12211
53637
12690
80287
11583
12375
13135
25779
19941
11978
12137
11889
11519
14217
13081
13737
404554
299160
16787
1025088
569423
687374
22516
15361
1232384
25352
179084
43687
12918
11242
17870
988961
21219
18104
10682
13996
11210
18094
677669
17425
680644
32733
18278
13055
14602
12783
12057
12684
15753
921233
20857
13286
12900
13277
12684
16486
510747
17749
14745
14317
20895
14649
261222
585015
19902
30326
12797
13729
18892
12100
14898
90531
13095
23374
13302
13256
12283
12944
11205
11274
12714
16327
1203462
22713
1535605
40456
17655
1585588
22026
93012
14023
435208
28084
31213
12077
12328
19541
1261848
20303
20143
409710
190978
1065709
20501
11125
11752
10671
10338
13317
157591
493852
1006070
19429
108556
11523
11564
41781
12536
10826
11167
11417
12388
78536
12926
266081
21431
1241907
54502
90694
12439
82794
14793
11082
11432
11043
10640
11010
80597
12084
11994
270884
200478
12293
2776528
22437
22188
28519
16841
868815
1189435
31965
309543
17434
27856
12721
15580
1636578
12081
13104
13148
12391
1292874
92273
23889
152695
15883
12241
41086
11505
14085
11865
13547
448652
15142
12143
1862403
292979
16277
336783
12684
11384
11831
11909
15114
11021
11461
11104
11922
14645
18331
21180
12120
55539
1160282
21422
11630
51581
11451
11811
12070
15055
779956
18311
25367
12735
203996
991133
708893
12660
11892
10680
11796
28424
33039
10808
9860
153254
14249
12086
9541
8552
2031
2497
2367
4636
2066
2027
2105
2080
2272
2994
2106
2177
86990
3104
5975
424678
3448
93254
2399
2169
7927
2075
65579
2750
2322
2218
2177
2129
2285
16729
2400
2588
104371
3027
7465
2252
9617
2301
15067
2166
2229
2342
4853
3633
2189
2275
2155
2151
2615
2392
2488
75346
53676
3071
189471
101812
128410
4117
2867
226630
4584
33097
8187
2391
2102
3371
182965
3944
3347
2018
2615
2118
3348
123925
3235
123294
6152
3410
2410
2714
2293
2228
2366
2962
172817
3766
2372
2312
2417
2310
2880
93260
3227
2668
2578
3698
2617
46661
109921
3675
5515
2353
2459
3427
2226
2754
16639
2461
4246
2446
2458
2243
2461
2101
2008
2290
3084
221399
4257
282985
7370
3390
290369
4019
17422
2607
81273
4980
5979
2268
2315
3513
239120
3866
3741
82116
36197
191955
3942
2145
2194
1977
1947
2542
30689
94709
184516
3662
20029
2211
2160
7896
2374
2089
2159
2160
2284
14865
2395
49668
3908
234017
10260
17184
2305
15735
2723
2178
2127
2132
2044
2112
15288
2342
2301
50393
38804
2353
518389
4317
4217
5350
3079
167588
222710
5863
57084
3383
5385
2360
2860
308807
2211
2455
2370
2342
239170
18102
4334
28560
2968
2278
7620
2101
2644
2187
2442
84135
2814
2233
348690
54254
3014
63689
2312
2184
2218
2181
2715
2049
2052
2032
2173
2630
3397
3881
2194
10231
219217
3966
2105
9539
2017
2176
2239
2708
145516
3386
4611
2306
38176
184073
133832
2391
2212
1950
2236
5350
6076
1990
1860
28616
2629
2295
1794
