48298
10536
13208
12425
24809
11087
10707
11418
10920
11393
15546
11524
11789
476664
16305
32016
2310690
19181
508947
14086
12434
42849
11517
363552
15221
12919
12805
12570
12022
12700
89540
13220
14364
556781
15877
39876
12905
57489
12840
81869
11554
13450
13499
24672
19772
11694
11925
11894
11509
14453
12852
14612
398181
295323
16142
1024940
569616
687590
22048
14069
1231255
24471
174777
43174
11964
12170
17716
990804
19883
18152
11128
13402
10888
18777
676588
18065
681385
31164
17303
13317
14914
12460
12381
13329
15928
917962
20339
12013
13112
13515
12531
16677
504081
17557
14774
15309
20665
15196
262914
577107
19750
30984
13163
12747
19595
12835
15100
91770
12169
23306
13384
12832
12562
13057
11609
11547
12317
16681
1201507
23236
1541767
40496
17559
1581042
20812
89662
13939
434143
28654
31479
12261
12390
18723
1261281
20343
19054
408438
188452
1065166
20267
11367
12202
10062
10661
13240
156175
496752
1004576
20210
109311
11279
11927
42090
12600
10998
11308
10779
13097
77789
13352
267531
21024
1246977
53743
90955
11537
84014
14785
10801
10613
10860
10289
11238
80720
11416
11057
268668
195715
11987
2767788
22058
21329
28382
17920
868835
1188259
32800
311417
17895
28886
12833
14945
1639318
11934
13139
12757
13212
1290724
93791
23014
148565
16220
12856
41294
11622
14012
11788
13315
451798
15379
11938
1869747
295053
16462
337771
12626
11078
11497
11902
13751
10701
11898
11357
12010
14816
18458
21593
12061
54521
1158435
22245
12412
51006
12094
11357
12035
15761
776942
18593
25365
13287
202525
990485
710546
13575
12292
10564
12076
29364
32582
11195
10077
153939
14888
12272
9368
8743
1999
2510
2251
4483
2030
2003
2139
1984
2094
2962
2095
2201
87387
3024
5909
424848
3572
93857
2611
2336
7838
2133
65370
2778
2337
2296
2182
2167
2270
16752
2391
2565
103922
2955
7322
2370
10370
2351
15358
2142
2393
2408
4641
3558
2181
2226
2160
2181
2661
2320
2655
74335
52992
2967
189209
101961
128537
4040
2672
226270
4470
32472
8077
2209
2250
3375
183062
3695
3401
2058
2539
2056
3490
123977
3334
123181
5882
3313
2411
2721
2262
2310
2496
3025
172681
3737
2145
2371
2478
2288
2894
92218
3182
2701
2793
3677
2687
46940
108608
3662
5632
2414
2306
3590
2384
2780
16802
2332
4231
2504
2402
2313
2473
2181
2075
2254
3136
221328
4245
284857
7356
3316
289478
3811
16721
2570
81240
5085
6022
2272
2316
3340
239049
3924
3520
81902
35845
191880
3896
2186
2318
1891
1997
2530
30371
95167
184193
3828
20090
2149
2225
7938
2373
2087
2181
2062
2398
14757
2452
49837
3828
234978
10156
17244
2193
16019
2730
2108
2005
2054
1990
2143
15260
2189
2108
50098
38005
2300
517121
4248
4098
5284
3335
167859
222648
6025
57444
3474
5556
2403
2750
309095
2194
2481
2306
2482
238889
18349
4223
27851
3088
2369
7688
2133
2623
2212
2379
84689
2840
2245
349682
54616
3057
63727
2252
2141
2136
2186
2476
2003
2153
2105
2167
2677
3411
3924
2172
10041
219484
4098
2270
9485
2117
2115
2205
2801
145056
3423
4634
2445
38046
183981
133957
2541
2306
1905
2275
5582
6051
2082
1848
28697
2760
2301
1788
