48006
11411
13453
11764
25873
11340
11052
11552
10813
11451
15115
11104
11650
474400
16804
32291
2314398
18839
504270
13861
11883
43112
10353
362789
15126
12401
12496
11780
11534
12825
89624
12898
14798
555668
15351
40624
12347
55136
12842
81084
11696
13384
12787
24687
19660
11363
11589
10839
11486
14797
13420
14719
403086
297097
16918
1025987
564279
687371
22161
15239
1229970
24947
177578
43414
12346
11661
17558
992886
20795
17222
11081
14507
12039
18896
681332
17338
686997
31318
18336
13253
14292
12387
12672
13185
15977
927775
20668
13187
13038
13484
12207
16598
507231
17585
14345
14844
20664
14603
261381
581195
20580
30503
13394
13743
18980
12540
15571
91651
11307
23614
13253
13141
11872
12554
11247
11362
12577
16692
1200869
22687
1534245
39640
16977
1585492
21076
91188
13721
436218
29483
31243
12393
12356
18848
1264224
20717
19578
409786
189994
1062843
18952
11155
12155
10903
10702
13100
156980
496252
1003529
19693
107956
11911
12258
41304
12418
11018
11646
11071
13522
78817
13244
266487
21955
1244205
53922
88674
12481
83444
13554
11015
10824
11356
11204
10955
83089
12123
11811
267028
199447
12750
2773680
22302
21004
29582
18028
869283
1190315
32642
310025
17418
27749
12002
15101
1643636
12408
13268
12867
13129
1288549
95161
23840
150282
15707
12337
40933
11439
13690
11967
12925
451947
14974
11667
1860881
292334
16603
334153
12652
10697
11138
11921
14722
11562
11971
11431
12032
14877
17802
21427
12624
53987
1155977
22614
11991
50893
12530
11319
11500
15782
778643
18547
26067
12151
202600
990461
711388
12837
12413
10482
11723
28118
32031
10591
9984
153088
14402
12157
9431
8692
2105
2490
2165
4671
2083
2049
2147
2032
2093
2887
2046
2183
86845
3102
5901
425536
3484
93284
2589
2237
7858
1952
65356
2751
2255
2277
2111
2141
2289
16690
2337
2647
103698
2891
7443
2317
9938
2369
15187
2176
2356
2327
4690
3608
2090
2154
1960
2149
2728
2467
2652
75131
53229
3087
189586
101030
128382
4080
2853
226466
4540
32850
8095
2291
2168
3336
183389
3838
3268
2054
2689
2222
3499
124749
3225
124662
5966
3427
2374
2628
2257
2332
2436
3003
174058
3731
2390
2380
2464
2213
2895
92693
3180
2578
2673
3687
2609
46724
109447
3737
5545
2450
2472
3465
2328
2867
16944
2190
4310
2486
2439
2189
2384
2099
2059
2277
3150
221073
4230
283066
7221
3222
290285
3829
17039
2530
81581
5207
6013
2300
2291
3401
239531
3943
3665
82089
35898
191389
3674
2137
2299
2032
2038
2550
30416
95199
184017
3788
19911
2307
2284
7837
2320
2097
2248
2102
2480
14937
2429
49841
3978
234479
10107
16827
2339
15946
2526
2126
2050
2166
2151
2103
15555
2311
2239
49808
38613
2454
518264
4295
3998
5453
3307
167687
222913
5999
57100
3323
5301
2271
2767
309780
2318
2487
2335
2447
238660
18523
4408
28121
2973
2301
7615
2118
2551
2239
2315
84894
2798
2128
348313
54117
3118
63196
2313
2067
2068
2208
2642
2135
2160
2114
2161
2654
3319
3910
2288
9937
219107
4195
2180
9453
2189
2107
2139
2849
145563
3373
4772
2236
38012
184019
134402
2426
2315
1930
2251
5320
5944
1934
1865
28623
2676
2277
1775
