46537
11317
13434
11556
24554
10975
10629
11338
11300
12185
15381
11207
11738
473054
16108
32035
2284911
18374
493350
13220
12316
42368
11103
366469
15451
12470
12704
12145
11365
12841
91572
12888
14653
555937
15523
41980
11977
53509
12492
79216
11955
13534
12318
24152
19098
11190
11745
11215
11527
13984
12593
13566
391674
294651
17309
1012194
558688
685258
21802
14299
1215797
25024
175292
42646
12701
11194
17176
975352
20894
18386
11175
13780
11522
18494
661658
17356
680322
31588
17462
12676
13964
12652
13437
12953
15566
918902
20406
13016
13262
12979
13010
16284
493492
17557
14684
14400
20746
15008
262430
586629
20669
29582
13471
12719
19148
12540
15245
88695
12098
23116
13101
12955
12244
13628
11655
11758
12463
17136
1193116
23432
1517250
41753
18081
1580197
21979
90486
13330
429671
29238
32498
12427
12346
19722
1250096
21170
19766
407417
183562
1080658
20370
11506
12910
10786
10403
13674
158027
497371
1005059
20046
109343
11200
11750
42675
12942
10736
11601
11159
13193
80138
12857
265223
21198
1232492
53128
87710
12037
81260
13733
10671
11053
11556
10602
10615
82101
11404
11619
268614
199863
12388
2733568
22293
20728
28785
17566
860991
1164560
31352
306691
17236
28369
12288
15015
1627576
12214
13170
13229
12337
1276680
94011
23683
151295
15372
12091
39569
10568
13319
12346
13131
447407
15360
11376
1837431
292310
16271
331252
13502
11209
11153
12557
14915
10896
11596
11952
11843
14605
18043
21116
12084
54059
1169782
22508
12103
53000
11508
11513
11696
15144
772892
18322
25584
13085
198133
995290
703275
13660
11836
10757
11161
29625
32343
10071
9964
148785
14984
12183
9627
8378
2080
2518
2078
4375
1976
1971
2081
2048
2178
2883
2050
2179
85382
2960
5841
413850
3390
90063
2382
2281
7710
2057
64973
2786
2242
2292
2139
2066
2228
16831
2293
2609
102194
2835
7476
2230
9485
2258
14650
2200
2380
2207
4521
3437
2052
2171
2004
2123
2542
2248
2457
72100
52238
3123
184400
98811
126111
3992
2664
220863
4478
32096
7909
2304
2059
3274
177983
3815
3359
2023
2552
2113
3373
119637
3220
121766
5869
3241
2278
2535
2253
2425
2367
2891
170219
3662
2348
2388
2367
2357
2802
88927
3137
2638
2581
3654
2632
46178
109030
3673
5374
2383
2254
3463
2307
2761
16105
2267
4158
2393
2362
2214
2550
2191
2106
2224
3182
216798
4283
276599
7401
3390
285243
3893
16748
2451
79210
5089
6093
2248
2282
3518
233613
3896
3615
80379
34440
191811
3862
2160
2390
1965
1936
2595
30330
94263
181758
3722
19893
2130
2167
7977
2407
2048
2163
2098
2371
14904
2302
48812
3808
228747
9811
16353
2224
15389
2473
2045
2062
2163
2028
2030
15166
2173
2186
49419
38266
2360
503422
4251
3952
5305
3179
163761
215179
5697
55819
3265
5345
2282
2760
302424
2256
2425
2363
2292
232646
18105
4285
27989
2866
2235
7302
1920
2466
2236
2348
82837
2785
2096
339353
53403
3036
62121
2402
2148
2049
2270
2622
2006
2061
2150
2100
2540
3306
3825
2178
9828
217997
4070
2188
9685
2021
2122
2111
2717
142167
3361
4565
2385
36835
182433
130628
2577
2160
1920
2106
5514
5890
1852
1841
27612
2757
2241
1821
