47315
10878
13569
12153
27194
11810
11075
10894
10583
12072
14945
11654
12464
477722
16463
31960
2310991
18575
505281
13297
11443
43590
11111
364061
15629
13222
12325
11722
11702
12432
90190
12227
14913
556226
15511
41425
12665
55757
12370
81673
11613
12902
12934
23873
19671
10870
11680
11813
11606
14489
12895
13815
404709
299107
17103
1033472
570274
686869
21352
15592
1241627
24944
176997
43547
12637
11778
17299
997541
20948
18435
11347
13792
10883
18065
676877
17997
678675
31816
16932
13377
14145
12428
13168
12894
14947
918899
20204
12877
13135
12690
12366
16113
507944
18270
14295
14321
20083
14944
261971
583980
20289
30225
12440
11994
19527
12216
15552
89487
12415
23661
12836
13039
12495
13081
12143
11250
12186
17320
1203266
22390
1533214
40677
17844
1586872
21364
90553
13429
434844
28009
32199
12624
12230
18865
1262938
21203
20187
408346
186220
1061882
20527
11120
12573
11034
11119
12998
156103
496821
1010599
20308
110482
11668
12206
41385
12885
11108
11436
11643
12848
78560
13709
267541
21032
1243488
53260
91791
12164
83176
14440
10374
11331
10359
11256
10589
79987
12048
11981
272178
199075
12515
2771824
21740
21606
28499
17971
868639
1188741
31809
308935
17807
27541
12949
15399
1641809
11978
13125
12323
12868
1292772
93960
23750
150875
16016
11958
41038
11876
13898
11783
13807
450870
14854
11751
1867544
291762
16423
334369
13388
11199
11386
12285
14374
11186
11301
11589
11794
15110
17578
21243
12634
55453
1156377
22668
12103
51954
11935
11237
11881
14750
780457
18393
25094
13414
204233
993032
710774
13523
11671
10665
12200
28462
32946
10614
10327
151246
15390
12373
9854
8683
2033
2553
2205
4870
2163
2067
2061
1976
2225
2866
2150
2289
87497
3086
5908
424991
3447
93528
2450
2166
7975
2078
65536
2880
2391
2260
2088
2130
2202
16802
2224
2633
103965
2929
7539
2371
10085
2284
15469
2168
2251
2338
4475
3555
1998
2195
2147
2168
2664
2366
2517
75473
53603
3128
191231
102131
128518
3960
2940
228022
4560
32977
8162
2349
2161
3305
184474
3900
3423
2115
2604
2028
3372
124285
3325
123093
5969
3233
2446
2602
2232
2457
2393
2813
172759
3647
2327
2371
2316
2283
2856
92945
3278
2613
2599
3598
2632
46867
110031
3747
5513
2282
2170
3545
2264
2841
16457
2355
4288
2404
2417
2306
2495
2296
2068
2238
3227
222153
4171
283519
7371
3405
291183
3922
16911
2463
81280
4987
6177
2355
2309
3387
239182
4038
3744
81778
35511
191363
3988
2161
2393
2062
2078
2519
30296
95431
185272
3856
20309
2270
2271
7859
2425
2120
2191
2228
2363
14926
2505
50015
3850
234515
10066
17344
2274
15876
2702
2037
2149
1973
2175
2074
15124
2294
2277
50843
38562
2410
518678
4208
4097
5357
3315
167743
222655
5885
56894
3399
5330
2407
2815
310071
2249
2456
2263
2435
239683
18380
4321
28212
3058
2224
7648
2181
2604
2241
2473
84819
2736
2184
349869
54036
3077
63179
2423
2169
2160
2218
2567
2102
2064
2100
2137
2751
3258
3959
2304
10257
218980
4197
2219
9583
2102
2109
2206
2653
145854
3416
4562
2465
38370
184396
134338
2616
2171
1912
2305
5358
6102
1949
1909
28376
2847
2336
1885
