46071
10931
13231
11786
25343
11606
10712
11490
11311
11822
15518
11693
11949
480213
16417
31296
2316797
18690
506269
13577
11833
43094
10830
360907
15707
12280
12355
12130
11589
13050
89320
12619
15061
558577
15888
41978
11954
55803
12986
83036
12261
13069
13111
24701
19891
11201
12153
12012
11476
14287
12859
13782
400524
296267
16415
1025872
571445
688369
21858
14565
1233102
24575
177842
43069
12752
11361
17415
997132
20636
17585
11299
13737
10949
19386
674653
17210
684078
32758
18658
13010
13641
12109
13172
13199
15224
926961
20798
12422
11888
13689
13565
16108
507046
17152
15850
15087
20498
14276
263318
586563
20546
30483
12612
13047
18754
12336
15773
89408
12257
24269
13006
13320
12313
13103
11278
11225
12231
17581
1201626
23230
1528377
40240
17647
1586851
21701
91400
13582
435769
28170
32222
12172
11879
19350
1263838
20697
20042
413929
191109
1070031
20485
10863
12825
10595
10436
12531
155403
492685
1005896
19136
110430
11332
11827
42621
12850
10938
12401
11493
13169
78106
13613
268039
20772
1245603
54910
91609
12624
81926
13987
11063
10895
11283
10519
10957
81072
11773
12000
267701
198017
11746
2782532
21559
20978
29792
16978
871213
1186601
32430
308271
17949
28004
12258
14997
1638044
11882
12710
12703
13217
1297695
94718
23536
148474
16497
12380
40867
11750
13741
11285
13399
451245
15225
12190
1874853
292630
17370
335361
12959
11444
12153
11759
15250
10990
11069
12071
11663
14291
17414
21412
12049
56082
1161476
22002
12053
50597
11073
11622
12052
15816
781389
18571
25932
12644
203998
991026
707491
13164
12677
10177
11507
29731
32878
10022
10714
153262
14268
12165
9599
8378
2015
2485
2143
4614
2141
2002
2147
2085
2178
2950
2189
2265
87761
3077
5758
426334
3463
93589
2509
2195
7910
2035
65030
2870
2244
2247
2160
2119
2345
16688
2334
2635
104183
2967
7654
2220
10018
2366
15553
2311
2324
2340
4674
3639
2051
2245
2142
2157
2660
2328
2562
74890
53124
2960
189738
102243
128770
4037
2755
226575
4502
33086
8057
2338
2124
3318
184520
3818
3295
2103
2537
2067
3570
123737
3231
124026
6190
3523
2412
2511
2206
2448
2447
2890
174266
3716
2265
2139
2503
2470
2815
92780
3152
2859
2716
3671
2528
47050
110570
3739
5637
2290
2323
3391
2290
2945
16378
2334
4445
2428
2465
2281
2485
2127
2066
2209
3303
221569
4314
282552
7306
3363
290997
3979
17117
2514
81408
4976
6156
2282
2244
3504
239375
3877
3750
82792
36200
192960
3947
2095
2417
1966
1976
2417
30239
94551
184613
3652
20280
2180
2218
8113
2449
2081
2380
2185
2417
14781
2493
50035
3804
234895
10398
17335
2380
15731
2615
2145
2047
2129
2052
2128
15258
2257
2288
50048
38260
2189
519798
4192
4018
5564
3123
167972
222365
5977
56950
3386
5350
2291
2735
309154
2218
2351
2308
2459
240398
18438
4287
27877
3148
2325
7552
2152
2579
2093
2386
84722
2810
2250
351041
54212
3232
63471
2327
2202
2271
2173
2708
2028
2016
2189
2117
2568
3218
3959
2173
10337
219854
4047
2204
9318
1944
2144
2254
2831
145827
3449
4676
2332
38299
184029
133778
2535
2352
1858
2221
5603
6113
1854
1978
28686
2661
2305
1838
