47815
11708
13408
12190
26431
11716
11299
11370
11447
12285
15495
11075
12387
479457
16106
31932
2315860
18529
507592
13608
12139
42183
11367
359665
15399
13055
11976
12256
11045
13126
88789
12302
14190
560132
15716
40994
12278
55210
12054
81233
11979
13508
13560
24949
19463
11508
11922
11878
11472
13769
13749
14468
403820
297554
16607
1029693
570113
688945
21282
14566
1241416
24804
176866
43458
12726
11661
17784
993078
20683
17518
11266
13975
11337
18870
678414
18144
678195
32756
18878
13256
13450
12148
12611
13643
15624
929245
20556
12514
13155
13662
12869
16758
507968
18124
14940
15209
20148
14608
262456
585556
20644
30535
13100
12463
19502
12041
14949
91583
12032
23145
13253
13181
11934
12995
12129
11557
12322
17075
1201709
22875
1543065
40289
17661
1593227
21571
89374
12759
436066
27978
32760
12296
12235
19012
1268275
20947
20512
409986
187770
1070879
19607
11772
12428
11378
11109
13574
154061
494901
1011022
19373
109315
10727
12260
41511
12761
10416
11515
11533
12785
79453
12996
264788
20762
1244267
52779
90217
12017
83383
15134
10745
10561
11099
10478
10620
80560
11970
12056
271186
196576
12196
2777005
22527
21575
28795
17988
872221
1195066
32877
307917
17255
28607
12346
15829
1644054
11506
12575
12867
12301
1299434
96448
24457
150365
15312
12540
41391
11860
13323
11633
13536
453089
14955
12172
1872347
294013
16499
333344
12855
11506
11295
12083
15491
11212
12214
12382
12031
15779
17834
21369
12752
56359
1161456
23439
11308
52365
11664
11109
12175
14732
787003
18940
25321
13727
202316
996125
711102
13147
11800
9968
12125
29150
33337
10364
10329
153706
14412
12644
9110
8641
2159
2509
2195
4813
2174
2097
2121
2121
2268
2960
2059
2278
87659
2990
5821
426469
3427
93804
2496
2271
7745
2131
64832
2807
2369
2164
2184
2028
2314
16551
2276
2554
104509
2920
7465
2308
9948
2221
15259
2249
2414
2463
4691
3537
2116
2224
2134
2172
2555
2489
2632
75440
53446
3019
190505
101989
128797
3958
2722
228204
4509
32937
8152
2346
2182
3402
184007
3791
3286
2083
2601
2106
3509
124284
3325
123127
6162
3499
2423
2491
2201
2332
2528
2935
174599
3709
2260
2334
2504
2350
2927
92862
3308
2719
2719
3572
2572
46876
110190
3725
5577
2405
2269
3555
2238
2778
16823
2348
4277
2464
2473
2206
2458
2259
2109
2230
3240
222146
4207
284880
7347
3362
291932
3923
16764
2345
81409
5016
6244
2256
2301
3472
240101
3991
3804
82389
35726
193169
3795
2275
2345
2069
2091
2547
30016
95125
185543
3663
20202
2069
2270
7828
2409
2011
2190
2197
2341
15100
2395
49614
3799
234486
10034
17006
2231
15929
2786
2116
2006
2116
1994
2066
15217
2287
2274
50441
38035
2339
519319
4308
4114
5414
3296
168311
223728
5999
56800
3321
5475
2309
2891
310304
2137
2359
2316
2327
240740
18863
4403
28062
2941
2347
7713
2153
2488
2169
2432
85120
2790
2231
350579
54336
3101
63118
2317
2238
2105
2238
2764
2056
2185
2235
2175
2814
3343
3898
2285
10421
219745
4310
2082
9711
2056
2074
2246
2650
146903
3490
4554
2460
38072
184965
134152
2503
2232
1836
2288
5448
6213
1921
1932
28706
2677
2397
1727
