47381
10878
13132
12161
24828
11441
10955
10907
10858
12268
15734
11093
11981
480307
17125
31444
2323912
19104
508079
13390
11970
43645
11152
367202
14802
13072
12041
12365
11826
13136
88003
12545
14579
555865
15732
41561
12324
54984
12921
81605
11009
13419
12918
25531
18848
11165
11025
11462
11889
14124
12738
13495
407083
297982
16735
1024258
575204
689411
23340
14977
1238425
24745
178170
44500
12624
11610
18061
997355
20546
18276
11203
13640
11712
19310
682163
16764
682767
32033
18071
12985
13755
11700
12226
13274
15281
926140
19846
12931
12883
13367
12951
16087
509490
17422
15780
14980
20782
14820
259409
586642
19789
30465
12211
13251
18312
12891
15497
90398
12323
22644
13197
12940
12072
13484
11488
11778
12534
16392
1203381
23880
1535715
40845
17773
1595223
21523
91774
13346
435742
29961
31745
12130
11674
19881
1267147
20345
20439
411852
191425
1071109
20119
11165
12143
10027
10509
13731
158889
495681
1009697
19880
108539
11644
12489
41892
12851
10891
11437
10896
12998
79702
13653
267166
20827
1246215
52516
90553
11969
83728
13575
11229
11037
10954
10861
11140
82030
12006
12005
269854
196430
11437
2772014
21891
21500
28317
17547
873656
1187979
32128
307596
17797
28123
12427
16091
1654546
11956
12723
12660
12944
1292268
94290
24270
151963
16038
12108
40909
11057
14302
11972
13394
455022
14537
12758
1869932
293802
16783
333951
12765
10861
11441
12296
14804
11829
12116
11910
12218
14943
17927
21307
12386
54069
1161116
22780
11803
51634
11878
11329
11907
14949
780516
18417
25480
12797
202579
995640
710633
13263
12383
10434
12459
29285
31896
10499
9841
152450
14867
12726
9328
8561
2046
2449
2162
4526
2103
2066
2044
2025
2248
2976
2065
2209
88083
3132
5766
427383
3524
94002
2460
2224
8009
2107
66346
2721
2321
2192
2208
2159
2295
16427
2274
2607
103906
2929
7592
2268
9950
2358
15317
2061
2398
2319
4804
3415
2060
2113
2062
2206
2575
2294
2464
75751
53336
3015
189699
102898
128788
4240
2835
228250
4518
32990
8345
2335
2136
3441
184427
3806
3395
2088
2558
2171
3527
125178
3154
123780
6051
3447
2387
2554
2153
2287
2498
2883
174046
3663
2334
2325
2450
2373
2835
93087
3172
2846
2703
3712
2630
46313
110490
3575
5653
2264
2400
3330
2400
2831
16594
2345
4148
2467
2423
2204
2576
2184
2101
2273
3115
222041
4425
283503
7428
3394
291987
3871
17122
2478
81442
5338
6104
2243
2229
3549
240250
3901
3797
82452
36407
193079
3871
2153
2308
1906
1971
2660
30903
95119
185374
3786
20013
2211
2327
7954
2359
2085
2217
2082
2388
15107
2491
49910
3809
234997
9903
17183
2250
16019
2531
2198
2102
2116
2058
2176
15518
2347
2290
50310
38122
2190
517829
4213
4110
5317
3226
168722
222408
5966
56908
3425
5407
2340
2922
312441
2242
2389
2306
2409
239500
18363
4449
28500
3048
2285
7641
2044
2629
2235
2398
85373
2693
2316
350081
54293
3132
63072
2325
2115
2155
2244
2610
2205
2127
2150
2229
2695
3359
3947
2249
9990
219850
4178
2184
9568
2130
2091
2217
2719
145770
3417
4615
2312
37968
184736
134154
2518
2330
1921
2367
5453
5945
1928
1822
28540
2751
2371
1762
