47395
11314
13002
12051
24877
11848
10964
11353
11190
11817
15299
11105
12231
479349
16860
32446
2304857
18718
508049
13300
12414
42171
11142
364534
15242
12155
12006
12460
11432
13220
91676
12296
14607
557138
15597
41015
12427
55744
12299
82236
11405
12936
13869
25069
20474
11402
11670
11758
11248
14306
13761
13721
405870
293664
16942
1030488
569192
692184
21707
15069
1235442
26246
179456
44126
12729
12182
18387
992380
21286
17891
10616
13582
11736
18667
677643
17470
682626
33073
18391
12625
13961
12120
12202
13778
15211
929700
21051
13064
12938
13753
12973
16637
505446
16636
15021
14128
20871
15210
262922
583859
20222
30094
13247
13154
19870
12590
14974
93526
12327
24673
13468
12879
12005
12873
11594
11523
12097
17374
1209122
23263
1544840
40061
17373
1592964
22078
90246
14226
436023
28549
32698
12012
11951
18957
1268370
21240
19224
410324
189168
1070822
19945
11457
12100
11033
11038
12989
158559
497756
1005515
19544
110040
11488
11844
40789
13359
10730
11535
11510
13120
79962
12893
267188
21229
1249074
54738
89127
12207
83506
14622
11198
11209
11152
10774
10870
80926
11228
11777
272174
197245
11717
2776619
22384
21790
29223
16989
874336
1197382
32301
310074
18101
28395
12980
14753
1642352
12438
12650
12447
12713
1291719
94855
24104
149836
15731
11989
41285
11389
13094
11757
13766
454596
16259
11869
1873153
298386
16581
335308
12865
10805
11333
12362
15350
11356
12049
12035
12150
15151
17693
22110
12432
56491
1164259
22713
12441
51174
12597
11841
13237
14704
781595
19561
26275
12705
206065
991541
710297
13534
12368
10121
11509
28875
32630
10313
10176
154156
14202
12171
9566
8545
2095
2467
2213
4543
2150
2063
2135
2119
2178
2913
2055
2246
87746
3126
5935
424336
3494
94054
2458
2335
7765
2125
65753
2796
2201
2158
2199
2096
2339
17016
2251
2591
104061
2910
7507
2299
10014
2254
15465
2155
2279
2473
4786
3745
2148
2202
2090
2150
2616
2489
2533
75639
52813
3068
190848
101694
129099
3959
2821
227022
4777
33300
8261
2329
2255
3502
183675
3943
3319
1994
2531
2193
3476
124183
3286
123653
6255
3487
2319
2569
2159
2283
2570
2887
174769
3808
2329
2386
2516
2373
2941
92501
3007
2713
2560
3720
2732
47032
109829
3658
5527
2398
2415
3632
2332
2742
17055
2384
4528
2467
2401
2199
2455
2171
2092
2214
3257
222905
4265
285346
7361
3293
291661
4002
16834
2648
81805
5072
6177
2232
2259
3461
240565
4002
3543
82255
35763
193085
3836
2198
2284
2025
2097
2499
30761
95475
184230
3704
20218
2237
2223
7745
2523
2045
2225
2200
2367
15124
2364
49916
3885
234883
10304
16829
2242
15981
2699
2178
2118
2113
2093
2135
15282
2200
2244
50769
38232
2295
519371
4314
4141
5402
3087
168836
224343
5990
57304
3472
5458
2428
2729
310542
2328
2374
2272
2401
239134
18485
4395
27956
2975
2243
7718
2104
2465
2194
2483
85314
2964
2201
350853
55134
3120
63376
2395
2102
2135
2254
2737
2086
2144
2149
2178
2721
3277
4054
2251
10408
220479
4218
2269
9446
2226
2197
2453
2642
146076
3617
4767
2336
38597
184393
133991
2546
2281
1877
2212
5407
6106
1910
1872
28701
2690
2318
1798
