47387
10695
13304
11987
25864
11333
11063
11087
11412
11970
15097
12041
11849
481124
16492
31602
2323857
19119
508309
13194
12453
42029
10911
366953
15634
13116
11719
12485
11491
12435
90094
12681
14472
560412
15804
41544
11719
54913
12748
82994
11490
12776
11990
25015
19533
11065
12041
11370
11071
13998
13527
14431
403586
297506
16951
1034361
572740
690053
21956
14571
1242389
25187
177867
44098
12928
11692
18075
992331
21396
17011
11453
13720
10751
18743
678170
17332
680723
32130
17945
12542
13706
12168
13205
13443
15348
927986
20305
11858
13026
13192
13566
17015
506875
17927
14810
15034
20803
14423
260196
582793
20269
30379
12465
12770
19375
12287
14925
90664
12516
23522
13426
12792
12896
13404
11488
11188
12361
17236
1206493
22837
1540938
40269
17701
1599920
21538
90833
13310
432182
28522
31075
12237
12039
19487
1262440
20566
20241
409722
193734
1067652
20371
11561
12093
10554
10756
12806
157008
496621
1010318
19508
110130
11599
11922
41834
13704
10851
11520
11321
12913
79170
13622
270182
21765
1254059
52704
91055
12860
84339
14096
10893
11400
10550
10857
11288
81118
11983
11819
273123
201046
12428
2775218
21913
21212
29608
16803
873573
1191590
31223
308099
17398
27750
12022
15457
1646316
12106
12641
13025
12358
1301629
93332
23973
151261
15929
12436
40743
11793
14212
11464
13831
456480
15420
12476
1879593
293631
17353
336073
12226
11318
11315
12154
14562
10962
11744
11529
11607
14585
17223
22055
12355
54928
1162620
22367
12444
50912
12013
11591
12013
14878
788068
18823
25646
13182
203278
994862
711316
13456
11966
10357
11749
28706
33568
10498
10334
152522
13823
11838
8890
8527
2001
2494
2184
4644
2079
2070
2080
2102
2182
2862
2249
2243
88009
3091
5818
427649
3530
94107
2427
2326
7750
2100
66153
2855
2386
2156
2215
2084
2195
16800
2317
2593
104660
2945
7616
2195
9932
2341
15535
2138
2255
2206
4745
3562
2058
2252
2032
2100
2547
2453
2624
75191
53348
3087
190980
102492
128870
4037
2761
228595
4564
32944
8336
2409
2181
3444
183661
3975
3195
2082
2601
1994
3491
124336
3238
123468
6047
3359
2327
2552
2195
2474
2514
2894
174340
3670
2167
2362
2431
2500
2961
92766
3226
2683
2728
3700
2571
46515
109897
3702
5564
2306
2324
3514
2284
2734
16589
2407
4285
2469
2379
2360
2557
2182
2034
2261
3250
222297
4203
284461
7374
3414
293180
3912
16981
2483
80931
5044
5991
2285
2282
3507
239323
3925
3757
82205
36659
192467
3910
2217
2256
2005
2036
2449
30522
95387
185485
3641
20327
2241
2242
7972
2584
2096
2219
2150
2385
14949
2470
50506
3954
236145
10006
17259
2370
16086
2604
2146
2155
2006
2079
2199
15361
2333
2231
50928
38865
2391
518383
4270
4076
5523
3122
168605
223304
5771
56866
3324
5313
2234
2842
310620
2286
2368
2380
2303
241055
18272
4381
28359
3026
2327
7554
2177
2633
2109
2475
85691
2857
2317
351548
54359
3257
63449
2260
2172
2120
2224
2624
2029
2118
2084
2086
2625
3195
4056
2234
10162
219991
4105
2288
9455
2131
2157
2219
2694
147245
3485
4632
2433
38178
184940
134346
2557
2259
1897
2236
5384
6169
1925
1881
28458
2587
2263
1700
