45601
10954
12925
12365
25009
11661
10680
11016
11310
11377
16082
10997
11710
472230
17125
32721
2282808
18290
498189
13045
11947
42920
11174
363595
15606
12528
13124
12514
11804
13517
91193
11851
13978
557126
15690
41612
12203
54483
12840
80289
12282
13474
12255
24897
19224
11433
12118
12206
11026
13763
12980
14478
391995
297640
16811
1012563
566755
691779
22449
14367
1216780
25282
173776
42437
12740
11205
17501
981573
21099
17563
10691
13570
10598
18477
660306
18140
681288
32834
17575
12651
14499
12367
12966
13367
15411
913328
20493
12567
12524
13244
12819
16090
494605
17030
14996
15326
21103
15046
263527
587149
20094
30697
12310
12554
19172
12753
15017
90042
12024
22883
12776
13259
13169
13347
11784
11455
12736
16380
1198260
24310
1512843
40180
17833
1579078
23043
89890
14110
430838
28943
31511
12790
12254
19785
1249231
21436
20367
408748
183508
1067381
20614
11669
12777
10415
10494
13085
157489
502072
997139
19844
110240
11150
12476
41251
12927
11044
10999
11412
13123
80561
13595
264781
20553
1228033
52073
87641
12714
81462
14125
10616
11332
11049
10586
11595
80274
11875
11806
267851
197987
12148
2749383
22925
21205
28110
18258
866552
1172331
30262
307983
18324
28360
12313
15051
1622806
12352
13089
12216
12416
1281685
93914
24124
151089
15235
12912
40671
11318
13314
11846
13505
450479
15195
11785
1849660
293453
17586
337816
12948
11116
11664
12257
14377
10994
11790
11905
11740
14733
17017
20270
12084
56065
1169749
22756
11557
50539
12342
11081
12085
14947
769419
18249
26029
12528
199535
998019
706991
12517
12301
10256
11759
29031
31603
11035
9838
148565
14732
12033
9704
8129
2003
2412
2221
4477
2124
1987
2042
2053
2075
2974
2006
2146
85409
3156
5897
414650
3336
90954
2391
2208
7809
2071
64673
2800
2228
2301
2221
2133
2367
16852
2148
2452
102712
2833
7451
2252
9686
2334
14913
2233
2371
2154
4675
3492
2111
2252
2133
2034
2507
2333
2599
72182
52697
3021
184924
100198
127852
4065
2676
221148
4570
31859
7882
2306
2088
3303
179088
3867
3247
1947
2537
1977
3360
119886
3363
121985
6120
3236
2319
2655
2227
2355
2481
2893
169493
3692
2261
2275
2377
2338
2775
89471
3034
2687
2710
3725
2658
46508
109028
3643
5534
2251
2264
3409
2312
2763
16273
2232
4119
2355
2413
2357
2508
2206
2073
2265
3054
217863
4427
276301
7215
3350
285671
4092
16551
2586
79543
5061
5936
2351
2283
3525
233439
4077
3736
80905
34340
190014
3905
2216
2353
1898
1970
2493
30257
94931
180542
3721
19845
2116
2276
7682
2393
2075
2104
2152
2379
15085
2484
48751
3702
228398
9689
16411
2340
15467
2594
2080
2094
2076
2003
2186
15011
2248
2243
49295
37807
2302
506863
4323
4032
5161
3278
165092
216611
5560
56238
3461
5384
2305
2729
302396
2253
2439
2220
2298
233797
18141
4313
27983
2870
2394
7476
2032
2457
2169
2383
83330
2784
2117
341868
53486
3216
62871
2360
2120
2137
2208
2543
2005
2064
2129
2102
2604
3157
3729
2181
10220
218252
4128
2120
9244
2144
2040
2206
2654
141758
3334
4624
2302
37012
183105
131364
2362
2265
1823
2218
5372
5760
1972
1826
27461
2705
2232
1809
