45623
11454
12979
11640
24730
11331
10457
11111
11254
12351
15240
11010
11868
471631
16249
31812
2282750
18554
498190
13289
12525
43111
11054
364004
15697
12699
12126
12382
11439
12730
92374
12774
14980
555349
14926
40176
12380
53817
12624
79001
11582
13017
12300
23899
19327
10883
12028
11944
11348
14378
13701
14154
392560
299242
17684
1015797
562862
686940
21943
15189
1217279
25102
175085
43761
12955
11119
17859
981687
20196
17960
11149
13683
10916
18554
671423
17736
684673
32121
16781
12593
14742
11933
11955
13314
15612
913512
20393
12447
12351
12881
12476
16093
497370
18146
14753
14091
21291
14999
265190
588146
19931
29472
13055
12843
17942
13262
15130
92300
12184
23918
12756
12343
12027
12651
11561
10813
12825
17333
1189356
23668
1516995
41087
17142
1572035
22240
89699
14121
430562
29206
32183
11648
12368
18788
1246882
21159
19384
407672
183138
1078166
20755
11045
12101
11819
10777
12663
158299
498138
999253
20136
109153
11852
12145
40044
12884
11077
11683
11685
13283
78392
12910
265200
21119
1233053
52557
87582
12280
82701
14181
10097
11060
10467
10523
10371
80702
11706
11633
268703
199939
12061
2743784
21827
21440
28218
16731
858958
1171059
30719
307244
18578
28607
12299
15331
1619511
12030
13333
13228
12197
1282359
95209
22702
149887
15118
12244
40307
12264
14714
11837
13776
450258
15452
12419
1850370
293579
17021
337759
13086
11101
11774
11281
14685
11266
11646
11461
11567
14711
17753
21279
12782
54880
1166963
23479
11872
52738
11578
11724
11650
15037
768704
17786
26063
12516
200055
1002015
706918
13562
11850
10397
12506
28559
32657
10735
9645
148190
14605
12011
9207
8208
2091
2386
2098
4424
2054
1962
2072
2061
2227
2854
2003
2178
85391
2967
5788
414860
3434
91179
2413
2301
7846
2063
64733
2830
2281
2188
2197
2067
2248
17044
2258
2633
102457
2789
7252
2244
9597
2303
14705
2113
2297
2186
4520
3500
2011
2218
2143
2122
2590
2464
2572
72479
53098
3132
185475
99512
127056
3982
2799
221604
4499
32101
8096
2345
2052
3361
179274
3730
3308
2062
2531
1999
3385
121764
3282
122638
6023
3131
2278
2650
2154
2228
2455
2886
169574
3655
2239
2191
2358
2242
2788
89983
3231
2664
2508
3708
2624
46771
109323
3611
5345
2375
2282
3229
2411
2769
16660
2302
4355
2354
2291
2198
2346
2150
1998
2267
3154
216776
4276
277469
7358
3205
284788
3958
16486
2578
79570
5103
6040
2173
2295
3347
233566
3976
3559
80739
34223
191703
3912
2129
2273
2153
2039
2455
30325
94555
181080
3787
19861
2279
2231
7556
2410
2111
2167
2166
2382
14678
2345
48948
3780
229761
9828
16509
2269
15579
2591
1925
2065
1983
1980
1997
15091
2218
2222
49514
38259
2263
506303
4177
4046
5274
3055
163775
216590
5572
56184
3489
5485
2266
2807
302389
2227
2478
2366
2265
234322
18424
4119
27800
2888
2227
7353
2187
2694
2196
2460
83645
2816
2250
342716
53639
3129
63199
2338
2156
2181
2036
2594
2051
2069
2044
2049
2623
3261
3878
2276
10052
218088
4252
2192
9646
2047
2118
2161
2657
141864
3273
4685
2250
37147
183780
131732
2529
2182
1894
2365
5356
6003
1952
1798
27481
2675
2263
1731
