3047714
7402955
22033905
1759389
20657927
16095589
37884746
6656421
941030
2385114
4435081
8365924
14716497
23639816
20550435
8399407
22475186
5963898
3612271
1391031
4757855
8592220
889973
3928450
68941310
6602759
2800324
15805213
34960293
2500861
1797120
8084178
3160819
25654169
9630611
10826554
3590426
5475404
5096676
5526093
16600555
8087432
4943111
3500942
11718099
26806968
59839479
8934673
6431854
9067935
2590790
4637547
19520081
1490334
27849988
3963307
27409719
12036602
17520156
13231260
3575582
28519488
1428755
1666315
4837010
3498025
10095268
1917561
25458361
2119959
11345384
12068105
6284336
17261729
15741339
16182442
17734933
3803130
706807
23829251
11579167
14304950
4419211
33737745
1182662
3668338
17691459
27017248
5773865
15454581
2994621
41009682
14250272
31378016
3829270
26914816
8423800
11397374
19971968
7586396
3174329
17371686
11252608
29212290
24981935
3730462
3042290
24069466
8813727
4270798
24138239
9092209
7581001
16575079
7513873
3012554
26615564
4744739
8393830
5541955
12686959
32728942
5220531
3061499
17748741
14044635
3475208
16170734
7392880
2401484
6002736
45277082
8349987
4304535
7239669
18586826
9360644
13994219
7462305
65692547
10589337
2613326
4025488
3184315
15914496
4750910
12791724
38555315
12412303
1175868
14576525
1753527
7588964
31322577
26993578
28166281
9331394
9306090
11130504
19178320
4293172
27510716
7413628
19017861
15000170
4212696
13479183
54923670
46128223
25613639
11914900
12876424
27068262
17145993
55398265
2591929
3050138
8499324
2348401
6235056
10638323
16816967
3056140
8313760
7199128
1391072
10752444
5131956
4483590
17633962
8002653
18537567
21155869
4459157
9870026
35948617
10391983
1622907
49389560
4797778
8281606
26027395
28943962
28450313
16399213
3299502
3766419
2895223
3062308
2522076
55196635
1122917
8049072
5333360
6079384
5332910
57820820
6035709
4699530
2192688
22371976
6506317
7929588
11038073
15451239
6737779
8837906
3839060
33157200
34236360
5013219
22044065
1290249
654175
4778182
5819983
13399572
8023060
7093210
4368006
23088995
17024144
13010556
3409036
5901484
5190912
2614882
30355345
11452382
24146932
9956851
35391589
8150008
19909709
32450269
11718890
689998
1645252
4746380
394511
4255887
3350911
6927458
1487542
206140
538787
973695
1799954
3198524
4905362
4158009
1858167
4578015
1326235
799798
315401
1114911
2147251
198457
1177377
9119074
1405590
614476
3196862
6598613
532942
402985
1760734
699664
5084210
2054704
2340224
801734
1238764
1170063
1268378
3621275
1798215
1078468
823337
2586853
5474691
9566601
1976731
1424548
2008045
592138
1030465
4237589
340383
5607724
891873
5615241
2600867
3694912
2931646
847001
5848468
321475
372170
1091698
795853
2327420
442686
5152608
482823
2485298
2730219
1414019
3702135
3374141
3630536
3762039
885427
162938
5149019
2542784
3079556
996485
6886973
273730
833492
3903961
5543752
1269235
3424096
670767
7623659
2996270
6278640
878847
5357387
1888393
2459668
4266885
1711247
724257
3620251
2500525
5997908
5298679
834942
703926
5020357
2022564
961827
5191509
2011604
1716877
3630941
1757523
684211
5759589
1061675
1951749
1237365
2890707
6518803
1181925
674190
3838262
3101850
793504
3447636
1602065
555521
1360263
8421443
1868018
980910
1648083
4053712
2182608
4433166
1687872
10395430
2458001
608055
922143
712762
3550268
1121622
2816680
7293916
2735405
271409
3342517
393118
1756243
6290806
5659330
5914048
2147996
2089143
2526605
4094325
979634
5821697
1690726
4091514
3291857
962450
3149434
9301081
8522742
5481713
2598897
2778556
5460755
3828521
9337842
602107
697984
1907112
546568
1423846
2350541
3649170
720007
1934839
1631567
318568
2322657
1121173
1047984
3838210
1834353
4017171
4622961
1016344
2160872
6858905
2386467
376595
8867691
1096588
1908897
5517992
6018451
5738036
3596193
766690
859117
662305
734189
577798
8983890
262027
1787188
1191117
1416391
1186333
10056532
1357632
1069215
490685
4735072
1456719
1744340
2381101
3226482
1485769
1970427
868541
6379371
6781768
1117539
4515031
293722
148114
1067343
1279327
2915581
1750632
1581184
959977
4718996
3621568
2802941
766699
1315223
1147503
566029
6049356
2484992
5122070
2164717
6765184
1812074
4182600
6447301
2635109
