3094316
9538242
17825156
1752279
21352272
15750502
42379392
8099234
925798
2267619
4376886
8211124
14454142
24049677
23053000
7586375
21975998
6144087
3219122
1518431
4968634
8920791
937422
3812452
66772028
6496826
2812201
12899139
35943157
2420352
1789411
3930407
3116236
26073807
10014531
12347058
3490776
5317802
5070210
5745919
16620470
6391113
5849298
3491172
11622373
27719885
47918485
10961987
6250517
9088737
2610471
4670806
19708885
1534780
28434559
4060254
27300903
11974223
17506887
13082657
3651189
28809793
1413818
1718227
5220101
2642631
6636806
2507584
23743385
1919320
7665695
11532751
8009254
18726098
15621796
14893333
18771579
3372481
829089
23780749
11700163
14463032
4605688
36551657
1213881
3638517
19405946
27426035
5707298
15114396
3045242
41036111
14477098
26766898
3792938
26946344
8186303
5173351
11387824
7865631
1902254
17024460
15835803
27250440
26061871
3674287
3044009
23416631
8569782
4434872
24419750
9361873
7718945
16753378
7902271
2887465
27249836
4816688
8195013
5611008
12558126
30835884
5250501
2763838
20500504
14053333
3239495
16348042
7119776
2287940
6133945
45564763
8120251
4195859
7109765
16443703
7799837
14364943
7219181
67212728
10774097
2628744
3915514
3006890
16105044
4558859
12347104
37989560
10492646
1063381
14800159
1782598
7897338
32665828
23267248
23034439
9937706
8260557
12402456
19782363
4174714
24193381
3404266
19244649
15001407
4805247
9214854
53535076
46287764
20377801
11970468
11087878
26799936
16127185
61385230
1590548
4026814
8248446
2362755
5218817
10604655
15467076
3030519
8226173
7208250
1404282
9801919
6019534
12009400
17448628
7798078
18023533
20687647
2635099
10061524
35290493
9920586
1661906
51064032
4729355
8182255
24821089
28977640
29536507
16365231
3351811
3708120
2950164
2962877
2319272
51639851
1109292
7725998
5348515
6086265
2833156
57914274
6069466
5000903
2108117
19245967
6479181
7795664
8557718
13718879
6453394
8786268
3630019
32830939
35566729
6233907
24242060
1370305
649075
3046988
5672444
12899818
7902343
7134569
4380719
23275479
17426359
13027807
3198814
5869152
5170586
2629127
30619939
11821183
24778160
9628497
34036206
8457023
20553031
31755831
10548923
693707
2078732
3880637
390596
4350490
3254862
7462267
1785424
201653
507531
954077
1752293
3118053
4947438
4590364
1665352
4455042
1353990
709303
341574
1155019
2199784
206867
1146188
9104023
1374110
611535
2622202
6693270
511663
397726
859134
684824
5121515
2119242
2636049
773289
1194868
1155094
1310719
3598988
1419135
1261675
814041
2544216
5606556
8572691
2386837
1372528
1998865
592316
1029177
4241230
347272
5662717
905464
5554271
2572119
3665218
2874192
857938
5851269
315632
381494
1168637
598406
1532260
572345
4807265
434046
1683721
2592401
1777337
3969971
3327038
3334378
3929246
779245
189637
5111586
2551317
3090318
1026798
7289986
279042
820111
4220333
5577029
1246603
3327206
675677
7580369
3014728
5441776
863213
5321263
1823303
1125372
2495130
1758513
433488
3529000
3434543
5625167
5458005
816669
697905
4855301
1950641
991904
5203530
2053011
1726922
3636670
1833345
651370
5832390
1069821
1893968
1243553
2842941
6164066
1179583
604030
4341148
3078466
733414
3455288
1533044
526380
1378705
8402374
1804422
948017
1606746
3585329
1813280
4451109
1622315
10279585
2477411
606362
891346
668652
3564212
1067279
2703163
7174181
2311860
243244
3361868
397291
1810386
6451135
4930499
4937852
2263373
1851670
2783442
4183382
947768
5172836
786565
4109102
3266778
1090751
2167807
9138965
8479542
4425441
2594211
2388104
5382762
3591556
9610782
369438
905167
1834126
545182
1186362
2325836
3348749
709795
1898662
1615366
318564
2109284
1296898
2721647
3774736
1772211
3879286
4498309
602883
2182702
6700260
2263715
382338
9005467
1073302
1871875
5253975
5988022
5878937
3569896
773453
838509
669609
703900
527029
8665165
257288
1705214
1180525
1407938
632650
10002427
1355887
1128041
468663
4099084
1440777
1700449
1847596
2857980
1413174
1946374
814774
6312269
6929313
1372181
4878102
309830
145913
678498
1238703
2798069
1713189
1576486
955451
4731462
3669715
2783229
712883
1298867
1133401
564970
6049150
2546796
5198531
2081926
6506204
1863687
4276366
6289924
2365695
