3109837
9791747
18186414
1780308
20737464
16206703
41211467
8324653
948213
2595998
6386726
10143746
13756047
22437248
22715452
13915850
22666008
6217954
3159671
1864094
5580163
8620016
932053
3844729
63149516
6418348
2787816
13356046
36122182
2453635
1793293
6389242
3216536
25465900
10635469
11955463
3426933
6568633
5074156
5791937
16635256
7690296
6189213
3391808
12118981
28788214
50270511
9021213
7347289
9015515
2646105
4651524
19864535
1674897
30802570
4083547
27677400
12025412
17492470
12778063
2487277
29147123
1414844
1722500
4947210
2662777
6848335
2162825
24094845
1953979
7638947
11738363
8490581
17525722
15551841
14806617
18649714
3296443
824342
23806971
12382434
15269673
4426034
35734789
1225784
3618095
18832851
16427893
5967578
15418269
2862394
41018835
17215460
27948830
3907982
29188240
8197705
4950242
11354084
7676771
2472693
17049510
11841317
27660334
26853032
3711439
3094855
23799843
8636935
4365166
25045513
9494828
7566602
16174783
7638597
3177960
26494333
4245229
7660501
5381542
12490844
31766413
5168952
2843327
17450714
13643066
2886867
16221799
7398667
2283982
5370465
44743816
8350907
4174845
6888818
17153042
8065462
14121872
7597632
64726208
10768567
2689261
4284651
3164971
15912245
4563113
12022791
37258722
10829172
1122693
16575459
1745244
8056824
33699232
23136962
22594851
9859100
7914048
12949465
18495913
3993948
26559608
3372392
19016884
16080166
4837327
12307201
53461893
46451586
20485395
11957519
12738820
27390488
16976169
62142266
1631572
4249619
8169144
2308405
5485536
10622191
14756839
2800693
8108052
7672085
1427808
9350320
5074726
12651489
16756339
6640641
19178593
21407861
2646751
10336896
34710856
9851172
1680422
53970776
4717095
8603349
24754475
28592902
29293988
16020618
3226803
3948540
2958893
3178333
2517229
53717142
1082219
8399559
5884295
5863317
2708178
58861095
5715733
4918991
3012426
19574970
7003810
8034841
7389160
16051348
6346402
7994089
3588668
31422725
35983175
6534967
23800366
1331648
645764
3721464
5598837
12578670
7905534
6886790
4459278
23226885
17302409
9800928
3458197
5946221
5119823
2948738
31256533
11080079
24688381
9288714
34019948
8097927
20349270
31841009
11113740
692490
2136867
3925100
393371
4223854
3317226
7280087
1819410
204648
577620
1388256
2133262
2953632
4617418
4499917
2965815
4553845
1360663
690643
417932
1285513
2130301
204627
1170933
9075267
1347420
602645
2695147
6678035
515347
395497
1378295
701596
4983923
2230962
2539783
752700
1465724
1146943
1311648
3579983
1688170
1323427
786404
2632270
5740933
8772264
1957090
1597442
1968388
595434
1016437
4242105
375619
6014620
903695
5572632
2564295
3635153
2789005
583058
5869484
313891
379571
1100287
598499
1566636
490996
4837212
438133
1665092
2616336
1865203
3699133
3287426
3293589
3874940
755782
187252
5079717
2669636
3230595
977557
7107577
279240
808743
4073256
3484993
1289604
3364223
630724
7529507
3528146
5604806
882491
5660442
1810164
1067933
2468503
1703856
563968
3506873
2584501
5655849
5557444
818333
703935
4892769
1947500
968910
5276160
2065182
1681412
3493557
1758871
709714
5654924
940295
1755738
1185082
2805404
6263304
1151835
616515
3718103
2969569
648679
3405125
1578291
521164
1202043
8244608
1840142
935073
1543395
3697521
1859218
4360600
1690105
10265904
2455655
615461
963481
698271
3492217
1059557
2611874
7022572
2363953
254095
3710806
386041
1830195
6580672
4874345
4815011
2225987
1760725
2876758
3903203
899823
5566584
771485
4030980
3457050
1090574
2837896
9074125
8452419
4411209
2570593
2709116
5446846
3734495
9574690
376554
945357
1799977
528503
1234874
2312496
3179001
649485
1857505
1699816
322123
1995787
1091107
2836803
3605511
1506208
4074155
4605311
599788
2224726
6562792
2232104
382725
9191375
1062273
1953698
5195964
5878711
5792256
3470680
738432
887610
665285
749030
567663
8771849
248753
1835270
1290914
1346279
601035
9993962
1267827
1100272
667476
4131872
1542057
1737301
1590676
3302219
1378777
1755858
799698
6041777
6953301
1422751
4760756
299072
144252
821873
1213942
2714374
1700179
1511636
964534
4687097
3618003
2109413
764261
1304345
1114828
627745
6110315
2382182
5149331
1996722
6472348
1771927
4207690
6263601
2468607
