3098099
9781400
17947090
1770692
22585738
15689666
39906583
8274777
940835
2474752
6301813
10006431
14400513
22566047
23818257
13912366
22266140
6406690
3249772
1523390
4612432
8522088
902691
3440461
68920769
6715162
2809347
14645733
36093130
2415660
1837365
7891415
3173871
25624011
9454130
10561290
3461674
5600473
5093867
5896971
16572798
7452091
5333403
3414331
14453816
29541227
49692868
9136391
6641182
9067498
2647150
4635089
19577430
1972693
28982274
3972507
26921086
12523941
17350207
13137442
2465238
25435138
1415469
1726640
4958352
2655528
6835241
2144007
23317928
1885691
7616516
12223310
8520338
17804720
17825068
14882586
18348851
3363115
802908
23784518
12645173
15478328
4223242
35744813
1231032
3706447
19083934
17058793
5965591
15586819
2873223
41174147
15125498
29008809
3912408
27217148
8157170
4932737
11406736
7729206
1991626
16877185
11796084
27220634
22613120
3776295
3026496
22923968
7109989
4348153
23912686
9273148
7657428
16253196
7518085
2679308
26455729
4197147
7961214
5470291
12492508
31456322
5212819
2784192
17315591
13862515
2914312
14696942
7270796
2300467
5220570
44846779
7880792
4306246
7074027
16240622
9210722
13707183
7552116
65208257
10803744
2629225
4317577
3140843
16017315
4676463
12927028
37667866
10802419
1088715
15046707
1780411
7745076
31496025
28951532
23006524
9939364
8074666
13057972
20564685
4155408
21488986
3290035
17556673
14536542
4766540
11691573
53689459
46101605
20969049
12007603
11996796
27725878
16165307
61364575
1641316
3249796
8159149
2311630
6126921
10183930
14809628
2787177
8214961
7350590
1436633
9656466
5176996
12534501
16604965
6749848
19066479
21212911
2684152
10147755
34791043
9383085
1705251
53894017
4768336
8954128
24087765
28967463
30114081
15986138
3350094
3747145
2902928
2904167
2605190
53777810
1097732
7480396
5886377
5972817
2700703
57718233
5399655
5128347
3080297
19207088
6295413
8062545
8102798
16195061
6401993
8802840
3641348
36702881
37254955
6417624
23029086
1287938
652533
3762422
5680682
12634301
7889313
6862448
4352868
23559816
17335220
8715550
3572984
5810542
5145271
3090388
33542459
11775242
24420435
9396677
33944254
8305666
19476138
32603917
10855912
695655
2148398
3900527
393599
4574366
3236927
7163255
1819911
204716
554043
1379354
2118905
3107882
4666413
4722100
2983823
4506127
1411047
715199
342516
1071825
2109320
199487
1077572
9072968
1416102
611139
2953218
6717056
510737
407969
1706854
696417
5035822
2012484
2266362
766243
1257068
1159346
1342300
3589498
1647089
1150104
796451
3134356
5925936
8763932
1994274
1455910
1990610
599559
1021151
4215916
444097
5749603
884762
5475367
2684113
3631333
2880304
581676
5252637
315924
382366
1110431
601108
1574311
489550
4732540
425433
1671770
2740621
1885649
3780632
3764248
3330047
3847385
776354
183593
5106244
2747099
3291687
942574
7160878
282570
833277
4151080
3632241
1300985
3418950
637208
7586137
3156753
5826035
888202
5363897
1814547
1071051
2497418
1726691
460782
3497835
2592017
5612783
4807408
837945
693551
4760847
1621007
971597
5102945
2033207
1710864
3533953
1741463
603584
5682441
935779
1836257
1213275
2825272
6251409
1169717
608092
3716506
3035569
659153
3124773
1562790
528568
1178221
8303537
1752674
971764
1597614
3535910
2128412
4329228
1694080
10320124
2482191
606100
978066
698527
3539653
1093841
2818795
7124199
2377222
248835
3409689
396769
1774420
6270915
5984790
4925839
2260855
1806551
2922462
4331465
942580
4647340
760598
3759931
3167035
1080616
2721246
9143607
8455192
4536298
2598416
2569793
5536674
3589659
9604750
381371
734013
1813670
532628
1385813
2234170
3212944
651308
1894474
1643829
326484
2077886
1121311
2832187
3605699
1542984
4083097
4602643
612722
2198053
6619003
2144962
392463
9239778
1081166
2043050
5114092
5981984
5971408
3488937
772521
846986
659105
689875
590595
8820212
254069
1650711
1298869
1380388
603446
9980793
1208233
1153447
686640
4098497
1398411
1757147
1752713
3355745
1400468
1947898
817420
6876672
7181704
1411028
4657597
290717
147007
835395
1240422
2741114
1707986
1516698
948945
4780963
3649609
1900002
795822
1285876
1128626
661853
6505613
2538619
5128627
2031685
6502652
1829434
4063619
6420828
2431227
