3081440
9868737
17887279
1674977
21209212
15503203
41820870
8104663
867123
2379025
4704699
8355947
14383430
23919313
16354550
14250687
22346976
5936653
3163651
1731629
4973756
8978385
898953
3463396
63466494
6445005
2772576
14517399
36158900
2191621
1893681
4344104
3216676
26518381
10705562
11374940
3380190
6924570
5030553
5646005
16512613
7455673
5902742
3329676
10907930
28680981
48874968
9960601
7417366
8456152
2581517
3705269
19567395
2152122
29424976
3920437
27563501
12183994
17595046
11799953
2312794
25371832
1369304
1692994
4336257
3439312
6909612
2438703
24210560
1874703
7543414
11513195
8539257
17071084
17809737
9156380
18066114
3349984
846119
23792360
14317114
14178575
3775064
36047117
1218536
3635085
19171838
16625119
6183088
15569184
2825570
41151480
12985507
32987580
3778556
27317333
7399209
5077429
11459384
7513656
1552246
17524489
15058188
27200315
13734800
3634337
3073659
23688328
8452160
4365745
24166412
9485955
7682119
16260778
7777541
3024774
26339861
4339760
7788359
5443990
12588389
31158361
2367148
2902905
17287283
13667481
2170142
15455483
7075784
2233422
5342573
45439149
7897886
4245839
7952582
17491848
8566417
14025079
7429512
65193434
10782605
2699216
4352824
3141052
15537886
4591078
12609961
37795045
11111675
1100930
14796707
1784638
8009801
29958320
22524508
23107878
9806215
7923899
11735919
19557534
4132409
21398847
3387580
17555412
16428474
4685873
11550268
51233448
45435116
20535680
11936571
10574201
26292835
17180740
60878654
1760748
3480679
8121533
2409757
6147699
11598955
15349880
2784225
8142962
7694011
1426269
9778415
6207620
12548080
16495334
6889860
17873677
20865999
2644872
9800888
34987808
9899013
1680660
52523078
4753340
7712593
23916840
27375875
29612556
15350842
3296932
3787366
2991916
3130612
2481392
54437337
1093035
7506108
6116293
6008313
2715063
58836432
5737363
5068167
2169314
22176861
6442762
5299479
8588861
16139662
6501003
8343586
3659462
32438128
35205281
6441953
22651938
1336677
652044
3727393
5074090
12925115
7869047
7148795
4351692
13396362
14750849
9795232
3262556
5910000
5108600
2980938
30468015
11500912
24615747
9598320
33941121
8075897
20505788
32097401
10383012
691632
2165251
3887296
372452
4325861
3203024
7396570
1784650
188424
532339
1025927
1779947
3098448
4920216
3338691
3050675
4517723
1308327
695990
391233
1155699
2212403
198623
1090549
9119265
1361377
602872
2926758
6723451
463220
419587
947458
706026
5191400
2258234
2434050
746971
1551744
1145919
1286325
3578189
1647736
1270727
776051
2390030
5746545
8681003
2170082
1622152
1863754
584414
820122
4209667
482775
5824479
873498
5599471
2614470
3674376
2599727
545868
5234792
305667
374771
971676
775160
1591336
556223
4893698
422868
1656901
2583999
1887129
3629860
3757588
2080279
3790683
772506
193337
5099023
3077111
3030426
846915
7204697
279005
816838
4170060
3535679
1346630
3416909
627034
7581487
2721931
6480026
859038
5379536
1648438
1102027
2506224
1680600
354541
3620229
3268914
5608131
3026157
806668
704755
4902116
1919815
974535
5146176
2073930
1716158
3536161
1801093
679361
5659990
965325
1794522
1207103
2842598
6204968
528164
633267
3709969
2993747
493440
3273858
1521913
513374
1204204
8369307
1753982
957868
1787783
3788891
1981536
4361303
1665741
10320759
2473196
621475
984918
696319
3438151
1074540
2749891
7128730
2440284
250708
3353566
397689
1831669
6010654
4783025
4942568
2227362
1775288
2639000
4133622
935848
4622496
781509
3760586
3548495
1063255
2690121
8926680
8379333
4447975
2581582
2274013
5287193
3797759
9590139
409331
784223
1804685
555147
1392230
2527875
3320026
649961
1876050
1715989
323748
2101106
1334431
2835098
3579867
1573941
3846801
4529856
602677
2126003
6650262
2259776
386306
9132495
1076189
1766276
5079022
5694317
5888361
3355107
759139
855503
678171
742963
561771
8870600
253169
1653602
1349040
1387200
605303
10038493
1280766
1140698
481538
4635176
1428577
1165772
1850129
3343907
1422058
1846908
820862
6244856
6863549
1413213
4589505
302137
146524
827146
1105044
2797525
1703292
1578609
947547
2836778
3138754
2123302
726110
1305335
1120931
637459
6020026
2479524
5161711
2072905
6490090
1779799
4262342
6336671
2330109
