2965763
10391217
18228207
1688109
19741914
15157703
41571736
8003163
847939
2361318
5220193
9589920
13841257
21662724
12802709
13941590
24106277
4744916
3095175
1596875
5427870
8567176
913553
3397336
69467766
7357781
2692361
15742875
36690257
2297282
1872488
4715330
0
0
0
0
0
0
0
0
0
0
0
0
0
0
0
0
0
0
0
0
0
0
0
0
0
0
0
0
0
0
0
0
4596305
3275037
6636402
2366279
22800167
2061409
7613788
11738721
7119547
17979392
17311711
9376523
13268448
3374315
765422
23859042
13544891
13953784
4064582
32258156
1180858
3699688
19402518
16522884
14568920
14602358
2836072
41102671
15362292
30159187
3749132
26551748
0
0
0
0
0
0
0
0
0
0
0
0
0
0
0
0
0
0
0
0
0
0
0
0
0
0
0
0
0
0
0
0
7560153
2168859
4634071
45318807
7800681
3960221
7783246
16697741
8697204
14232700
9299313
64880488
11002225
2680584
4328042
3101844
15688368
3978362
12267113
37687411
12531307
1080163
13065729
1865214
7957421
25058900
24221548
22512009
10409811
5972690
11207094
16063514
0
0
0
0
0
0
0
0
0
0
0
0
0
0
0
0
0
0
0
0
0
0
0
0
0
0
0
0
0
0
0
0
21919640
2474724
9214747
34691469
10446179
1674995
51864620
4693697
8012033
31457249
25109435
29331577
13404273
3160400
3752220
2496017
3207149
2491179
51039965
1091815
8029510
5985732
6092624
2719883
59343476
5461387
4867266
2159875
17391487
6978295
5982705
10259848
0
0
0
0
0
0
0
0
0
0
0
0
0
0
0
0
0
0
0
0
0
0
0
0
0
0
0
0
0
0
0
0
660559
2256978
3927997
372436
4025391
3114451
7320205
1749503
182950
524500
1132709
2019476
2966702
4464994
2634779
2967229
4793669
1041624
676309
357003
1249413
2079568
199977
1007107
9011264
1538062
580479
3139896
6753842
481485
411755
1019983
699621
4959684
2092261
1653483
734469
597896
1119309
1289135
3539297
1736345
941060
762607
2552946
5815381
7735106
2372500
1566095
1836840
587904
775605
4077317
395101
5857977
871336
5547426
2717867
3632597
2826751
606421
5928071
304188
365241
1021487
734679
1517233
535570
4606331
459823
1656549
2613429
1567693
3781224
3632965
2111108
2825255
772390
173714
5071858
2900437
2958055
902294
6522842
268189
825302
4183103
3483171
3088378
3195381
623850
7524616
3161190
5973633
845012
5202694
1596897
1173633
2572182
1595013
386583
3482360
3240624
5474792
3254023
802373
362764
4839594
1843001
962450
4316377
2076924
1610640
3295152
2022996
642634
5304964
922191
1880451
1157726
2776709
6271048
488717
607029
3753872
2875210
449411
3116135
1608816
494931
1036946
8297777
1721050
886650
1736047
3598709
1996139
4328279
2051151
10262809
2501549
612159
971110
683363
3440623
921967
2659452
7060130
2720053
243993
2947708
412244
1804829
5113173
5063170
4785736
2343301
1328412
2503233
3410124
917003
4423815
787052
4092348
3141936
1087555
2410253
8622420
7893978
4075525
2558192
2002243
5451805
3743550
9568038
425710
886833
2002734
546383
1102522
2531158
3365290
642172
1922231
1589725
289220
1938383
1103095
1208557
3199605
1523397
4087857
4701480
560246
1985422
6552478
2361076
381405
9000287
1054781
1821017
6399965
5238782
5796728
2932443
721781
840708
559857
753410
560639
8560636
250704
1751900
1310920
1394663
601904
9984276
1210133
1087285
476490
3690917
1531982
1301650
2179141
3321834
1350265
1918254
801080
4393188
6940226
1401946
3953634
285958
140180
381118
1289898
2505242
1695711
1535804
936542
2957908
3196808
2105607
670002
1272946
1110089
619670
5918604
2486217
6526647
1929757
5383803
1751480
4168395
6309190
2068336
