3037020
10092426
17961674
1700885
19872059
14976072
40002534
8122264
845332
2209367
4104874
7884330
13675263
23643966
13580384
14217553
23776093
4789570
3066486
1615415
6657820
8616023
896013
3359316
70301436
6406993
2814600
14046829
36908487
2167909
1877561
4610796
0
0
0
0
0
0
0
0
0
0
0
0
0
0
0
0
0
0
0
0
0
0
0
0
0
0
0
0
0
0
0
0
4451393
2780849
9556206
2344932
21879340
2045138
7729010
12056822
5424818
17780021
15635163
10055822
17535887
3333161
839664
23887413
13655763
13547078
4995646
33284345
1245075
3490857
16080707
16190735
7756840
14551774
2824734
41136563
12967565
27539677
3761556
29025306
0
0
0
0
0
0
0
0
0
0
0
0
0
0
0
0
0
0
0
0
0
0
0
0
0
0
0
0
0
0
0
0
7700614
2204651
5100877
45325946
7832296
3866926
7863043
18371892
9439270
13897718
8930606
65037384
11178160
2515816
4358159
3004387
15900031
4059687
12219527
37475736
12583873
1028385
12514779
2502748
7802110
27402524
14574928
22568547
9915551
5788323
10792964
17082666
0
0
0
0
0
0
0
0
0
0
0
0
0
0
0
0
0
0
0
0
0
0
0
0
0
0
0
0
0
0
0
0
19645988
2500825
9408313
34428400
10170719
1758502
49928168
4707358
7479035
24233074
23150039
35830562
13577526
3197058
3726495
2458870
3104953
2091733
50597990
1064684
4638299
5974240
5846171
2683678
58959161
5441499
4600587
2071124
17944242
6391509
5662030
8141922
0
0
0
0
0
0
0
0
0
0
0
0
0
0
0
0
0
0
0
0
0
0
0
0
0
0
0
0
0
0
0
0
674537
2191600
3872334
375352
4039169
3076333
7114423
1771670
182348
490628
883921
1668290
2925511
4824929
2779788
3013016
4725001
1049483
669672
360485
1516780
2085021
196370
993981
8962718
1338931
607227
2807700
6772581
454127
412269
996783
686701
4918546
2138299
1621556
727867
593502
1125226
1260594
3554108
1917352
1254304
773198
2572439
5614567
7911289
1876347
1574208
1765767
588603
783794
4064646
389253
5539402
899252
5404870
2575116
3616787
2841209
583789
5781768
301134
375585
985349
621603
2169665
530066
4422856
454884
1678066
2678462
1197634
3740350
3294043
2254836
3658354
762072
189750
5069244
2919005
2872150
1095182
6687989
282264
778861
3508820
3418197
1669954
3179153
620599
7521417
2691649
5514199
845931
5616279
1594915
1099501
2598951
1645766
408259
3482510
3229406
5449765
3859872
802887
366136
4830521
1950709
944480
4576979
2042891
1696426
3298830
1187996
653232
5688809
942830
1768610
1150775
2768206
6378571
478287
607170
4066155
2986869
476431
3059616
1635328
501471
1137984
8277773
1725269
865092
1750600
3933036
2156125
4276893
1972473
10248661
2535076
573797
975896
659352
3479873
939934
2645179
7026666
2726718
232586
2824830
555661
1766654
5511219
3180187
4789625
2231156
1287036
2410969
3611748
930427
5164286
803671
4082867
3602199
1071601
1910135
8587062
7405414
4064211
2571084
2520168
5166502
3750957
9526890
354704
836942
1966910
545882
1021026
2370333
3165998
636389
2466133
1570421
290687
2156895
1073357
1284798
3295079
1507162
4122430
4245923
564230
2022362
6498964
2292636
399112
8810747
1055548
1696168
5086198
4871428
6764492
2964929
729070
832660
550629
728869
469774
8504036
243876
1021061
1307194
1338231
592825
9952697
1204539
1026066
454941
3791777
1402008
1234201
1742932
3397719
1346003
1911933
808768
4222445
6598084
1401523
4162309
291416
141918
385168
1259902
2427633
1689482
1566284
935681
2603620
3039830
1794012
707258
1272658
1103480
629731
5989162
2439683
5118737
1932551
5476430
1724183
2326575
6332199
2408150
