3045191
9878209
18312704
1724794
19114462
15735994
40955527
8199576
836657
2221796
3974029
11520355
13767935
23993295
12013405
13944496
24115134
4751374
3222757
1757851
6510808
8625725
985771
3542814
64773164
6190207
2811609
14811859
38123009
2273940
1901230
4016768
0
0
0
0
0
0
0
0
0
0
0
0
0
0
0
0
0
0
0
0
0
0
0
0
0
0
0
0
0
0
0
0
4384241
2716504
6547462
2404153
32554203
2070267
7691639
11538112
5174659
17578022
14999759
9376365
18057587
3320852
864682
23803538
14946105
14273147
5100149
32830405
1179392
3503597
16101037
16232560
7816783
14482439
2534851
21172203
15553251
29742656
3915627
29756604
0
0
0
0
0
0
0
0
0
0
0
0
0
0
0
0
0
0
0
0
0
0
0
0
0
0
0
0
0
0
0
0
7816966
2150285
5227223
45339422
7738743
3825879
7876954
18587814
8326371
14361868
8814957
66149819
10748635
2509456
4324537
3067992
15508400
4016496
13236375
37619780
13272752
1114166
14535322
2417970
7959399
24070381
13846452
20093516
9921606
6082215
11000051
15262202
0
0
0
0
0
0
0
0
0
0
0
0
0
0
0
0
0
0
0
0
0
0
0
0
0
0
0
0
0
0
0
0
19846704
2484289
9696706
34792508
9980105
1742490
50233545
4637225
7719859
23644215
19485169
35099713
14051186
2035284
3840010
2360875
1946878
2721764
51094496
1069788
4660565
5859371
6138731
2744728
60611407
5222349
4325849
2048898
16055117
6258724
5847016
9308841
0
0
0
0
0
0
0
0
0
0
0
0
0
0
0
0
0
0
0
0
0
0
0
0
0
0
0
0
0
0
0
0
675154
2144255
3942122
380345
3900688
3218162
7221658
1786429
179925
493224
855345
2406325
2942716
4882361
2470032
2956178
4780535
1039001
701726
392723
1482709
2082113
215798
1023013
9061280
1291885
604629
2957511
6939468
476158
416922
868163
683088
4980690
2143248
1692608
733276
588418
1121971
1270609
3512952
1858512
1014813
785789
2409816
5359976
7748285
2013699
1509299
1785224
577992
777506
4113065
386262
5498350
867833
5388906
2552135
3622591
2832631
575810
5768472
282145
404146
970843
606468
1493742
542155
6253312
460040
1668259
2564584
1141973
3692871
3162156
2103192
3753616
758269
195560
5054256
3174115
3015632
1116235
6611105
267266
780674
3507439
3421965
1681626
3160515
556607
4258603
3185840
5875142
877580
5724529
1573951
1036791
2861634
1638545
356246
3533503
2464531
5510220
3797545
783669
365283
4740811
1987270
843248
4553217
1969943
1594062
3335066
1294142
690283
5682238
935325
1822534
1168900
2767435
6005999
484417
601160
3670781
2952413
496832
3225947
1656865
488659
1162538
8270795
1702935
854729
1752591
3972170
1907510
4275105
1944561
10188805
2438858
571428
966835
672669
3394219
929124
2846991
7035547
2863942
251366
3253869
536819
1801313
4920039
3025060
4321195
2227326
1348003
2448644
3242969
907639
5650363
734107
4075840
3363856
1181364
2396834
8590046
7416632
4098655
2534658
2432600
5317997
3817275
9468611
357231
761978
2056679
524751
1114000
2454618
3055567
639931
2415909
1589527
294470
1305841
1062627
1269336
3276447
1475270
4069412
4282772
560313
2079750
6553016
2252720
395019
8833209
1038842
1748620
4970524
4145678
6648296
3060318
466325
857560
527359
456558
609552
8545143
244406
1025789
1279056
1404405
605101
10018933
1155736
964330
450198
3399663
1371216
1273323
1977282
3334549
1350873
1908466
790109
4416934
6831742
1392606
3848040
275695
139692
400098
1210968
2552030
1683878
1583768
937309
2780616
2970338
1784246
631129
1261739
1107169
647366
6021901
2417342
5006329
1942058
5379741
1808995
2288789
6291365
2304321
