2993847
10337077
18106572
1737856
17408682
15577404
39138687
9481695
836904
2168657
3946041
10260201
14375974
23886547
12023422
13743087
24064645
4649827
3179047
1719817
6164167
8764284
860060
3501169
68870318
6075196
3035832
12879685
35969296
2217768
1828137
3759786
0
0
0
0
0
0
0
0
0
0
0
0
0
0
0
0
0
0
0
0
0
0
0
0
0
0
0
0
0
0
0
0
4513699
2782706
6479311
2370880
33576130
2072661
7691769
11395176
6434950
17209453
14057115
9586252
18332695
3366036
742824
24085898
14818729
14512141
5001539
32668880
1182790
3222146
16506199
16123295
7381788
14551370
2611754
20827552
12572955
29788528
3929712
28409975
0
0
0
0
0
0
0
0
0
0
0
0
0
0
0
0
0
0
0
0
0
0
0
0
0
0
0
0
0
0
0
0
7127819
2118395
5142707
45550529
7777048
3843963
7808655
16982551
8253902
12768164
8186540
56974018
11182146
2284536
4319216
3067595
16110630
4018029
12191540
37893929
13075301
1061049
14137683
2505406
7709180
24994236
13611707
20344080
10404378
5754701
10956849
14968487
0
0
0
0
0
0
0
0
0
0
0
0
0
0
0
0
0
0
0
0
0
0
0
0
0
0
0
0
0
0
0
0
20488753
2377007
10049651
34886733
9961223
1664759
52844442
4633371
7623113
23573796
16871337
34838279
13288490
2004636
3707494
2338490
1864422
2198545
50834945
1045344
4567255
5849281
5725288
2708369
60063846
4439619
4834472
2134505
17539772
6671679
5280383
9712812
0
0
0
0
0
0
0
0
0
0
0
0
0
0
0
0
0
0
0
0
0
0
0
0
0
0
0
0
0
0
0
0
655342
2214148
3856260
378145
3538265
3149170
6919267
2031054
177725
475438
838269
2122202
3028923
4804287
2442706
2880289
4716961
1004513
684393
379097
1386043
2083046
185280
1005248
8917140
1252098
644303
2552903
6551721
457872
395515
802197
673674
4886732
2210928
1598990
709453
576560
1098316
1211451
3447116
1796675
1208610
771101
2388563
5301208
7737845
1505585
1572851
1704892
576787
797178
3985031
328790
5995455
840279
5043681
2422875
3551864
2787329
562621
5699923
273611
384117
984927
612895
1459599
528021
6336862
453871
1645814
2498642
1393955
3567858
2931949
2119912
3751016
757899
165348
5030664
3105957
3018636
1078715
6493095
263558
706989
3538202
3356608
1565557
3129955
563992
4153099
2573676
5809789
867702
5423557
1539172
998713
2374714
1611250
364811
3385150
3258553
5515680
3257775
780529
358415
4741205
1570426
833606
4472508
1936862
1575709
3217013
1194771
656994
5628319
925269
1797739
1119671
2689672
5899668
471642
551442
3895310
2969836
485670
3395504
1489256
473908
1125166
8170715
1682549
844024
1707003
3586980
1857479
3794644
1781198
9889879
2490179
511583
949597
661130
3456292
912884
2589981
6966556
2776179
235132
3110950
546368
1714069
5011982
2928719
4298632
2293476
1256738
2402427
3131597
907351
4542330
704924
3838901
3432631
1207845
2329126
8583159
7337408
4032909
2484711
2441661
5279549
3527614
9335846
345950
819211
1887024
511208
1002863
2400063
3212349
623937
2328736
1615375
299683
841563
1057593
1278373
3183281
1401496
3874090
4343829
527534
2117884
6469955
2211090
371626
8960770
1021453
1698314
4887878
3576166
6519138
2855575
452199
814959
515470
430648
485496
8415059
235146
988039
1258831
1289423
588206
9865685
968379
1061141
461617
3654463
1438869
1128901
2032677
2849455
1313093
1884244
773702
4211456
6671111
1295219
3923871
270440
134241
376482
1192802
2413208
1645952
1527743
925704
2914399
2973618
1734695
670616
1213437
1085218
632435
5876342
2489446
4975488
1940706
5437313
1644871
2330770
6128225
2398678
