561490
38675
592676
19040
17286
44026
2606356
31863
23083
26612
1797076
60102
1476472
566327
25100
19394
19034
20222
29315
168662
19767
17761
18150
16736
18327
26261
840826
2254345
419804
73101
20972
39753
17766
18975
24280
272566
22647
21395
28128
652989
79606
685356
23637
20144
18203
25426
18524
21164
51859
1958159
28995
29533
946359
26277
25723
353909
24917
124348
25100
19450
19371
185653
19364
19937
19602
20501
341601
22316
19838
22678
20175
123824
35148
1338734
28919
18990
37699
1537070
126477
25121040
394581
31240
20339
25756
18308
20115
48879
18913
66453
20467
39128
1534463
31115
749149
28371
20101
19043
30921
1484236
37113
28101
22851
17254
19777
84804
17750
43902
2489177
2758746
36990
546851
30110
19638
19530
48305
615148
26184
30737
17929
53826
1921895
1436956
244777
24398
17667
28335
19892
21290
36728
1391472
336320
43112
2109272
30526
19793
31728
21330
87563
19827
41206
17489
18379
21649
159171
792127
443327
25026
34868
978153
329444
27314
18674
18328
16367
18044
20385
18432
19482
18369
41429
1404558
43404
496080
2578816
38608
18514
19673
16325
17604
17791
17808
58731
18670
83246
2721186
21291
1026046
18231
45749
148604
21050
20676
19795
18736
18077
19800
18029
25143
17469
725125
44251
26485
452080
17587
18906
19773
17902
18947
18968
25953
16589
3960316
55311
18364
39660
17056
28548
33012
16035
16974
18667
18856
17059
329965
19893
275951
19390
17214
21288
17535
28438
803760
21356
17982
148794
20216
17479
110425
18294
16942
15627
17557
17261
20598
230072
37414
5011613
627841
27151
23916
73482
4328771
3219983
32414
24192
1594548
40618
16570
16476
18863
18721
16370
21081
318984
473460
18698
93172
6464
105859
3181
2917
7239
438513
5481
3714
4511
294377
9992
246989
95612
4039
3233
3130
3336
4926
28873
3343
3275
2974
3060
3041
4191
134655
352006
68316
11518
3438
6543
2968
3144
3979
43639
3760
3583
4790
110579
13380
115386
3893
3384
3036
4241
3062
3522
8593
337363
4798
4792
158704
4350
4263
59638
4086
21323
4069
3282
3337
29904
3215
3343
3217
3453
58217
3769
3286
3750
3345
20697
5903
216881
4738
3142
6275
262938
21120
4009735
64707
5120
3426
4306
3064
3299
8262
3178
10894
3469
6337
245515
5108
119424
4729
3285
3152
4968
243015
6124
4656
3666
2860
3278
14457
2968
7286
397399
448950
6164
89389
5047
3310
3286
7929
103046
4303
4973
2976
8639
320384
231382
39624
3875
2897
4631
3254
3523
5899
232844
54490
6955
342765
5069
3270
5414
3622
15579
3309
11916
2921
3017
3565
26129
128430
73951
4095
5716
156832
54145
4497
3054
3110
2735
3041
3377
3066
3130
3020
6755
230664
7280
85189
421597
6405
2948
3401
2704
2915
2989
2976
9640
3130
14281
455126
3596
173271
3003
7573
25188
3504
3468
3347
3052
3023
3276
2941
3966
3039
118583
7323
4432
76377
2943
3079
3190
3141
3171
3199
4289
2801
655079
9211
3048
6663
2843
4664
5409
2729
2865
3110
3202
2856
54031
3356
44980
3343
2847
3490
2874
4734
136214
3551
3009
23587
3267
2861
18751
3002
2785
2597
2932
2895
3445
38274
6142
846565
104160
4525
3895
12218
700014
537592
5371
4042
265188
6585
2759
2774
3220
3104
2725
3508
55652
82109
3158
