567008
39242
591131
18487
17760
45129
2616471
33032
24345
27558
1791367
61015
1485206
558809
26601
19292
20006
20800
30380
173138
20610
19295
18625
17223
17932
27122
838599
2258589
424978
70336
21169
38759
18338
19053
23440
272644
24013
20906
27858
654150
75231
691312
25232
20352
18275
25680
20303
20348
49480
1951007
27608
29101
945920
25273
26905
352085
24747
126512
25928
20367
18402
183037
20949
18205
18003
20091
338867
22273
19564
22852
20574
125222
35613
1345741
29481
17931
37711
1534661
123886
25098737
391096
30197
19979
25401
19570
19554
47879
18057
67354
19925
37354
1537059
30681
740876
29094
20279
18418
29391
1478945
38298
29381
22691
17734
20728
87715
17873
44878
2496130
2769334
38432
545661
29982
21565
18685
50006
607965
26112
29928
17502
52094
1921334
1438067
243790
24429
17739
29229
18810
22187
38237
1392332
328618
43356
2104659
29995
19646
32288
20783
86321
19394
44138
17816
19340
21849
160560
790044
445337
25604
34510
978818
330938
28183
18517
18183
16816
17839
20016
17277
18706
17856
41730
1399675
43679
490773
2584045
39245
18090
18974
16698
18492
18031
18126
57904
17971
85298
2711908
20660
1023239
19528
45836
148879
19481
18896
18722
18204
18721
17859
18566
25043
18560
728986
44698
26859
449289
16715
18767
18134
17921
18246
18569
28126
15631
3951518
54889
18382
40098
17836
29021
29648
16736
17061
17888
17250
17961
330756
18309
276243
19902
16837
20843
17561
28742
800880
19885
18890
147836
20891
17907
112699
18201
16685
15379
17443
18033
20598
226556
36209
4999545
625495
26325
24482
72263
4330265
3222461
32279
24334
1597304
40067
16157
16295
18595
18499
16286
21005
317324
476443
18914
93928
6561
105372
3100
2976
7394
439456
5659
3931
4656
294524
10159
248164
94136
4246
3253
3275
3423
5022
29643
3449
3462
3052
3188
2928
4302
134206
353102
69010
11156
3421
6361
3056
3113
3850
43710
4005
3472
4817
110452
12658
116151
4118
3394
3077
4261
3344
3418
8258
335493
4670
4717
158393
4223
4446
59464
4079
21690
4218
3430
3160
29462
3401
3040
2971
3358
58155
3700
3228
3854
3398
20905
5917
217621
4821
3021
6311
262819
20689
4006729
64212
5009
3296
4227
3249
3258
8091
3065
10979
3375
6006
246495
5050
117796
4827
3256
3075
4731
242274
6404
4876
3652
2955
3482
14957
2966
7485
398566
449967
6312
89483
4984
3597
3068
8193
101899
4270
4885
2913
8402
320445
231549
39528
3830
2871
4762
3101
3648
6117
233641
53487
7007
341931
4981
3251
5515
3505
15396
3216
12245
3000
3161
3542
26318
128324
74434
4178
5639
156904
54446
4652
3025
3055
2841
2966
3251
2910
3008
2909
6685
230046
7290
84370
422216
6423
2884
3306
2792
3055
2976
2975
9514
3048
14603
453787
3486
172423
3204
7642
25240
3199
3167
3186
2978
3114
2956
2963
3965
3191
118924
7487
4538
75989
2807
3052
2939
3067
3084
3148
4729
2653
653422
9159
3044
6831
3005
4728
4933
2830
2830
3004
2889
3024
53823
3114
44992
3448
2794
3464
2912
4793
135945
3326
3162
23555
3423
2966
19023
2993
2781
2623
2931
3022
3404
37625
6000
846190
103389
4439
3974
12069
701051
536295
5356
4108
265676
6506
2689
2729
3184
3111
2778
3540
55408
82291
3243
