49148
11607
13383
11720
24887
11479
10693
10957
10911
11883
15449
11155
12429
480376
16895
31702
2337909
18912
515829
13775
12130
42757
10759
361800
15367
12745
12297
12723
11190
13080
88816
11900
14309
559066
15481
41700
12909
56103
12816
82884
11953
13119
12398
25357
19161
11175
11444
11858
11078
14114
13075
13731
410323
300137
17269
1040978
580144
694944
22058
14218
1255387
24598
180884
46172
12326
11683
18285
1008295
21119
18311
10705
14208
10885
18375
695857
17673
683385
32806
18023
12522
12577
12555
12403
12656
15218
939213
20546
12992
13193
13234
12292
15521
506907
18030
15554
15733
19648
14851
263838
585675
19905
30648
13006
12620
18503
12308
15181
92309
12189
23703
13024
12454
11639
12426
11602
11544
12624
17183
1213685
23794
1551723
39457
17789
1609195
21624
92197
13392
439277
29724
31418
12208
12711
19441
1280797
20962
20440
412791
192731
1064354
19511
10930
12021
10895
10321
12974
155541
495487
1017854
19776
110842
11258
11298
40885
13296
10307
11512
12189
13432
77958
12383
274500
20534
1267609
54145
92845
11936
83347
14511
10779
11219
10834
10524
11041
83028
11622
11497
270581
197861
11741
2813472
22240
21206
29028
18163
874021
1211516
32647
312520
16998
27736
12408
14688
1653293
12244
12840
12758
12472
1312948
93519
23927
142973
15598
12138
41817
11599
13034
11865
12936
455791
14988
11871
1888517
292400
17256
337351
12759
11283
11726
12264
14898
11658
12100
12140
11590
15293
18056
21216
11886
54560
1158977
21915
11509
49818
11378
11476
12163
15183
792807
18309
25343
12289
203449
997971
717513
13825
11924
10169
11971
28123
33478
11247
9380
154709
14542
12504
9164
8873
2146
2554
2146
4568
2097
2003
2081
2011
2182
2949
2096
2318
88744
3192
5932
433932
3523
95900
2538
2283
7937
2081
65613
2843
2331
2260
2278
2092
2342
16692
2208
2590
105226
2925
7682
2394
10185
2358
15708
2249
2351
2240
4802
3516
2063
2175
2150
2077
2605
2374
2531
77182
54302
3162
193961
104434
130641
4041
2729
233309
4479
33783
8795
2283
2196
3496
187786
3977
3486
2014
2638
2064
3478
128464
3342
124959
6176
3395
2310
2352
2309
2334
2390
2936
177749
3759
2374
2383
2457
2293
2746
93535
3310
2804
2848
3563
2680
47389
111063
3673
5662
2386
2327
3407
2314
2833
17073
2345
4362
2465
2366
2132
2366
2191
2128
2285
3277
225603
4404
288617
7223
3406
297347
3971
17329
2502
82709
5273
6010
2277
2427
3556
244690
3967
3782
83694
36809
193622
3782
2117
2272
2073
1959
2549
30507
95847
188391
3763
20576
2151
2143
7841
2498
1986
2194
2288
2489
14835
2285
51627
3815
240481
10303
17713
2271
15905
2683
2139
2144
2065
2031
2178
15730
2250
2223
51113
38695
2266
530021
4281
4101
5460
3368
169943
228400
6089
58060
3290
5326
2315
2738
314870
2278
2419
2349
2376
244969
18413
4413
27006
2980
2272
7781
2128
2462
2204
2364
86333
2829
2232
356899
54668
3235
64123
2334
2212
2208
2261
2681
2189
2189
2220
2113
2708
3331
3946
2198
10069
221028
4064
2130
9300
2040
2155
2258
2752
149302
3423
4695
2263
38579
186575
136364
2648
2247
1876
2321
5341
6299
2066
1769
29148
2728
2342
1764
