49913
11466
13064
12133
25414
11576
10925
10989
11416
12227
15090
11773
11764
483826
16902
31345
2342344
18600
511710
13777
12049
43230
11153
365768
15488
13300
11994
12541
11617
13472
89052
12209
15299
559468
14937
41081
12709
55208
12278
82262
11637
12974
12392
24891
19836
11226
12060
11459
11720
14107
13156
13657
410754
294214
17274
1044460
580134
690185
21949
14249
1247847
24568
180317
45078
12385
11803
17937
1010129
19544
17325
10815
13142
10859
17764
687606
17948
687483
31592
18743
13121
13150
12097
12257
13406
15214
941583
19767
12387
12551
13132
12702
16075
510208
17524
14934
14425
20263
15492
262989
582754
19980
31548
12681
12696
18783
12671
16232
90481
12046
22626
13269
12582
12204
12660
11787
11503
13107
16821
1212309
22518
1557803
40967
18495
1606366
21739
88533
13772
436241
28730
32257
12353
11552
19207
1277510
21015
20240
413871
193000
1071999
20096
10954
12296
10069
11079
13672
158734
494318
1019350
18969
109978
10202
11792
40767
12877
10330
11545
11201
13465
78486
13663
271716
21230
1261441
54531
90768
11711
83799
13701
11619
10794
10848
11087
10652
81679
11233
12094
270876
199633
12018
2803995
21053
20844
28158
17417
881746
1219542
32029
310610
16874
27828
12259
15069
1653866
12264
12916
12579
12269
1312042
94639
24284
141719
15750
12297
40221
11548
13777
11869
12805
453361
14838
11596
1886068
296682
16406
332010
12605
11130
11279
12216
14414
10980
11545
11262
12188
14817
17915
20931
12634
55893
1155121
22707
11686
50790
11877
11568
12052
14935
797855
18384
26114
12325
205850
995749
713284
12717
11884
9640
11580
28415
33724
10019
9844
154003
15082
11772
9691
9100
2145
2483
2209
4640
2117
2039
2067
2111
2268
2889
2215
2207
89233
3155
5792
434650
3480
95541
2535
2264
8013
2144
66412
2867
2386
2195
2286
2127
2412
16701
2263
2734
105295
2825
7587
2381
10093
2281
15623
2150
2317
2290
4803
3599
2095
2258
2091
2215
2584
2389
2525
77193
53503
3165
194571
104570
130039
4058
2705
232121
4500
33679
8544
2319
2236
3456
188154
3678
3235
2048
2522
2021
3281
127044
3388
125672
5974
3495
2397
2443
2196
2300
2542
2908
178124
3634
2223
2320
2473
2370
2843
93899
3202
2696
2643
3611
2784
47414
110595
3701
5831
2348
2304
3460
2370
2991
16801
2322
4188
2491
2351
2269
2443
2221
2114
2373
3213
225714
4159
289763
7564
3529
296987
3974
16658
2584
82543
5174
6212
2300
2183
3498
244539
4002
3816
84365
36990
194703
3908
2141
2301
1883
2101
2657
31103
95649
188889
3671
20483
2009
2213
7917
2471
2007
2241
2109
2474
14934
2521
51184
3921
239952
10416
17339
2221
16128
2584
2282
2055
2068
2146
2095
15564
2199
2310
50985
38955
2312
528690
4116
4010
5341
3252
171314
230123
5983
57794
3299
5392
2325
2813
315256
2279
2437
2305
2352
245374
18709
4459
26923
3053
2292
7601
2105
2576
2219
2346
85883
2755
2179
355979
55492
3095
63556
2332
2176
2151
2269
2568
2033
2103
2060
2191
2654
3322
3888
2308
10433
220873
4207
2148
9533
2132
2168
2260
2721
150298
3440
4797
2271
38993
186461
135727
2449
2221
1773
2218
5405
6281
1873
1860
29202
2806
2276
1840
