47863
10775
13629
11992
25973
11246
11442
11495
10919
12196
15605
11390
11923
487896
16797
31608
2335545
19149
514304
13645
12523
44366
11167
362900
14628
13093
12651
11667
11405
12924
88811
12456
14366
555186
15141
41251
12699
54686
12622
83277
12149
13326
12404
25073
19531
11600
11950
11065
11371
13945
13174
13739
409280
299900
16070
1039910
579908
691102
20774
14645
1247801
24796
181866
45135
12607
11519
18437
1007739
20434
18478
10489
14323
10764
18751
690985
17854
684706
31896
18304
12799
12921
12098
13102
12206
15404
940599
20467
12812
12539
13413
13035
16359
506202
17587
14874
15381
21254
15414
263350
581875
19860
30497
12609
13217
18671
11857
15079
91703
12664
23103
13046
13020
12255
13779
11747
11273
12239
16736
1210571
23005
1559097
39745
18132
1605836
21682
90934
13473
435164
28947
32196
12857
11900
19742
1275174
21009
20209
412965
195065
1065098
19836
11400
12294
10510
10033
13316
156092
489900
1013567
19240
108475
10871
11648
41675
12917
10742
11524
11343
12499
79289
13469
271660
20993
1266761
54029
92200
12357
82973
14241
11107
10634
11450
10278
10795
79436
11859
11511
272939
196440
12250
2795753
22434
20784
28449
17076
881096
1211358
31758
309291
17593
27236
12464
14739
1653845
11906
13305
12990
11999
1307051
95165
24021
143302
16045
12379
41157
11551
13336
11804
13464
450933
14362
12006
1884294
295982
16571
330869
12836
10712
11433
12120
14357
11387
12314
12060
11484
15340
18009
21390
12047
56096
1162256
22689
12271
50481
11878
11757
12583
15458
791918
17712
26130
12704
204364
987263
714642
12861
12274
10491
11935
28728
34047
10636
9799
154984
15148
12679
9451
8772
2002
2544
2221
4766
2090
2139
2159
2035
2250
3000
2135
2240
89964
3130
5853
433840
3530
95846
2541
2380
8236
2107
65939
2703
2389
2306
2086
2103
2341
16689
2278
2573
104521
2878
7676
2385
9979
2310
15835
2268
2391
2254
4816
3628
2136
2235
2003
2145
2582
2425
2523
76924
54455
2991
194059
104591
130206
3896
2760
231988
4518
33994
8542
2329
2159
3538
188163
3866
3505
1954
2699
2035
3531
127506
3362
125154
6051
3462
2359
2441
2184
2429
2328
2955
178476
3725
2351
2271
2516
2401
2862
93517
3201
2704
2791
3840
2778
47528
110561
3706
5666
2365
2403
3474
2215
2800
16999
2428
4307
2469
2454
2261
2622
2208
2058
2222
3157
225205
4285
290167
7301
3464
296848
3976
17144
2538
82258
5181
6176
2412
2296
3623
243884
3989
3791
84045
37309
193931
3860
2219
2329
1949
1914
2605
30602
94921
187584
3723
20312
2138
2204
7987
2440
2090
2231
2144
2321
15093
2498
51351
3920
240806
10308
17671
2342
16030
2647
2164
2040
2183
1965
2126
15074
2319
2251
51410
38524
2379
527597
4351
4042
5421
3192
171688
228931
5906
57779
3392
5285
2338
2733
315214
2242
2531
2380
2290
244342
18804
4389
27220
3062
2310
7682
2138
2506
2199
2428
85563
2651
2252
356157
55167
3144
63269
2346
2107
2193
2267
2606
2141
2195
2211
2103
2784
3378
3964
2209
10435
221927
4238
2262
9404
2125
2192
2358
2793
149260
3345
4762
2356
38757
184686
136134
2478
2306
1957
2302
5469
6386
1968
1851
29288
2821
2416
1819
