48345
11108
13717
11607
25798
10819
10431
11478
10980
12448
14772
11289
11788
486348
17208
32678
2338276
18836
511871
13882
12931
42805
10781
364182
15271
12532
13186
11633
11351
12860
88702
12272
15293
558967
15641
41691
11999
56154
12822
84361
11639
13613
12571
24572
18731
11522
11754
11346
10579
13907
13118
14532
408418
297164
16383
1045904
575532
694373
21511
14432
1244576
25389
178287
44693
12893
11519
18952
1006078
20340
17175
10760
13443
11506
18274
695538
17268
683254
32592
17833
13192
13675
12164
12955
13158
15495
934415
20291
12837
13267
13438
12630
16388
507754
16965
15095
15041
21690
15079
262430
585632
19782
30909
12465
12447
18337
13400
15976
91263
11924
23666
13397
12686
12513
13103
11198
10911
12411
16721
1208044
22907
1549015
39409
17322
1602652
20802
90849
13219
436456
29922
31764
12327
11628
19547
1279562
20822
19610
414012
192752
1068112
19970
11188
12012
10765
10979
13371
156806
495539
1017347
19153
109400
11223
12093
41405
12242
10498
11317
11586
13495
78036
13337
269179
20948
1258191
55657
90847
11795
84293
13427
10693
11217
11425
10746
10621
80506
11445
11465
268148
200284
11920
2798983
21904
20435
29149
17540
877373
1205786
31467
311340
17747
27992
12548
14960
1657363
11985
12849
12603
11937
1313562
93806
24559
143967
15712
12563
41882
11823
14227
11627
13380
454405
15514
11652
1886328
294144
16300
332837
13104
10773
11311
11762
14361
11083
12097
11869
11570
14177
18487
21518
11133
55493
1160028
21970
11764
50391
11592
11831
13017
15414
792545
18341
25201
13321
206493
990302
717140
13132
11980
10366
11651
28072
33028
10492
9965
157755
14319
12427
9881
8875
2091
2585
2158
4701
2002
1984
2162
2024
2313
2827
2122
2248
89808
3229
6033
433872
3460
95455
2608
2438
7946
2058
66071
2818
2311
2403
2084
2117
2314
16677
2287
2740
105246
2935
7619
2283
10276
2356
15904
2199
2452
2283
4705
3462
2135
2241
2086
2024
2610
2387
2657
76858
53805
2973
195029
103724
130607
4013
2732
231400
4623
33358
8487
2378
2160
3653
187449
3797
3268
2032
2540
2125
3453
128056
3239
124770
6198
3395
2419
2470
2212
2425
2463
2969
177303
3723
2366
2404
2507
2307
2896
93784
3113
2765
2733
3864
2725
47280
111074
3691
5672
2319
2246
3386
2509
2928
16899
2291
4357
2502
2399
2321
2489
2104
1997
2244
3145
224669
4273
288670
7196
3327
296351
3808
17057
2514
82744
5363
6132
2335
2248
3581
244703
3990
3655
83902
36948
194296
3885
2166
2291
2043
2101
2590
30760
95771
188059
3660
20362
2195
2242
7951
2320
2013
2194
2221
2495
14892
2459
50812
3845
239062
10570
17392
2222
16319
2517
2131
2105
2211
2080
2110
15388
2209
2198
50645
39179
2295
528288
4266
3944
5496
3267
170794
228186
5829
58073
3447
5420
2388
2796
315801
2238
2415
2346
2302
245611
18448
4486
27272
3008
2327
7872
2202
2684
2209
2444
86026
2859
2185
356624
54999
3049
63408
2389
2109
2156
2162
2603
2093
2186
2185
2102
2574
3448
3993
2024
10349
221612
4064
2187
9469
2090
2214
2404
2802
149605
3437
4660
2400
39192
185792
136380
2501
2293
1906
2235
5360
6165
1952
1858
29897
2717
2349
1865
