47950
11178
14012
12444
25579
11412
10433
11524
11040
11728
15485
11889
12017
485443
16813
31298
2345068
17978
513032
13699
11944
43749
11181
365724
14948
12550
12160
12499
11250
12684
89053
12145
14354
558938
15479
40237
12196
55902
13159
83801
12059
13716
12500
25591
18718
11292
11866
11402
11260
14294
12851
14516
413005
296033
16127
1040849
576070
688588
21995
14970
1246834
25022
180346
45649
13108
11676
18098
1010410
20193
18055
11168
13949
11631
18905
695122
16947
685501
31515
18125
13417
13454
12782
12842
13130
15631
936420
20037
12238
12946
12510
12674
16672
509697
17003
14757
14532
20916
15415
261498
583428
20733
31047
12741
12992
19153
12544
15026
91295
12050
23458
12485
13054
12467
12445
11196
11772
12050
16478
1213027
23468
1559529
39478
17457
1604035
21430
91064
14144
440756
29888
31335
12211
12015
19506
1274382
20609
20007
413839
193550
1067313
19258
11026
11748
10860
10481
12642
157147
494284
1015516
19553
109809
10863
11869
41542
12780
10672
11589
11603
13126
77152
13082
274538
20559
1264767
54719
91340
12665
84256
14497
10762
10764
11474
10773
10422
80518
11896
12062
270806
196310
12134
2806594
21682
20802
29452
18038
876848
1215703
32573
314533
17667
27821
11744
15350
1668882
11950
12751
13069
12972
1312627
95658
23218
141685
15665
12753
41913
11535
13925
12113
13318
452310
15376
11671
1893044
292514
16262
332807
13049
11542
11362
12123
14415
11194
11744
11437
12079
15617
18066
21418
12806
55494
1163169
21691
11465
51927
12007
11578
12705
14927
798856
17960
25270
13420
203485
986992
713611
12985
12449
10794
12309
28776
33036
9990
10453
157628
14860
11941
9586
8748
2128
2622
2286
4673
2127
1992
2172
2072
2189
2952
2191
2261
89736
3144
5848
434905
3376
95943
2518
2251
8156
2110
66520
2750
2288
2209
2246
2074
2273
16805
2257
2546
105238
2882
7449
2284
10230
2411
15847
2281
2454
2278
4879
3506
2093
2225
2078
2144
2635
2362
2667
77655
53598
2978
193999
103905
129730
4062
2837
231781
4567
33889
8664
2457
2174
3452
188645
3772
3402
2086
2662
2199
3542
128414
3185
125144
5964
3442
2483
2498
2315
2406
2459
2993
177215
3691
2223
2361
2322
2382
2958
93990
3110
2680
2681
3785
2763
47029
111255
3792
5759
2349
2356
3499
2375
2782
17002
2365
4323
2354
2421
2277
2403
2128
2152
2234
3150
225622
4375
290516
7299
3352
296611
3919
17140
2652
83098
5365
6104
2283
2295
3538
243555
3963
3694
83998
37212
193961
3788
2125
2247
2040
2027
2442
30807
95785
188365
3758
20450
2091
2237
7920
2411
2088
2229
2182
2423
14799
2429
51701
3769
240434
10438
17520
2372
16279
2722
2129
2058
2200
2065
2065
15330
2306
2295
50947
38524
2315
529253
4226
4080
5592
3323
170365
229570
6097
58427
3390
5414
2256
2823
317663
2261
2376
2403
2452
245420
18734
4272
26860
2979
2380
7854
2150
2590
2273
2426
85658
2835
2202
357761
54703
3089
63411
2386
2274
2157
2250
2611
2099
2143
2120
2200
2829
3403
3958
2349
10351
222117
4065
2126
9663
2125
2168
2388
2721
150398
3337
4659
2455
38589
185153
135944
2499
2349
2003
2380
5445
6189
1843
1954
29691
2790
2258
1816
