48860
11118
13653
12096
26090
11452
10646
10904
11130
11693
15295
10854
12198
484861
16377
31274
2338365
18189
514147
12500
11644
42106
11001
365793
15050
13000
12464
11798
11088
12801
88531
11944
13991
560305
15075
41780
11771
55425
12818
82949
11945
13509
12678
24787
20009
11607
11696
12287
11409
13313
13625
14277
409558
297014
16829
1044538
579637
691768
21350
14608
1252060
25501
177998
44871
12456
12136
17638
1006491
20485
18432
10802
13687
10978
19081
692316
17243
687907
31361
18521
12810
13655
12272
12730
12330
15376
936597
20631
12920
12328
13575
13039
15912
514812
17299
15200
15201
20594
14867
265234
585576
19371
30571
13043
12714
19847
12315
15182
90489
11702
23653
12859
13107
11237
12944
11704
11089
12079
16680
1212202
22811
1555917
41267
18452
1602405
22149
90818
13156
438980
29003
33399
12362
12060
19817
1280791
20804
19657
414656
192944
1062176
19542
11225
12065
10707
10675
13495
155056
491608
1016655
19276
110605
10788
11635
41685
13355
10407
11947
11240
13147
78405
12658
272016
21948
1267062
52977
92548
12809
85245
14017
10706
10879
10643
10601
11372
81477
11994
11779
272867
198069
12430
2803005
22195
21270
28159
17620
879923
1218070
31930
314439
16914
27324
11987
14709
1658428
12111
13158
12372
12658
1310894
94649
24159
143106
15703
12791
41310
11311
14288
11296
12739
453698
15018
11653
1894874
292487
15872
333663
12932
11497
11202
11943
14362
10781
11075
11779
11718
15048
18051
21443
12022
55170
1157224
22666
12131
50562
11835
11804
11516
14692
794880
18309
25945
12851
203323
993515
714250
12768
12371
10393
11837
28122
33884
9744
10390
155018
14436
12194
8992
8954
2078
2609
2235
4744
2100
2025
2090
2100
2169
2939
2059
2275
89478
3057
5768
433831
3378
95936
2290
2216
7798
2096
66495
2772
2377
2279
2120
2081
2268
16610
2196
2542
105706
2862
7709
2226
10116
2357
15714
2260
2442
2288
4692
3679
2150
2217
2219
2165
2488
2486
2593
76906
53904
3094
194690
104512
130322
3988
2744
232616
4674
33386
8440
2348
2301
3422
187712
3846
3453
2002
2613
2027
3587
127776
3263
125839
5991
3458
2354
2518
2229
2382
2315
2914
177663
3774
2339
2261
2547
2397
2852
94876
3132
2774
2761
3706
2668
47684
111160
3620
5684
2414
2332
3670
2271
2825
16736
2228
4397
2409
2436
2111
2459
2208
2047
2188
3170
225580
4256
289509
7512
3513
296160
4063
17117
2462
83026
5219
6437
2325
2307
3595
244711
4013
3672
83949
37099
193178
3806
2170
2302
2012
2006
2581
30406
95415
188198
3688
20616
2123
2207
7968
2514
2009
2313
2136
2443
14957
2343
51274
4060
240682
10069
17673
2387
16516
2643
2120
2105
2063
2050
2181
15502
2310
2274
51556
38601
2425
528795
4303
4171
5305
3292
171505
230378
5952
58495
3301
5292
2283
2741
315573
2256
2465
2289
2403
244926
18595
4436
27074
3046
2404
7825
2095
2710
2112
2335
86074
2809
2170
357547
54706
2975
63600
2402
2236
2098
2208
2614
2007
2017
2154
2160
2737
3367
3983
2214
10258
221351
4209
2233
9441
2108
2195
2158
2682
149732
3418
4718
2408
38516
185963
136047
2458
2307
1913
2265
5336
6327
1812
1938
29244
2747
2357
1722
