46962
11078
13524
12073
25331
11557
10674
11210
11316
10936
14880
11292
11762
483151
16165
31779
2341663
18635
510762
13696
12043
43373
10790
366362
15553
13030
12157
11802
11146
12665
88705
12700
14204
560857
14773
42346
12124
55685
12488
83328
11601
13392
12287
25516
19488
11700
11741
11821
11378
13597
13201
15187
412272
299401
16299
1049617
576615
691476
21903
14421
1249027
24625
181977
44836
11929
11732
18267
1006316
20360
17679
10979
13488
10637
18423
685330
17216
688102
31894
18121
13047
13053
12678
12455
12887
15752
940156
20830
13500
12538
12691
12417
15939
510759
17825
14658
14612
20969
15297
260790
585818
19957
31790
12396
12661
18129
13045
15190
90972
12965
23046
12826
13303
12246
13362
11945
11290
13009
17070
1218175
23241
1555737
41168
18489
1607371
21942
91726
13186
436382
29308
31555
12487
12243
18966
1274614
20755
19773
413812
194129
1066985
20344
11337
11966
10258
10330
13582
155628
498745
1017003
18932
110035
10694
11932
41347
12628
10925
11550
11448
12953
78307
12997
271820
21450
1270045
54427
90276
11511
84088
14293
10792
10882
11260
10138
11189
81204
12145
12084
270895
198712
11608
2809305
22212
21440
28367
18239
877008
1214571
33120
309557
17645
26863
12389
15438
1653033
11878
13184
12864
11965
1309628
96001
23845
143229
14854
12518
41798
11233
14017
11756
13661
453557
14915
11742
1891485
293839
16934
333462
12672
11287
11088
12310
14273
11135
11627
12315
11663
14439
18393
21005
12452
56000
1161816
21961
11833
51446
12465
11553
12494
15149
794950
18486
24605
12901
202277
995007
713130
13197
12104
10328
11402
28800
33595
10430
9269
157315
14730
11943
9900
8655
2080
2581
2231
4643
2137
2040
2093
2103
2038
2853
2131
2204
89153
3006
5869
434424
3502
95261
2531
2273
8052
2060
66542
2888
2345
2198
2135
2075
2276
16725
2324
2567
105620
2826
7763
2263
10120
2311
15808
2171
2433
2250
4856
3636
2152
2192
2146
2144
2550
2425
2766
77663
54173
3020
196098
103863
130196
4047
2737
232326
4527
33965
8492
2227
2214
3526
188063
3804
3343
2046
2533
2037
3462
126973
3255
125728
6080
3471
2411
2413
2318
2296
2446
3002
178139
3802
2444
2312
2377
2290
2818
94335
3246
2718
2686
3749
2707
47024
111132
3732
5817
2313
2328
3360
2431
2856
16877
2466
4259
2402
2516
2259
2550
2281
2069
2335
3245
226119
4263
289560
7531
3503
297082
4009
17199
2471
82503
5225
6042
2335
2316
3513
243721
3953
3691
83936
37183
194182
3945
2176
2280
1917
1984
2627
30713
96398
188143
3658
20454
2088
2245
7860
2406
2143
2263
2165
2393
14912
2412
51347
4004
241292
10349
17331
2197
16210
2668
2124
2062
2173
1988
2173
15468
2357
2312
51132
38807
2261
529984
4316
4135
5389
3401
170894
229278
6169
57728
3376
5168
2331
2875
315271
2207
2458
2372
2267
244968
18896
4444
27112
2874
2330
7806
2082
2647
2191
2439
86100
2812
2193
357002
54986
3161
63564
2310
2198
2084
2288
2551
2072
2133
2233
2123
2634
3427
3921
2285
10416
221924
4108
2195
9557
2223
2196
2310
2726
149793
3481
4496
2373
38343
186483
135664
2535
2258
1907
2214
5544
6306
1923
1766
29881
2791
2312
1886
