47851
11169
12849
11177
25475
11727
10857
11313
11274
11856
15640
11294
12144
486745
16796
30656
2327124
18564
514157
13749
11703
43977
11279
364763
14906
12762
12453
11822
11185
13087
87558
12044
14273
556339
15525
41254
12695
57030
12566
83831
11240
12115
13296
24751
19136
11778
11582
11633
11421
13893
12498
13885
411773
297685
16896
1042065
576261
693538
21642
14917
1248882
25263
180750
46638
12721
11787
17342
1011615
19948
18451
10657
13443
11402
19374
694192
17732
681365
32631
17102
13126
13627
12633
12979
12936
15031
935232
19759
12514
12854
13417
12426
16535
509464
17451
15257
14664
21472
14583
262613
582951
19977
30584
12408
13152
18383
12762
15470
90031
12284
23225
13959
12741
12505
12880
10845
11434
12587
16781
1216918
23114
1559713
39506
17780
1601629
21779
89509
13143
437560
29098
31719
12354
11771
19132
1279283
20751
20337
416636
194497
1064864
19176
11039
12689
10641
10180
13345
157950
492087
1021379
19514
111730
11028
11383
41422
12517
10376
11345
11344
13398
78164
12976
273264
21431
1265768
55863
92443
12328
84653
14689
10670
11420
11137
10437
11202
81688
11073
11593
269540
197785
11852
2801351
21753
21109
28293
17405
877139
1212022
31381
311159
17941
28912
11921
15171
1666052
11804
13926
12824
12659
1313702
94291
23813
144012
15772
12241
41800
11248
13351
11707
13019
453810
15416
11655
1890353
293062
16977
335922
12979
10772
10855
11950
14669
11181
11263
11508
11410
15414
17531
20875
12338
54476
1164373
22965
11554
51006
11795
11366
11756
14798
790792
18765
25769
12890
202565
992606
719559
12868
11964
10624
11759
28358
33562
9989
9829
156377
14679
12011
9338
8787
2096
2439
2035
4655
2194
2022
2131
2098
2204
2986
2136
2286
89737
3134
5707
432271
3463
95798
2533
2218
8098
2153
66324
2753
2325
2292
2139
2080
2333
16492
2240
2601
104947
2943
7598
2360
10335
2309
15910
2139
2205
2382
4696
3570
2172
2176
2106
2150
2560
2300
2576
77344
53896
3100
194239
104177
130695
4030
2793
232077
4631
33801
8827
2339
2230
3355
188769
3741
3439
1990
2540
2142
3635
128118
3319
124740
6212
3270
2409
2526
2291
2430
2454
2875
177217
3598
2278
2343
2487
2332
2909
94023
3211
2805
2667
3797
2623
47301
110566
3723
5671
2303
2387
3393
2391
2852
16705
2362
4248
2619
2386
2304
2474
2083
2069
2291
3180
226020
4317
290374
7271
3412
295971
3998
16874
2480
82576
5198
6086
2329
2279
3477
244641
4005
3799
84289
37205
194142
3733
2151
2392
2014
1962
2603
31018
95424
189238
3714
20856
2175
2140
7941
2360
2020
2195
2174
2454
14943
2395
51493
3943
240806
10672
17721
2344
16340
2732
2092
2177
2133
2014
2182
15504
2176
2223
50784
38746
2309
528996
4262
4055
5335
3232
170871
229102
5875
57993
3442
5564
2224
2816
316798
2218
2613
2366
2384
245217
18569
4373
27272
3003
2339
7842
2091
2527
2209
2386
86031
2843
2194
357195
54673
3214
64007
2378
2109
2080
2203
2687
2092
2056
2114
2062
2782
3288
3863
2258
10098
222691
4276
2173
9530
2122
2113
2168
2697
149150
3463
4725
2372
38381
186502
137024
2483
2240
1961
2239
5431
6334
1843
1833
29548
2731
2278
1792
