47726
11340
13749
12007
26607
11634
10097
11173
12073
12153
15379
11516
11899
483857
16628
31827
2340283
17978
510863
14174
11634
43558
11470
365585
15506
12203
12478
11771
11200
13550
88843
12007
14965
563255
14715
42090
12040
56017
13140
82586
12037
13337
12829
24752
19557
10812
11624
10963
11740
13948
13134
14371
410352
300516
16174
1045014
577388
696451
20833
14434
1250685
24779
182177
44422
13052
11863
18347
1006791
20398
17518
11568
14128
10662
18752
692432
16925
683044
31815
18369
13028
13279
12661
13463
13229
15515
942239
20622
12804
12808
13188
12787
16389
509164
17223
14355
14509
20643
14918
261624
583320
20057
30529
13349
12825
19525
12011
15813
90871
12633
23607
13420
12738
12087
13156
11642
11676
12448
16486
1213497
23329
1557266
41425
16795
1607511
21040
91688
13274
438642
28661
30225
12347
12610
19145
1279244
20454
19115
413208
195847
1062778
20500
11364
12110
10397
10781
12962
157454
494372
1014841
19549
108903
11017
11733
41963
13278
10330
11548
11133
12939
78810
12973
270009
20837
1267434
53610
94712
11861
83161
13603
10669
11067
10929
10900
10846
82503
10950
11470
273641
196976
11735
2798622
21436
20968
28850
16991
880513
1217697
30923
310821
17496
27980
11791
15074
1656262
11909
13260
13212
12460
1307600
94100
23711
142545
15928
11981
41181
11842
13762
11363
13377
452374
14966
11781
1879683
294644
16667
328807
12770
10959
11358
12381
14493
11572
11649
12081
12425
15007
18429
21107
12549
56217
1163531
22438
11834
52155
11929
11342
12417
15144
789791
18358
25428
13110
204310
991271
713820
13409
12383
10540
12129
29517
33858
10356
9729
156422
14255
12981
9096
8777
2105
2609
2198
4832
2127
1909
2110
2217
2215
2936
2135
2207
89309
3116
5937
434277
3371
95278
2643
2202
8091
2166
66251
2857
2203
2280
2118
2083
2428
16740
2207
2671
106057
2801
7783
2264
10157
2385
15601
2256
2371
2280
4787
3589
2017
2173
2018
2211
2549
2396
2643
77237
54405
2959
194915
104136
131103
3895
2747
232362
4554
34132
8457
2429
2218
3529
187939
3815
3270
2153
2646
1987
3513
128148
3203
125022
6051
3490
2394
2443
2332
2501
2476
2977
178522
3767
2343
2301
2432
2366
2853
94097
3185
2623
2642
3743
2661
47083
110888
3688
5673
2477
2336
3544
2249
2924
16960
2442
4330
2510
2399
2245
2522
2181
2146
2285
3134
225730
4362
289755
7597
3242
297282
3887
17246
2457
82923
5158
5935
2320
2409
3455
244835
3921
3558
83861
37546
193421
3923
2221
2291
1980
2075
2524
30912
95617
187672
3781
20275
2160
2219
8058
2495
2001
2214
2120
2373
15091
2413
51033
3873
240687
10269
18037
2234
16043
2535
2072
2087
2113
2134
2150
15670
2131
2178
51457
38594
2314
528616
4158
4042
5409
3181
171321
230039
5763
58010
3401
5433
2223
2782
315811
2259
2497
2425
2384
244423
18534
4374
27014
3044
2218
7744
2170
2597
2153
2438
85857
2792
2212
355219
55183
3149
62946
2313
2148
2157
2292
2640
2178
2094
2206
2243
2728
3477
3973
2285
10453
222531
4184
2207
9768
2132
2131
2283
2768
149127
3442
4713
2423
38770
185978
136037
2552
2302
1926
2362
5571
6382
1925
1815
29511
2690
2500
1720
