47637
11208
13278
11930
26326
12041
10713
11165
10885
11864
16181
11161
12465
483301
16721
31503
2343443
18311
514174
13693
12463
43482
11145
365193
15074
12031
12190
12009
11504
12940
90268
11959
14677
554791
15225
41567
11477
56067
12510
83046
11787
12530
12406
25096
20113
11654
11692
11305
11849
13953
12977
14170
413213
296942
16141
1043802
577460
696283
21167
14216
1251095
24662
179471
44804
12868
12096
18300
1013327
21016
17996
10682
13982
10969
18449
693162
17958
684837
32457
17951
13019
13213
12018
11805
13157
15357
937756
20424
13284
12563
13436
12856
16079
509696
17120
14889
14541
20219
15349
263173
584150
20569
31462
12756
13213
19023
12253
15432
91472
12498
23742
12996
12877
12200
13464
11399
11723
12110
16854
1212738
23100
1556412
40249
17750
1608229
21906
91959
13266
437313
28349
32806
11699
11955
18910
1277558
21077
20162
414701
195468
1068586
19289
10817
12739
11310
10847
13447
158274
493444
1019267
18709
108459
10933
12342
42041
12334
10640
11258
11209
12691
78332
13463
273562
21223
1268938
54675
92150
11643
84833
14720
10787
10483
10907
10441
10473
80701
11959
11150
273718
197785
11870
2815654
22354
20728
28224
18600
879335
1213370
31627
312919
17984
27109
11756
15239
1652953
11365
12951
11968
12778
1312863
94966
24481
143032
15643
12290
41261
11583
13062
11889
13435
453483
15224
12266
1886957
291073
15985
332851
13126
11174
11377
11864
15344
11097
11479
11878
11958
15429
17418
21066
12559
56278
1157495
22655
10766
50737
11457
11412
12742
14847
795851
18396
25641
13034
207349
992333
720051
13838
11734
10573
11006
29375
33292
10235
9812
154999
14542
12406
9737
8776
2109
2538
2193
4791
2198
2019
2124
2018
2178
3109
2113
2337
89466
3115
5843
434779
3441
95891
2505
2342
7971
2108
66162
2756
2187
2222
2174
2118
2313
16960
2195
2650
104588
2834
7661
2172
10171
2319
15783
2194
2257
2270
4795
3739
2188
2192
2062
2242
2568
2372
2590
77655
53836
2958
194926
104077
131206
3974
2712
232953
4535
33578
8426
2369
2271
3499
189085
3936
3408
1987
2659
2075
3457
128069
3314
125285
6111
3399
2394
2432
2208
2226
2495
2907
177730
3771
2435
2282
2475
2389
2826
94016
3120
2714
2658
3661
2746
47512
111075
3811
5860
2362
2429
3442
2290
2847
16929
2398
4356
2483
2438
2250
2577
2148
2115
2214
3202
225863
4251
289742
7427
3424
297601
3997
17302
2507
82599
5079
6302
2218
2266
3470
244259
4024
3762
84191
37442
194234
3746
2118
2405
2132
2051
2642
31068
95695
188710
3583
20211
2123
2317
8047
2370
2047
2144
2140
2355
14930
2497
51451
3893
241165
10376
17584
2194
16251
2738
2118
2005
2135
2036
2068
15381
2333
2144
51567
38580
2288
531211
4342
4052
5314
3463
171105
228983
5881
58438
3481
5247
2206
2825
315196
2131
2442
2216
2437
245453
18736
4476
26956
3015
2306
7718
2166
2482
2240
2440
86049
2821
2281
356171
54505
3032
63537
2406
2181
2132
2203
2726
2097
2119
2178
2179
2745
3261
3949
2301
10445
221067
4239
1992
9428
2068
2171
2352
2688
150051
3479
4736
2422
39323
186097
136964
2603
2247
1963
2131
5571
6276
1897
1816
29351
2701
2386
1845
