48050
11296
13503
12061
25541
11276
10882
10852
10959
11848
16020
11264
12099
487765
16382
32113
2335927
18962
512892
13637
12059
43254
10823
368893
14668
12567
11911
11983
11553
13257
89043
11906
14173
563604
15300
41909
12031
56200
12948
82217
11616
12757
13208
25309
19425
11026
12022
11872
10939
14097
13040
13871
410173
297861
16686
1047967
579525
695675
22286
14956
1252044
24903
179276
45602
12825
11205
17573
1008030
19923
18090
11129
13552
11032
17546
689110
17520
684897
31534
17859
12459
13441
12077
12970
12756
16230
933195
20310
12346
12693
13120
12929
15810
510011
17358
14995
14612
21017
15033
262422
582925
19947
31009
12685
13886
18080
13057
15432
91782
12131
23748
13581
12316
12477
13229
11455
11390
12999
17024
1212438
22888
1552442
40446
18140
1603797
21779
90526
14134
439300
28301
32214
12591
11910
18723
1281293
21269
19405
414722
194718
1061859
20065
11122
11712
10613
10196
12852
156463
493666
1012514
18995
106950
11561
11868
42027
12415
10492
11434
11164
12882
78950
13621
271805
21195
1265374
54312
92993
12182
84837
14159
11116
10671
11135
10031
11210
79896
11385
11831
271738
199363
11681
2813197
21757
20777
28510
17426
876667
1211324
31795
311449
18073
27479
12457
15331
1661820
12224
12760
12552
12414
1314279
94625
23784
144912
15769
12160
41309
11822
13369
11877
13761
451771
15097
12332
1886640
294315
16446
333875
12885
10861
11596
12086
14062
11352
11643
11714
11940
15225
17602
20115
12143
56254
1163741
22046
11749
50587
11802
10896
12202
15590
794470
18495
26328
12849
205786
993378
716295
13972
11953
10763
11834
28635
33224
10430
9594
156544
14287
12319
9079
8845
2109
2580
2211
4645
2084
2028
2028
2041
2189
3091
2105
2252
90189
3093
5903
433616
3515
95667
2526
2299
7992
2061
66907
2726
2269
2223
2172
2140
2370
16688
2221
2567
106069
2881
7696
2233
10226
2386
15542
2194
2313
2409
4837
3608
2065
2263
2143
2084
2625
2401
2557
77085
54005
3075
195329
104447
131116
4146
2816
232601
4488
33621
8612
2396
2143
3390
188158
3731
3409
2049
2533
2094
3308
127301
3278
125088
6001
3427
2301
2480
2208
2404
2377
3068
176830
3763
2244
2306
2454
2422
2787
93987
3200
2705
2655
3794
2717
47237
110629
3673
5730
2352
2532
3338
2439
2855
16943
2307
4411
2535
2297
2291
2527
2133
2090
2334
3233
225777
4249
288619
7450
3459
296206
3967
17101
2660
82892
5080
6230
2366
2260
3389
244990
4069
3658
84144
37264
193363
3878
2154
2210
1999
1943
2479
30688
95927
187523
3670
19977
2242
2219
8049
2343
2025
2178
2137
2409
14997
2497
51204
3937
240594
10368
17814
2305
16412
2661
2210
2052
2122
1934
2189
15258
2230
2278
51309
38960
2236
530546
4216
4033
5400
3278
170595
228779
5920
58120
3499
5388
2365
2836
316740
2324
2417
2310
2358
245520
18669
4353
27364
3000
2244
7770
2183
2511
2229
2504
85604
2817
2313
356645
55163
3086
63912
2376
2134
2201
2202
2580
2118
2102
2141
2215
2746
3282
3763
2244
10502
222446
4098
2177
9502
2086
2054
2274
2821
150086
3442
4806
2361
39114
185991
136373
2635
2266
1963
2279
5452
6171
1920
1820
29461
2686
2353
1716
