48005
11278
13523
12152
25908
11068
10389
11037
11067
12136
15194
11108
12102
482129
17021
31224
2340135
19230
515598
13854
11724
42709
11083
363294
15086
12537
12151
12544
11409
12555
90587
12027
14267
561364
15479
41755
12228
55413
13570
84425
11806
12153
12623
24942
19945
11162
11492
11620
11107
15106
13323
14856
407732
297320
16972
1047280
579815
692489
21477
14703
1247350
25917
183190
44466
13075
11506
18242
1010181
20105
18201
10604
13833
10876
19041
688425
16905
681225
31681
17632
12799
13694
12569
11992
13087
15491
945873
20193
13201
12478
13522
12620
16135
513105
17713
14871
14847
20815
15465
262409
585863
20499
30754
12418
13717
18868
12171
15101
92412
12211
23697
14024
12511
12538
13094
11048
11508
12828
17348
1212340
22806
1548019
39217
17635
1606048
21203
88259
13549
439738
28707
31881
11700
12141
18929
1277664
19954
19335
413452
196143
1066663
19671
11259
12192
10992
10760
13024
155757
489745
1016912
19549
110070
11205
12062
42219
13266
10253
11746
11202
13126
79414
13038
276065
21579
1263265
54202
90585
12129
84336
14176
10716
10809
10949
9915
10768
81036
11761
11562
267924
198382
11605
2794253
21707
21370
28149
17718
874877
1215174
32666
311594
17702
28146
12158
15480
1661451
11861
12408
13285
12073
1312734
95447
23674
143505
14950
11941
41534
11217
13944
11841
13717
456934
15511
11547
1887266
296795
16769
334475
12514
11327
11007
11848
14794
11058
11961
11535
11632
15691
18316
20606
12285
55254
1159044
22231
11238
50830
11710
11859
12107
15372
787349
18302
25746
12580
204883
992063
718714
12835
11884
10324
12016
28089
33534
10680
9765
154953
14396
11946
9078
8809
2121
2568
2227
4702
2058
1981
2024
2060
2247
2939
2071
2274
89147
3179
5735
434582
3565
96267
2556
2219
7981
2099
66082
2763
2296
2250
2261
2128
2203
16984
2226
2547
105694
2913
7732
2281
10133
2487
15972
2234
2230
2299
4782
3642
2065
2124
2131
2098
2784
2429
2723
76679
53953
3110
195279
104793
130343
4012
2780
232509
4767
34378
8460
2414
2175
3555
188860
3744
3416
2001
2624
2064
3576
127309
3214
124526
6018
3372
2371
2514
2294
2256
2511
2972
179408
3696
2394
2289
2527
2353
2819
94870
3249
2710
2673
3744
2778
47176
111472
3780
5681
2330
2490
3454
2293
2796
17182
2354
4354
2620
2329
2330
2495
2095
2107
2329
3276
225351
4240
288486
7247
3396
297116
3911
16687
2539
83201
5157
6164
2197
2284
3434
244561
3839
3622
83945
37470
194164
3795
2177
2309
2081
2036
2512
30635
95026
188485
3728
20485
2187
2252
8118
2502
1993
2277
2123
2417
15146
2386
52100
3997
240282
10248
17327
2290
16280
2669
2118
2077
2126
1934
2086
15389
2285
2214
50535
38848
2227
527981
4243
4142
5289
3281
170461
229886
6031
58098
3441
5390
2295
2833
316245
2277
2344
2436
2295
245633
18798
4343
27187
2890
2245
7814
2075
2611
2224
2490
86540
2908
2169
356409
55343
3167
63860
2311
2237
2111
2187
2644
2104
2159
2114
2110
2822
3462
3861
2238
10309
221514
4161
2081
9479
2082
2216
2284
2775
148669
3463
4697
2289
38904
186044
136691
2489
2256
1903
2268
5358
6284
1976
1842
29322
2706
2292
1756
