48410
11472
13784
11868
26424
11675
11389
11225
10687
12218
15898
11310
11851
482129
16662
31076
2339197
18417
515145
13901
12243
42807
10944
364425
14695
12795
12605
12368
10689
12920
89199
12774
14836
560148
15475
41639
11930
55876
12450
82311
11387
13336
12667
25232
19993
11137
11774
11621
11595
13334
12866
14216
410424
296662
16664
1047030
577490
692507
22454
15371
1249476
24931
180942
45179
12381
11485
17631
1010674
20588
18011
11137
13874
11569
19122
689423
17064
687926
31578
17380
13595
13227
12733
12504
13168
14910
942588
20012
12929
12479
13277
12671
16532
509646
16817
14066
14980
20248
15325
262027
583648
19246
30578
13102
12950
19137
11802
15882
92223
12747
23157
13136
13146
11885
13079
10804
11112
12101
16260
1218185
23288
1557347
40511
17076
1604924
21573
90864
13366
438467
28451
32486
11651
11902
19303
1283835
21051
19202
409200
195552
1063840
19409
11501
12086
10765
10238
13057
157108
495737
1014322
19081
109398
11448
12026
42205
12510
10890
11436
11137
12930
80009
13444
272639
21797
1268776
54467
90888
12005
84701
13843
11207
11373
11303
10646
10868
82948
11693
11559
270222
196309
11846
2805433
21524
21309
28962
17979
882993
1216452
32517
312839
17462
27855
11749
15663
1659789
11972
13111
13050
12468
1313015
95219
24797
144461
15867
12584
40003
11932
13606
11473
13245
456942
15193
11570
1890083
292565
16139
335660
12834
10780
10862
12523
14170
11660
11047
11643
11805
14438
17831
20685
12176
57381
1156545
22517
12183
50870
11773
11515
12119
15179
797038
18555
25176
13212
203784
990307
714398
12916
13228
10632
11561
27736
33501
10750
9864
155273
14468
12257
9804
8840
2120
2604
2166
4840
2151
2112
2122
1978
2261
3088
2101
2243
89186
3125
5775
434188
3472
95947
2573
2294
7953
2058
66314
2695
2349
2308
2204
1982
2309
16819
2352
2682
105477
2942
7641
2231
10124
2311
15674
2160
2391
2307
4795
3701
2074
2256
2110
2179
2511
2383
2618
77179
53851
3067
195247
104158
130563
4175
2916
232514
4611
34039
8506
2302
2145
3373
188536
3866
3371
2092
2648
2150
3560
127299
3204
126026
6016
3278
2514
2469
2344
2377
2473
2856
178378
3658
2351
2313
2443
2347
2943
94327
3101
2598
2724
3670
2740
47334
110919
3603
5618
2429
2371
3480
2197
2923
17105
2432
4312
2481
2476
2202
2497
2056
2046
2245
3113
226642
4357
289715
7428
3329
297109
3936
17229
2512
82930
5132
6228
2199
2251
3534
245686
4015
3593
82978
37387
193359
3815
2223
2274
2034
1948
2554
30778
96058
187953
3623
20404
2220
2300
8157
2371
2129
2206
2131
2365
15261
2495
51382
4030
241193
10374
17442
2268
16338
2599
2200
2156
2198
2067
2153
15779
2259
2215
51060
38470
2295
529931
4197
4106
5489
3335
171720
230149
6003
58288
3344
5349
2212
2891
316450
2232
2494
2430
2361
245541
18717
4598
27226
3039
2326
7526
2206
2549
2155
2415
86308
2879
2165
357306
54827
3060
64026
2369
2149
2075
2323
2568
2161
2016
2153
2160
2606
3371
3844
2261
10632
221332
4182
2240
9461
2100
2137
2258
2778
150344
3447
4615
2442
38557
185763
136190
2457
2470
1981
2218
5278
6270
1979
1864
29376
2736
2345
1866
