48079
11434
12894
12031
25757
11233
10810
11564
11227
12652
15369
11966
12163
485111
16913
31658
2346373
19401
515193
13571
11820
43454
11261
362801
14277
12724
12803
11848
11173
12280
87608
12481
14696
557449
15512
41794
12703
56508
12655
83235
12164
12403
12822
26367
19057
11312
11752
11437
11828
14346
13372
14053
411411
297137
16566
1046964
577413
691428
21571
14906
1250657
24721
179803
45021
13136
12165
17126
1009888
20847
17224
11111
14058
10578
18399
694456
17997
684363
32793
18116
12390
13171
12858
13069
13262
15700
939283
20391
12810
13057
13219
12624
15996
511064
17388
14944
15357
21119
14876
260860
581139
20233
31381
12600
12610
18444
12524
15754
91164
12528
23483
13720
13259
11973
13017
11479
11160
12621
16101
1219917
23525
1553214
40801
17752
1605792
21771
92683
14329
435425
28751
31876
11426
12156
18689
1280703
20796
19983
414726
194384
1068836
20171
11500
12221
10936
10800
12964
155491
495935
1016112
19844
109805
11054
12316
40501
12560
10501
11225
11094
13404
78853
12999
269881
21068
1261363
53075
93072
12357
83734
14418
11127
10591
11380
10358
10765
81434
12297
11755
270028
196668
11207
2802571
21860
20924
28382
17190
878425
1216023
31936
309130
18036
27428
11890
15575
1665454
11654
13374
13418
12247
1318488
94308
24117
156468
16332
12573
40999
11574
13813
11826
13923
453052
15524
12030
1892524
292424
16588
334098
12871
11138
11228
12081
14471
11018
11045
11214
11661
15066
17983
22100
12061
54716
1157468
22711
12027
51190
11838
11472
12156
15343
796640
18615
26307
12895
204760
995749
718464
13145
11781
10632
11547
28076
35491
10716
10157
155668
14859
11953
9254
8802
2125
2470
2218
4728
2085
2069
2154
2093
2316
2935
2204
2235
89805
3179
5839
435813
3585
96180
2523
2212
8075
2144
66032
2649
2319
2339
2130
2093
2170
16487
2302
2643
105363
2919
7699
2373
10337
2339
15818
2279
2224
2333
4989
3535
2106
2238
2096
2235
2642
2473
2580
77395
53936
3063
195178
104297
130425
4037
2806
232577
4517
33785
8550
2405
2288
3284
188960
3914
3274
2052
2631
2028
3443
128612
3398
124981
6231
3445
2269
2416
2363
2447
2540
2985
178153
3695
2339
2409
2449
2333
2871
94316
3183
2728
2792
3819
2680
47063
110430
3753
5782
2355
2316
3381
2347
2920
16846
2422
4368
2574
2473
2236
2505
2174
2053
2336
3083
227283
4357
289474
7601
3444
297012
3992
17532
2660
82192
5162
6145
2186
2323
3430
245118
3978
3734
84184
37333
194507
3945
2202
2322
2053
2052
2505
30618
96117
188060
3803
20443
2143
2308
7817
2411
2015
2188
2154
2482
15112
2408
51079
3882
240210
10140
17793
2348
16174
2693
2188
2044
2196
1986
2144
15511
2380
2291
50912
38485
2163
529155
4227
4036
5351
3220
170880
230036
5929
57663
3455
5379
2265
2893
317301
2192
2507
2453
2321
246854
18573
4478
29527
3104
2345
7683
2140
2577
2198
2514
85941
2893
2259
357616
54787
3178
63924
2364
2165
2117
2207
2604
2080
1970
2061
2130
2723
3372
4066
2208
10203
221169
4227
2246
9578
2137
2135
2244
2753
150153
3493
4795
2359
38866
186592
136766
2545
2230
1956
2244
5395
6619
2003
1907
29506
2788
2287
1775
