48480
11268
13264
11749
25668
11827
11034
11803
11100
12046
14987
11297
12151
482674
16355
31698
2342351
18382
516769
13606
11650
43806
11450
362067
14576
12606
12298
12523
11790
13369
89438
12576
14280
557083
16148
41030
12293
56381
12228
83032
11688
12365
12962
25000
19702
10960
11676
11454
11607
13687
13090
14212
410302
296039
16947
1048784
577115
690243
21547
14564
1251797
25901
180002
45241
12471
11314
17731
1013366
20531
17482
10866
14275
10993
19003
693491
18078
684814
32443
18435
12859
12852
12849
12750
12894
15260
943211
20823
12912
12751
13497
13335
16698
512471
17745
14889
14852
20466
15197
263030
584547
20052
31517
12881
12515
19344
12414
14713
91900
12072
23316
12917
12469
12626
13030
11434
10898
12616
16605
1213179
22788
1556294
40495
17640
1615692
21364
91291
13630
439293
28406
32069
12199
11966
19256
1282364
20723
20413
414453
196204
1052958
20076
11756
11595
10364
10663
12551
156022
492362
1016845
19909
109121
10809
11856
41736
12496
10675
11334
11151
13178
79120
12708
271048
20837
1265727
54542
91631
12981
85596
14098
11162
10708
11565
9975
11049
81351
10954
12020
271867
197990
11516
2806444
22418
21104
28462
17655
881847
1208868
31798
310320
17352
26896
12017
15156
1661183
11656
12662
13172
12248
1311350
95413
23687
143767
15729
12448
41296
10866
13329
11022
13348
450355
15055
11551
1898820
292468
17418
333810
13092
11818
10916
11877
15054
11161
11575
11797
11529
15351
17881
21595
12272
56541
1161129
23019
11763
51819
12055
11289
12659
13970
801044
18122
24969
13020
204901
992533
716349
12931
12336
10095
12532
28665
33577
10744
9888
155701
14018
12177
9536
8830
2111
2503
2154
4678
2166
2094
2190
2091
2243
2853
2127
2287
89371
3101
5925
435331
3450
96596
2522
2184
8063
2173
65809
2708
2302
2251
2245
2160
2409
16831
2353
2562
105076
3060
7586
2310
10300
2274
15751
2256
2239
2330
4780
3651
2047
2223
2082
2223
2555
2412
2604
77317
53797
3102
195583
104246
130226
4014
2778
232908
4742
33855
8560
2312
2147
3452
189430
3845
3268
2004
2708
2084
3536
128118
3398
125121
6185
3479
2345
2362
2325
2369
2449
2890
178932
3788
2354
2319
2487
2475
2948
94633
3226
2724
2724
3702
2730
47515
111145
3684
5792
2410
2312
3558
2322
2736
17057
2344
4304
2429
2327
2313
2476
2147
2001
2300
3170
225847
4271
290537
7471
3416
298787
3905
17299
2547
83132
5097
6195
2300
2296
3520
245366
3969
3812
84186
37646
192088
3899
2249
2191
1924
2044
2414
30695
95750
188290
3819
20331
2131
2241
7938
2388
2067
2195
2128
2394
15100
2358
51058
3851
241015
10401
17567
2432
16476
2640
2182
2014
2182
1945
2149
15525
2158
2337
51315
38670
2237
529579
4395
4062
5345
3301
171563
228687
5943
57817
3362
5236
2269
2816
316581
2223
2413
2396
2343
245601
18788
4359
27233
3044
2343
7823
2013
2527
2117
2416
85429
2835
2163
358534
54890
3290
63552
2387
2326
2092
2190
2691
2127
2105
2140
2106
2800
3351
4015
2226
10526
222024
4285
2199
9711
2144
2144
2374
2564
151050
3369
4624
2421
38895
186071
136583
2504
2335
1881
2420
5495
6299
1958
1855
29381
2650
2292
1809
