48348
10960
13100
11546
26564
11323
10419
11228
11608
11748
15529
10575
12064
484010
16352
31794
2344130
19005
516719
13294
11915
43134
11056
364421
15614
13153
12395
12071
11690
13223
88495
12433
14180
561093
15115
41797
12689
55757
12684
81449
11534
12414
13092
25987
19431
11801
11564
11956
10904
13751
13387
14039
407741
296996
16264
1047539
580143
693040
22142
14610
1255136
24678
180027
44228
13044
12063
18274
1012293
19980
17437
10305
14062
11425
19208
691800
18209
683277
31573
18629
13232
12974
12345
12881
12380
15523
940285
20750
12696
12533
12832
12585
16466
511641
18021
14319
14589
20875
15510
260677
583861
20494
30434
13407
12496
18582
12545
15774
93014
12052
24038
13016
12596
11931
13009
11150
11162
12498
16857
1209914
22831
1558541
39318
17908
1601089
21615
91348
12755
439192
28896
30620
12438
11887
18697
1283884
20862
19859
417012
193856
1066575
20046
11773
12166
10588
10267
13619
156178
492822
1017543
19074
109694
10802
11151
42444
13068
10432
11139
11558
13338
78264
13812
274107
20881
1262570
54318
92129
12579
83935
14541
11168
11425
10895
10504
10958
81417
11033
12247
271718
197685
11614
2807997
21858
21223
29198
17489
877687
1215751
32123
310476
17664
27857
11541
15429
1657008
12039
13100
12690
12868
1313308
94039
23409
142372
15391
11913
40476
11183
13796
11840
13154
455297
14969
12000
1892258
292310
15921
330862
13040
10901
11659
12209
14298
10984
11415
11149
11371
15486
18325
21859
12062
55783
1163288
21964
11890
51187
11825
11384
12414
15118
799581
17914
26406
12326
207415
992553
717125
13506
12020
10309
12569
28576
33951
10600
9766
155463
14039
11469
9705
8869
2063
2494
2119
4813
2145
1975
2110
2149
2224
3003
1987
2281
89545
3054
5878
435433
3542
96486
2484
2262
8019
2135
66096
2874
2381
2287
2180
2142
2365
16738
2302
2559
105695
2851
7719
2362
10186
2354
15481
2196
2268
2397
4974
3574
2171
2158
2150
2098
2566
2452
2567
76793
53976
3031
195265
104444
130762
4102
2740
233722
4546
33784
8349
2416
2283
3528
189197
3704
3278
1948
2694
2146
3604
127740
3417
125130
6032
3526
2452
2419
2241
2404
2349
2969
177855
3778
2320
2280
2410
2330
2866
94569
3299
2615
2650
3736
2787
47004
111060
3806
5603
2495
2278
3456
2339
2943
17194
2313
4456
2447
2380
2227
2506
2106
2030
2269
3185
225582
4246
290535
7279
3413
296261
3946
17254
2416
82896
5188
5945
2337
2283
3396
245480
4013
3683
84792
37135
194524
3910
2269
2326
1984
1961
2654
30559
95652
188761
3652
20432
2119
2117
8150
2492
2025
2155
2205
2480
15033
2498
51512
3865
239959
10299
17684
2377
16234
2720
2191
2143
2093
2023
2174
15577
2165
2359
51291
38713
2253
530126
4238
4096
5497
3271
171080
229822
6009
57976
3443
5406
2183
2881
315845
2278
2459
2321
2433
245610
18592
4335
27118
2949
2236
7573
2082
2606
2218
2399
86459
2801
2255
357558
54649
3025
63298
2414
2136
2206
2294
2570
2066
2050
2087
2067
2803
3427
4065
2213
10407
222065
4129
2227
9584
2102
2127
2323
2777
150847
3348
4804
2244
39329
186196
136554
2589
2304
1906
2403
5434
6416
1983
1840
29394
2637
2201
1854
