48749
11566
13046
11904
26250
11871
11078
11399
11561
12037
15243
11835
11689
486609
16945
31354
2335928
19784
517212
13617
11968
43332
11561
363154
14479
12058
12794
12410
11790
12988
89061
12514
14331
560620
15601
41927
12401
56656
13238
83579
11202
14055
12751
25400
20390
11089
12053
11529
11189
13397
13348
13775
406530
296943
16546
1051251
577216
698495
21775
14434
1252109
23931
179887
45556
12371
11195
18274
1011251
20318
18005
10883
14155
11225
19520
689706
17662
686392
30876
18241
12527
13096
12251
12738
13137
15419
939199
20542
13359
13157
13491
12821
15856
513436
17473
14526
14493
20650
14445
262490
587555
20776
29953
12536
13175
19483
12844
15409
91938
11773
23432
13220
13151
11981
12950
11574
11344
12740
16926
1211980
22457
1557233
40592
18064
1608935
21829
89793
13191
436329
29493
31417
12541
11911
18881
1284148
21136
20519
415384
192593
1061187
20244
11830
12139
10659
10246
12779
157794
493562
1018993
18277
110426
11065
12341
41854
13331
10760
11623
11216
12847
79797
12508
272690
20733
1260124
54036
93862
12362
83770
14161
10658
10558
11305
10444
11119
81606
11392
11039
269942
199038
11994
2813406
21491
21269
28031
17492
881726
1212682
32088
311580
17390
28181
11444
14909
1657167
11816
12448
13450
12341
1319443
93314
23692
143287
16212
11811
41650
11748
14041
11759
13613
456230
14703
11901
1892960
293984
16747
330706
12614
11156
10701
11871
14440
11295
11379
11737
11088
15153
18716
21036
12665
54873
1162072
22583
11820
50215
11526
11025
11887
15483
795674
17252
25153
12645
204967
989618
717818
12760
12486
10186
11960
28318
35407
10774
9922
158026
14739
11809
9533
8952
2163
2484
2201
4800
2158
2091
2164
2153
2235
2901
2192
2208
89950
3164
5810
433963
3672
96498
2546
2264
8016
2202
66051
2668
2184
2350
2237
2168
2300
16794
2296
2562
105603
2943
7634
2370
10244
2447
15870
2113
2498
2320
4890
3723
2088
2242
2122
2085
2492
2439
2561
76497
54003
3067
196108
104096
131836
4083
2767
232914
4405
33710
8632
2301
2126
3479
188850
3756
3392
2037
2678
2110
3673
127541
3343
125484
5901
3431
2275
2410
2249
2386
2467
2959
178317
3718
2456
2425
2490
2373
2846
94971
3174
2685
2665
3739
2598
47433
111702
3832
5538
2349
2396
3564
2412
2844
17003
2271
4361
2477
2486
2208
2489
2200
2069
2348
3208
225727
4207
290263
7490
3490
297870
4009
16952
2489
82557
5316
6022
2365
2243
3487
245952
4052
3814
84250
37060
193718
3892
2271
2313
2011
1979
2483
31027
95492
188884
3505
20577
2169
2290
8019
2530
2086
2246
2131
2350
15234
2331
51453
3829
239870
10276
17961
2333
16152
2684
2105
1999
2155
2060
2200
15482
2226
2117
50976
38848
2361
530742
4194
4100
5290
3294
171556
229287
5968
58171
3382
5475
2154
2749
316204
2228
2369
2461
2357
247323
18426
4381
27172
3098
2215
7822
2177
2664
2193
2477
86623
2711
2241
358152
55066
3137
63396
2323
2209
2018
2218
2622
2151
2058
2146
2010
2718
3498
3920
2324
10244
222099
4191
2196
9422
2078
2098
2223
2804
150221
3248
4588
2371
38892
185864
136725
2419
2342
1900
2267
5390
6566
2009
1846
29855
2778
2249
1788
