47952
11204
13334
12621
25790
11504
10625
11184
10948
11659
14513
11476
12077
486010
16099
31517
2343198
19225
517749
13627
11260
44467
11003
361483
14712
12913
12828
11849
11208
12951
87835
12352
13929
563030
14927
42424
11739
55773
12644
81699
11743
13560
12951
25074
19436
10965
11968
11786
11692
13921
12927
13975
410625
297657
16251
1052717
583008
695186
21602
14712
1251719
25782
179432
46433
11562
11281
17991
1008457
20181
17433
11653
13949
10635
18530
690570
17568
685420
31847
17790
12986
12986
12912
12855
13510
16329
938084
21254
12497
13171
13367
13132
15924
509465
17619
14982
14398
20378
14656
262121
581989
20533
30713
12602
13059
19124
12054
15662
92594
12823
23751
13406
12892
12297
13327
11454
11222
12263
16781
1210704
22401
1557409
38285
17544
1608770
22184
90105
13978
437101
28741
32142
11793
12570
19144
1283887
20556
20249
412369
194537
1066605
19843
11841
12465
10773
11050
13217
157668
491740
1021496
19480
109890
11410
11838
41553
13021
10866
11406
11711
13613
78967
12943
273666
21531
1265552
54993
90824
12210
83578
14227
11523
11316
10738
10311
11070
79922
11523
12032
271697
198939
11523
2812226
22001
20756
28624
17524
878411
1218792
31288
311396
17595
29308
11791
14473
1666115
11507
12890
12800
12206
1315781
94214
23895
144534
16492
13250
41110
11008
13570
11516
14459
455179
14849
12365
1887392
294822
16813
334862
12042
10508
11600
11934
14665
11033
11048
12118
11566
14976
18283
21589
11824
54887
1162065
22155
11407
50508
11723
11238
12637
15386
793455
17935
24624
12432
204970
990773
718584
13099
12750
10477
11530
29110
33200
10202
9893
155874
14595
11738
9061
8741
2108
2557
2293
4646
2155
2019
2115
2053
2158
2783
2149
2278
89849
3024
5853
434974
3531
96728
2548
2149
8236
2119
65691
2736
2348
2345
2157
2070
2291
16646
2283
2546
106263
2874
7828
2212
10243
2357
15530
2210
2428
2350
4781
3595
2072
2232
2144
2241
2587
2380
2587
77157
54092
3025
196497
105357
131346
4046
2794
232995
4724
33695
8788
2155
2151
3421
188430
3829
3283
2158
2608
2012
3466
127778
3352
125709
5983
3344
2417
2403
2327
2380
2532
3099
177738
3837
2322
2390
2480
2450
2813
94253
3216
2786
2613
3697
2665
47302
110789
3757
5678
2359
2359
3503
2290
2910
17071
2458
4438
2519
2435
2268
2551
2195
2056
2233
3205
225408
4164
289972
7058
3389
297281
4069
17081
2606
82726
5176
6195
2232
2378
3524
245969
3970
3840
83675
37236
194416
3899
2287
2344
2012
2104
2587
30929
95609
189236
3732
20410
2220
2233
7922
2455
2118
2219
2239
2489
15062
2398
51654
3983
240888
10457
17401
2311
16176
2673
2239
2179
2110
2026
2202
15269
2240
2313
51238
38931
2230
530806
4312
4023
5385
3279
171164
230112
5814
58034
3385
5606
2224
2698
317801
2157
2444
2340
2308
246134
18535
4403
27248
3155
2488
7742
2049
2577
2171
2616
86421
2774
2323
356781
55246
3159
63977
2208
2036
2198
2188
2634
2061
2016
2239
2108
2697
3456
4025
2191
10263
222213
4147
2110
9498
2091
2106
2382
2763
149757
3395
4562
2306
38992
185855
136754
2536
2406
1942
2221
5527
6213
1910
1869
29423
2772
2287
1740
