48357
11009
13686
12190
26058
11009
10553
12275
11185
11648
15671
10982
12212
486942
15855
33231
2347178
18911
513272
14034
12056
43735
10971
364864
15807
12665
12620
12432
11085
12840
88397
11824
14987
560271
15426
41734
12708
58110
12925
83565
11363
12683
12426
24821
19535
11411
12041
11172
11495
14127
13203
13941
408241
296840
15734
1042533
579469
693747
21548
14751
1253433
25339
179172
43944
11952
12040
17676
1006843
19846
17329
11043
13273
11390
18351
694358
16905
686758
32346
18748
12899
13201
12845
13273
13022
15430
936123
20458
12795
12969
13511
13133
16266
509584
17751
15281
14915
21092
14526
262059
582761
20444
31001
12838
12595
18592
12327
14957
91043
12959
24446
13662
13377
12332
12774
11616
11233
12172
17132
1212837
23187
1550827
39636
16678
1601844
21736
91775
13741
439665
28846
31935
11877
11983
19819
1277669
20418
20430
416739
195337
1067857
19574
11077
12010
11245
10849
12809
156842
493024
1017843
19732
109552
11334
11308
41108
13045
10778
11837
11862
13284
77310
13504
271966
21513
1261728
55836
92195
12428
84037
14937
10459
10742
10775
10743
10092
80875
12015
10989
273223
198400
11638
2806223
21338
21276
28197
17948
883362
1219754
31426
309815
17160
28079
11775
15528
1660985
11724
13132
12779
12807
1314116
93952
23579
141896
15486
12196
40632
11151
12819
11828
12978
455678
15457
11575
1893418
293379
17462
333033
12709
11209
11587
11812
14396
11066
11439
12155
11488
14959
17418
22267
12412
57038
1157141
22571
11593
51592
11613
12007
12402
15332
798519
19270
25439
13004
205920
988524
716374
12937
11568
10309
12235
28762
33050
10719
9749
153317
14070
12172
9754
8836
2064
2636
2225
4730
2042
2014
2277
2076
2159
3032
2059
2296
90015
2973
6127
436057
3533
96137
2600
2282
8101
2108
66323
2882
2296
2283
2224
2054
2289
16683
2203
2671
105646
2884
7738
2367
10520
2389
15779
2172
2295
2279
4712
3611
2134
2254
2056
2192
2608
2427
2553
77067
53805
2916
194673
104715
130877
3992
2768
233344
4634
33666
8350
2230
2256
3434
188449
3763
3307
2078
2540
2127
3414
128438
3181
125453
6206
3538
2378
2436
2340
2460
2469
2962
177336
3723
2356
2375
2517
2474
2859
94241
3233
2790
2728
3784
2641
47233
110607
3814
5713
2377
2320
3422
2296
2776
16910
2473
4483
2569
2471
2278
2434
2191
2069
2243
3291
226133
4275
289300
7309
3217
296811
3940
17283
2588
83122
5192
6150
2233
2285
3627
244889
3934
3802
84299
37457
195023
3787
2167
2244
2071
2071
2521
30749
95650
188929
3766
20379
2239
2125
7937
2440
2078
2279
2263
2431
14759
2508
51280
3989
240251
10625
17639
2315
16238
2779
2043
2058
2089
2086
2019
15452
2344
2110
51546
38755
2254
529951
4137
4153
5285
3316
172169
230715
5828
57858
3292
5422
2273
2861
316776
2211
2485
2345
2415
245916
18552
4336
26868
2980
2281
7641
2080
2467
2242
2375
86456
2887
2160
358237
54833
3279
63679
2306
2192
2149
2181
2628
2081
2116
2259
2110
2681
3242
4109
2249
10595
221575
4196
2175
9638
2078
2247
2326
2801
150699
3579
4692
2413
38974
185332
136563
2494
2197
1906
2328
5452
6256
1982
1830
29162
2652
2356
1865
