49082
10857
14190
11689
25715
11320
10139
11198
11613
11259
15446
11463
12118
489745
16620
32301
2347483
19513
511552
13790
11569
43921
10980
362754
15065
12599
12258
11737
11419
12918
88201
12717
14384
562768
15418
40330
12699
56146
12856
82951
11301
13397
12680
25391
19034
10931
12072
11140
11500
13530
13424
13835
413004
300745
16608
1047491
578400
692459
21060
14849
1254320
24919
180827
46340
12703
12514
17929
1014214
20573
18072
10517
13791
10902
19457
694175
17575
686215
32569
18322
12605
12852
12144
12649
13254
15930
938525
20945
12467
13508
13171
12777
15675
510684
17762
14621
15755
20865
15311
262414
580714
20073
30692
13045
13533
18941
12563
14733
92401
12260
23360
13053
13096
13071
12932
11997
11607
12829
16778
1214780
23791
1553057
40556
17038
1605390
20525
91935
14404
435577
28602
31556
12788
11716
19332
1279100
20641
19921
415328
193874
1064915
19415
11414
12119
10211
10994
12755
157660
495995
1019732
19070
109957
11220
11193
41461
13219
10359
11391
11014
12567
78782
13325
269998
21645
1271340
54975
92487
12111
84880
13599
10564
11392
10795
10933
10944
80102
11398
11485
271576
194785
11439
2804910
22302
21197
28689
17610
879367
1218637
32204
312157
17655
28357
11951
15219
1659556
11534
13539
12672
13202
1312040
95809
23007
144567
15455
12209
40815
11849
13154
11449
12586
453236
15236
11582
1900122
291795
16556
333989
12875
11252
11578
12063
15364
11543
11597
12424
12244
14826
17974
21754
12058
55659
1157846
22594
11369
51211
11567
11168
12065
14869
801683
19052
25349
13241
204525
996165
715522
12967
11521
10777
12835
28619
34320
9850
9707
154544
14977
12423
9608
8992
2002
2685
2153
4717
2096
1937
2111
2134
2064
2951
2165
2240
90767
3125
6051
436543
3657
95650
2534
2236
8194
2101
66063
2779
2291
2267
2160
2115
2322
16688
2324
2593
106132
2939
7497
2319
10305
2394
15782
2117
2418
2298
4865
3515
2038
2281
2023
2176
2537
2433
2558
77855
54605
3094
195533
104562
130951
3889
2832
234014
4557
34027
8806
2363
2348
3468
189716
3866
3354
1974
2584
2062
3627
128658
3293
125433
6112
3491
2318
2378
2233
2368
2512
2995
178117
3811
2255
2476
2413
2361
2774
94334
3246
2656
2828
3762
2744
47338
110525
3716
5718
2362
2445
3469
2361
2741
17055
2367
4313
2461
2440
2400
2509
2235
2091
2320
3194
226564
4427
290124
7417
3301
297306
3775
17242
2694
82423
5141
6089
2383
2203
3529
245309
3968
3759
84399
37305
194467
3798
2213
2306
1927
2111
2462
31066
96234
189037
3649
20496
2156
2132
7990
2522
2013
2182
2111
2297
15015
2512
50887
3985
241771
10458
17701
2281
16396
2556
2077
2171
2052
2114
2154
15377
2233
2235
51265
38282
2239
529742
4311
4123
5444
3313
171315
230495
6039
58254
3367
5500
2293
2809
316786
2181
2597
2329
2516
246002
18790
4243
27511
2982
2279
7706
2179
2485
2140
2291
86033
2843
2180
359357
54764
3138
63740
2389
2184
2213
2214
2760
2177
2119
2246
2221
2662
3382
4057
2182
10369
221821
4169
2110
9630
2091
2128
2261
2718
151210
3562
4614
2424
38842
187112
136643
2474
2157
1996
2462
5423
6489
1865
1859
29199
2796
2393
1841
