49531
11074
13952
11834
25406
11868
10828
11629
11117
12292
15091
11202
12037
484477
16275
32805
2342415
18584
515709
13455
12232
44242
11279
366773
14315
12552
12737
12298
10843
12619
89139
12185
13942
558141
15518
40844
11942
55318
12302
84478
12154
13137
12889
26622
20227
11549
11712
12014
11466
14262
13220
14814
408755
297707
16326
1048724
579660
696152
21717
14818
1256716
25160
181045
45435
13013
11691
18408
1010115
21027
18277
11222
13180
11196
19291
692776
17687
684390
33310
18282
12765
13526
12299
13120
12888
15216
941594
20797
12894
13331
12667
13033
16355
511336
17580
14830
14703
20592
14692
263595
581495
20444
30688
13189
12133
19873
12790
15654
91687
12416
24092
13141
13170
12611
13194
11129
11059
12347
16819
1212422
23411
1554257
40219
17561
1604188
21996
89050
12954
442786
28900
33194
12065
12210
19565
1279435
20192
19726
412465
194209
1064715
19682
11419
12348
10150
10165
12540
156779
496316
1019159
19878
108851
11040
12132
41347
12075
10600
10776
11272
13571
77574
12574
273332
20623
1265115
54073
92890
12192
84265
13740
10164
10790
11227
10829
11078
81802
12051
11349
272619
198909
11955
2817179
22660
20636
28290
17298
886948
1217353
32482
311349
17616
28208
11974
15218
1659481
11812
13001
12770
12711
1322971
95565
24037
143916
14921
12918
40868
11646
13231
11487
13392
453239
14731
11937
1893366
295623
16167
330167
12460
11352
11535
11622
14941
10907
12365
12292
12023
15518
17563
21572
12126
56253
1157934
21212
11138
49880
11317
11049
11851
15670
798878
19120
25735
13073
203707
991900
718000
12962
11925
10113
12238
29590
33776
10170
10045
156877
14639
11768
9337
9094
2070
2625
2167
4675
2198
2060
2174
2105
2239
2922
2095
2257
89842
3059
6059
435652
3467
96368
2516
2348
8199
2162
66876
2648
2295
2337
2230
2017
2283
16826
2291
2535
105275
2934
7616
2246
10187
2279
15951
2258
2380
2308
5054
3688
2154
2225
2206
2177
2621
2427
2740
77141
54107
3010
195936
104805
131432
4080
2836
234058
4598
33849
8629
2429
2199
3524
189044
3971
3432
2080
2509
2126
3607
128253
3328
125324
6329
3485
2351
2517
2253
2430
2456
2878
178778
3837
2341
2418
2363
2407
2878
94524
3234
2736
2647
3723
2679
47587
110648
3780
5729
2475
2248
3656
2410
2929
16943
2395
4451
2484
2470
2313
2543
2134
2034
2256
3195
226525
4324
289867
7425
3385
297150
4044
16782
2437
83804
5200
6379
2279
2325
3597
245221
3870
3706
84020
37308
193825
3860
2243
2372
1912
1969
2464
30835
96292
188611
3833
20307
2135
2261
8010
2296
2070
2081
2128
2503
14755
2332
51633
3871
240603
10327
17790
2287
16242
2565
2011
2049
2133
2099
2192
15622
2333
2171
51539
39001
2317
532408
4423
3974
5331
3227
172815
230510
6065
58075
3418
5445
2279
2813
316771
2236
2454
2344
2391
247266
18853
4421
27407
2885
2426
7777
2149
2516
2154
2438
86061
2784
2259
358271
55387
3059
63213
2275
2220
2211
2165
2711
2082
2228
2253
2208
2813
3267
3994
2221
10497
222159
3977
2078
9301
2030
2099
2213
2824
150834
3592
4720
2430
38763
185838
136755
2463
2274
1884
2368
5582
6362
1865
1884
29595
2760
2279
1797
