48306
11149
13751
11820
25994
11801
11030
11171
11246
12141
15234
11592
11965
484629
16893
31753
2343002
18730
518004
14081
11929
43493
10962
363863
15157
12895
12665
12476
10995
12821
87242
12612
14252
559456
15250
41751
12690
56575
13224
83755
11120
12990
12593
25439
19898
11454
12108
11639
11325
14514
13847
14429
409617
297736
17033
1047207
578348
691823
21440
15492
1253863
24353
180432
44586
13107
11890
17834
1007604
19839
18307
10605
13708
10935
19131
693972
18174
686204
30622
17952
12874
12994
12654
12677
12802
14991
943697
19639
12382
12538
13406
13227
16668
507500
17419
14246
14883
21662
14591
263386
579919
19172
30476
12727
12306
19237
12943
15699
94281
12711
23565
13219
12809
12701
12886
10992
11472
12980
16806
1214319
22501
1563174
39637
16961
1594644
21829
89971
12721
442244
29621
31921
12833
12264
19131
1274324
20996
19648
412567
193867
1064347
20325
11275
12406
10326
10668
13574
157213
489753
1017201
19205
110329
11162
11723
41626
12782
10517
11427
11137
13300
78480
13722
270503
21854
1267100
54837
92142
12270
83068
13802
10942
10459
10851
10202
11234
82502
11557
11299
269066
197674
12067
2818131
21680
20224
28217
17569
885495
1215243
33159
313584
17145
29470
12155
14695
1664101
11617
12641
12690
12828
1315312
94463
23185
144015
15575
12323
41710
10979
13180
11517
13443
452673
15116
12493
1895462
294009
16441
333910
13304
11225
10818
12754
14323
12010
11390
11971
11428
14669
18765
20518
12413
55306
1158679
22598
11487
51093
11284
11261
11818
14914
801505
18386
25728
12719
202571
987613
717287
13489
11842
10726
12295
29033
33245
10430
9501
157589
15079
12415
9963
8863
2105
2608
2158
4714
2187
2111
2090
2083
2242
2952
2168
2260
89879
3172
5882
435543
3493
96731
2613
2271
8084
2093
66303
2820
2380
2309
2260
2036
2306
16446
2369
2567
105676
2875
7771
2360
10327
2436
15887
2131
2330
2289
4854
3663
2158
2274
2132
2138
2722
2574
2644
77182
54103
3147
195709
104579
130687
3979
2892
233623
4507
33780
8460
2424
2247
3443
188371
3720
3476
1978
2614
2078
3576
128505
3428
125788
5876
3383
2391
2431
2305
2371
2430
2865
179274
3602
2286
2297
2504
2443
2982
93866
3173
2607
2761
3873
2624
47566
110455
3554
5658
2374
2276
3516
2394
2885
17395
2439
4387
2487
2413
2337
2453
2120
2121
2365
3189
226973
4196
291331
7392
3323
295649
4033
16992
2405
83800
5284
6193
2414
2334
3490
244403
4015
3678
83881
37249
194085
3958
2182
2357
1938
2021
2644
30976
95233
188867
3676
20650
2148
2227
7943
2435
2013
2214
2128
2447
15028
2542
51106
3997
241234
10501
17585
2294
16003
2619
2145
2029
2079
1978
2191
15608
2274
2181
50848
38729
2337
532620
4219
3983
5373
3278
172282
230028
6222
58514
3324
5666
2315
2712
317889
2178
2383
2338
2389
246746
18591
4320
27289
3017
2303
7836
2079
2501
2144
2449
85905
2817
2301
358814
55069
3106
63842
2454
2218
2045
2386
2621
2256
2053
2177
2082
2674
3463
3848
2281
10386
222108
4217
2143
9608
1987
2116
2207
2723
151520
3446
4732
2370
38578
185744
136554
2548
2265
1993
2350
5446
6242
1924
1815
29759
2781
2361
1906
