47815
11221
13118
12137
25767
11343
10301
10909
11236
12053
14721
12023
12161
490209
15957
31823
2338525
18414
513447
12917
11295
43567
11565
360941
14959
12746
12076
12684
10833
12956
88909
12633
13863
557817
15282
40830
12381
56324
12529
81091
11381
13262
12920
25340
18990
11953
12161
12194
11833
13789
12590
13887
409186
297719
15855
1043496
571977
693052
22036
14900
1250665
25542
179168
46026
12906
11646
17351
1009662
20121
18084
10707
13832
11221
18001
691110
17058
682721
32992
17975
13269
13337
12823
12063
12865
15911
939567
20789
13071
12669
12536
12960
16733
511235
17741
14869
14883
20697
15166
261762
583411
19757
30805
12994
12773
18332
12075
15319
92360
12330
23329
13294
12587
11682
13327
11040
10957
12263
16825
1205791
22643
1552605
40243
17327
1596536
21580
91209
12916
437035
29688
32138
11679
12129
19395
1277146
21333
19852
412569
195607
1063542
19675
11395
12521
10404
11002
13816
157615
493810
1018603
18934
108368
10598
11333
41933
12876
10911
11435
11059
12855
80043
12832
268254
20904
1264908
54678
91277
12514
84481
14386
10891
10834
11128
10461
10620
82384
11522
11672
270936
197747
11934
2797636
22083
20956
28930
17717
880240
1209678
31691
312411
18112
28002
12293
14939
1654143
12305
12127
12882
12745
1311147
94448
23785
142680
15807
12682
41123
11594
13656
11725
13578
451870
14390
11542
1886536
294112
16719
335796
12789
11385
10530
12123
14534
11145
11652
11208
11441
14894
17912
21159
11705
56044
1163921
22271
12333
51715
11882
11536
12335
14478
795474
18248
25151
13376
203722
992971
715545
12507
11568
10797
11406
29205
32984
10856
9481
156602
14823
12490
9342
8703
2093
2555
2248
4712
2105
1941
2046
2088
2212
2824
2245
2307
90395
2975
5927
433997
3401
95790
2413
2159
8051
2180
65629
2760
2316
2204
2254
1990
2318
16676
2297
2522
105033
2867
7536
2330
10204
2298
15430
2132
2404
2320
4834
3490
2200
2256
2221
2234
2517
2313
2546
77033
53996
2952
194465
103409
130371
4053
2804
232580
4679
33560
8729
2410
2189
3321
188265
3747
3378
1994
2629
2094
3393
127909
3251
124885
6280
3403
2426
2479
2337
2305
2447
3010
177755
3826
2380
2356
2317
2409
2924
94223
3220
2765
2689
3711
2719
47145
110649
3638
5652
2434
2339
3385
2246
2809
17109
2358
4299
2501
2359
2153
2524
2119
1994
2230
3242
224603
4236
288846
7378
3346
295329
3938
17134
2428
82462
5260
6170
2194
2305
3577
244505
4042
3714
83833
37431
193568
3796
2217
2382
1993
2104
2671
30856
95751
188462
3609
20098
2072
2133
8031
2461
2108
2202
2103
2364
15329
2398
50547
3868
240277
10397
17583
2357
16292
2674
2142
2050
2112
2041
2078
15590
2243
2214
51044
38624
2286
527940
4331
4055
5410
3248
171284
228479
5899
58371
3503
5359
2326
2744
315158
2299
2307
2372
2422
245091
18587
4348
27066
3044
2365
7693
2151
2581
2209
2451
85659
2686
2159
356383
55112
3147
64023
2354
2239
1995
2267
2646
2073
2153
2082
2093
2681
3356
3904
2138
10476
222292
4144
2306
9674
2140
2148
2323
2639
150027
3412
4641
2465
38568
186138
136186
2398
2214
2030
2200
5556
6170
2033
1802
29596
2812
2383
1783
