48921
11084
14134
12601
27159
11073
10749
11154
10778
12037
15453
11136
12449
483582
17256
30835
2345458
18651
515842
13378
11961
42675
11019
365051
15795
12799
12352
11935
11807
13246
88988
12692
14995
560988
14791
41085
12567
56708
12959
82804
11884
12526
12203
25257
20055
11648
11921
11951
11304
13707
13664
13881
408771
298403
17101
1048986
582034
692273
21802
14168
1247341
26016
181029
45361
12533
12040
17591
1010483
20770
18266
10405
13100
10967
18784
696289
16758
686710
31091
18316
13582
13238
12040
13164
12943
15427
938053
20623
12970
12795
13230
13043
16610
511549
16764
14314
14676
20897
14436
260374
583615
20199
30755
12761
12874
18681
12351
15189
92954
12366
22967
12982
12598
11846
12531
11752
10926
12508
16610
1214489
22683
1557981
40588
18548
1612567
21007
90534
13789
437989
30028
31343
12002
12112
19914
1283100
20372
20406
413385
194986
1065608
20327
11355
12202
10608
10595
12948
157371
492454
1017765
19307
109254
10969
12292
41613
12386
10463
11547
11417
13026
78864
13060
270958
20993
1265133
55759
93370
11973
84782
13523
10684
11122
10791
10620
10417
80961
11452
11564
272310
198603
11672
2809183
21341
20639
28189
16462
884732
1217711
32938
311765
17907
27827
11969
14678
1660661
12149
12947
12549
12520
1315647
95720
24238
143384
15814
11805
40858
12054
13310
12211
13250
454480
15050
12013
1889126
298446
16586
332066
12827
10986
11414
12320
14124
10788
11826
12119
11939
14812
18632
21230
11994
54819
1161907
24194
12034
50149
11677
11932
12780
15363
797189
18421
25376
13074
205546
991930
716192
13461
11501
10897
12125
28739
33896
10352
9733
154774
14623
11925
9477
8944
2092
2695
2299
4946
2061
2044
2085
2002
2208
3020
2079
2376
89609
3207
5737
435836
3461
96735
2514
2253
7932
2089
66455
2886
2320
2280
2171
2184
2398
16819
2357
2710
105765
2796
7626
2371
10319
2383
15694
2235
2275
2210
4814
3709
2179
2260
2171
2141
2567
2486
2541
77167
54259
3159
196167
105221
130832
4086
2701
232762
4774
33990
8557
2359
2282
3393
189016
3923
3457
1946
2485
2052
3533
128992
3173
125702
5955
3459
2487
2453
2226
2436
2453
2962
178058
3753
2361
2328
2449
2420
2909
94609
3042
2656
2657
3792
2592
46995
110839
3740
5694
2368
2339
3402
2304
2841
17211
2381
4249
2433
2364
2201
2433
2225
2004
2296
3188
226715
4248
290951
7508
3505
298410
3866
17132
2603
82969
5309
6088
2244
2312
3609
245950
3889
3809
84237
37237
194431
3977
2220
2321
2008
2037
2485
30908
95678
188906
3726
20402
2142
2290
7969
2360
2026
2222
2165
2437
15054
2433
51159
3878
241333
10619
17861
2278
16387
2562
2083
2131
2104
2090
2037
15359
2232
2210
51434
38769
2296
531130
4206
3993
5315
3094
172380
230708
6165
58195
3444
5440
2280
2777
317113
2266
2468
2328
2384
246100
18804
4493
27301
3042
2215
7710
2231
2530
2316
2409
86457
2827
2250
357867
55895
3144
63622
2334
2145
2159
2301
2590
2016
2142
2186
2146
2729
3528
3957
2193
10260
222505
4417
2222
9444
2095
2262
2374
2805
150535
3437
4641
2440
39060
186285
136721
2566
2175
2023
2314
5503
6333
1923
1826
29268
2774
2285
1788
