48088
11049
12757
11948
25718
11552
10609
11732
10992
11564
14763
11553
11535
486119
15840
31523
2350709
19209
516689
13495
11877
43588
11039
365289
15228
12689
12681
12635
11460
12418
87892
12990
14374
561247
14826
41142
11673
55540
12594
82839
12185
13785
12421
24773
18851
11165
11835
11629
11086
13814
12981
14396
408627
297150
16509
1041756
580726
687910
21770
14622
1255070
25021
180921
44976
12889
11996
18265
1013257
19608
17886
10687
13900
11228
18354
695079
17421
686222
31049
17080
12911
13082
12368
12215
12719
14984
942590
20541
13178
12992
13718
12868
16708
511949
17383
14684
14891
20987
14981
261969
583099
20494
30528
12723
12504
19310
12529
15503
91535
12651
24456
12997
13238
12293
13179
11205
11829
12952
17002
1213575
22725
1551082
40973
18514
1603676
21803
91272
14060
441988
29020
31551
12363
12472
19285
1282844
20445
20952
412169
195087
1062640
18984
11153
12461
10647
11219
13262
158142
494844
1013244
19689
110353
10863
11677
42050
12945
10389
11434
11187
13520
78165
13626
273854
20972
1269916
54885
92665
12080
84539
13911
11132
10958
11216
10990
10770
79504
11704
11663
272146
198128
11449
2810864
21883
21633
29090
17067
882918
1220807
32269
312038
17641
27924
12530
15255
1665062
12291
12271
13172
12314
1318985
96712
23436
143544
15659
11989
41382
11235
13573
12051
13449
455195
15277
12289
1891242
294217
16932
330915
12963
11337
11564
11985
14847
11784
12287
11605
12139
15453
18102
21743
11938
56384
1158364
22208
12230
51262
11941
11296
12469
15378
803424
18327
26068
12495
202301
988701
719011
12964
12202
11120
12245
28256
32386
10299
9748
158519
14458
11880
9447
8859
2069
2415
2187
4681
2132
2032
2228
2055
2139
2870
2181
2131
90203
2992
5876
437110
3578
96655
2529
2220
8088
2114
66675
2801
2330
2346
2276
2095
2259
16630
2394
2560
106026
2817
7595
2207
10135
2336
15804
2313
2483
2274
4732
3508
2069
2203
2112
2131
2598
2402
2616
77005
54108
3009
195092
105105
130110
4040
2794
234080
4600
33833
8526
2402
2251
3548
189872
3705
3403
2008
2635
2099
3441
128836
3274
125858
5923
3286
2382
2414
2272
2302
2449
2880
178867
3787
2391
2358
2558
2397
2915
94752
3201
2707
2768
3818
2702
47251
110798
3755
5690
2376
2319
3537
2360
2864
16934
2445
4475
2454
2497
2288
2497
2149
2180
2355
3226
226341
4268
289440
7598
3554
297441
3977
17270
2641
83545
5212
6133
2319
2371
3563
245902
3972
3934
83885
37361
193868
3697
2172
2347
1999
2086
2542
31014
96016
188273
3800
20578
2152
2189
8039
2458
1995
2190
2104
2479
14986
2531
51792
3845
242167
10435
17675
2279
16379
2589
2197
2115
2162
2122
2135
15199
2287
2253
51267
38844
2209
531723
4266
4160
5446
3187
172335
231310
6013
58183
3410
5420
2372
2867
317702
2305
2329
2422
2373
247103
19028
4326
27254
3034
2262
7817
2094
2563
2264
2446
86584
2838
2290
358647
55075
3192
63394
2389
2217
2168
2237
2727
2168
2208
2121
2204
2784
3393
4072
2200
10525
221802
4111
2245
9595
2101
2132
2294
2794
151891
3425
4755
2347
38575
185358
137497
2491
2312
2051
2356
5399
6107
1891
1846
29997
2710
2285
1819
