48278
11198
13976
12005
26105
11662
10757
11061
11128
11648
15491
12007
11585
485257
16382
31572
2337214
18592
515670
13072
12739
43480
10728
367075
15268
12640
12469
12613
11429
12700
89503
12473
14529
561246
14532
41200
12631
55984
12414
82351
11745
12700
13032
26428
20102
11230
11579
12207
10981
14033
12931
14250
411308
297486
16136
1053236
578137
694067
21444
14868
1258633
24993
182378
45412
12727
11667
18184
1010158
20034
17864
11187
13777
11118
18558
699505
16646
681873
31430
17827
12634
12770
13088
12528
12374
15022
941195
21051
13237
12332
13124
12887
16706
512684
17266
15145
14788
20662
14787
264460
583344
20460
31747
12414
13703
18500
12929
15027
91778
12143
23527
13207
13311
11860
13564
12015
11313
12616
16883
1211825
23080
1551379
39884
17995
1614117
21520
90573
14111
445087
29551
31353
12157
12342
19646
1283317
20605
19766
413360
196828
1064091
20167
11709
11934
10625
10114
12953
158710
489684
1026231
19657
109632
11085
12030
42552
13166
11188
11658
11643
12840
79732
13705
269484
20982
1264275
54390
91706
12540
83267
13413
11405
11149
10828
10172
10531
79443
11541
11657
272693
196093
11894
2816688
21273
20484
28519
17752
882060
1216586
33054
310015
17320
28507
12162
15324
1665672
11984
13068
12459
12092
1320023
94256
24418
142290
15746
11893
41257
11499
13413
11636
12945
453529
14901
11981
1894658
294038
16498
335984
13422
10661
11278
11524
13931
11752
11589
11609
11476
14762
18760
21881
12252
55324
1158811
22350
11646
50011
11333
11055
11830
15369
801207
18885
26283
12400
205178
991128
718275
13425
12339
10287
11854
29043
34728
10405
10305
153798
14377
12717
9414
8918
2120
2660
2223
4766
2143
2072
2097
2078
2189
3007
2273
2197
89845
3083
5810
434911
3492
96614
2418
2355
8101
2079
66842
2801
2293
2278
2291
2141
2282
16921
2302
2614
106039
2747
7631
2368
10278
2295
15602
2239
2294
2369
5025
3722
2129
2190
2215
2069
2603
2382
2635
77673
54229
2989
196766
104623
130963
4033
2820
234683
4608
34294
8606
2379
2206
3468
188793
3743
3407
2083
2617
2084
3502
129595
3132
125258
5958
3392
2324
2391
2389
2379
2365
2840
178651
3844
2416
2250
2412
2404
2969
94671
3130
2788
2697
3752
2657
47796
111194
3800
5839
2322
2476
3393
2412
2810
17149
2343
4383
2479
2499
2205
2575
2295
2061
2315
3206
226431
4264
289782
7378
3460
298866
3946
17118
2666
84204
5321
6090
2276
2374
3576
245661
3978
3714
84280
37823
194372
3969
2269
2308
2000
1955
2546
31163
95387
190273
3793
20477
2182
2280
8199
2504
2186
2235
2209
2403
15221
2515
50861
3911
241145
10409
17579
2386
16135
2561
2226
2153
2100
2004
2075
15134
2235
2266
51462
38479
2310
532628
4172
3997
5355
3314
171808
230508
6172
58007
3321
5536
2316
2831
317998
2269
2472
2289
2274
247281
18645
4495
26952
2988
2224
7779
2148
2539
2181
2377
86186
2810
2264
358514
54863
3086
64378
2475
2108
2134
2147
2530
2195
2128
2133
2119
2671
3517
4062
2244
10294
221785
4211
2172
9397
2037
2090
2229
2799
151283
3543
4816
2285
38965
186555
137222
2571
2344
1902
2311
5556
6496
1921
1937
29110
2758
2471
1808
