47884
11267
13244
11485
26427
11724
10968
11073
10523
11963
15449
11292
12169
483100
16142
31671
2343538
19686
513972
13348
12259
41734
11040
363601
14560
13028
12963
11686
11218
12295
88172
12346
14368
559865
15927
41081
12127
55987
13019
82592
11815
13134
12977
25243
20210
11572
11544
11550
11053
13745
13024
14543
409306
294967
16463
1050202
583661
693572
20643
14596
1254691
25395
184149
46302
12718
11306
17842
1009777
20085
17887
10581
13931
11828
18887
692903
17342
684586
31351
18265
13169
12805
12792
12858
12499
15295
938781
20994
12679
13191
13128
12660
15791
510361
17461
14887
13696
20446
14670
261992
580809
19239
30462
12301
13152
19351
12168
16021
91635
12062
23957
13451
13018
12551
13118
11368
11202
12342
17282
1217052
22157
1552118
40416
17202
1607952
20757
91002
14230
439334
29320
31912
12471
12599
19141
1285204
20631
20199
414910
194665
1062593
18951
11420
12055
10352
10669
13193
155526
493927
1018099
19584
106919
11391
12139
40835
13430
10982
11606
11368
13034
79908
12906
272020
20867
1270677
54858
91896
12421
83992
13884
10637
10771
11042
10899
10888
81578
12559
11749
274543
196978
12500
2814138
21927
21750
28219
17873
886677
1216902
32293
309918
17067
28250
12725
15090
1660471
11745
12464
12878
12567
1319014
96281
24272
144704
16096
12625
40307
11738
13649
11617
13553
453321
14906
11827
1896567
293545
16617
331779
12570
11028
11072
11998
14094
11745
11751
12305
11863
14424
18874
21893
12431
55652
1155352
20860
11899
49383
11835
11423
12503
15607
803457
17723
25727
12723
206196
994247
714886
13229
11682
10047
12312
28574
33170
9840
10159
156677
14181
12812
9743
8773
2101
2536
2153
4818
2166
2074
2094
1990
2226
2985
2094
2313
89513
3033
5881
436364
3688
96196
2479
2295
7843
2109
66446
2708
2352
2379
2080
2071
2232
16662
2319
2608
105736
2985
7630
2304
10181
2425
15657
2227
2353
2365
4810
3742
2179
2171
2097
2142
2569
2397
2656
77370
53700
2980
196304
105476
131239
3865
2794
234145
4674
34560
8781
2389
2177
3409
189249
3782
3384
1991
2627
2210
3509
128751
3272
125333
5980
3486
2436
2375
2315
2403
2365
2901
178081
3827
2279
2376
2440
2348
2815
94451
3188
2732
2563
3736
2630
47365
110663
3564
5614
2302
2422
3567
2272
2963
16914
2356
4428
2526
2447
2335
2485
2188
2094
2287
3283
227197
4116
289791
7490
3297
298245
3829
17310
2695
83294
5277
6189
2346
2404
3549
246360
3955
3783
84146
37289
194180
3724
2216
2262
1928
2060
2571
30528
95879
188987
3763
19968
2210
2296
7861
2561
2102
2238
2179
2411
15185
2382
51478
3869
242184
10427
17670
2373
16326
2568
2119
2070
2135
2131
2152
15583
2440
2223
51858
38579
2433
532615
4281
4251
5307
3344
172850
230576
5991
57985
3336
5530
2412
2808
317332
2240
2346
2343
2380
247195
18976
4455
27473
3098
2344
7610
2177
2592
2189
2452
86001
2795
2227
359163
54987
3161
63500
2310
2208
2117
2208
2580
2225
2143
2244
2160
2605
3518
4099
2282
10389
221874
3893
2252
9330
2128
2155
2336
2850
151919
3330
4755
2388
39064
186478
136688
2552
2198
1873
2382
5492
6240
1851
1880
29781
2665
2456
1835
