47840
11160
13347
12003
24993
11199
10962
11411
10975
11381
15202
12863
12682
486180
16060
32296
2326388
19034
518266
13412
11538
42870
11528
364701
14398
12826
11931
12257
11508
12920
89059
13008
14490
558357
15021
41317
12513
55716
12575
83159
11756
13039
12244
25064
19404
11319
12021
11966
11045
13898
12839
13926
409609
294453
16966
1049697
579406
687893
21053
14638
1249211
24823
182965
44682
12695
11996
18040
1006644
20548
18122
11228
14098
11958
18360
689590
18084
684280
31970
18045
13550
13049
12326
12778
12500
15176
939073
20170
13020
12137
13580
13206
16242
508540
17592
14838
14324
20506
14009
262103
583052
19985
30980
12918
12755
19433
12806
15356
92621
12255
21533
12947
13000
12008
13083
11494
11620
11961
16731
1212449
22919
1547447
39980
17410
1607467
21089
91563
13806
442878
29382
31662
12605
11719
19514
1275965
20338
19339
410005
194593
1064527
19602
11408
12468
10875
10821
13110
155282
494681
1020042
19316
108977
11095
12059
41024
12729
10544
10861
10998
12863
78362
13044
270410
20766
1266747
55021
91730
11968
84012
14134
10697
11088
10876
10667
10795
81351
10706
11698
269897
201637
12054
2803644
21864
20176
28048
17686
877663
1211244
31605
312705
18116
27491
12229
15680
1657548
12735
12661
12840
11772
1315444
95384
23057
142987
15702
11926
41906
11172
13544
11754
13207
455928
15555
11956
1893655
293794
16683
336312
13135
10961
11252
12497
15343
11044
11771
11512
12015
14873
18019
21224
11894
55539
1160142
22105
12214
51065
11293
11280
12381
15228
797603
18648
25864
12950
205624
993442
712941
13781
12457
10501
11949
28461
33564
10677
9922
155425
14884
12618
9493
8797
2072
2514
2216
4571
2075
2053
2162
2053
2105
2929
2414
2377
89723
3031
5969
431467
3513
96644
2496
2203
7964
2187
66271
2653
2312
2198
2194
2120
2300
16755
2360
2583
105037
2846
7587
2338
10176
2325
15736
2215
2310
2222
4794
3600
2071
2256
2184
2091
2586
2340
2569
77125
53524
3087
195955
104318
129777
3884
2736
232254
4540
34280
8423
2379
2250
3491
188081
3839
3401
2101
2688
2237
3438
127313
3387
124729
6070
3408
2484
2392
2279
2360
2389
2898
177844
3656
2369
2252
2506
2451
2879
93924
3165
2747
2626
3671
2534
47241
110785
3693
5688
2416
2337
3556
2367
2877
17129
2386
4016
2456
2427
2247
2498
2212
2134
2192
3172
225623
4205
288082
7340
3338
296877
3892
17182
2602
83525
5205
6137
2377
2239
3565
244145
3940
3633
83237
37270
193942
3809
2194
2398
2048
2056
2537
30570
95812
188623
3728
20316
2173
2276
7809
2405
2030
2137
2077
2395
14912
2415
50963
3835
240853
10420
17441
2251
16233
2640
2123
2117
2078
2080
2079
15498
2096
2245
50975
39216
2336
529228
4251
3953
5318
3297
170725
228896
5879
58385
3489
5314
2288
2870
316030
2377
2396
2338
2260
245822
18780
4257
26899
2998
2230
7873
2063
2563
2212
2375
86447
2924
2213
357796
55058
3150
64139
2402
2172
2122
2313
2739
2075
2137
2094
2180
2717
3396
3954
2203
10392
221848
4102
2287
9587
1986
2111
2326
2744
150483
3451
4719
2376
39079
186068
135901
2640
2338
1933
2286
5478
6247
1954
1843
29321
2790
2404
1813
