48101
10947
13700
11301
26094
11586
11391
11171
10622
11968
14953
11982
11759
487190
16889
33019
2345312
18370
519792
13916
12087
42875
11572
365782
15093
12532
12690
12664
11618
13035
89122
12974
14676
564722
15428
41651
13252
56998
12905
84969
11634
13411
12950
26312
20031
11067
12378
11244
11314
13997
13116
14519
412513
298911
16192
1046426
579258
690662
21549
14732
1255117
24829
179109
44672
12786
11355
17764
1011365
21579
17246
10285
13479
11560
18378
690915
17221
683632
30408
18574
13020
13069
11813
12439
13187
15516
938758
20403
12920
12834
13670
13077
15581
514854
17504
14621
14297
21415
14852
264136
579056
19378
30791
12660
12711
19518
12122
14868
91564
12397
22540
12959
12468
11821
13293
10991
10877
12429
17102
1215461
22035
1551516
40223
17915
1609157
22223
90105
13360
437941
28582
31466
12364
12232
20569
1278766
20345
19275
413217
195341
1061440
19139
11507
11908
10720
10313
12630
154725
490556
1019001
18911
109527
10982
11498
43023
12568
10236
11002
11430
12303
77866
13338
270771
20858
1263897
55732
92889
12224
83401
13676
11217
10803
11014
10584
10518
82801
11845
12675
271718
199132
11610
2812436
22204
21009
28949
16382
878839
1212557
31942
314098
17618
28739
11919
14798
1662146
11529
13184
13209
12519
1321931
95477
23649
142774
15606
12568
40948
10989
13538
11544
13077
456773
15100
11426
1895112
291979
16701
331609
13167
11491
10994
12188
14535
10591
11865
12210
12248
14754
17551
20823
12124
54507
1154495
21583
12135
51313
11841
11464
12485
14514
795303
17993
26419
12673
205661
994442
718032
13345
11594
10207
11581
27970
33263
10449
10621
155735
14970
12178
9970
8850
2024
2654
2084
4781
2173
2144
2091
1991
2192
2866
2257
2221
90437
3149
6130
436510
3442
97170
2614
2288
7949
2212
66769
2716
2322
2319
2280
2140
2326
16824
2374
2640
106617
2904
7706
2432
10373
2420
16161
2200
2431
2343
4965
3685
2089
2352
2056
2130
2663
2405
2698
77782
54300
2962
195986
104797
130876
4028
2798
234133
4562
33666
8497
2381
2157
3424
189622
4003
3281
1956
2549
2172
3457
128068
3269
125481
5798
3519
2402
2441
2152
2319
2489
2933
178337
3709
2357
2382
2554
2421
2765
95186
3205
2708
2635
3850
2660
47621
110220
3598
5703
2339
2316
3575
2275
2785
17069
2424
4196
2447
2390
2198
2551
2078
2024
2271
3279
226696
4119
289742
7438
3413
298625
4036
17070
2515
83118
5109
6116
2298
2342
3714
245449
3926
3605
84073
37440
193594
3698
2238
2248
2014
2006
2489
30426
95436
189261
3667
20392
2123
2129
8300
2375
1967
2137
2179
2317
14889
2469
51265
3889
240760
10629
17837
2303
16109
2580
2214
2079
2124
2039
2054
15794
2313
2432
51398
39004
2250
532023
4327
4069
5427
3094
171422
229846
6007
58694
3420
5609
2246
2761
317548
2180
2493
2414
2353
247790
18846
4401
27117
2980
2374
7734
2069
2544
2166
2395
86701
2796
2150
358980
54764
3196
63540
2405
2242
2096
2267
2649
2012
2161
2253
2262
2687
3275
3863
2267
10227
221584
4010
2219
9627
2122
2160
2316
2627
150634
3342
4834
2343
38977
186909
136955
2600
2225
1907
2255
5356
6288
1985
1986
29525
2818
2328
1904
