47728
11356
13219
11444
26263
11884
11357
11650
11163
12243
15268
11422
12082
486754
15814
32224
2333870
18542
513631
13439
11867
43280
11415
363199
15087
13029
12502
12245
12028
13070
87572
12106
14680
559473
15734
42382
12148
56260
12238
82992
11165
12802
13165
24888
19115
11746
11127
11625
10808
13691
13340
14344
412642
294182
16798
1049653
577804
690459
21966
14667
1249808
25302
180103
45533
12585
11635
18071
1014427
20283
18393
11015
14498
11056
18509
697052
17851
682188
31786
17234
13343
12861
12406
13224
12517
15326
936871
20657
12985
13273
13214
13106
16375
511304
17019
14969
14935
20968
15070
264068
584610
20765
31652
12848
13062
18602
12985
15474
93443
12345
22895
12886
12996
12239
13864
10922
11052
12466
17019
1215294
23656
1555628
40679
17817
1599360
22173
92067
13378
436096
27345
32177
12350
11601
19069
1281984
20045
19961
413754
194653
1065966
19779
10975
12284
10177
10730
13272
156771
493649
1015700
19329
109422
10789
11796
41190
13010
10748
11425
11389
12733
77602
13173
270630
21129
1262780
54250
92648
12004
85281
13877
10558
10457
10946
10716
10811
81003
11834
11603
270054
199847
12093
2800907
22123
21415
28522
17101
878856
1220495
32371
313633
17737
28142
11899
15204
1655822
12382
12835
13222
12828
1311263
94697
23124
142916
16047
12211
41925
12277
14349
11344
13590
454894
15584
12433
1886025
292070
17151
331380
13196
11291
11214
11278
14865
11361
12040
12375
11585
15556
17407
21178
12356
55967
1162504
23011
11594
51060
11738
11767
12244
15033
793496
18395
25386
12613
205669
992032
716847
13216
11639
10366
11818
28729
33180
10711
10068
156209
14458
12348
10251
8654
2101
2510
2097
4754
2193
2125
2184
2082
2252
2953
2140
2268
89894
2999
5925
433002
3494
95845
2477
2217
7981
2134
65947
2774
2384
2280
2158
2244
2342
16521
2239
2631
105433
2923
7820
2280
10243
2272
15737
2135
2301
2390
4748
3481
2171
2092
2117
2055
2548
2436
2640
77512
53376
3059
195347
104211
130165
4068
2740
232347
4664
33727
8548
2374
2225
3470
189224
3838
3447
2060
2747
2060
3482
128731
3373
124873
6065
3279
2424
2391
2245
2487
2386
2876
177435
3795
2359
2396
2469
2414
2878
94420
3136
2720
2668
3761
2706
47562
111047
3882
5784
2364
2349
3398
2446
2858
17223
2392
4289
2436
2419
2263
2630
2091
1986
2265
3216
225948
4392
288953
7439
3401
295552
4002
17312
2504
82258
4912
6162
2276
2204
3487
245293
3844
3722
83922
37126
193833
3820
2103
2294
1909
2025
2566
30793
95550
188301
3645
20418
2094
2202
7892
2434
2060
2199
2177
2370
14789
2455
51015
3859
239903
10397
17734
2280
16504
2613
2074
1979
2089
2066
2097
15388
2285
2209
50860
39064
2328
527856
4336
4188
5353
3194
171062
230403
5981
58494
3370
5465
2249
2805
315583
2302
2394
2441
2413
245104
18562
4260
27100
3055
2302
7783
2277
2704
2137
2478
86263
2866
2317
356426
54608
3211
63526
2448
2202
2148
2066
2672
2127
2183
2244
2113
2848
3284
3940
2260
10402
222042
4319
2154
9620
2085
2207
2317
2742
149474
3431
4673
2349
38986
185895
136388
2527
2192
1948
2287
5435
6238
1974
1871
29578
2731
2359
1947
