48317
11239
12932
11711
24701
11202
10732
11927
10914
12220
15654
11041
12273
484360
16730
31897
2331887
19192
513781
13781
12172
43889
11295
365214
15645
12115
11234
12587
10954
12514
87730
12371
14109
562759
15544
40631
12415
56764
12664
81054
11619
13081
12181
25758
19536
11089
11894
11201
11221
14222
13058
13921
410012
300483
17278
1039039
572643
685944
22332
14371
1241708
24835
180340
43206
12848
11100
18768
999438
20498
17702
10779
13293
11424
18020
689727
16303
685704
33484
17328
13263
13755
12064
12725
13356
15380
930545
20020
13174
12793
12681
12155
16079
502950
17510
15424
13914
20609
14699
261147
581637
19497
30982
12923
12953
19530
13084
14589
89986
12602
23173
12963
12911
11781
13090
10740
10745
12581
16455
1215245
22525
1548715
41107
17866
1602199
21728
89652
13383
439861
28577
31797
12002
12185
18876
1272907
20940
20348
411589
192961
1066387
19445
11211
12554
10366
10937
12769
157175
494428
1009380
19222
109512
11012
11416
41697
13594
10410
11626
11255
12211
78366
13748
271109
21933
1257842
54082
92687
11743
83640
14107
10812
11329
10972
9952
11234
79017
12130
11694
269303
197948
12638
2804510
22322
20879
28506
17266
874712
1205050
31063
309188
17575
28556
12055
15007
1657084
11383
12581
12352
12563
1308328
95036
23622
140909
15133
12051
40799
11266
13091
11352
13410
454345
14547
11313
1887506
292967
16706
334960
12910
11401
11296
11220
14082
10924
11821
12342
11679
15397
17958
20813
11926
55784
1156485
22453
11826
51127
12061
11596
12224
15317
788596
18668
25548
12702
205028
992567
713827
13192
12070
10684
11939
27923
34210
10477
9701
154620
14057
12394
9316
8762
2123
2469
2122
4470
2076
2017
2230
2045
2231
2935
2066
2327
89156
3120
5895
430924
3533
95420
2561
2319
8122
2132
66053
2846
2178
2082
2250
2047
2207
16517
2273
2567
105282
2927
7506
2321
10262
2333
15263
2192
2337
2193
4856
3562
2050
2231
2052
2143
2610
2410
2536
76663
53977
3136
192866
102945
128765
4122
2697
230142
4542
33545
8168
2389
2103
3589
186129
3841
3308
1982
2485
2155
3373
126842
3075
124705
6306
3239
2404
2513
2210
2373
2505
2929
175840
3644
2408
2351
2366
2294
2805
92407
3181
2787
2541
3693
2649
46999
109982
3586
5676
2363
2340
3577
2426
2681
16649
2395
4294
2432
2416
2178
2494
2060
1959
2285
3139
224428
4168
287241
7514
3384
295063
4012
16878
2508
82588
5074
6040
2220
2308
3429
242330
4002
3796
83169
36773
193087
3763
2167
2374
1922
2066
2490
30725
95281
186250
3676
20283
2126
2135
7928
2559
2001
2237
2127
2221
14942
2541
50753
4029
237857
10268
17618
2239
16066
2651
2130
2147
2113
1915
2198
15100
2360
2232
50469
38459
2428
526138
4334
4043
5433
3195
169535
227126
5800
57480
3344
5501
2245
2769
314246
2124
2373
2289
2357
243626
18641
4322
26571
2915
2279
7671
2113
2454
2145
2408
85655
2695
2114
354772
54482
3149
63672
2359
2235
2110
2045
2539
2022
2139
2219
2121
2787
3370
3846
2195
10289
220031
4132
2186
9553
2122
2205
2243
2762
147850
3483
4668
2353
38685
185460
135452
2492
2255
1974
2271
5349
6400
1950
1806
29200
2668
2389
1759
