47677
10824
12870
11749
25712
11576
10362
11488
10808
11727
15278
11387
11639
483847
16162
31819
2329898
18636
509713
13420
11520
43134
11206
363487
15383
12617
12313
12696
11420
13016
89225
12469
14807
561867
15173
40337
12505
56170
12424
83804
12464
12796
12201
25145
18677
11570
11725
11443
11389
13824
13187
13518
406254
296861
16630
1042169
576689
692837
21630
14818
1245613
24858
179475
44587
12236
11950
17766
1004156
20702
16906
10856
13770
11586
18853
686932
17093
683492
32810
17727
12657
12155
11562
13192
13054
15591
935567
20358
13201
12706
12994
12504
16198
507581
17413
15008
13972
20679
14824
262162
585823
19540
30707
12890
12354
19203
11906
14916
91417
12735
23289
12798
12997
12236
12759
11518
11428
12012
16529
1212620
23285
1550745
40256
18091
1594748
21046
91229
13131
436334
28108
32667
12312
12273
18565
1277848
20909
19887
413388
192225
1060976
19042
10834
11936
10737
10974
13052
157490
495967
1010987
19422
110433
11274
11514
42312
12957
10633
11216
11582
12542
79775
13361
269591
20758
1255862
54490
91284
12398
84126
13889
10878
10594
10614
10099
10633
80882
11580
11416
269051
199545
11881
2800461
21888
21018
29233
17492
880625
1202075
32428
312173
16620
27881
11861
14696
1654903
11834
12498
12537
12542
1305585
94052
23462
142533
15362
12586
39947
11183
13152
11740
13165
450202
14557
12392
1877577
293524
15942
332842
13216
10599
10556
11755
14552
11025
11350
11860
11303
14884
18456
20795
12241
56179
1166363
22479
11713
51820
12457
11407
12533
15621
783881
17915
26462
13337
203622
991378
714581
13674
11434
10427
12134
28023
33679
10788
9621
154693
13927
12409
9312
8669
2054
2430
2146
4675
2109
1987
2162
1993
2162
2878
2117
2190
89099
3039
5903
430740
3466
94758
2464
2156
7964
2112
65751
2839
2295
2254
2251
2126
2326
16664
2263
2648
105199
2858
7367
2345
10185
2273
15861
2334
2315
2198
4728
3428
2137
2181
2084
2159
2569
2419
2481
76125
53658
3021
193206
103509
129661
3989
2752
230569
4546
33651
8392
2298
2229
3403
186436
3886
3183
2044
2595
2147
3588
126393
3203
124478
6168
3321
2305
2285
2127
2448
2433
2926
176568
3748
2420
2304
2436
2304
2870
93318
3135
2756
2560
3706
2664
47091
110846
3620
5664
2356
2260
3487
2231
2775
16943
2439
4260
2413
2420
2275
2413
2195
2092
2205
3134
224160
4303
287313
7373
3418
294043
3874
17200
2456
82154
5051
6225
2303
2315
3399
243332
4035
3664
83535
36550
192450
3695
2084
2240
2030
2074
2522
30739
95742
186558
3728
20427
2174
2155
8119
2470
2060
2159
2188
2296
15131
2453
50656
3833
237993
10305
17397
2333
16140
2598
2136
2001
2048
1946
2072
15431
2266
2177
50570
38929
2269
525410
4195
4053
5499
3235
170775
226010
6013
57896
3198
5396
2232
2717
314028
2191
2358
2327
2386
243268
18459
4317
27009
2939
2364
7482
2082
2461
2178
2399
84925
2725
2265
353411
54584
2983
63247
2401
2070
1991
2133
2611
2069
2072
2180
2058
2657
3390
3885
2258
10408
222005
4139
2153
9643
2230
2136
2309
2805
147385
3317
4820
2445
38519
185428
135288
2595
2162
1918
2283
5315
6274
2003
1782
29240
2613
2393
1767
