48583
11021
13185
11924
24846
11805
10955
11305
11114
11768
14974
11514
12180
482880
16549
31394
2333253
18464
510490
13233
12075
43037
11017
365164
15676
12890
12323
11878
11379
13727
89201
12471
14508
561497
14896
40946
12502
55251
12655
83406
11661
12915
12785
25679
19707
11287
12087
11689
11485
13827
12936
13611
403504
297607
15595
1044500
576492
695516
21806
14503
1249003
25539
178704
45005
12380
11232
18271
1002874
20063
18192
10371
13728
11255
18840
689380
17261
688544
32854
18393
12921
12572
12076
12137
12449
14452
933898
20220
12829
12695
13355
12416
16609
508310
17884
14977
14537
21147
14529
260336
586966
19225
30235
11783
12659
19218
12119
15596
91311
12365
23246
13219
12886
11385
13006
11635
11149
12893
16628
1203542
23088
1545134
40982
18084
1599210
21351
90318
14011
436289
29250
32575
12269
11457
18955
1269258
20383
19744
408167
192153
1069045
19847
11082
11908
10495
10696
13738
157891
494652
1012072
19043
108828
10625
12141
42549
12993
10324
11011
11265
12148
77908
13220
264544
20898
1262586
55181
91207
13526
84837
14211
10536
10573
10932
10616
10760
80620
11517
11308
269546
196816
11322
2795178
22052
21360
28929
17249
871573
1210332
32018
312699
16538
27502
12239
15085
1656196
11836
12524
12903
12720
1301135
93216
23616
141605
15444
11980
41004
10821
13514
12089
12973
457850
15170
11999
1879187
292962
16448
333447
12607
11253
11604
12722
14395
11306
11777
11453
11931
14853
18229
21239
12154
55075
1162180
22157
11683
51448
11751
11428
11715
14704
789869
18093
25268
13238
202953
994943
715736
12991
12243
10010
12511
28942
33019
10427
9343
155801
14079
12517
8979
8881
2072
2549
2191
4481
2136
2047
2131
2075
2167
2845
2152
2282
88783
3093
5830
431099
3414
94809
2453
2304
7999
2091
66019
2857
2304
2263
2116
2088
2408
16801
2303
2593
105193
2806
7502
2330
10031
2318
15760
2202
2308
2294
4944
3586
2105
2275
2118
2152
2540
2364
2499
75722
53722
2865
193925
103697
130326
4026
2749
231056
4665
33430
8456
2303
2103
3516
186119
3719
3397
1934
2588
2106
3539
126776
3238
125271
6236
3449
2357
2313
2182
2289
2342
2764
176242
3668
2314
2299
2478
2291
2912
93530
3243
2740
2638
3811
2538
46861
111099
3572
5573
2173
2307
3493
2274
2889
16888
2368
4268
2464
2403
2130
2510
2185
2050
2361
3121
223290
4256
286655
7514
3455
294389
3899
16892
2599
81952
5207
6234
2286
2205
3487
241553
3916
3685
82466
36703
193917
3813
2140
2240
1968
2023
2645
30922
95544
186675
3672
20211
2076
2279
8094
2451
2018
2108
2147
2271
14874
2422
49797
3845
238864
10465
17408
2531
16385
2633
2051
1996
2105
2065
2137
15310
2221
2159
50626
38449
2165
524952
4252
4117
5407
3216
169058
227854
5907
57874
3155
5306
2286
2793
314323
2189
2377
2330
2411
242385
18396
4344
26694
2913
2256
7679
2022
2593
2265
2372
86654
2826
2252
354074
54609
3104
63592
2286
2230
2172
2355
2590
2109
2146
2079
2147
2667
3407
3915
2200
10175
221086
4084
2151
9543
2090
2130
2184
2693
148378
3387
4605
2443
38319
185660
135821
2498
2291
1827
2368
5461
6146
1922
1780
29353
2631
2407
1762
