48532
11094
13243
11932
25125
11695
10669
11374
11213
11572
15204
11329
12379
481827
16893
32588
2332397
18922
513871
13794
12134
42356
11195
364716
15534
12192
12096
11843
10870
13204
89767
12613
14372
557433
15509
40274
12329
56038
12989
82751
12038
12584
12437
25606
19825
10616
12096
11556
11399
13957
12442
14297
407585
297240
16905
1038434
579588
693151
21017
15095
1245091
24571
176584
44364
12347
11691
17616
1008803
19675
18457
10692
14164
11112
18992
686663
17920
685773
31637
18553
12768
12717
11852
12125
13858
15278
930047
20164
12490
12421
12818
12596
16282
507784
17299
14490
14672
21437
14924
262433
591386
19805
31046
13296
12833
18638
12848
14926
91312
12380
23885
13659
12663
12123
12511
10995
10795
12003
15958
1207089
22852
1549274
39707
16901
1595256
21392
89656
12942
436618
28927
30652
12088
12284
19802
1279020
20451
20904
411240
194295
1062653
19634
11905
11970
10834
10487
13688
156938
491554
1013891
19511
109734
10908
11671
41077
12730
10019
11529
11221
13428
77735
12964
274517
21337
1266298
53260
91554
11779
84683
14222
10621
10954
10772
9996
10486
81001
11100
11402
271633
198308
12913
2791440
22715
21659
28381
17804
878605
1213092
31305
310199
17597
28076
12724
15293
1653123
11716
12344
12594
12493
1303823
95424
23994
142640
15548
12707
41158
11455
13373
12241
13331
456516
15196
11622
1887914
293623
16221
334747
13413
11400
10841
12208
13787
10762
10926
11332
11261
14501
18425
21185
12342
55092
1163784
21673
11273
50293
11839
11847
12515
14940
794637
17619
24525
12417
205933
995442
713422
13035
11790
10849
11444
28750
33310
10149
9864
155225
15187
12429
9577
8891
2091
2508
2174
4585
2152
1998
2135
2058
2116
2936
2112
2303
88497
3112
5997
431316
3536
95489
2537
2252
7831
2140
66060
2869
2258
2200
2117
2012
2335
16793
2302
2576
104645
2904
7380
2290
10160
2381
15681
2260
2246
2217
4841
3652
1980
2250
2093
2173
2561
2335
2637
76512
53708
3082
193062
104339
130117
3903
2837
230487
4521
32934
8332
2309
2180
3399
187495
3690
3439
2012
2685
2117
3563
126721
3324
124932
6042
3476
2336
2359
2204
2270
2566
2892
175739
3689
2243
2276
2336
2314
2877
93372
3150
2627
2647
3829
2669
47004
111662
3638
5690
2430
2351
3424
2403
2784
16824
2362
4399
2560
2385
2267
2377
2084
1980
2190
3045
224117
4228
288052
7233
3246
294021
3852
16881
2428
82190
5179
5955
2262
2323
3580
243854
3906
3869
83065
36901
192757
3811
2246
2251
2034
1992
2615
30622
94958
186846
3774
20303
2145
2170
7861
2383
1940
2217
2142
2510
14677
2375
51628
3923
239603
10118
17463
2215
16187
2637
2073
2058
2037
1931
2060
15484
2161
2176
51085
38596
2472
525240
4410
4193
5370
3288
170344
228343
5817
57788
3411
5428
2368
2779
314014
2137
2339
2329
2356
242584
18650
4378
26889
2976
2427
7642
2114
2530
2292
2411
86325
2823
2149
355516
54685
3052
63642
2437
2196
2058
2224
2524
2005
1989
2060
2050
2635
3439
3909
2228
10214
221612
4020
2108
9360
2070
2223
2319
2696
149190
3290
4479
2297
38958
186317
135602
2498
2217
2000
2203
5452
6246
1892
1818
29142
2857
2365
1811
