48902
11507
13316
11702
26476
11406
10674
11179
11492
11896
15520
11986
11444
485996
16782
31675
2333913
18284
512253
12972
12057
42660
11537
364006
15088
12326
12634
12381
11372
12395
89454
12283
14614
562721
15633
40789
12642
55988
12681
81289
12182
12694
12599
26079
19686
10942
11036
11378
11022
13844
12855
14204
409386
300055
16089
1034713
575561
696098
21622
15096
1239569
24759
180435
44394
13150
11625
17356
999987
20313
17983
10597
13396
10739
18203
688708
16956
685364
33144
18390
12483
12682
13086
12642
13318
15125
936133
20338
12793
12276
13838
13311
16549
505336
17786
14755
14339
21082
14740
263443
584079
20109
30499
13303
12735
19188
12552
14888
92006
11864
22037
12931
13254
12096
13585
11438
11689
12129
16353
1205734
22479
1555202
40081
17142
1592788
21173
90252
12869
439243
29470
32046
11508
11615
19023
1279443
20918
20329
414874
192528
1059249
20700
11771
12501
10767
11128
13171
158658
499268
1012773
19011
109017
10558
11582
41975
12127
10612
11328
11155
13259
79955
13160
267843
21914
1268301
54204
92399
12178
83525
14117
10491
10973
11258
10632
11101
81709
11716
11379
270657
198912
12068
2800872
22717
21405
28234
16841
876849
1206608
31362
311203
17342
27830
11799
15179
1653264
12371
12595
12532
12257
1310340
95684
24302
143473
15907
12411
41396
11572
13996
11898
13497
456667
15256
12035
1890848
293694
17395
336013
12645
11142
11281
12025
14484
10893
11123
12165
11693
14511
19065
20960
12114
56074
1157852
22169
11751
51322
12292
11439
12574
15335
796629
18270
25339
12480
203061
993901
717049
13446
11797
10261
11630
28432
33981
10949
9744
154865
14641
11765
9464
8913
2126
2542
2158
4804
2107
2007
2101
2151
2186
2953
2228
2126
89647
3133
5844
431987
3445
95421
2401
2241
7894
2179
65873
2740
2247
2260
2208
2115
2209
16772
2288
2626
105468
2936
7531
2351
10162
2331
15439
2285
2300
2250
4950
3608
2029
2060
2080
2086
2549
2363
2569
76805
54017
2922
192497
103644
130777
4009
2850
230045
4533
33659
8394
2426
2161
3322
186313
3805
3381
2000
2520
2021
3397
127063
3156
124940
6201
3492
2337
2329
2359
2346
2502
2865
176737
3679
2284
2278
2530
2454
2925
93246
3236
2723
2604
3778
2619
47366
110450
3722
5600
2445
2343
3470
2375
2754
16955
2295
4087
2443
2484
2223
2600
2180
2119
2211
3100
223840
4171
288869
7348
3324
294197
3874
16956
2380
82643
5235
6216
2158
2230
3419
243993
4002
3735
83901
36786
192164
3962
2276
2342
2028
2105
2554
31052
96567
187232
3663
20308
2081
2169
8004
2320
2042
2179
2121
2436
15249
2436
50380
4054
240540
10307
17633
2287
16084
2612
2051
2078
2154
2036
2145
15445
2244
2160
50776
38810
2330
526698
4441
4066
5328
3143
170208
226917
5800
57750
3347
5374
2226
2840
314013
2329
2355
2324
2327
243916
18843
4468
27050
3032
2327
7681
2155
2615
2224
2430
86355
2807
2236
356301
54735
3247
63886
2296
2217
2124
2219
2620
2029
2030
2197
2118
2607
3559
3904
2245
10424
220679
4108
2170
9592
2166
2151
2325
2765
149859
3391
4649
2303
38363
185549
135773
2553
2206
1867
2215
5447
6361
2006
1839
29200
2740
2234
1771
