48341
10798
12969
12121
26450
11927
10894
11368
11076
11718
15775
12527
11438
484725
16739
31910
2331656
18112
509569
13464
12107
41951
11531
362079
14983
12658
12788
12083
11550
12907
88575
12292
14791
559920
15723
41498
12381
56261
12832
82268
12283
12697
12556
24963
20046
11214
11902
11306
11084
13995
13014
14160
410348
297034
17127
1041314
574696
689994
21115
14365
1245611
24936
178934
45073
12934
11212
17929
1004710
21492
17510
11010
14005
10810
18679
686838
18635
683924
32426
18261
12684
13204
12231
11946
13099
15307
935826
20447
12970
12802
12852
12790
15907
508087
17467
14682
13925
20542
14535
262828
584430
20275
30428
13028
12258
19079
12892
15520
91104
12252
24269
13505
13019
12007
13227
10974
11468
12590
16347
1209265
23586
1552214
39813
17726
1595820
21599
91043
13472
435082
28662
32912
12149
11844
20094
1277725
20762
19638
408611
194034
1069636
19956
11107
12013
10343
10485
13590
156422
491718
1010089
19575
108883
10855
11516
41312
12759
10503
11812
11268
13091
78008
13671
270956
21376
1260091
52954
91554
12805
83891
14259
10612
11389
10687
10572
10907
81151
11407
11586
270538
200493
11599
2800658
22067
21142
28338
16900
874777
1205477
31107
312034
18373
28477
11825
14909
1654718
12036
12437
12626
12803
1302341
94881
23997
143097
15396
12603
41889
12054
13729
11770
13531
455618
14919
12127
1886145
294269
16875
334747
12760
10903
10578
12010
14939
11220
11823
11632
11514
14657
18664
21835
12314
56166
1161718
21602
11839
51246
12056
11130
12050
15302
792655
18896
25708
12650
203179
995072
716684
13116
12108
10890
11742
28972
34072
10257
10170
154478
14767
12868
9177
8835
2017
2427
2223
4772
2186
2045
2169
2062
2160
2989
2287
2156
89454
3123
5888
431813
3409
95020
2489
2283
7799
2165
65651
2782
2282
2351
2167
2145
2285
16700
2264
2613
105053
2939
7603
2318
10242
2350
15502
2325
2236
2270
4725
3619
2095
2245
2041
2100
2591
2380
2592
76873
53513
3146
193537
103414
129925
3909
2730
231172
4597
33449
8494
2402
2098
3466
186978
4042
3269
2034
2647
2036
3487
126551
3455
124875
6129
3435
2333
2427
2215
2246
2484
2916
176827
3740
2322
2338
2402
2378
2816
93450
3154
2689
2548
3718
2600
47048
110675
3727
5592
2404
2260
3515
2376
2866
16843
2352
4456
2536
2422
2223
2535
2107
2096
2288
3079
224920
4362
288370
7307
3381
294489
3959
17168
2518
82069
5126
6254
2293
2271
3636
243878
3952
3662
82687
36977
193809
3857
2147
2259
1938
1984
2630
30626
94936
186967
3720
20167
2127
2169
7848
2413
2015
2245
2137
2391
14876
2528
51014
3938
238743
10065
17466
2373
16118
2659
2081
2177
2051
2031
2100
15367
2230
2245
50876
38987
2271
526955
4288
4054
5321
3123
169804
227086
5818
58045
3490
5458
2230
2773
314813
2273
2349
2313
2424
242364
18591
4421
27047
2922
2356
7784
2233
2560
2209
2425
86081
2802
2226
355458
55076
3173
63630
2342
2134
1986
2238
2703
2083
2123
2141
2107
2643
3486
4049
2217
10414
221484
3988
2167
9463
2152
2095
2253
2755
148696
3492
4610
2336
38538
186080
136165
2514
2257
1979
2269
5473
6339
1893
1892
29083
2737
2446
1714
