48934
11674
13695
12239
26862
11214
10794
10926
11958
12414
14771
11871
12078
483158
16234
31172
2332933
18443
511699
13782
11793
43437
11223
363881
15494
12522
12194
11971
11931
12627
90062
12763
14999
562067
15588
39926
11998
55157
12934
82181
11720
12797
12838
25574
19563
11678
12038
11594
11336
13111
13410
14265
410950
296137
16156
1045642
575567
690131
20634
14481
1245166
25036
179194
44256
12163
11594
18112
1004672
20939
17475
10641
13294
11379
18753
687858
16524
687733
31801
18120
13388
13201
12005
12559
12641
15810
935527
20217
12814
13342
13222
13078
15871
510929
17330
14803
13980
20056
15126
262685
585452
20845
31511
12933
12617
19886
12612
15863
90654
11886
22975
13498
12798
12575
13245
11460
11284
12485
16402
1211358
22832
1547205
39430
18323
1600692
21386
90578
13060
439216
28090
32491
12576
11959
18772
1276228
20731
19821
417563
192011
1056638
19326
11221
11773
10871
11072
13089
157772
496976
1012003
19798
108931
11227
12358
41315
12708
10307
11942
10862
13062
78146
13366
271559
21444
1262907
54644
92270
12440
83904
13619
10911
10754
10750
10706
10847
81786
11686
11113
268993
198708
11629
2800902
22568
21746
28969
16778
877473
1210295
32391
312925
16808
28694
12593
15294
1649377
11712
12474
12952
12026
1309633
94715
23286
144466
15773
11685
41081
11645
13471
11768
12963
453133
14742
12244
1886831
292716
17189
334280
12932
11338
11501
11860
14392
11240
11426
11353
11784
14250
17886
22170
12433
54736
1161874
22739
11892
51831
11792
11766
12559
15236
786553
17864
24566
12740
203296
997674
718093
12957
12206
10806
12762
28473
32726
10022
9839
156200
14267
12495
8871
8887
2161
2614
2234
4905
2070
2057
2057
2201
2267
2863
2184
2271
89013
3039
5740
431993
3418
95166
2555
2234
8022
2165
65922
2857
2284
2244
2168
2189
2258
16938
2337
2658
105531
2892
7404
2237
10079
2412
15448
2191
2325
2359
4879
3641
2155
2276
2101
2142
2435
2446
2626
77058
53612
2966
194391
103613
129663
3854
2743
230734
4534
33481
8358
2263
2199
3463
187199
3909
3285
1975
2496
2119
3495
126903
3143
125456
6010
3453
2433
2466
2185
2357
2360
3002
176603
3692
2355
2422
2444
2436
2809
93998
3179
2691
2524
3611
2699
47188
110838
3850
5772
2358
2314
3600
2315
2935
16798
2280
4239
2536
2413
2342
2537
2171
2027
2254
3089
224642
4254
287572
7196
3497
295539
3887
17078
2461
82657
5093
6177
2356
2280
3439
243592
3945
3702
84396
36688
191765
3755
2135
2257
1996
2102
2538
30899
95982
186938
3805
20332
2160
2304
7845
2422
1972
2284
2054
2389
14791
2476
50967
3936
239262
10424
17548
2317
16205
2565
2125
2034
2051
2114
2102
15564
2268
2162
50544
38762
2251
527254
4373
4188
5451
3121
170108
227862
6004
58308
3242
5491
2359
2789
313528
2204
2366
2352
2268
244045
18642
4293
27292
3018
2199
7702
2154
2521
2169
2347
85463
2778
2232
355663
54659
3207
63380
2342
2196
2162
2174
2600
2106
2061
2077
2148
2563
3345
4103
2254
10215
221642
4231
2187
9664
2077
2210
2336
2771
148033
3372
4516
2327
38486
186312
136331
2505
2310
2006
2448
5403
6112
1868
1837
29416
2673
2356
1682
