47644
11582
13928
12165
25391
11206
10646
11646
10932
11701
14972
11820
11998
482854
16637
32710
2330734
19290
515317
13384
11904
42089
11109
362644
15668
12794
13007
12191
11387
13429
89668
12696
15004
558547
15145
41146
12028
56880
13079
83445
11483
13103
12396
25698
18692
10501
11728
11931
10987
14119
12524
14321
411559
296415
15927
1040153
585858
696447
22695
15209
1244611
24781
180005
44689
12518
11289
17887
1010007
20429
17785
10705
13692
11245
18546
689246
17572
682756
32489
17679
12991
13047
12782
11890
13153
15570
938786
20253
12580
13827
13028
12479
16695
508015
16810
14395
14034
21389
14560
261027
584913
20019
31345
12302
13126
19265
12201
15898
92306
12252
22974
13300
13239
11629
13455
10963
10947
11696
17064
1215278
22753
1560101
40087
17725
1612220
21699
90984
13481
437900
28634
31851
11551
11973
19319
1275538
20148
20221
412058
194263
1066636
20059
10930
11871
10553
10477
13688
153984
489118
1016871
19139
108829
11337
11491
41471
13487
10851
10650
11684
12764
79015
12979
269314
21111
1260503
54009
91770
11926
85070
14333
10526
11026
11258
10797
10360
81818
11693
12200
271069
197790
11725
2800443
22030
21226
28473
17565
879523
1217709
31763
311905
17889
27487
12402
15232
1653989
12074
13290
13689
12419
1304026
95401
23491
143521
15260
12282
41801
11274
13287
10940
13888
453663
15948
11538
1890248
292066
16554
337972
13090
11496
10882
12215
13918
11620
11704
11377
11696
15238
18475
20580
12111
55960
1158841
21709
10774
50503
11752
12076
12402
14873
794678
18256
24939
12701
204894
996705
716181
13051
12207
10141
11769
29355
33070
10249
9588
154375
14439
12074
9223
8718
2165
2650
2195
4645
2103
2020
2205
2033
2149
2869
2194
2245
89018
3105
6052
431584
3574
95942
2517
2237
7838
2081
65828
2875
2308
2407
2160
2097
2413
16906
2310
2704
105052
2866
7581
2235
10336
2383
15753
2170
2348
2263
4838
3450
1941
2190
2145
2066
2596
2298
2603
77125
53600
2909
193593
105303
130785
4187
2880
230770
4536
33764
8440
2327
2148
3401
188207
3821
3339
2035
2604
2107
3483
127132
3288
124545
6198
3309
2382
2428
2347
2243
2504
2947
177312
3670
2278
2527
2460
2335
2948
93582
3069
2622
2578
3841
2608
46959
110832
3685
5799
2265
2384
3518
2278
2966
17074
2385
4241
2491
2468
2165
2587
2068
2013
2152
3219
225091
4296
289889
7326
3385
297395
3972
17073
2520
82531
5100
6079
2171
2293
3498
243600
3847
3752
83288
37126
193487
3876
2137
2238
1977
1991
2642
30190
94667
187593
3672
20236
2210
2164
7907
2530
2080
2049
2242
2375
14970
2427
50651
3883
238928
10193
17541
2224
16425
2714
2038
2112
2173
2114
2001
15545
2238
2303
51042
38567
2282
527533
4265
4093
5369
3240
170881
229515
5923
58078
3448
5337
2322
2874
314280
2316
2501
2507
2360
243580
18712
4317
27197
2936
2305
7844
2088
2514
2043
2511
85710
2971
2152
356455
54606
3113
64105
2408
2217
2068
2226
2556
2165
2112
2095
2122
2780
3446
3811
2205
10406
220810
4083
1992
9460
2093
2262
2292
2695
149726
3435
4561
2330
38665
186151
135949
2510
2299
1882
2262
5578
6186
1899
1808
29104
2732
2311
1775
