48293
10747
13482
12170
25637
11462
10626
11301
11244
11565
14793
11821
12205
483735
16286
31853
2335854
17983
515379
13712
12175
43124
10870
367678
15214
12498
13321
12523
11756
12622
88726
13327
14371
564542
15805
40620
12569
56800
12099
84122
11468
12821
12395
24525
19386
11663
12150
11306
11519
14150
12911
14372
411344
296064
16114
1041214
578130
694044
20968
14923
1244376
24654
180579
45304
12100
11436
18236
1009443
20768
17904
10408
13248
11342
18789
687777
17673
684122
32542
17938
12836
13335
12609
12616
12808
15833
932178
19943
13028
12730
13081
12356
16439
513346
17382
14617
14823
21069
14650
262756
582247
19954
30458
13257
13084
19833
12863
14433
92278
12238
23013
12941
12737
12233
13520
11302
11908
12047
16651
1207919
23290
1551082
40562
17247
1601838
21125
90459
13186
440498
28000
32189
12013
11900
18528
1273600
20586
19729
415528
193852
1070638
20068
11451
11787
10680
10593
13127
157900
490603
1016049
18710
111341
10380
11991
41476
12773
10708
10817
10830
12490
79472
12785
271544
21543
1267539
55186
91192
12048
83156
13709
10904
11291
11021
9943
10444
81811
11485
11524
269710
199154
11782
2798030
22227
21525
28855
17912
881573
1213642
32602
310545
17513
28561
12045
14567
1656529
12356
13423
13030
12761
1319595
96124
23972
140882
15466
12280
42014
11393
13801
12072
13094
452218
14813
11830
1887805
290913
16633
329246
12642
11244
11505
11968
14857
10816
11819
11999
11639
14922
17771
21289
12771
54718
1163618
23001
11376
50001
11726
11507
11581
14912
796475
18300
24545
13010
206895
996705
717556
13773
12180
9865
11490
28965
33411
10772
10139
155321
14053
12108
9859
8871
2023
2568
2225
4663
2110
2035
2089
2078
2152
2888
2175
2290
89252
3027
5864
432773
3367
95946
2544
2258
8027
2088
67009
2815
2310
2421
2248
2171
2265
16606
2448
2605
105964
2975
7502
2329
10362
2246
15855
2185
2321
2242
4683
3616
2193
2292
2042
2172
2621
2389
2640
77235
53474
2948
193711
104366
130601
3945
2821
230942
4512
33783
8442
2255
2131
3476
188115
3880
3360
1951
2502
2098
3544
126746
3335
125004
6125
3440
2367
2476
2318
2336
2418
2974
176500
3613
2370
2308
2424
2319
2888
94503
3175
2688
2684
3781
2616
47163
110474
3665
5640
2433
2386
3611
2387
2686
17067
2303
4251
2441
2388
2271
2594
2148
2151
2203
3166
224815
4329
288207
7474
3322
295514
3883
16963
2466
83056
5042
6147
2288
2227
3366
243232
3940
3674
84108
37030
194531
3874
2206
2226
2009
2040
2561
30973
95065
187761
3606
20654
2041
2280
7936
2418
2054
2081
2077
2320
15086
2370
51061
3991
240138
10486
17431
2218
16071
2579
2150
2142
2100
1939
2025
15492
2248
2224
50645
38797
2289
527304
4280
4124
5392
3310
171139
229197
6020
57882
3339
5517
2261
2700
315249
2313
2515
2353
2385
245671
18908
4393
26505
2974
2332
7856
2115
2550
2270
2344
85594
2772
2230
355762
54432
3108
62643
2332
2181
2189
2215
2691
2029
2133
2203
2140
2692
3314
3922
2308
10220
221802
4277
2129
9325
2077
2143
2185
2715
149879
3421
4501
2421
39140
186342
136585
2656
2301
1824
2226
5532
6264
2019
1896
29302
2671
2338
1908
