48387
11556
13919
12099
25499
11541
10631
11856
10901
11264
15530
10651
11553
488410
17194
32065
2338768
19086
511971
14139
12182
43881
11532
364937
15345
12754
12204
12907
11780
12708
89910
12558
14777
562326
15729
41776
12388
55980
12776
82603
11259
13109
12772
25166
20469
11563
11861
11775
11157
14050
12395
14292
412794
297641
16985
1045282
577632
693196
21143
14042
1247780
25562
177043
44890
11913
11602
18876
1009389
20073
17416
10843
13552
10998
18428
685825
17455
686965
32673
18798
13100
12548
12218
12598
12683
15847
939529
21113
12835
13066
13529
12061
16045
511387
17056
14548
14241
19762
14696
265081
583134
19710
30451
12879
13016
18944
12601
15419
91687
12327
23418
13364
12475
12391
12582
11250
11649
12988
17059
1212912
23104
1552702
40289
17473
1604476
22651
90862
12887
436064
28013
31355
12458
11230
18996
1275112
21108
19687
410603
196051
1068262
19622
11309
11466
10352
10448
13791
157272
495724
1016187
19598
109660
11443
12115
41315
12975
10525
11504
11598
12938
77570
13024
272880
22070
1266511
54223
92741
12431
83844
14125
10633
10563
11265
11120
10488
82282
11745
11867
272006
198478
11552
2804622
21631
21500
29010
17127
876322
1216190
31718
311990
17741
28048
11928
14667
1658397
11865
12814
12731
13212
1303617
95546
23685
142005
15353
13161
41281
11301
13805
10934
13232
455064
14863
11373
1888044
293259
17044
333700
12917
10471
11018
12108
14904
10582
11546
11293
12320
15210
18232
21725
12247
55266
1156739
22682
11864
50583
11270
11374
12949
14766
797170
17921
25427
12656
206352
990581
713011
13524
12182
10210
12328
29842
33048
11008
10031
154892
14920
12668
9388
8862
2145
2620
2232
4614
2119
1988
2214
2032
2087
2951
1978
2148
90035
3225
5910
433140
3497
95266
2592
2296
8079
2178
66122
2822
2317
2274
2299
2189
2276
16913
2314
2668
105679
2927
7672
2332
10217
2336
15700
2172
2350
2304
4771
3770
2152
2207
2136
2113
2583
2287
2600
77571
53936
3097
194301
104142
130411
3921
2664
231418
4665
33145
8476
2233
2176
3610
188109
3802
3267
2034
2521
2086
3475
126826
3257
125313
6153
3488
2406
2324
2246
2358
2410
3031
177586
3837
2328
2423
2522
2243
2839
93942
3149
2650
2593
3581
2628
47639
110550
3636
5614
2381
2350
3437
2332
2898
16937
2327
4320
2510
2350
2279
2418
2154
2122
2369
3235
225216
4263
288345
7327
3349
296179
4099
17146
2472
82375
4926
6050
2338
2128
3452
243784
4054
3674
83057
37357
193982
3811
2171
2159
1932
1983
2647
30718
95969
187906
3744
20379
2243
2283
7902
2455
2035
2202
2229
2379
14754
2406
51384
4034
240382
10351
17674
2330
16144
2670
2088
2029
2174
2145
2085
15556
2263
2272
51186
38627
2239
528113
4228
4132
5396
3197
170248
228913
5929
58023
3358
5434
2268
2740
315342
2214
2398
2334
2481
243037
18780
4367
26857
2901
2444
7827
2094
2564
2086
2402
85875
2775
2129
356079
54719
3192
63566
2365
2050
2095
2216
2708
1978
2079
2082
2229
2747
3367
4037
2256
10265
220650
4201
2201
9448
2016
2126
2370
2669
150171
3365
4664
2342
39050
185619
135610
2578
2322
1879
2334
5648
6161
2028
1884
29083
2755
2392
1775
