47886
10860
13718
11857
26409
11221
11017
11219
10590
11899
15267
10994
12022
484444
15488
31301
2341586
18761
510505
13718
12108
42397
11007
362997
14948
12385
12875
11914
11023
12786
89098
13070
14497
562365
16292
41360
12654
54633
12828
81673
12141
12872
13320
25408
19562
10729
11912
11464
11248
13772
13412
14062
411107
297966
16174
1042720
576343
691464
21772
14746
1239187
24151
180460
45797
12270
11852
18078
1001749
20761
17313
10372
13419
10934
19008
692140
17486
681876
31608
18223
12314
12890
12069
12554
13158
14636
936097
21029
12239
13049
12914
12736
16459
511237
18177
14927
14390
21136
14957
265640
588511
19140
31125
12664
12674
17981
12442
14916
92409
12175
23154
13207
12535
12840
11967
10995
11219
12574
17475
1212404
22726
1554016
38895
17427
1607349
21357
92525
12680
433961
29628
31633
12070
11822
18353
1272068
20615
19906
409868
192404
1068458
19487
11246
12533
10320
10930
12901
156909
492886
1016720
19740
109132
11631
11772
42372
12752
9855
11089
11067
12792
79708
13360
274022
21016
1260046
55229
91261
11868
84841
13889
10525
10497
10963
10587
11305
80289
11808
11425
268442
197884
12224
2801994
22061
21460
29224
17967
872787
1213554
31944
308683
17901
26910
12079
14809
1655315
12069
13171
12232
12647
1304123
94456
23371
141613
15877
11971
41044
11398
13497
10959
12868
455765
15551
11202
1887762
291766
16296
331258
12761
11280
11720
12169
14349
11071
11629
11178
11559
14920
18632
21128
11826
56020
1159378
23288
11232
50452
11990
12219
11755
15107
794713
19314
25211
12966
205023
986563
715226
12626
11791
10942
11588
29651
33591
9775
9057
154141
14730
12177
9704
8731
2044
2614
2153
4808
2084
2095
2112
1965
2217
2950
2058
2302
89232
2906
5833
434035
3485
95295
2557
2277
7873
2113
65928
2783
2256
2379
2155
2075
2300
16710
2409
2586
105802
3038
7606
2366
9935
2351
15499
2274
2286
2420
4776
3596
1993
2265
2090
2111
2537
2434
2572
77418
53874
2975
194002
103889
130079
4057
2789
230316
4440
33787
8667
2320
2189
3504
186879
3885
3299
1941
2524
2092
3541
127878
3274
124148
6047
3449
2242
2391
2237
2325
2470
2761
177216
3858
2243
2359
2399
2371
2884
94039
3287
2730
2586
3764
2662
47630
111708
3566
5712
2352
2330
3300
2330
2781
17092
2356
4258
2496
2355
2348
2285
2101
2047
2281
3268
225144
4250
288701
7133
3338
296628
3902
17410
2369
82146
5253
6040
2280
2277
3376
242944
3916
3710
83041
36675
194192
3777
2207
2357
1924
2047
2501
30739
95428
187676
3838
20266
2273
2223
8029
2446
1914
2168
2118
2367
15160
2469
51485
3876
239027
10639
17446
2246
16328
2572
2081
1997
2122
2067
2189
15287
2296
2211
50705
38655
2356
527994
4276
4159
5532
3333
169504
229032
5938
57571
3463
5189
2270
2729
314529
2290
2468
2249
2380
243847
18698
4286
26701
3019
2235
7710
2125
2556
2058
2329
86409
2883
2074
356363
54558
3074
63160
2349
2211
2171
2223
2562
2097
2131
2050
2098
2685
3479
3893
2177
10421
221406
4278
2107
9486
2124
2270
2208
2710
149486
3569
4620
2431
38682
184685
135829
2439
2200
2016
2257
5609
6238
1802
1695
29105
2755
2333
1846
