49024
11040
12314
11957
25431
11157
10132
10993
10836
12461
15348
11091
12436
488815
16385
31007
2336896
19060
514906
13062
11756
43321
10636
363583
14747
12633
12914
12379
10779
12518
88497
12329
15258
565525
14944
39810
10837
54959
12451
81436
11624
13166
13000
25588
19832
11257
11776
11591
10794
14421
13091
13466
411809
297477
17269
1041749
573050
696502
20580
14615
1245577
24671
181197
45810
13300
11570
17938
1008850
20498
18038
11455
13779
10969
18325
687639
17386
682997
32734
18511
12570
12885
12357
12234
12949
15183
942412
19506
12962
12859
13228
12671
16332
510097
17642
14537
14543
20583
15123
263755
591659
20800
30462
13880
12673
18486
12850
14971
91816
12470
22701
13438
12572
12388
13385
12096
11115
12054
16535
1207856
22866
1551842
39244
17942
1605069
21996
90458
13723
435924
28192
31781
12451
12219
19572
1280369
20531
20472
412388
194666
1074371
18348
10757
11706
11021
10730
13634
156125
492854
1017153
19444
108903
11083
11439
41750
12342
10691
11962
11205
12779
78079
12440
273242
20596
1263507
53500
92262
12008
84906
14260
10937
10924
10736
10232
10700
80939
11428
11610
271308
196710
12254
2795868
21885
20952
27893
17045
879159
1210602
32583
310822
18147
27815
12027
15037
1657722
11572
12882
13305
12373
1311715
95500
23026
140955
15940
12190
41499
11761
13636
11221
13539
454472
14594
11931
1893612
293516
16460
335007
13266
10882
11365
11782
14553
11307
11193
12569
11533
14619
18486
20713
12567
55406
1155421
22556
11627
50307
11813
10947
12005
15080
793374
18417
25811
13237
203770
994248
713788
13274
12095
10385
11638
27583
33617
10428
9979
151771
14623
11760
9611
9008
2082
2372
2187
4635
2072
1929
2065
2023
2291
2938
2086
2333
90201
3053
5714
432661
3549
95835
2427
2223
7985
2039
66012
2704
2337
2372
2224
1988
2233
16550
2260
2731
106366
2817
7397
2060
10064
2315
15397
2185
2385
2314
4862
3653
2100
2212
2115
2046
2637
2423
2481
77249
53810
3167
194047
103399
130896
3874
2780
231754
4523
33677
8645
2428
2201
3439
188050
3854
3373
2161
2592
2061
3444
126975
3283
124832
6163
3464
2297
2392
2241
2314
2440
2894
178153
3566
2370
2360
2447
2322
2871
93914
3229
2656
2671
3694
2715
47367
112100
3881
5602
2541
2328
3413
2391
2774
17015
2396
4216
2507
2368
2276
2573
2262
2043
2203
3144
224994
4229
288753
7169
3462
296293
4047
16993
2571
82293
5069
6126
2314
2311
3588
244426
3933
3842
83690
37191
194933
3591
2102
2200
2028
2058
2639
30549
95504
188242
3751
20272
2146
2123
7964
2313
2033
2308
2105
2362
14901
2305
51457
3781
239830
10210
17615
2241
16352
2649
2136
2086
2075
2013
2109
15418
2212
2245
50986
38496
2357
526606
4276
4026
5213
3183
170487
228637
6025
57922
3477
5441
2262
2800
315419
2180
2422
2424
2374
244483
18780
4245
26617
3056
2306
7750
2177
2561
2107
2465
86056
2722
2201
356939
54792
3075
63671
2415
2141
2154
2177
2614
2096
2040
2279
2096
2643
3447
3883
2302
10335
220698
4182
2113
9388
2119
2058
2234
2737
149201
3468
4697
2421
38640
185798
135681
2524
2282
1903
2234
5310
6337
1911
1874
28793
2718
2257
1840
