49695
10754
13261
11526
26907
11570
10841
11942
11187
12497
15819
11033
11119
483552
16056
31017
2330978
19140
514431
13943
11791
42752
11683
363433
14740
12179
12182
11963
10771
13355
88811
12554
14901
558576
15435
41318
12134
56499
12879
83971
12054
12019
13384
25941
19647
11261
12006
11431
11190
13799
13560
14166
411330
299508
16571
1044892
579623
692261
21155
14824
1242502
24901
178377
45636
12141
11808
17817
1005526
20330
17978
10624
13532
10991
18724
687719
17013
683883
31509
17523
12213
13309
12987
12574
13177
15870
937426
19860
12349
13260
13107
13141
15399
510412
17475
14700
14466
20123
14470
262146
586603
20166
31146
12366
13173
19001
12277
15787
91802
11882
23027
13585
13139
13120
12911
11530
11591
12440
16540
1214094
22662
1555679
39971
17667
1602555
20893
90653
13789
436179
29701
31994
12255
11654
19643
1276807
21884
19945
414391
193279
1066475
19754
11281
12012
10693
10778
12745
157384
493365
1012401
19260
109148
10672
11417
41952
13073
11062
11104
11175
12551
78872
13146
272667
20421
1263753
54774
91300
12235
84422
13665
10564
11221
11122
10435
10575
80015
11904
12228
273977
197265
12044
2806962
21809
21195
27831
17381
879107
1215486
32051
313649
17231
28078
11639
14758
1655996
11723
12652
12641
12193
1306126
94708
23924
143806
15628
12649
40479
11415
12806
11790
13539
454636
14607
11972
1892036
292523
16866
336025
12238
10799
11548
12993
14369
11075
11507
12307
12017
14248
18295
21962
12655
55389
1158938
22350
11665
49743
11676
11898
11970
14951
794737
18071
25892
12789
205563
998757
713614
13615
11991
10044
12371
28940
33899
10025
10023
155880
14736
12318
9608
9046
2015
2515
2123
4914
2111
2009
2253
2088
2320
3039
2041
2127
89053
3035
5809
432048
3563
95915
2563
2206
7897
2232
65971
2720
2205
2250
2127
1991
2360
16709
2335
2681
105178
2905
7610
2264
10293
2391
15787
2237
2153
2410
4929
3582
2094
2235
2081
2099
2586
2465
2587
77352
54200
3034
194935
104304
130256
3934
2790
230836
4564
33321
8543
2288
2214
3399
187642
3824
3380
1999
2566
2060
3532
127194
3217
124927
6014
3338
2257
2493
2371
2362
2446
3004
177263
3598
2232
2412
2440
2417
2724
94186
3183
2680
2642
3636
2630
47169
111308
3743
5793
2307
2392
3509
2307
2904
17016
2271
4247
2495
2433
2415
2431
2200
2119
2241
3138
225714
4241
289186
7387
3340
296177
3870
17057
2578
82349
5324
6137
2294
2214
3582
244043
4164
3736
84000
36916
193700
3879
2198
2282
2012
2071
2514
30772
95458
187495
3704
20268
2094
2159
7998
2471
2139
2151
2109
2324
14979
2423
51260
3775
239803
10390
17414
2331
16268
2595
2071
2129
2128
2027
2080
15242
2296
2319
51533
38656
2331
529096
4224
4075
5240
3220
171059
229121
5974
58316
3349
5427
2215
2746
315312
2198
2404
2297
2308
243898
18659
4387
27092
3002
2384
7608
2112
2399
2201
2440
85917
2717
2219
356792
54487
3188
64093
2230
2151
2175
2405
2597
2076
2082
2221
2160
2601
3427
4026
2330
10272
220892
4165
2180
9333
2035
2233
2255
2692
149594
3389
4735
2351
38802
186854
135580
2593
2250
1860
2354
5473
6388
1860
1892
29419
2761
2363
1821
