47921
11116
13145
12477
25392
11491
11356
11483
11175
11763
14614
11265
11953
485699
16561
32490
2333178
18392
513124
13128
12088
42840
11378
365998
15139
13036
12406
11857
11351
13104
89454
12416
14213
560002
15837
41413
11589
57127
12703
83740
11163
13018
12553
25113
19337
11398
11799
11243
11573
14072
12724
14054
410268
295224
16608
1044466
580163
692248
21353
14898
1253341
24730
178737
45536
12814
11858
18060
1002576
20735
18027
11397
14220
11209
18983
690748
17792
689462
33113
18254
13383
13364
12349
11927
12976
15375
938162
20250
13030
11895
13274
12905
17155
510211
18212
14426
14774
20949
14669
264821
582831
19812
30095
12966
13665
18808
12380
14995
90972
12721
23217
13022
13814
12617
12491
11907
11428
12944
16838
1213356
24349
1558524
39162
16798
1605654
20831
91777
13832
440769
29006
32955
12564
11947
19115
1282808
20883
19947
413425
194726
1069745
18767
11113
13022
10224
10695
12863
156445
495258
1013383
18775
109553
10829
11828
42026
12908
10296
11517
11222
13325
78632
12799
272728
21673
1261415
54489
91172
13121
86387
14438
10892
10919
10727
10363
10720
80927
10933
12435
270201
199826
12058
2805842
21203
21462
28688
17449
876666
1211910
32623
307331
17722
27983
12373
15316
1648311
12573
12650
12644
12868
1315110
94556
24550
141831
16003
12133
41646
11149
13924
12207
13341
452926
15113
11508
1893173
292393
16864
332533
12393
10829
11230
12009
14448
11212
11803
12065
11770
14896
17679
21399
12252
56804
1160708
22077
11557
52171
11036
11077
11984
14322
787341
18378
25653
12715
205090
990587
717692
13469
11278
10727
11728
28811
33421
10494
9908
155197
14779
12209
9698
8747
2058
2522
2308
4647
2141
2123
2142
2048
2194
2799
2094
2247
89692
3119
6029
432642
3419
95634
2443
2275
7929
2113
66585
2809
2362
2250
2105
2099
2346
16791
2296
2578
105320
2981
7635
2183
10318
2364
15900
2070
2328
2276
4774
3575
2122
2222
2068
2223
2628
2330
2581
77177
53425
3016
194658
104580
130300
3943
2799
232733
4523
33500
8608
2403
2223
3495
187044
3881
3390
2143
2662
2089
3563
127588
3323
125836
6276
3422
2466
2474
2267
2267
2471
2953
177371
3713
2359
2191
2490
2381
3010
94106
3326
2647
2681
3763
2649
47732
110574
3660
5533
2394
2474
3437
2317
2816
16793
2436
4257
2442
2566
2324
2425
2262
2080
2365
3174
225676
4434
289495
7161
3236
296591
3854
17194
2562
83379
5183
6322
2349
2289
3485
244908
3959
3726
83886
37187
194262
3631
2141
2421
1918
2057
2488
30667
95805
187463
3609
20433
2100
2202
8072
2469
2029
2225
2160
2460
15035
2377
51257
4024
239305
10366
17404
2451
16561
2706
2112
2102
2042
2014
2113
15388
2131
2360
50887
39008
2343
528545
4136
4118
5385
3244
170523
228895
6021
57283
3396
5430
2347
2838
313534
2371
2368
2322
2405
245091
18633
4557
26746
3081
2250
7815
2059
2634
2279
2419
85645
2811
2143
356855
54539
3175
63332
2269
2109
2122
2207
2618
2080
2148
2228
2145
2681
3305
3952
2234
10573
221359
4051
2139
9780
2006
2094
2243
2639
148312
3444
4667
2362
38891
185415
136336
2573
2126
1996
2261
5467
6178
1945
1846
29314
2774
2318
1867
