47002
11058
12904
11972
25814
11564
10951
11497
11310
11757
15243
11610
12150
482292
16329
31779
2340759
19211
510277
13424
12185
44647
11054
363490
15010
12901
12407
12753
10867
12939
90661
12569
14749
561306
15778
41191
12507
56236
13005
83848
11217
12615
12424
24954
19789
11460
11079
11191
11193
13871
12756
13719
410223
299877
16067
1041920
577724
694290
21097
14422
1244871
25233
178337
46198
12320
11630
18184
1010192
20288
18148
10715
14068
10702
18608
688640
17724
685050
32963
18821
12591
13186
11787
13348
12883
15096
943397
21282
12962
12421
12768
12970
16078
509151
16707
14378
14293
20712
14308
265884
586990
20826
30261
13083
12815
18669
13034
15357
92409
11919
24531
12727
13424
12019
13303
11514
11057
12328
16838
1210426
22120
1556720
40275
17690
1603589
21972
91542
13875
439792
29198
32396
12604
12366
19668
1279228
20680
19697
414520
194154
1064511
19430
11270
12861
10180
10717
13191
155361
495834
1021182
19478
109560
11032
11643
40936
13008
10484
10741
11265
12149
79282
13166
273424
21432
1261430
55715
90640
12394
84342
14091
11004
10807
9820
10768
11559
81361
11272
11869
272935
198740
12406
2813131
21352
21469
28319
17016
877129
1214647
32266
310925
17351
28323
11918
15129
1659077
11947
12772
12679
12834
1309475
95508
23793
143119
16042
12172
40698
11070
13527
11305
13994
458770
15084
11734
1894209
293438
16666
333904
12919
11482
11066
12271
15077
10843
11248
11739
11650
15139
18193
22008
12507
57153
1165919
22185
11600
50236
11437
11579
11857
14571
794181
19240
26032
12952
205358
994045
716037
13278
11734
9795
11418
28088
34436
10747
9498
157307
14518
11970
9906
8617
2067
2465
2210
4690
2157
2066
2167
2110
2193
2898
2188
2299
89115
3072
5891
433618
3527
94957
2495
2292
8295
2105
66058
2777
2344
2303
2272
2018
2328
17051
2311
2664
105718
2988
7640
2338
10181
2419
15858
2113
2268
2261
4770
3664
2166
2092
2039
2111
2567
2351
2514
77095
54344
2954
193998
104240
130393
3898
2740
231099
4661
33463
8776
2309
2183
3477
188206
3797
3404
2002
2636
2018
3447
127184
3316
125276
6252
3538
2294
2397
2146
2478
2473
2858
178335
3856
2311
2264
2370
2355
2820
93706
3059
2641
2609
3738
2597
47706
111518
3811
5649
2422
2334
3419
2447
2820
17079
2281
4499
2432
2517
2211
2549
2176
2049
2243
3210
225195
4148
289736
7410
3374
296183
4019
17315
2582
83172
5246
6162
2358
2352
3564
244374
3959
3694
83782
37175
193444
3778
2189
2419
1922
2049
2586
30562
95922
189070
3746
20371
2168
2205
7890
2475
2047
2076
2147
2267
15092
2438
51413
3954
239528
10628
17350
2293
16261
2660
2142
2096
1907
2067
2259
15470
2180
2269
51411
38816
2366
530129
4173
4118
5343
3182
170586
228994
5974
57992
3310
5465
2247
2823
315576
2262
2403
2319
2412
244855
18774
4335
26999
3052
2310
7643
2047
2557
2097
2532
86875
2836
2194
356916
54630
3163
63526
2385
2232
2055
2270
2732
2054
2036
2173
2124
2761
3409
4066
2298
10556
222411
4091
2176
9414
2051
2171
2217
2642
149418
3553
4723
2378
38735
186017
136172
2559
2225
1807
2210
5318
6455
1984
1812
29713
2740
2249
1891
