47360
10960
13682
12589
25859
11274
10707
11385
11526
11787
15572
11469
12044
480871
16723
31048
2329825
17630
510979
13377
12157
43677
11848
361470
15071
12414
12631
12184
11462
13138
89951
12432
13853
558163
15030
41444
12824
57610
12785
80960
11875
13131
12459
25425
18767
10839
12259
10877
10927
14294
13230
14340
407905
300346
17125
1042013
575486
693751
21723
14470
1245310
24835
179435
44686
12008
11233
18282
1000101
20469
17703
10286
13468
11171
18062
685502
16838
685691
35801
18846
12695
12718
11859
12325
13010
14453
934591
19595
13048
12768
13601
12866
15627
507809
17095
15537
14454
20250
14081
262164
584415
19766
30569
13059
13300
18942
12949
15185
91138
12393
23970
13559
12646
11614
13053
11413
11643
12140
16700
1212551
23958
1550583
40433
17878
1600733
21680
90512
13368
437272
29849
32261
12042
11952
19769
1272193
21162
19760
411480
193651
1062460
19506
11385
11882
10679
10846
13706
156372
494179
1014507
19625
110592
11652
11793
41286
12913
10527
11565
11231
12747
77102
13410
270763
21172
1257644
54803
90500
11949
83473
13914
11199
10666
10314
10408
10953
82134
11190
12004
271649
197872
11807
2788495
21790
21534
28799
18094
876814
1204094
31391
311724
18119
28004
12691
14475
1649564
12073
12492
13174
12447
1300535
94058
24023
145266
15265
12130
41562
11743
12977
11745
13770
451846
14848
11902
1886803
294347
16532
332844
12249
11213
11514
12665
14782
10705
12499
11910
11429
15025
17882
21074
12252
55133
1160352
22072
11333
51209
11537
11255
12999
15447
783841
18200
26883
13081
204515
998299
713956
12741
12212
10251
11543
28328
33517
9919
9807
155279
14493
12328
9345
8625
2051
2592
2305
4708
2071
2013
2116
2162
2192
2961
2154
2225
88233
3158
5754
430329
3272
94801
2480
2277
8060
2229
65344
2718
2278
2319
2206
2110
2314
16802
2291
2487
104458
2839
7538
2364
10396
2360
15309
2233
2331
2262
4821
3463
2053
2301
1964
2036
2659
2418
2618
76535
54092
3137
193261
103324
129948
4033
2729
230350
4513
33382
8412
2240
2122
3509
186004
3782
3294
1916
2551
2094
3361
125992
3146
124848
6749
3532
2310
2367
2133
2303
2415
2763
176188
3562
2335
2323
2496
2401
2763
93340
3137
2844
2605
3671
2548
46878
110629
3641
5671
2379
2430
3483
2400
2805
16821
2370
4370
2507
2402
2142
2515
2159
2117
2213
3180
224295
4403
287245
7391
3391
294509
3960
17043
2478
82299
5301
6220
2260
2263
3618
241991
4022
3704
82897
36744
192310
3780
2186
2241
2000
2069
2637
30478
95290
186861
3718
20465
2209
2204
7897
2452
2001
2201
2129
2323
14713
2479
50805
3894
237309
10432
17228
2275
16055
2584
2168
2028
1985
2003
2118
15532
2165
2305
50911
38589
2292
523356
4167
4124
5437
3354
169564
226490
5821
57759
3450
5420
2388
2660
312488
2280
2338
2425
2323
241874
18490
4418
27230
2958
2283
7752
2184
2421
2192
2481
85383
2774
2231
354705
54660
3089
63152
2258
2191
2158
2293
2611
2022
2230
2147
2092
2720
3348
3907
2248
10236
220557
4098
2101
9521
2026
2118
2409
2799
147188
3383
4876
2414
38557
185965
135233
2454
2297
1874
2210
5349
6306
1819
1827
29251
2716
2337
1795
