48568
11012
12990
11599
26456
11462
11046
11014
11459
12330
15418
11768
11573
485946
17097
31218
2339062
18389
514190
13675
11870
43519
11581
363226
16051
12254
11882
12333
11295
13094
88389
13032
14469
560447
15192
41541
12404
56664
12544
83697
11475
12752
12540
25388
19815
11407
11811
11853
11594
14034
13161
13861
413349
298359
17169
1046811
581113
695543
21318
14979
1250590
24782
179330
45111
12307
11539
18292
1003053
20714
17647
11224
14050
11570
18351
691382
17791
687331
31489
17663
12556
12786
11920
12507
12770
15515
937010
19947
12716
12774
13537
13083
16537
507836
17339
15146
14898
20541
14903
259408
582220
20099
30975
12687
12780
19868
12528
15187
91888
12616
23517
12980
12970
11538
13233
11706
11264
12492
16408
1211006
22647
1551798
41333
17348
1603888
21643
90982
13601
436604
27806
30926
11958
12566
19144
1277112
21556
20660
412872
192662
1064987
19336
10846
11894
10866
10278
13778
156554
494568
1016416
18915
108321
10994
11674
40946
13400
10929
11687
11163
12380
78964
13102
272886
21376
1262394
53702
91122
12171
84675
13584
10670
10556
10862
11422
10874
79640
11598
11719
271143
197298
11952
2805757
21891
20948
28131
16840
874406
1208737
31128
312533
17766
28310
11731
15343
1661732
11867
12761
12847
12904
1305858
94580
23293
141166
16198
12153
41655
11279
13274
11699
13448
452818
14661
12105
1887357
292055
16263
334254
13028
10797
11549
12248
14896
10782
11939
11622
11541
15208
18274
21163
12157
55514
1160361
22825
12280
51030
11837
11445
12112
15137
796086
18062
26206
12533
205670
986143
720112
12759
12509
10661
11598
29057
32761
10338
9599
156038
14738
12167
9530
8903
2053
2476
2103
4793
2103
2097
2072
2135
2281
2938
2194
2165
89619
3153
5805
433643
3406
95860
2506
2238
8079
2192
65974
2946
2246
2188
2232
2071
2326
16601
2368
2578
105493
2840
7687
2275
10292
2320
15782
2174
2308
2275
4797
3663
2108
2229
2146
2198
2592
2387
2545
77430
54057
3147
194790
104712
130747
3988
2834
232121
4547
33558
8459
2305
2156
3528
187392
3880
3331
2082
2621
2207
3409
127758
3356
125378
6042
3339
2312
2351
2211
2367
2453
2949
177422
3664
2307
2342
2513
2424
2934
93656
3150
2780
2706
3689
2691
46804
110633
3723
5669
2331
2332
3649
2343
2819
16934
2427
4313
2424
2466
2127
2545
2218
2064
2286
3099
225091
4221
288897
7547
3346
296152
3975
17085
2508
82504
5043
5965
2229
2357
3502
244250
4127
3825
83550
36977
193355
3756
2090
2252
2046
1981
2661
30685
95720
187885
3638
20122
2144
2183
7939
2522
2119
2277
2116
2299
15000
2411
51427
3921
240093
10270
17391
2295
16396
2564
2112
2027
2108
2174
2127
15206
2259
2302
50984
38516
2318
528870
4250
4016
5311
3144
170119
228172
5790
58202
3396
5480
2238
2841
315990
2218
2428
2355
2446
244060
18603
4305
26727
3097
2316
7858
2095
2507
2194
2467
85573
2714
2252
356245
54512
3049
63802
2372
2118
2176
2245
2728
2040
2142
2119
2105
2741
3390
3925
2224
10390
221441
4254
2241
9537
2108
2160
2251
2726
149921
3395
4760
2319
39007
185152
136842
2467
2356
1966
2235
5506
6176
1898
1793
29395
2782
2350
1816
