47184
11304
13556
12891
27769
11475
10837
11464
11775
11671
14583
11050
11804
483130
16277
31485
2339777
18244
511559
14143
11948
43198
12119
368705
15212
12732
12038
12595
11606
13238
89843
11605
14196
560694
15384
42186
12776
56358
12151
82164
11350
12508
13439
24882
19809
11674
11642
11364
11831
13949
12930
14006
414319
297972
16323
1045694
579290
692798
21198
14690
1247422
24572
179145
44017
12521
11493
17935
1011759
20966
17994
10691
13841
11631
17916
689838
17210
686202
32155
17893
12699
13135
11793
12368
12602
15670
941005
20909
12530
13254
13307
13002
16800
506437
17602
15104
14487
20722
15469
260713
583647
20410
30517
13016
12293
18841
12752
15143
92820
11716
22891
12965
13583
12271
13228
10839
11198
12304
16881
1214783
22895
1546706
39312
17618
1602844
22168
89875
13253
439646
29476
31802
12052
11864
19290
1279160
21114
20040
414162
192564
1067085
19385
11807
12034
10167
10360
13183
156616
490886
1019455
19627
109496
11174
11766
42245
12428
10282
11652
11130
12315
78984
12835
274865
21229
1266211
54077
92017
12569
84429
14431
10770
10598
10970
10656
10613
81548
11741
11455
268621
197586
12143
2803488
22248
20817
27839
17355
875991
1210279
32081
311910
17180
28831
12113
14773
1658511
12437
12754
12632
12403
1310308
95174
24050
143636
16431
12442
40834
11490
14568
11370
13505
455207
14668
12249
1886215
289936
17005
332393
12723
10652
11344
11478
15001
10800
11768
11761
11807
15628
17770
20817
12186
55184
1161714
22696
12636
50068
11839
11487
11687
15294
794109
18530
25387
12599
202418
989592
717319
13516
12161
10809
11840
27991
33705
10537
9506
157074
14169
12248
9192
8648
2104
2573
2325
5031
2137
2055
2136
2192
2151
2829
2095
2196
89075
3035
5832
433534
3403
95389
2626
2247
8052
2288
66859
2803
2295
2224
2255
2130
2346
16943
2147
2557
105298
2887
7799
2385
10126
2260
15586
2137
2249
2431
4707
3662
2187
2216
2070
2238
2566
2381
2571
77857
53883
3004
194726
104372
130447
3952
2771
232139
4492
33493
8311
2339
2159
3471
188770
3942
3389
1996
2644
2186
3372
127372
3218
125387
6105
3350
2356
2414
2141
2280
2385
2974
177838
3836
2297
2432
2450
2432
2975
93599
3181
2762
2620
3703
2788
47075
110819
3758
5680
2367
2242
3410
2348
2801
17103
2266
4233
2444
2525
2261
2502
2057
2044
2229
3197
225878
4249
287880
7211
3334
295899
4054
16922
2473
82811
5257
6135
2272
2247
3514
244601
4050
3747
83934
36807
193803
3779
2247
2304
1919
2004
2551
30711
95053
188609
3762
20287
2194
2208
8103
2394
1969
2229
2141
2311
15045
2374
51722
3925
240276
10269
17571
2337
16275
2717
2124
2034
2086
2063
2100
15531
2290
2205
50448
38637
2372
528476
4318
4009
5272
3207
170588
228409
6038
57954
3329
5557
2273
2774
315892
2310
2424
2315
2355
244852
18712
4433
27176
3154
2323
7696
2131
2735
2123
2440
86251
2780
2283
355993
54294
3227
63508
2327
2085
2115
2140
2742
2001
2155
2132
2141
2750
3338
3882
2225
10332
221934
4244
2327
9389
2125
2151
2175
2793
149557
3471
4669
2328
38339
185228
136364
2561
2279
1980
2292
5340
6257
1964
1785
29550
2685
2345
1772
