47159
11240
13709
11919
25411
11668
10729
11545
10991
11493
15114
11186
12305
483085
16039
31729
2341045
18736
514752
13514
11956
43184
11907
363751
15005
12663
12076
12226
11257
13051
88034
12795
14074
561862
14958
41403
12006
56460
12790
81476
11521
13304
13150
25118
18768
11358
11231
11881
11298
13638
13299
14516
412226
298762
16388
1048882
578030
690748
21050
14192
1252071
24361
177935
44440
12436
11612
17876
1006190
20668
17751
11351
13935
10949
18842
692395
17592
684117
31600
18226
12519
13385
11978
12736
13078
15067
940839
19752
13044
12338
13319
12194
16689
507166
17471
15414
15330
21056
14216
260346
583996
19981
31028
12532
12712
18664
12508
15995
92403
11906
24164
13247
12917
12888
12745
11524
11052
12162
16611
1211448
22644
1549012
40436
17912
1607871
21567
90379
12813
439480
29396
32035
12494
12388
19379
1281774
20107
19169
413456
196704
1068513
20091
11030
11714
10117
10359
13059
157575
493898
1014681
19731
109276
11029
11378
42049
12432
10734
11168
11282
13127
78017
13215
268255
20538
1261773
54791
92475
11587
85058
14328
10606
10881
11429
10892
11036
79722
11830
11309
270354
198601
11264
2802988
22047
21604
29248
17075
882369
1211503
32529
313848
18209
27765
12727
15355
1653467
12099
12435
12932
12226
1317594
95068
22847
141638
15297
12712
41471
11310
13697
11495
13215
450795
15180
11880
1888269
291403
16861
333825
13250
11229
10860
12335
14535
11065
11431
11650
12155
14892
17417
21680
11792
55914
1161951
22274
11948
51615
12084
11273
12209
15248
796006
17632
24853
12666
204345
996203
713459
13966
11504
10600
12201
28463
33304
10763
10084
155348
14542
12042
9480
8642
2100
2608
2172
4630
2143
2044
2165
2094
2126
2881
2034
2324
89225
3022
5878
433620
3474
95886
2514
2233
7995
2188
66018
2763
2312
2245
2184
2087
2336
16541
2350
2555
105844
2803
7635
2225
10265
2351
15516
2199
2367
2365
4763
3480
2118
2135
2153
2136
2532
2413
2670
77493
54009
3037
195411
104325
130127
3872
2734
232338
4490
33303
8374
2349
2175
3429
187838
3867
3338
2109
2634
2051
3546
127934
3330
125028
6030
3445
2319
2490
2159
2380
2431
2878
177962
3633
2374
2259
2467
2265
2961
93694
3180
2790
2782
3772
2549
46904
110870
3693
5721
2302
2359
3402
2332
2939
17059
2294
4451
2458
2429
2349
2432
2173
2037
2211
3176
224917
4193
288422
7387
3420
296790
3919
17086
2412
82940
5229
6168
2357
2314
3544
244677
3853
3588
83800
37503
194091
3839
2161
2185
1923
1952
2563
30838
95808
187821
3817
20318
2134
2101
7985
2361
2095
2114
2160
2417
14938
2446
50475
3788
239640
10476
17622
2184
16341
2689
2086
2076
2174
2138
2145
15164
2268
2200
51161
38780
2224
528570
4281
4144
5517
3222
171335
228711
6035
58459
3500
5353
2392
2845
314872
2266
2347
2349
2348
246139
18734
4256
26685
2959
2390
7736
2129
2564
2162
2412
85559
2855
2192
356381
54544
3174
63706
2441
2221
2031
2298
2663
2054
2080
2117
2223
2677
3235
4038
2176
10452
221871
4096
2183
9667
2181
2104
2282
2750
149958
3300
4585
2354
38729
186719
135996
2656
2166
1966
2332
5403
6252
1964
1905
29341
2715
2264
1792
