47560
11562
13513
11998
25706
11309
10681
10921
11572
11851
15142
11746
12393
484229
17088
30895
2344304
19270
514077
13097
11947
43542
10994
365029
15097
12711
12359
11998
11831
12799
89434
12578
14786
560264
15465
41897
12549
56976
12544
82315
11698
12597
12532
25561
19183
11326
12347
11671
11591
14031
12497
14133
410699
298302
16845
1048589
582968
695042
21758
14690
1253897
25135
179489
45125
12402
10856
18047
1005314
20390
18684
11200
13532
10629
18628
693567
17772
685521
31633
18234
12965
13351
12451
12309
12761
15449
941763
20202
12522
12545
13121
13088
16348
509448
16810
14976
14741
21099
15089
263101
582998
20156
30609
13239
12591
19007
12914
15776
92815
11702
23633
13471
13030
12184
12887
11129
11296
12174
16466
1214113
23041
1562892
40085
18468
1607053
21321
89516
13228
437888
28897
31722
12434
11856
19415
1279976
21333
19749
411584
194798
1062525
19741
11569
12141
10548
10412
13422
159238
492111
1015833
20091
109996
11004
11497
41092
12859
10584
11391
11178
12423
78245
12648
270840
21012
1262784
54633
93143
11976
84956
14098
10455
10508
11154
10577
11045
81695
11596
12419
272598
199296
11466
2804487
22526
20808
29465
17526
883211
1211697
33258
312495
17776
27948
12536
14497
1663147
11893
13019
13480
12545
1315046
94637
23682
141645
16072
12594
39959
11367
13924
11467
13458
457981
14742
11731
1892381
292052
15670
332079
12160
10843
11309
11827
15183
11704
12122
11248
11655
14871
18396
21035
12036
55467
1160055
22217
11273
51305
12671
11456
12244
15558
794852
18834
25075
12287
203586
987256
717351
13611
12209
10369
11594
28751
34004
9939
9878
155755
14408
11594
9425
8715
2164
2583
2184
4661
2091
2043
2058
2165
2188
2914
2187
2368
89474
3164
5742
434696
3527
95895
2405
2230
8047
2114
66238
2801
2349
2274
2111
2153
2306
16831
2312
2656
105550
2929
7701
2367
10274
2336
15597
2176
2276
2280
4908
3516
2113
2304
2115
2191
2608
2321
2590
77020
53942
3055
195410
105183
130787
4002
2769
232710
4540
33590
8535
2350
2056
3482
187539
3834
3480
2088
2570
2024
3540
128221
3336
125274
5969
3448
2378
2434
2255
2308
2398
2951
178169
3718
2280
2307
2451
2466
2911
93919
3082
2754
2674
3776
2702
47187
110614
3720
5650
2435
2281
3439
2418
2927
17251
2227
4389
2505
2414
2236
2493
2113
2053
2225
3136
225605
4285
290585
7378
3516
296470
3877
16984
2471
82705
5186
6056
2339
2233
3532
245248
4073
3701
83360
37180
193324
3844
2252
2286
1952
2008
2566
31151
95389
187819
3854
20562
2126
2178
7891
2450
2038
2200
2119
2319
14943
2346
50987
3875
239934
10452
17791
2276
16353
2630
2072
2005
2141
2059
2178
15530
2258
2391
51486
38925
2205
528843
4352
4037
5498
3259
171774
228707
6161
58102
3366
5390
2393
2714
316917
2228
2480
2489
2368
245598
18639
4357
26800
3081
2330
7554
2128
2613
2147
2412
86596
2742
2175
357024
54602
2985
63214
2254
2137
2120
2203
2699
2136
2200
2066
2097
2709
3395
3869
2190
10308
220996
4122
2120
9546
2211
2134
2294
2820
150005
3521
4569
2324
38599
185395
136397
2611
2313
1930
2237
5465
6321
1841
1855
29385
2711
2241
1813
