48688
11219
13484
11135
26303
11225
10826
11402
11591
11572
16113
10940
12697
487295
16133
31639
2342493
19244
509682
13555
11601
42493
11278
364817
15206
12602
12122
12517
11780
12941
88737
12844
14647
562080
15813
41501
12344
56118
12571
81246
11454
13134
12980
25161
18702
11642
11584
11498
11633
13798
13399
13651
411770
299658
16617
1043393
579024
694995
21171
14969
1246693
25738
180240
44812
13269
11324
17732
1003640
20447
18250
10871
14047
11559
18608
691416
17668
684619
32536
18346
13250
13585
12815
12597
12878
15001
940621
20555
12732
12337
13058
12362
16039
512891
18048
14573
14687
20292
14992
262809
580126
19308
31061
12392
12098
18839
12751
15541
92735
12595
23560
13435
13381
11957
12570
11229
11525
11774
16379
1211454
22926
1553290
40211
17466
1601801
21798
91905
13998
439119
28941
32232
12195
12050
19816
1284394
20759
19705
410195
194325
1059213
19975
10762
11830
10991
10466
12606
155483
496654
1015809
19830
107040
10497
11684
42218
12880
10539
11301
11187
12596
76665
13420
271784
20785
1262916
54437
91438
12648
84651
14614
10933
11399
11327
10851
10797
81926
11407
11806
270536
195825
11703
2800847
21802
21226
28252
17935
885052
1214170
32413
308525
17503
27413
12101
15505
1654747
12109
12806
13393
13041
1318171
95867
24151
144109
15642
12336
42203
11118
12927
11885
13251
456413
15421
12478
1887644
292309
16966
334216
12024
11416
11732
11768
13733
11711
11317
11739
12153
15310
18399
22355
11724
55357
1161530
21730
11593
50137
10916
11610
12733
14509
791415
18715
25358
13134
205042
996120
715211
13686
12144
10828
12163
28902
33612
10563
9465
156723
14369
12214
9636
8889
2108
2560
2041
4788
2078
2026
2122
2177
2156
3090
2077
2394
90022
3028
5920
434033
3525
95134
2527
2212
7942
2124
66410
2796
2303
2220
2224
2165
2297
16666
2368
2620
105929
2973
7639
2314
10200
2359
15316
2144
2343
2338
4805
3479
2154
2191
2093
2205
2573
2451
2547
77413
54308
3046
194364
104319
130625
3965
2854
231359
4751
33716
8532
2472
2142
3447
187588
3846
3400
2002
2608
2158
3517
127804
3332
125052
6160
3435
2432
2507
2337
2356
2426
2856
178073
3772
2281
2265
2443
2284
2829
94542
3255
2666
2691
3678
2663
47218
110285
3599
5736
2310
2221
3458
2366
2889
17152
2397
4343
2514
2493
2204
2411
2143
2071
2165
3123
225423
4276
288833
7377
3346
296197
3935
17209
2597
82922
5221
6204
2266
2295
3623
245467
3980
3697
83028
37120
192725
3907
2114
2232
2068
1976
2453
30439
96410
188171
3792
20110
2062
2203
8079
2410
2018
2181
2141
2319
14743
2481
51129
3866
240116
10367
17579
2348
16288
2732
2135
2178
2159
2142
2133
15570
2237
2285
50825
38248
2255
528267
4262
4100
5299
3329
171814
229240
6021
57591
3380
5295
2276
2865
314763
2298
2408
2443
2413
245836
18844
4424
27240
3013
2352
7927
2064
2436
2211
2392
86288
2875
2340
356528
54616
3189
63693
2197
2226
2194
2207
2481
2155
2067
2142
2227
2770
3429
4101
2149
10335
221463
4078
2124
9419
1931
2141
2359
2640
149195
3446
4644
2449
38842
186628
136079
2643
2287
1991
2305
5455
6265
1960
1774
29589
2678
2322
1803
