48144
11258
13242
11492
25656
11475
10162
11042
11042
11773
15021
11456
12135
484085
15913
32399
2335510
18327
508009
13491
11959
43257
10868
364990
14996
12637
11921
12200
11600
12994
88286
12514
14434
564384
15537
41243
12606
55076
12357
82291
11493
13595
13366
25812
18879
11923
11747
11516
10877
14100
12538
13972
410940
297871
17295
1039097
573355
695437
21275
14343
1239365
25158
182583
44398
12895
11766
17618
996698
20471
17524
10827
13942
11108
18910
691741
17015
683230
35404
18370
12872
13564
12945
12659
12510
15581
935204
20798
12120
12172
12833
12919
16164
504391
17790
14784
15500
20749
15298
262764
583328
20668
30604
12678
12642
19425
12585
15763
91642
11787
23229
13609
13096
12062
13000
10938
11003
12287
17016
1213955
22066
1547062
40521
16713
1602786
21534
90398
13011
438101
29203
31317
11803
11517
18719
1276603
21064
19940
410541
192025
1069108
18967
11701
11997
10900
9956
13377
157209
497645
1015260
18616
108793
11192
11432
41395
12735
10413
11398
11201
12924
80468
13069
270244
21150
1258808
55406
89948
12082
84212
14430
10848
10827
10408
10764
10551
80473
11467
11662
269735
197382
11713
2785635
21154
20744
28489
16718
866517
1196574
32319
312478
17839
27986
12902
15009
1655618
12263
13097
12317
12097
1307221
95374
24465
142152
16202
11798
41451
11360
14062
12135
13353
450502
14903
11701
1877268
293865
15964
335899
12552
11180
11578
12096
15307
11182
10667
12311
11338
14499
17542
20928
12545
56185
1162047
22383
11879
51192
12137
11939
12471
14568
791354
18093
26504
12605
203635
994617
711255
13501
11810
10728
12077
28621
33607
10801
9831
154102
14661
12023
9622
8767
2055
2495
2106
4685
2082
1951
2068
2082
2159
2896
2140
2246
88719
2997
5945
431511
3450
94467
2479
2222
8027
2051
66029
2745
2283
2195
2194
2125
2314
16585
2302
2607
105469
2908
7610
2349
10048
2269
15487
2186
2397
2406
4816
3465
2194
2211
2115
2079
2587
2294
2555
76880
53682
3162
192742
102902
130369
4008
2711
229492
4588
33928
8401
2387
2215
3351
185410
3841
3295
2027
2637
2062
3523
127162
3136
124434
6648
3485
2346
2478
2365
2377
2345
2964
176351
3760
2201
2250
2381
2345
2850
92809
3229
2693
2781
3773
2693
47038
110438
3800
5632
2324
2279
3564
2368
2907
16860
2262
4289
2536
2470
2186
2477
2053
2044
2207
3222
224934
4082
286627
7400
3219
294900
3926
17050
2459
82401
5186
5968
2196
2185
3413
243308
4038
3694
82973
36644
193825
3697
2246
2237
2005
1923
2564
30772
95759
187042
3597
20100
2179
2120
7864
2402
2027
2190
2106
2359
15184
2382
50700
3924
237756
10474
17107
2268
16173
2685
2116
2053
1993
2110
2070
15162
2231
2209
50590
38421
2251
522967
4118
3992
5341
3085
167986
225226
6007
57871
3401
5427
2404
2793
313595
2318
2447
2273
2283
243334
18669
4449
26764
3078
2184
7740
2086
2661
2234
2399
85022
2781
2170
352673
54533
3061
63663
2326
2169
2171
2245
2759
2077
1946
2236
2057
2605
3254
3829
2273
10419
220807
4184
2181
9519
2128
2241
2318
2643
148441
3384
4828
2313
38465
185618
134670
2576
2217
1970
2276
5430
6296
1998
1838
29046
2751
2302
1829
