47658
11350
13879
11851
25554
10970
10406
11270
11493
11640
15912
11181
12148
480211
16516
32410
2330399
18842
508353
13731
11767
43743
11265
363545
14917
12615
12150
11737
10963
12687
88679
12530
14823
565816
15743
40483
12789
54945
12749
81117
11759
12340
12626
24228
19449
11286
11466
11669
11198
13515
12977
14066
410163
297335
16182
1042526
578106
685519
21140
14542
1242176
25076
179391
43474
12681
11461
18645
996763
20915
18064
11002
14159
11217
18947
687228
17335
688318
33648
18376
12518
13245
11808
12788
13227
14679
931904
19779
13096
12219
13001
12581
15994
503397
17289
14354
14939
20900
14913
262254
585077
19949
29903
12769
12490
18960
12411
15252
91710
12344
22579
12499
12946
11937
12654
11617
11661
12773
16517
1210874
23280
1549530
40867
18482
1606139
21001
90398
12939
434981
28529
32223
12491
11779
19070
1273137
20104
19963
413830
193465
1064536
19570
11462
11988
10637
10275
13048
157780
496207
1010271
19659
108598
10759
11756
42448
12592
10382
11354
11249
12887
80098
12943
270290
20548
1259289
53078
91625
12154
83727
14235
10935
10835
10710
10397
10715
81488
11990
12068
269534
197069
12303
2790001
21484
20901
28870
17160
873563
1206054
32713
311133
17354
28749
12076
15035
1652922
11366
13177
12856
12696
1299809
94706
24961
142974
15316
12867
41272
11817
13375
11955
13006
449324
14800
11580
1879774
296494
16345
334810
12637
11888
11427
11886
14498
11214
12017
12232
12376
15032
17303
21106
11969
54579
1156032
22149
11024
49300
11262
11235
12318
15247
789415
18198
25528
12543
202990
994740
714296
13218
11693
10270
11292
27863
33892
10152
10228
157201
14767
12099
9106
8660
2102
2647
2169
4585
1998
1960
2104
2155
2156
3049
2080
2239
88289
3077
5970
430715
3465
94296
2531
2224
8064
2145
65809
2693
2302
2210
2118
2045
2250
16588
2281
2674
105982
2961
7414
2357
9986
2347
15336
2218
2223
2262
4631
3594
2123
2150
2100
2107
2491
2382
2568
76654
53745
2997
193453
103767
128797
3890
2759
229986
4583
33489
8172
2372
2151
3560
185411
3926
3392
2030
2629
2101
3496
126568
3230
125063
6316
3444
2323
2418
2169
2387
2510
2823
175522
3610
2371
2239
2387
2343
2792
92507
3160
2640
2661
3770
2675
47040
110346
3672
5491
2325
2296
3478
2334
2812
16903
2353
4141
2348
2437
2195
2418
2161
2131
2307
3125
224113
4280
287144
7476
3544
295442
3838
16931
2423
81684
5078
6163
2318
2244
3463
242333
3866
3750
83592
36742
192821
3782
2187
2243
1989
1929
2552
30753
95439
186414
3755
20226
2064
2186
8093
2359
2016
2186
2144
2375
15195
2401
50716
3800
237952
10086
17422
2265
16017
2645
2101
2058
2078
1994
2065
15513
2310
2301
50437
38399
2383
523639
4167
3973
5404
3212
169495
226822
5999
57614
3339
5527
2260
2781
313547
2144
2466
2346
2396
242265
18594
4533
26813
2960
2403
7677
2165
2499
2187
2358
85030
2780
2160
353688
55025
3075
63546
2314
2313
2150
2180
2618
2066
2165
2232
2230
2683
3254
3906
2187
10140
219771
4046
2034
9209
2015
2111
2287
2751
147814
3359
4649
2325
38266
185381
135280
2550
2168
1881
2176
5315
6320
1867
1911
29435
2767
2288
1736
