47627
11355
12480
12248
25498
11653
11257
11026
11596
12348
14997
11467
11722
482934
16156
31115
2324186
19077
510284
13293
11825
43202
11941
363232
15541
12355
12342
11963
10955
12963
88765
12794
15048
558023
14918
40926
12035
56020
12560
82711
11952
13146
12611
25396
19321
11352
11925
11396
10710
14213
13271
13763
407901
297657
16400
1035585
576417
691982
20574
14278
1242691
24997
179396
43374
12907
11437
17621
1003527
20060
17869
11311
13408
10881
17461
685259
16819
686070
32317
18379
13161
12915
12573
12365
12289
15714
934071
20254
13075
12722
13272
12838
16141
506765
17337
15229
14293
20628
13921
260767
585007
20518
30062
12929
13054
19333
12999
15487
90678
11515
23593
13111
12924
12059
12937
11506
11235
12231
16506
1209796
23656
1544709
39311
17186
1583800
21429
88467
13348
436566
29161
32036
12138
11546
20091
1271606
20855
20144
407917
192041
1062409
19826
11323
12336
10685
10811
13060
157076
492117
1006846
18844
109015
11307
12603
42016
12284
10256
11510
11159
13426
78378
12408
267733
20565
1259355
53744
90558
12782
84286
14462
10464
10912
10768
10345
10732
81906
11107
11973
272980
198329
12218
2800988
21834
21386
28688
17631
876930
1204773
31142
310953
17524
28821
11888
15732
1651045
11985
12691
13128
12602
1303485
95000
23746
144459
15143
12667
41309
11305
14021
11919
14381
454013
14494
11762
1879905
291917
16668
332106
12589
11240
11454
11727
14573
11082
11385
12050
11575
14767
18217
21056
11168
55948
1162237
22379
11890
51541
11124
10810
12474
15022
785309
18788
25335
13174
202882
994368
711866
12984
12335
10684
12089
28765
32864
10476
10516
156158
14515
11894
10005
8718
2115
2386
2214
4621
2136
2094
2052
2177
2269
2873
2138
2189
88942
2996
5724
429139
3519
94889
2452
2254
8006
2245
65908
2822
2256
2247
2149
2016
2280
16650
2337
2703
104693
2821
7485
2254
10200
2311
15617
2233
2352
2304
4800
3528
2122
2219
2049
2016
2628
2418
2541
76295
53840
3008
192643
103458
129898
3816
2693
230246
4520
33492
8189
2369
2151
3358
186618
3736
3362
2101
2523
2055
3262
126136
3169
125034
6083
3480
2398
2386
2284
2305
2314
2952
176345
3713
2340
2332
2447
2368
2860
92972
3143
2810
2604
3674
2530
46685
110521
3769
5550
2421
2369
3487
2402
2900
16745
2249
4347
2438
2386
2212
2438
2187
2071
2216
3109
223599
4404
286294
7212
3289
291910
3891
16631
2515
82000
5197
6186
2273
2202
3647
241939
3991
3754
82473
36482
192495
3840
2175
2330
1984
2051
2543
30599
94864
185347
3628
20237
2175
2329
7976
2346
1992
2149
2147
2478
14906
2299
50342
3820
238077
10164
17245
2390
16209
2681
2051
2062
2050
2009
2088
15508
2163
2331
51005
38567
2350
525712
4230
4091
5355
3263
170004
226508
5752
57564
3343
5547
2225
2855
312860
2247
2364
2389
2379
242564
18530
4316
27132
2858
2362
7736
2078
2644
2228
2570
85963
2723
2195
353893
54390
3154
63161
2312
2204
2131
2165
2613
2031
2050
2204
2085
2642
3392
3887
2052
10393
221094
4164
2196
9565
1987
2036
2288
2689
147692
3499
4669
2409
38248
185516
134833
2460
2327
1949
2321
5448
6140
1922
1939
29353
2744
2284
1892
