3000220
10104782
17860449
1655958
19667868
15803289
40376633
9719174
863933
2176462
4022547
9663602
14384050
23636457
12097735
14333761
24092296
4742256
3150408
1345175
6508953
9036708
897038
3396532
69207918
6150285
3052971
13038064
35964001
2256400
1859423
3742274
0
0
0
0
0
0
0
0
0
0
0
0
0
0
0
0
0
0
0
0
0
0
0
0
0
0
0
0
0
0
0
0
4290065
2815821
6506023
2320229
32932846
2063517
7715161
10903172
5960152
17558350
14147571
9307382
17463909
3319248
822301
24115695
14804477
14369362
5050088
32647489
1210344
2055279
15156410
16188194
8064139
14550066
2649336
21551805
12191651
30616231
3746555
28697391
0
0
0
0
0
0
0
0
0
0
0
0
0
0
0
0
0
0
0
0
0
0
0
0
0
0
0
0
0
0
0
0
7419288
2186468
5176996
45272146
7853840
3863774
7813051
16237895
8615642
12875370
8186023
58069788
11032654
2256251
4100355
3007126
15879516
3952711
12230945
37520119
15211365
1131510
16327051
2468587
7713889
24224458
13978780
19823752
10406911
5973297
11154166
15204762
0
0
0
0
0
0
0
0
0
0
0
0
0
0
0
0
0
0
0
0
0
0
0
0
0
0
0
0
0
0
0
0
19855466
2517021
9863225
33709033
9506203
1620165
48000629
4618318
6605954
23070172
16717966
35274352
13567695
3201673
3743968
2197825
1984640
2357360
48930532
1048269
4334207
5983074
6178070
2968679
60301943
4524444
4529175
2049397
18439081
6267693
5206328
9578404
0
0
0
0
0
0
0
0
0
0
0
0
0
0
0
0
0
0
0
0
0
0
0
0
0
0
0
0
0
0
0
0
656860
2165093
3800367
360283
3959581
3188646
7068734
2077853
183520
476826
854547
2006632
3030322
4757160
2455170
2998567
4720174
1023772
678042
295071
1463714
2140440
193248
978601
8917865
1265862
646881
2584771
6552144
465395
401954
798594
670096
4920764
2071276
1775021
712796
579210
1095626
1234149
3436465
1924376
1260160
772163
2356650
5331911
7933860
1990080
1593688
1696473
575012
812661
3983653
323072
5266358
851742
5508737
2280102
3560223
2515969
583710
5724666
275005
381580
936239
619598
1465820
515818
6237693
452006
1650378
2390945
1293624
3641033
2949171
2062307
3590990
747472
183329
5036558
3101449
2989590
1088664
6486640
269829
449929
3263589
3369197
1708979
3129081
572267
4279946
2496813
5946970
827701
5471277
1534385
942006
2380520
1612771
362146
3384080
2428403
5343308
3661421
764058
359498
4754905
1662097
859445
4425683
1991903
1585749
3223869
1192010
616277
5637956
920923
1824704
1137354
2672175
6020791
455872
539483
4141221
2846765
468529
3166013
1550009
489007
1132956
8140708
1698718
847949
1709746
3438490
1934737
3875775
1780638
9950384
2459360
506356
901003
648042
3412213
897942
2598302
6913679
3206971
250694
3571486
538594
1714758
4870766
3003862
4199742
2293153
1304062
2444836
3179812
893158
4430542
715506
3937150
3483857
1180286
2360584
8625586
7321014
4088556
2488723
2375719
5361352
3212272
9263588
407691
804957
1883275
523059
989747
2393920
2949115
624048
2331594
1485833
313770
856218
1039229
1247772
3126350
1419357
3951936
4217671
558596
2079937
6296210
2113188
362037
8507552
1018612
1476831
4793622
3545674
6581282
2912716
717002
822731
484316
457775
519856
8232342
235883
940128
1287949
1391693
644793
9878899
987657
995535
443180
3819425
1351865
1112963
2004814
3185079
1305013
1982111
760898
4243335
6812314
1771059
3928126
252004
137450
355044
1178765
2390306
1648716
1551238
917931
2783198
3073574
2674903
609589
1228631
1084155
629787
5772777
2373072
4922543
1892121
5439643
1633283
2279356
6109073
2279459
