2997796
10144656
17927988
1680172
16607972
15574255
41019700
8278156
863219
2115842
3981868
8521486
14157740
24374705
12632872
13526080
24259672
4227274
3172224
1640169
6520589
8366657
901541
3428046
69529449
6342694
2412126
13038557
34534544
2168266
1844493
3725029
2
0
0
0
0
0
0
0
0
0
0
0
0
0
0
0
0
0
0
0
0
0
0
0
0
0
0
0
0
0
0
0
4324608
2880241
6468598
2310672
32846940
2065532
7701176
11009030
8440169
18094739
14219950
9522955
19701926
3315605
865201
24079900
13579099
14106453
5213422
32452901
1204311
1962342
16478317
15844766
7531069
14552576
1943775
20736108
13740515
30369607
3850243
29713567
0
0
0
0
0
0
0
0
0
0
0
0
0
0
0
0
0
0
0
0
0
0
0
0
0
0
0
0
0
0
0
0
7671902
2109186
5130365
35102488
8024968
3680486
7916578
17765952
8511182
12824086
7875365
57473289
10762353
2219666
4333801
2852491
15802165
3968666
12239578
37692352
15220867
1097018
14432235
2475192
7354064
25038712
14415709
19806818
9957547
5719590
11581351
14889339
0
0
0
0
0
0
0
0
0
0
0
0
0
0
0
0
0
0
0
0
0
0
0
0
0
0
0
0
0
0
0
0
20314238
2459820
9973360
34360782
10443045
1702889
54308962
4603969
7616422
24226923
15794635
33710305
13533752
2363015
3682953
2424667
1967439
2153409
50561415
1056541
4412112
5913733
5742240
2679585
59736970
4417970
4311056
2042791
17183337
7492028
4171484
6799999
0
0
0
0
0
0
0
0
0
0
0
0
0
0
0
0
0
0
0
0
0
0
0
0
0
0
0
0
0
0
0
0
653754
2165183
3798449
363932
3369075
3130743
7125388
1773456
182862
460909
842491
1768277
2973870
4871759
2551475
2829945
4731942
910679
680412
359585
1461627
2010450
193531
1037837
8883253
1299996
510692
2573069
6319374
445641
397465
791719
674233
4879983
2338324
1589798
693201
585142
1097288
1227508
3438998
1752577
1003028
738997
2359969
5684395
7686473
1976193
1495443
1696672
576660
776081
3468186
313409
5295436
871890
5325847
2559456
3526966
2502763
606491
5669573
258872
373197
940798
630309
1451135
511983
6198827
450889
1640323
2407765
1809127
3727911
2955784
2098370
3991911
743301
192145
5018320
2843612
2928898
1116549
6434103
267571
427430
3517729
3285702
25955994
3118030
420066
4107069
2786714
5877788
846433
5615515
1516997
1054761
2301264
1559868
463591
3449190
2468658
5501860
2933655
760535
353895
4732629
1579610
839151
4221493
1853549
1546933
3215736
867779
671911
2950619
873589
1776398
1101235
2680952
5981110
460442
531179
4118208
2922817
492683
3399779
1594167
470107
1118425
6729448
1725053
805462
1721911
3726818
1904800
3761143
1708502
9879960
2391396
495684
947872
612502
3386416
897928
2587775
6920233
3194309
241914
3162279
538065
1630621
5002244
3077368
4180985
2187174
1244932
2515650
3104331
853156
4616826
747926
3697270
3237352
1151202
1719387
8647478
7182444
4091114
2466207
2363564
4981723
3379801
9323934
414920
831275
1820566
513497
778245
2252151
2808533
623353
2237265
1589317
328543
816715
983988
2729800
3149356
1235077
4253428
4293988
544501
2095169
6374412
2305176
379332
9035791
1011112
1692414
4986822
3348905
6310452
2896088
529562
806866
531744
452813
474718
8370791
237095
953346
1267353
1289308
580337
9831781
961110
943662
440428
3551294
1602667
899475
1432586
3180262
1416289
1980528
769118
4164828
6887834
1397557
3998203
277785
135900
336695
1182014
2318643
1572121
1566215
916042
2708047
3043792
1724421
614623
1264503
1084546
620244
5585301
2317460
5023051
1893109
5359330
1666520
2266613
6162532
2138812
