3025493
9883687
17611191
1535290
19598758
15607019
36202853
8527423
840782
2178248
3991524
8177958
14207945
24115069
12417983
13519698
23409689
4624656
3205263
1372676
5933262
8597129
894311
3425690
63224722
6102520
2424634
14130382
35633919
2128082
1840167
3738653
0
0
0
0
0
0
0
0
0
0
0
0
0
0
0
0
0
0
0
0
0
0
0
0
0
0
0
0
0
0
0
0
4251576
2672372
6603436
2257159
29960969
2057201
7674658
11212123
7622504
17802124
16457452
9511100
18244039
3283644
722602
24029681
15037399
14280533
5207736
33135671
1195161
2052807
16604836
13986412
8270173
14174559
2000607
27756140
12790284
28727716
3744035
27291715
0
0
0
0
0
0
0
0
0
0
0
0
0
0
0
0
0
0
0
0
0
0
0
0
0
0
0
0
0
0
0
0
7447118
2127253
5125946
34643000
8155705
3733215
7657205
16188085
7755538
12995274
8015668
56736127
10916216
2217736
4052673
2994733
21617882
4042921
12228813
37442596
15257482
1113234
16334248
2424887
7762597
23435836
13829826
19703195
9829946
5875414
11738792
15647502
0
0
0
0
0
0
0
0
0
0
0
0
0
0
0
0
0
0
0
0
0
0
0
0
0
0
0
0
0
0
0
0
18489584
2475826
9417982
0
10015645
1715712
52245266
4670194
7743794
23212863
16377245
35176719
14068981
6729018
3728688
2790429
1800658
2372206
50812249
1057430
4630087
5899428
6325978
2804825
60761764
4468859
4185275
2010909
16996032
7646071
5132847
11501954
0
0
0
0
0
0
0
0
0
0
0
0
0
0
0
0
0
0
0
0
0
0
0
0
0
0
0
0
0
0
0
0
658920
2107297
3733308
332757
3920520
3136009
6494790
1822946
177568
474701
842814
1696369
2982714
4824710
2505896
2827093
4578826
992662
685590
299944
1329055
2059947
191717
1037855
8922073
1251325
512494
2775839
6471242
437292
395676
794058
672456
4847719
2062713
1580237
683124
576453
1090349
1119591
3432841
1754682
1259171
756889
2347331
5411836
7725685
1519374
1599399
1708608
742429
798297
3417306
316565
5184422
872625
5558003
2264184
3550426
2770115
578680
5664994
256782
372701
923613
584882
1480224
500034
5728641
448953
1634416
2448389
1637228
3668625
3389789
2093668
3713438
736385
160013
5003947
3130899
2960509
1114856
6539821
265361
446625
3535233
2909028
26293938
3036709
431931
5351643
2599339
5607406
822396
5219748
1503788
922036
2300296
1547500
462403
3503680
2362812
5446738
3239226
768083
354112
4772935
1578183
837937
4469025
1930174
1564922
3171721
853268
614804
2736171
878303
1811768
1098063
2712182
5904498
463466
533633
3570722
2737148
480311
3437212
1545516
474610
1116355
6658704
1750461
815473
1666117
3413714
1740309
3958333
1736502
9826238
2420132
494765
886743
642356
4513566
914285
2584028
6866126
3199440
245365
3552275
526299
1717169
4707636
2956879
4158304
2157267
1276612
2560379
3248514
851854
3234967
736694
3717828
3638140
1019436
2173528
8777493
7231532
4019421
2453402
2053584
5063173
3221720
9251853
367010
845003
1870810
523145
875132
2408796
3123936
614213
2206713
1597296
278716
996626
955981
2733196
3205264
1270431
4311525
3930701
547028
1981720
0
2212464
380864
8873327
1024698
1720306
4802075
3466261
6548951
3004034
1487863
815969
610360
413779
521832
8386120
237458
998995
1262749
1418897
607410
9867157
971168
917671
433623
3518864
1634061
1094632
2379632
3339160
1349386
1983399
756479
4075663
6825226
1330937
3972652
292128
139759
301921
1191588
2267115
1573162
1477736
918686
2683337
2976560
2007277
633583
1266463
1084467
615858
5598832
2366927
4879426
1927594
5345187
1681169
2287888
6120359
2292366
