3017565
10127553
17446999
1574362
17603049
16566104
37965755
8820647
845715
2116192
3968003
8537361
13829713
24462443
13476556
13682665
23495502
4563657
3181623
1602657
6171999
9031909
897147
3533378
64838946
6263105
2427586
13304287
35837509
2121111
1864119
3773618
0
0
0
0
0
0
0
0
0
0
0
0
0
0
0
0
0
0
0
0
0
0
0
0
0
0
0
0
0
0
0
0
4183719
2739782
6636446
2329417
34045840
2045542
7712121
11815002
6997822
17770557
14111796
9299335
17533384
3301314
773773
24160679
13284119
13538216
4047760
32743317
1201709
2069949
15194066
15375971
7753579
14389648
2080466
24720793
12526931
27795488
3828664
29663899
0
0
0
0
0
0
0
0
0
0
0
0
0
0
0
0
0
0
0
0
0
0
0
0
0
0
0
0
0
0
0
0
7666721
2196633
5419120
35305040
8185516
3793327
7819616
17067460
8081406
12752562
6800832
56836794
10984397
2247591
4344567
2949529
15839899
3943136
13217809
37652722
15793106
1050213
14793199
2463052
7169798
23115255
13907411
20356401
9940247
5629158
11289439
14917694
0
0
0
0
0
0
0
0
0
0
0
0
0
0
0
0
0
0
0
0
0
0
0
0
0
0
0
0
0
0
0
0
19214731
2433447
9197370
0
9688122
1625889
46142253
4615378
7587841
23064888
15676463
35781701
13591595
3189745
3738044
2666520
1993043
2358134
47133593
1045187
4283506
5863919
6017455
2662428
60241752
4176800
4998928
2043899
16368716
7581736
5258547
10438639
0
0
0
0
0
0
0
0
0
0
0
0
0
0
0
0
0
0
0
0
0
0
0
0
0
0
0
0
0
0
0
0
656910
2158158
3702011
341180
3553920
3313949
6724081
1884604
178633
460470
838770
1768966
2906368
4884608
2706006
2859864
4595860
981020
680975
351019
1384324
2158971
192565
1074495
8943756
1283518
513283
2620849
6504103
435943
400910
800193
684969
4856862
2087411
1597379
701498
584585
1093244
1077224
3435432
1767303
956308
753415
2374356
5521617
7884243
1960427
1688507
1794190
738432
801983
3355677
313819
5246856
855076
5404576
2532274
3519151
2522378
579144
5702650
258651
320062
909663
599371
1486601
515115
6367410
445885
1641152
2573751
1507557
3661954
2929608
2048064
3582791
739764
171184
5019354
2778519
2810672
875082
6472618
266939
450769
3253456
3182424
26034568
3079436
448208
4814469
2548441
5450552
840483
5595527
1512332
1031937
2296496
1557100
405989
3543028
2533261
5440187
3815272
761167
353552
4913579
1613273
820456
4324793
1918062
1572319
3228156
857443
605551
2736066
852963
1704589
1114995
2685605
5897529
447875
521343
3610638
2899664
480105
3267359
1590267
488444
1178184
6753381
1755905
827173
1699450
3585221
1807783
3759328
1478263
9829144
2436154
500113
948107
632281
3384460
890472
2776043
6899894
3300486
231321
3228132
534616
1590221
4655399
2972145
4279781
2180715
1223770
2462646
3101825
843055
3559636
663912
3660027
3608994
1059811
1758705
8751843
7243391
3975804
2433637
2100269
4604474
3431011
9227621
333644
867324
1844987
524326
793630
2359911
2949934
629599
2203238
1598103
270127
1063987
982933
2727870
3107315
1264075
3384567
4068955
537521
1935008
0
2139482
360743
8274524
1011841
1683426
4769713
3318965
6622252
2903573
709971
817997
583846
458133
517991
8022975
233922
924107
1254199
1348524
576232
9837821
905758
1090697
440193
3394648
1618200
1121210
2167252
3317667
1411156
1922646
763348
4160948
6566630
1480055
4127715
274164
138434
316202
1176623
2224824
1575120
1580179
911233
2608589
2967495
2009903
600498
1272948
1081921
634468
5701536
2361428
4956612
1890114
5453306
1678102
2246619
6106607
2119944
