2979715
9953612
17665769
1583898
17462868
16797741
37752726
8836905
829011
2190555
3935050
10494853
14064404
24610372
12572995
13508321
23195164
4694680
3183056
1282393
5700523
8336084
840185
3609644
66094674
6328251
2384027
14034014
35687993
2218657
1818250
3746546
0
0
0
0
0
0
0
0
0
0
0
0
0
0
0
0
0
0
0
0
0
0
0
0
0
0
0
0
0
0
0
0
4205619
2776348
6665351
2296997
31741762
2004375
7690531
10734555
8003543
17117314
14262167
9018895
18180947
3266438
767965
24227015
14964933
14498321
4068890
33049669
1212341
2120474
16235807
15893098
7558044
14111375
1966210
18704598
14070936
28078072
3806912
29644995
0
0
0
0
0
0
0
0
0
0
0
0
0
0
0
0
0
0
0
0
0
0
0
0
0
0
0
0
0
0
0
0
7778145
2110499
4826527
34421193
8534970
3786135
7679087
17112635
8619259
12726793
6612355
56366554
10931073
2216272
4301654
3107258
15973274
3891246
12132426
37185527
13395843
1132670
17575934
2559214
7630985
24718546
21236988
19700775
9777221
5910146
11155824
16121865
0
0
0
0
0
0
0
0
0
0
0
0
0
0
0
0
0
0
0
0
0
0
0
0
0
0
0
0
0
0
0
0
19604647
2537508
9184967
0
9239790
1629955
54072556
4621831
7419263
31211611
16217490
35278629
13473536
3127344
3690306
2533380
1881466
2335728
48889584
1034101
4176281
5865788
919493
2773344
60374993
4331619
4972607
2051021
15097497
7859669
5239688
6968469
0
0
0
0
0
0
0
0
0
0
0
0
0
0
0
0
0
0
0
0
0
0
0
0
0
0
0
0
0
0
0
0
647601
2120071
3739543
342228
3518331
3356269
6697601
1886238
174883
476093
830986
2154893
2948375
4904860
2534253
2820021
4542206
1007232
680130
280126
1278328
2004607
180193
1072637
8962388
1294247
504116
2753672
6471680
455773
390427
793682
686959
4731291
2372622
1610996
716793
569742
1083442
1074227
3423724
1743047
1255792
744326
2348565
5029370
7757448
1960140
1643215
1803568
734306
794951
3368036
318840
4919194
859029
5140653
2209783
3522095
2509171
559347
5665736
255967
358061
912587
606788
1490078
507791
6014208
436290
1635962
2343654
1714771
3529218
2955466
1984953
3696452
731605
170011
5026475
3110686
2994858
878403
6515249
268661
461186
3459089
3280952
25903366
3020831
423915
3736760
2840705
5486161
834130
5594287
1519465
914123
2660414
1599782
400853
3498868
2636029
5497830
3167075
769053
356389
4724471
1617501
636153
4384278
1945825
1524450
3159385
905520
640242
2811800
857753
1757906
1111068
2678095
6114755
461137
530459
4136964
2499333
482141
3457033
1610508
469580
1050953
6616400
1829692
825808
1667180
3590886
1922851
3758794
1436841
9808264
2420291
493747
938378
665632
3405800
877919
2560240
6829379
2820608
249202
3801078
554511
1687168
4934053
4422374
4151437
2143974
1283079
2432365
3334304
823156
3198565
674674
3660438
3584253
1010614
1732285
8747293
7135306
4050432
2449696
2297423
5134115
3425481
9308529
404602
830389
1765601
509959
926404
2394310
3016483
634341
2208267
1599455
266248
991251
963159
1207244
3238972
1256870
3140501
4143149
560437
1929937
0
2042628
361885
9006761
1012232
1645476
6207814
3432458
6559254
2878678
696743
806592
553126
431985
513348
8201209
231547
900757
1254884
207551
598668
9839217
939935
1084991
441351
3151843
1675170
1116979
1462816
3382895
1339430
1978735
749071
4142842
6695370
1475475
4204259
282794
80167
341408
1199879
2250220
1565804
1539614
919149
2634463
2903012
1996568
612464
1283021
1078261
593552
5577893
2277952
4896807
1854866
5335346
1640973
2172162
6152850
2125876
