2961062
11208612
18289615
1567676
14249480
15606979
35872751
8789823
831731
2139519
3923941
8744024
15779029
23669887
12534416
13464633
23240339
4665305
3174283
1224588
5111073
8540751
875451
3545023
65839430
5992455
2395091
13456156
35226200
2076240
1826455
3768404
0
0
0
0
0
0
0
0
0
0
0
0
0
0
0
0
0
0
0
0
0
0
0
0
0
0
0
0
0
0
0
0
4308671
2664569
6658224
2278923
34136830
2040813
7749039
11295085
7583629
18059902
13948555
9016352
18723059
3318956
781351
24087582
14984944
13409830
3995445
32112202
1198172
2113220
15127699
14369939
8468676
14219697
1952650
21895583
12415435
26516365
3764796
26373277
0
0
0
0
0
0
0
0
0
0
0
0
0
0
0
0
0
0
0
0
0
0
0
0
0
0
0
0
0
0
0
0
7631310
2107142
4827827
35198555
8594634
3727901
7931797
15625393
7521647
12667018
6205356
56212762
10934986
2159380
4269371
3048617
15953908
3968652
13245532
37694486
13564786
1077174
16454735
2624478
7453030
24421719
13927470
19909826
9966111
5669551
11868022
14885703
0
0
0
0
0
0
0
0
0
0
0
0
0
0
0
0
0
0
0
0
0
0
0
0
0
0
0
0
0
0
0
0
19979240
2477173
9138890
0
9519225
1662881
52464318
4634893
7808094
24739738
16319993
36165405
13824260
3053773
3796552
2728773
1734370
2332888
47046404
1026504
3984584
5762662
908462
2783398
60902007
4361067
4888597
2070550
14668367
8137052
5481134
10404321
0
0
0
0
0
0
0
0
0
0
0
0
0
0
0
0
0
0
0
0
0
0
0
0
0
0
0
0
0
0
0
0
643096
2370513
3859650
338517
2909027
3128737
6431219
1872344
175421
464394
828065
1804567
3286915
4731179
2521914
2803852
4542368
998625
677587
266434
1142210
2042954
187402
1061783
8927998
1225525
504693
2642062
6400052
426011
392083
798012
672141
4744446
2011765
1769794
686414
572143
1088300
1076502
3435928
1749059
935002
744712
2355588
5764974
7796222
1953358
1624837
1801600
732349
803816
3305865
319455
5453533
840867
4971494
2541198
2368634
2675576
576915
5642002
256444
387290
933271
582018
1487706
502276
6377441
443428
1643745
2464985
1623854
3707075
2889867
1981330
3788428
742575
172595
5000126
3110908
2778121
861489
6349994
265437
458443
3231854
2979499
26366559
3037011
420205
4302172
2521087
5217043
823882
5053938
1495466
944162
2673247
1624028
410484
3509790
2492341
3120655
3555882
753431
355365
4752894
1585342
634019
4254809
1871721
1564441
3184489
872671
606293
2766209
838423
1765980
1086106
2669477
5971944
459671
530618
3591043
2684195
492733
3276343
1577773
468091
1048608
6724054
1837526
811567
1717125
3290174
1682830
3734251
1347934
9783540
2418504
480735
931362
650701
3396736
893725
2774812
6881956
2850137
236904
3561087
568687
1646346
4865903
2971479
4185629
2181396
1229789
2581734
3088768
848157
3447629
677290
3673559
3728324
1124832
2221873
8542983
7153990
4067816
2432500
1900185
4890197
3413041
9281373
396097
840660
1847881
517287
948736
2368089
2978542
616800
2178925
1564401
266709
1027310
992371
2788313
3208764
1240450
3086873
4214830
545570
1918970
0
2101283
368624
8875325
1013611
1727349
5067512
3445701
6675154
2947171
679264
828811
595126
397270
511297
7994112
229168
859520
1230866
204852
599932
9850035
945141
1064920
444674
3067579
1733109
1166159
2152721
3444597
1407295
1980231
761562
4520481
6810250
1439664
4102942
257552
79896
345709
1183255
2243269
1566522
1436180
911587
2599600
2955640
1705602
593438
1272930
1074513
594390
5521581
2280630
4867969
1778815
5293003
1670038
2195358
6001475
1992357
