2977702
10339752
17818630
1621270
14514278
15871536
35606949
8340603
822859
2126885
4026922
8771070
15804747
24416636
11909158
13575519
23148456
4826979
3203980
1953025
5723716
8476637
834761
3698281
67281949
6089733
2402204
15590980
35543120
2087359
1810648
3804788
0
0
0
0
0
0
0
0
3
1
0
0
0
0
0
0
0
0
0
0
0
0
0
0
0
0
0
0
0
0
0
0
4067325
2866169
6637660
2289383
33695200
2052536
7674795
11355836
8643038
17673459
14133888
9070141
18375705
3298240
757640
24172897
13176591
13829224
4065052
32115897
1118189
2042923
15823679
15943457
7465508
14509804
2089256
21821884
13668682
30743482
3351169
28727167
0
0
0
0
0
0
0
0
0
0
0
0
0
0
0
0
0
0
0
0
0
0
0
0
0
0
0
0
0
0
0
0
7489640
2125804
4628823
35188604
8913237
3831224
7767759
17348956
7485764
12638180
6215987
56217753
11160040
2204858
4241399
2994916
15975539
3855217
12494594
37096668
13534886
1098986
15862835
2617215
7731928
23733018
13863439
20426427
9456580
5901018
9077967
14830693
0
0
0
0
0
0
0
0
0
0
0
0
0
0
0
0
0
0
0
0
0
0
0
0
0
0
0
0
0
0
0
0
19785356
2522574
9228396
0
9487200
1593982
48108886
4571030
7412805
24283167
15515091
36554034
13388692
1958153
3695013
2646056
1724283
2383877
46905868
1042927
4053449
5817982
920933
2754017
60877197
4713479
4441956
2055704
15138988
7616156
5102418
8391992
0
0
0
0
0
0
0
0
0
0
0
0
0
0
0
0
0
0
0
0
0
0
0
0
0
0
0
0
0
0
0
0
646694
2198338
3764231
349818
2962613
3180378
6395971
1782156
173671
461539
848677
1811357
3292554
4868230
2402288
2828912
4528294
1034777
684065
423645
1280084
2034961
178707
1097477
8941546
1245265
506016
3044249
6451529
427688
388440
805357
668611
4757289
2122114
1727850
686520
492911
1085272
1070841
3446949
1735395
1225058
727434
2119957
5197454
7891963
1970471
1535185
1774532
736051
778933
3308069
327241
5758247
848867
5021120
2236680
2357792
2625026
627769
5722958
260975
386034
882260
623902
1483400
505120
6310805
446546
1630181
2471575
1846036
3633497
2927052
1993134
3723924
737386
167591
5011884
2753038
2860825
875938
6351521
248134
443824
3373311
3295097
25903008
3099438
448644
4315298
2761162
5915101
733544
5431774
1509075
1056721
2859554
1609981
409587
3518298
2459296
3152273
2920418
775240
351999
4760142
1602660
656068
4366679
1865762
1563148
3184202
859714
640383
2791234
894683
1674026
1063829
2677286
5633031
462775
568324
3714441
2609139
458598
3091601
1549038
472798
1006207
6718399
1905092
833909
1684012
3631353
1674280
3668186
1350861
9775736
2467685
489986
924850
640000
3405681
869308
2627597
6808574
2847934
241457
3443139
567028
1708361
4755221
2957638
4284029
2073561
1279373
2018615
3079520
818662
3247344
675896
2932317
3259928
1134352
1870629
8746200
7301077
4069915
2455920
1872431
4668196
3390519
9255732
400802
821528
1806581
509838
929586
3327869
3183939
611653
2205200
1402235
279990
1049160
970280
2708652
3204470
1269911
3077496
4178200
556386
1936523
0
2095842
353812
8456413
999694
1642298
4986466
3283741
6724299
2858296
437890
807469
577424
395444
522431
7987871
232960
874551
1243315
207517
594646
9840370
1017048
967908
442146
3156646
1624225
1084802
1749666
2496034
1235926
1981971
764408
4330211
6786335
1465959
4244444
265450
80295
332323
1172176
2242206
1558023
1403789
917067
2518254
2958224
2642424
455497
1258276
1077860
610128
5481130
2262124
5006301
1822336
5293150
1661609
2119106
6004985
2083132
