2961969
9917798
17719035
1843787
11952125
19440443
39333362
10834107
842463
2221687
3994736
9611388
16345808
24454516
11962158
7083941
23127378
4813987
3127137
1714640
5612320
8314875
843523
3501820
65837548
6205886
2411932
15102406
36013960
2043754
1841109
3742510
0
4
0
0
0
0
0
0
0
0
0
0
0
0
0
0
0
0
0
0
0
0
0
0
0
0
0
0
0
0
0
0
4134874
2704041
6684336
2294807
32806251
2001640
7744392
11714256
8302373
18126731
14082960
8881712
17847642
3305381
758645
24196384
14911776
13243172
3894461
32346556
1129353
2121239
15798606
15867122
8405289
14626076
1970651
21337999
13759289
31102081
3282255
28821033
0
0
0
0
0
0
0
0
0
0
0
0
0
0
0
0
0
0
0
0
0
0
0
0
0
0
0
0
0
0
0
0
7564239
2194874
4844327
35157594
8715253
3839653
7938520
17161112
8100850
12943933
6117605
56723359
10775650
2190732
4277672
3062432
16076957
3955625
13222957
37465991
13801284
1070907
15837101
2577862
7967871
25948340
13909659
20171449
10021748
5576203
8960000
14640551
0
0
0
0
0
0
0
0
0
0
0
0
0
0
0
0
0
0
0
0
0
0
0
0
0
0
0
0
0
0
0
0
18928994
2441318
9828391
0
9945072
1676099
51703817
4598066
7412409
23034930
16393026
35727057
13440331
2995268
3719852
2653897
1944099
2153433
47810105
1032992
4011357
5881830
917505
2829585
60049080
4205623
4990953
2042384
17001317
7461375
5481232
8442292
0
0
0
0
0
0
0
0
0
0
0
0
0
0
0
0
0
0
0
0
0
0
0
0
0
0
0
0
0
0
0
0
642093
2107521
3743632
397753
2454645
3839402
6885252
2287297
177455
481888
840288
1975206
3386691
4866914
2407416
1505710
4517105
1029537
666644
371431
1253480
1989184
180176
1041448
8922750
1267039
507635
2951152
6509431
418507
394497
790907
673364
4728616
2180145
1713000
680927
496609
1086697
1090810
3423448
1729637
933326
735319
2104803
5427907
7852293
1958069
1565382
1709362
731967
794200
3321276
325743
6026841
845367
5088897
2512727
2349944
2616621
611934
5702927
256034
350976
894891
588867
1492243
505497
6160288
434430
1640518
2541216
1767689
3716388
2913162
1950478
3626063
738262
167386
5009654
3088002
2740252
837101
6377230
250081
459654
3362189
3271912
26341954
3114611
422927
4200018
2774755
5972669
718592
5440481
1516275
975489
2726032
1607799
409612
3430659
3136115
3007680
2842420
775801
349698
4874876
1587924
647819
4389993
1906547
1565417
3182922
878652
604614
2785370
851772
1807190
1050954
2707092
5799786
444402
544295
3652869
2645574
469409
3272462
1562478
486062
1051396
6708416
1860613
834146
1717379
3588864
1804375
3765084
1326897
9785038
2381446
486416
931591
653697
3418370
890965
2765640
6848759
2897916
235056
3430405
557956
1754083
5132820
2963507
4230947
2192199
1209234
1993541
3037637
833764
3407120
709643
2991591
3325114
1092916
2244883
8799683
7257105
4004504
2448703
1819468
5094273
3271194
9195922
350315
838950
1641375
507045
872468
2343909
3050441
634195
2190093
1589178
278628
1019181
1170019
2596166
3257901
1252726
2950071
4004842
537653
2056282
0
2189609
370368
8803570
1003983
1639055
4747664
3456599
6607168
2862457
664092
810752
578230
444629
471719
8075199
230485
864762
1255053
206696
609654
9809111
910222
1085407
438108
3500757
1587704
1165607
1759701
3299629
1246272
1979053
754995
4285897
6697649
1453696
3866746
270878
77335
295209
1166342
2240170
1544699
1387551
915984
2354872
2851536
2491320
583460
1269361
1074178
610203
5605638
2284110
4949703
1847860
5256953
1643717
2240148
5966362
1981928
