3029836
11177597
17942803
1925152
17428897
19560755
36500583
11080158
849124
2238600
3958963
8587425
16270621
24279020
11723305
7084481
23122268
4108823
3174962
2199784
5105663
8952935
868907
4025112
59264413
5999402
2409683
13800785
35965218
2115024
1845722
3762927
0
0
0
0
0
0
0
0
0
0
0
0
0
0
0
0
0
0
0
0
0
0
0
0
0
0
0
0
0
0
0
0
4142278
2755939
6662829
2329322
32003132
2072517
7739777
11572334
8940495
17369353
14096558
8850796
17890724
3295345
759528
24159040
14789076
13052404
3970185
31038315
1108356
2105973
16630502
15714674
7514675
14759559
2073622
26795814
13784154
28641578
3528193
25475964
0
0
0
0
0
0
0
0
0
0
0
0
0
0
0
0
0
0
0
0
0
0
0
0
0
0
0
0
0
0
0
0
7675042
2191412
4758530
35126326
8424747
3794199
7910410
16550253
7453893
12843819
6214071
59014859
10937828
2243441
4255165
3008594
21402048
3860483
13328342
37461931
13326590
1068671
15703931
2572546
7600670
23632087
13949470
19880278
9899871
6236129
8720314
15283245
0
0
0
0
0
0
0
0
0
0
0
0
0
0
0
0
0
0
0
0
0
0
0
0
0
0
0
0
0
0
0
0
19041018
2526355
9759553
0
7839737
1637671
46884993
4595984
7413246
24025092
16357549
33949195
14443739
1987680
3709793
2707186
2050293
2275678
45209558
1037769
4064047
5806749
930326
2801248
61272167
4483388
4542286
2043648
15397003
7585583
5364209
9090194
0
0
0
0
0
0
0
0
0
0
0
0
0
0
0
0
0
0
0
0
0
0
0
0
0
0
0
0
0
0
0
0
658673
2368554
3792717
415852
3515392
3867452
6518029
2341981
179178
485512
834968
1775341
3381250
4842808
2373476
1506112
4523275
881993
678095
479768
1140623
2148574
186158
1183125
8815652
1226761
507653
2709197
6511509
433609
396660
796213
683852
4751529
2344276
1708956
708244
503855
1086055
1095824
3432097
1726661
1338683
727987
2094711
4887316
7731044
1966595
1615802
1801358
735774
807674
3345997
322583
5355794
862328
5103298
2357041
2349539
2612811
625004
5685707
255039
354927
898175
601135
1488654
514931
6044189
450852
1643255
2519050
1907388
3574831
2919593
1946724
3638513
736347
167644
5009088
3075727
2708508
855279
6169697
246400
457223
3529645
3249476
25930202
3148927
446451
5173871
2785710
5583836
773659
4897542
1513847
974599
2856052
1551598
408146
3515202
3308538
3043445
2887017
765710
356797
4669504
1608773
663330
4546207
1817345
1561818
3267743
851028
615625
2752115
850468
1703314
1061927
2705677
5387359
424982
578146
3530494
2709858
487670
3134023
1588228
486635
1034735
6724337
1803602
825517
1716929
3474201
1670383
3737562
1349799
9928122
2420182
498751
929850
643026
4464366
870359
2794202
6856167
2806513
235032
3410417
557385
1680905
4735759
2975237
4182261
2168417
1351986
1944116
3170019
840224
3424614
698269
2749217
3488114
1099814
2336706
8661706
7291706
4049277
2440861
1747872
4566728
3268694
9205765
331038
687585
1845099
506726
922202
2343195
3153090
626434
2171010
1577865
281490
983691
1173273
2767918
3287448
1235247
3156870
4031821
557289
2044276
0
1739118
363180
8356197
1005998
1642704
4929984
3451071
6356909
3073536
444523
810315
591127
469772
499316
7801211
232376
876994
1240482
210059
604066
9868410
970796
989684
439200
3205821
1616569
1141867
1892202
3105890
1234716
1890688
750709
4637079
6608938
1413252
3926733
274809
77256
307962
1186903
2255950
1558592
1478029
918875
2788036
2983713
1991328
617428
1274568
1077211
582310
5426731
2182936
4956844
1795228
5130022
1648896
2174077
5885341
1968427
