2981384
10072810
18864638
1933901
16692123
19140895
36334179
9160803
886857
2132844
3998755
7820523
15797413
24645618
11489024
7080001
23497897
4656611
3092887
2109589
5360067
8232993
872739
3457481
65258809
5974684
2399188
13915293
35754448
2141000
1852471
3751061
0
0
0
0
0
0
0
0
0
0
0
0
0
0
0
0
0
0
0
0
0
0
0
0
0
0
0
0
0
0
0
0
4203325
2806214
6632208
2255091
32571693
2014731
7672431
11024775
8534800
17700867
14283107
9757708
17711098
3317058
727369
24162843
14800056
13688017
4012782
32051874
1116623
2054648
16330998
13920201
7611408
11150832
2023812
20763914
15121152
29690731
3450235
28625806
0
0
0
0
0
0
0
0
0
0
0
0
0
0
0
0
0
0
0
0
0
0
0
0
0
0
0
0
0
0
0
0
7791152
2101244
4053060
20682948
6021630
3752342
7878288
17340339
8003500
12600050
6261716
56655449
10774272
2154215
4319914
2982205
15902601
3918074
12685334
38269044
13259734
1045812
15957233
2611676
7433337
25915360
14822847
20438684
10038355
5531277
8219444
14878873
0
0
0
0
0
0
0
0
0
0
0
0
0
0
0
0
0
0
0
0
0
0
0
0
0
0
0
0
0
0
0
0
19332685
2555086
9384554
0
7420808
1680815
51052513
4589616
7403070
20812440
16275412
34604896
13309234
3040107
3692263
2696770
1860516
2331859
46344786
1033993
4340369
6007872
912615
2737674
60279350
4459609
4548379
1983944
16874580
7516123
5454362
10341454
0
0
0
0
0
0
0
0
0
0
0
0
0
0
0
0
0
0
0
0
0
0
0
0
0
0
0
0
0
0
0
0
646969
2139099
3962198
416317
3364957
3783554
6484871
1948565
186343
462803
840975
1619649
3285345
4896920
2320824
1502765
4581409
995855
660484
458439
1197152
1970242
186355
1028160
8931976
1219770
505664
2723996
6468499
437498
396910
792194
667411
4726555
2395251
1726081
718939
495433
1087925
1102261
3476316
1714682
1319613
751135
2082812
5076467
7685206
2143183
1528437
1811082
735200
787667
3240915
322324
5302704
821338
4907894
2346086
2354321
2563206
604328
5543030
253238
361032
909977
609857
1479950
496371
6128673
437561
1625995
2395507
1819420
3629371
2952891
2138275
3593078
740608
160497
5007110
3071384
2828492
864100
6330577
247210
445783
3468778
2884978
25926142
2397345
433491
4117199
3032299
5745485
753939
5411912
1519600
1075512
2656631
1591417
402716
3411763
2602646
3048990
3564407
782724
348214
4773043
1994917
636611
4451748
1832018
1551115
3170459
837127
615919
2721756
848069
1811825
1066041
2659502
5357103
421340
510574
3744381
2409418
470311
3293394
1607057
465621
880265
4216439
1292549
814395
1705055
3624091
1785446
3696627
1357577
9790957
2379159
478017
940066
637378
3383792
881543
2661742
6954615
2784573
230010
3458889
565196
1640512
5108344
3143415
4277869
2193452
1197798
1829295
3084354
855114
4582169
670776
2763875
3589027
1038638
1792254
8623297
7183258
4001097
2434593
2210481
5065731
3075726
9227171
369593
846116
1634955
506346
1043927
2335610
3026891
618280
2248525
1531498
250501
1050470
1163149
1273488
3188937
1252810
3014757
4085847
562125
1965266
0
1646988
372134
8730733
1003220
1637247
4332124
3432008
6442375
2837094
675202
804371
586695
425355
511710
7927007
230829
932521
1283313
205690
590494
9822961
964500
990181
426597
3480455
1600891
1158935
2138875
3247684
1265952
1940051
724512
6205120
6744040
1450099
3991870
273480
76783
325545
1174127
2292891
1557641
1429197
923580
2716362
3004797
1709888
664526
1268732
1074318
625960
5578840
2230942
5043587
1831889
5140507
1648045
2142719
5928729
1875670
