2996475
11180651
19194494
1870711
13523537
19623363
37758270
9320877
871431
2144885
3894670
9935925
15204854
24641223
11705506
7076488
23594193
4516603
3160408
2081255
5217704
8577952
842928
3700022
66563363
6043147
2395232
15339451
36505271
2100207
1801649
3705817
0
7
0
0
0
0
0
0
0
0
0
0
0
0
0
0
0
0
0
0
0
0
0
0
0
0
0
0
0
0
0
0
4142225
2808061
6597198
2304866
32907867
1998790
7715429
11069798
8487170
17687700
14331458
9181990
17747619
3340045
773238
24201028
12563671
13641691
3522312
32194415
1121424
2083886
15151336
15867303
7873575
11168555
2048425
21332440
13466517
30333542
3453488
29435511
0
0
0
0
0
0
0
0
0
0
0
0
0
0
0
0
0
0
0
0
0
0
0
0
0
0
0
0
0
0
0
0
8007231
2179087
4761368
20197642
6076967
3806032
7714442
18733149
7897739
12495913
6890056
56250644
11120631
2238793
4244377
2937504
16015001
3892365
12306709
38139997
13590890
1040709
17416111
2641354
7797965
27515333
13927366
20032130
9719912
5752955
8388391
14864259
0
0
0
0
0
0
0
0
0
0
0
0
0
0
0
0
0
0
0
0
0
0
0
0
0
0
0
0
0
0
0
0
20365520
2576687
9492498
0
8337918
1507346
49349353
4645009
7076011
21045532
16627716
35370522
14003935
1907378
3805244
2779826
1997514
2314105
47438516
1028040
4162398
5787519
903648
2746447
60698603
4360482
4652762
2042129
15669743
7379393
5300233
7757363
0
0
0
0
0
0
0
0
0
0
0
0
0
0
0
0
0
0
0
0
0
0
0
0
0
0
0
0
0
0
0
0
649205
2362235
4022518
401898
2757268
3868669
6675544
1979901
183618
463705
818695
2038003
3166310
4892245
2359524
1500878
4591254
965645
673122
451668
1163155
2049531
180365
1090210
8925207
1231573
504384
2990702
6568429
429040
386172
781549
666588
4754947
2166631
1658645
721888
499221
1087654
1067625
3415752
1733877
1069725
758359
2103994
4668146
7799751
2128728
1541127
1753753
733906
775644
3257097
318618
5282791
840659
4997468
2305937
2364336
2550606
614721
5598278
254977
361759
894849
610586
1471050
507200
6168983
432574
1633876
2403494
1804626
3624799
2958660
2013314
3602858
743479
170421
5003174
2624321
2815570
760686
6345279
247862
451470
3227728
3262476
26020728
2397915
438849
4185951
2711319
5846828
753170
5531078
1526106
1053544
2678152
1537903
395595
3417847
2480532
3072259
2728467
740508
349316
4766314
1644043
628057
4376069
1820733
1515084
3160719
885766
627283
2742407
862573
1835153
1069375
2641935
5746490
428098
520337
3635647
2331756
485425
3233281
1647580
481610
1031514
4114770
1302567
824352
1667338
3893730
1758550
3650129
1488449
9759043
2450663
495326
921890
627013
3400453
875232
2583407
6931312
2848842
228643
3749438
570229
1714814
5373879
2960872
4196658
2123886
1243923
1861755
3077657
853174
4433762
643086
2728230
3639405
1091280
1775229
8390785
7149939
4045935
2442484
2039619
4665821
3287005
9220721
371925
852142
1853320
520116
1014678
2333295
2987995
615075
2301262
1590585
259788
939114
958547
1469854
3149942
1215171
2829966
4281731
565752
1983077
0
1842863
334071
8573033
1011712
1563869
4371051
3494561
6542812
2974551
425382
829176
604585
457088
506349
8032177
229023
894745
1234825
203360
591372
9818179
940878
1011305
437519
3262127
1570751
1125437
1620111
3091612
1212198
1968355
709987
6087340
6274871
1421802
3990404
269653
73587
309147
1181025
2285163
1551040
1458613
916076
2801686
3001101
2228746
672588
1270386
1072524
590305
5406177
2351366
5050945
1793168
5078689
1663129
2174390
5911487
2130218
