2978017
11211121
19166303
1926650
17269629
19347702
35404960
9303073
889704
2122013
4040562
8225381
15828158
24408418
24081011
7171108
23451061
4528983
3173443
1973483
5572954
8925593
871401
3683185
59101085
5928893
2393943
13868222
36179624
2079517
1845945
3715125
0
0
0
0
0
0
0
0
0
0
0
0
0
0
0
0
0
0
0
0
0
0
0
0
0
0
0
0
0
0
0
0
4178090
2674138
6640040
2302491
34048400
2027468
7734725
11446503
7562273
17170238
14237771
9443997
18225835
3321679
759576
24114933
14099073
13803823
3484866
31530507
1119238
2062204
17085005
16041107
7612785
11112094
2047094
16896847
13536400
27790269
3374246
28650528
0
0
0
0
0
0
0
0
0
0
0
0
0
0
0
0
0
0
0
0
0
0
0
0
0
0
0
0
0
0
0
0
7836028
2153693
4744667
20630965
6082044
3774245
7934500
19111244
8457278
12825278
6340334
57637561
10984489
2251717
4262778
2912865
15926741
4018443
12364354
38404133
13365145
1039604
15898300
2626305
7661033
25099129
13884440
20005601
9725910
6126159
9144681
14611726
0
0
0
0
0
0
0
0
0
0
0
0
0
0
0
0
0
0
0
0
0
0
0
0
0
0
0
0
0
0
0
0
20497759
3166832
8926200
0
7696042
1660661
51602952
4627607
7219655
21018011
16340046
34047159
13990358
3125139
1196876
2763203
1760702
2086156
46843840
1017214
4083115
5892853
936756
2857472
61219048
4227059
4582598
2052458
14355259
7594030
5307086
8340005
0
0
0
0
0
0
0
0
0
0
0
0
0
0
0
0
0
0
0
0
0
0
0
0
0
0
0
0
0
0
0
0
646127
2371534
4022007
415181
3473917
3822668
6357651
1978331
187752
460044
849409
1700820
3293120
4859196
4601245
1522508
4573207
969526
676367
428810
1244630
2128390
186045
1095935
8788037
1211318
505300
2717128
6531739
426295
395603
786046
687734
4824109
1938321
1721549
717998
495994
1087031
1113215
3432159
1720488
1008283
746469
2114594
4782738
7796589
2135752
1532335
1791341
734983
794145
3343664
330816
5763822
829683
5111305
2337141
2361449
2562755
596118
5549027
255196
357158
904146
582494
1480330
507379
6349969
439814
1639666
2487044
1615884
3529495
2944926
2071410
3691092
741391
167786
5001324
2933482
2851575
752514
6241461
247994
447498
3617219
3304627
25945771
2391243
439727
3401272
2730987
5429529
737367
5409268
1523961
1054401
2683758
1610588
399989
3444481
3058112
3140368
3127085
763857
353700
4792792
1990674
626842
4504629
1693297
1506473
3189213
844196
545346
2741688
844180
1753232
1060902
2695589
5597265
420785
519395
3937628
2344894
484158
3286146
1616993
477481
1029196
4211610
1306325
819147
1716320
3971081
1881112
3768454
1374579
9851403
2426222
499592
927983
622035
3388776
904912
2599304
6973514
2809655
228179
3443748
567749
1688617
4973275
2956447
4196145
2128932
1324722
2030416
3032418
849474
3432611
671190
2721703
3698152
1068069
2284413
8601672
7191181
3504698
2422350
1923866
4914128
3285816
9297310
367613
866615
1813905
527694
1136256
2343119
3003567
637940
2262154
1566059
279731
1043626
1161016
2450818
3135686
1264741
3028963
4310210
696068
1872405
0
1705808
366994
8801630
1010213
1597164
4371488
3445572
6363038
2977188
693050
261534
601654
403145
457368
7990422
227225
879628
1257744
210995
615775
9845703
913154
996882
440316
3007034
1616967
1128196
1739239
3214482
1253564
1963131
727286
6377420
6688122
1772549
3845840
269731
76195
341184
1182578
2262702
1548800
1439308
908715
2905293
2947941
2233246
591081
1290584
1072236
620307
5261425
2362072
4927784
1813232
5064962
1637649
2181357
5906183
2103427
