2990638
11189114
18562928
1951392
17548972
14896996
35038613
9264380
889485
2225321
4014962
9001632
15460191
24801245
11284104
7070329
23722305
4836406
3156552
2085340
5274543
8444846
851061
3650562
66386557
5981465
2262507
13740319
36049459
2109792
1838278
3709062
0
0
0
0
0
0
0
0
0
0
0
0
0
0
0
0
0
0
0
0
0
0
0
0
0
0
0
0
0
0
0
0
4290224
2792000
6766662
2315537
31278713
2100499
7722951
11315312
8111378
18297102
14349203
8913965
19706185
3348287
716880
24224290
12219452
13518126
3476869
31893629
1104740
2075847
14738669
15899802
7742976
11082173
1998363
20917708
13339530
31530779
3348904
28174806
0
0
0
0
0
0
0
0
0
0
0
0
0
0
0
0
0
0
0
0
0
0
0
0
0
0
0
0
0
0
0
0
7887019
2099252
4766748
19989884
5954066
3802183
7928797
18796504
7902800
12801666
6218109
57730680
10845967
2187606
4284696
2972262
15705134
4004631
12375242
38417033
13482721
1013165
16354927
2626328
7875372
29513801
13970172
20080612
9846352
5644112
8329224
15864612
0
0
0
0
0
0
0
0
0
0
0
0
0
0
0
0
0
0
0
0
0
0
0
0
0
0
0
0
0
0
0
0
20244987
2604219
8982882
0
7388476
1537963
47117145
4552924
7260815
20860367
16467663
33971217
13938809
1777947
1276128
2652880
1746969
2143372
47380201
1028734
4425613
5752358
915042
2528567
61128512
4411676
4376453
1992318
17062202
7441476
5354957
7054181
0
0
0
0
0
0
0
0
0
0
0
0
0
0
0
0
0
0
0
0
0
0
0
0
0
0
0
0
0
0
0
0
647487
2364967
3898960
419951
3525584
2988077
6308478
1967459
187321
482266
843950
1855097
3215514
4923556
2281828
1499811
4617114
1033886
673237
453075
1177918
2022175
181828
1074733
8918846
1220700
476033
2691184
6505820
431536
393942
783196
664581
4793556
2295224
1686443
708847
494864
1083568
1061413
3432717
1728613
1038047
750711
2109724
5107148
7680144
1896497
1567113
1743921
732902
799606
3336351
339778
5960220
838053
5066710
2443713
2360644
2565789
638877
5570034
253052
342697
927797
607819
1507267
509824
5916988
455435
1635289
2456931
1728815
3743205
2965178
1957435
3963085
746448
157855
5012519
2557249
2793548
750131
6300321
244706
449036
3148380
3274133
26001720
2381910
428968
4122558
2692771
6039293
732038
5331894
1515325
1061538
2728224
1593201
407523
3423226
2384588
3111917
2762187
769969
352464
4840161
1581862
627257
4581101
1798963
1520066
3176782
884209
548266
2685035
850319
1783187
1051951
2666782
5852874
427508
513140
4103728
2405366
471350
3268306
1625390
465312
1034075
4092657
1278919
825892
1715234
3914751
1763292
3733284
1349203
9835973
2395580
485451
931333
634280
3346287
901752
2601718
6976999
2829368
222847
3536686
568376
1734290
5732850
2972598
4207472
2153972
1222308
1850249
3277596
855642
4545405
689246
2798195
3609898
1093921
2481328
8580159
7115450
3486374
2435268
1914966
4995702
3262468
9245930
372169
838341
1839615
505973
1182651
2386721
3102283
609116
2296717
1492337
261159
992755
1133818
1277885
3124111
1246597
2996592
4266076
573401
1883374
0
1641030
339850
8374056
994305
1605738
4342337
3468045
6351340
2964986
397558
279107
577916
399753
469887
8034000
229568
951594
1227462
206071
545410
9838817
951891
953490
427598
3513112
1585572
1138333
1476876
3289560
1226800
1969593
723678
6340591
6769406
1757795
3971435
273916
76449
337279
1177272
2267422
1568441
1414407
911768
2907638
2961942
2241663
649837
1259104
1074893
628037
5466065
2277579
5640138
1820842
5069330
1697710
2220681
5866804
1938275
