3015477
11221862
19014257
1907686
13120867
14907462
37141882
10429136
880559
2170603
4055209
9967059
15884725
25265056
11844333
6993827
23393069
4454736
3162105
2082724
5497016
8640405
849659
3721321
60449486
6004389
2389231
13531507
34800841
2113690
5858926
3712524
0
0
0
0
0
1
0
0
0
0
0
0
0
0
0
0
0
0
0
0
0
0
0
0
0
0
0
0
0
0
0
0
3973474
2647071
6756790
2334064
31559973
2029241
7732604
11650699
8125076
17723586
14090748
9215366
18376976
3285309
778720
24055074
10861217
13720777
3378169
32288890
1139182
2105390
16957805
16010631
8012851
11219571
2028112
22352674
14158019
27067712
3505482
28510277
0
0
0
0
0
0
0
0
0
0
0
0
0
0
0
0
0
0
0
0
0
0
0
0
0
0
0
0
0
0
0
0
7872877
2128792
4737599
18788432
6040536
3704619
7900333
17079392
8409216
12858468
6353041
57837039
11077571
2192523
4227164
2982514
16215195
3973668
12631325
37932619
13338445
1028108
16050912
2630831
7969722
27678559
13927843
19896506
9869327
5614443
8947657
14723163
0
0
0
0
0
0
0
0
0
0
0
0
0
0
0
0
0
0
0
0
0
0
0
0
0
0
0
0
0
0
0
0
19109056
2584789
9109977
0
8257829
1580037
49365815
4639410
7347507
21827887
16618519
34559287
13668569
3194537
1221375
2717702
1717250
2280251
45062108
1023064
4244705
5767915
906210
2688528
60145157
4312703
4626513
1955293
15159080
7362153
5328401
8704724
0
0
0
0
0
0
0
0
0
0
0
0
0
0
0
0
0
0
0
0
0
0
0
0
0
0
0
0
0
0
0
0
653314
2371267
3989125
410276
2681057
2987406
6576414
2204770
185451
470375
852346
2044034
3298772
5002722
2389508
1484148
4557706
953190
673856
452064
1227150
2064328
181417
1095788
8839124
1224045
503394
2653604
6327597
432035
1235013
784050
686665
4734463
1979304
1718795
706240
494044
984072
1061775
3423763
1664850
1322386
753243
2094469
4763552
7748293
1714777
1428658
1722289
734092
767594
3336255
323286
5000023
819121
4826720
2556700
2294951
2493709
584638
4545089
253078
372181
858932
576741
1507739
513891
5957469
439423
1638542
2526557
1732233
3638640
2914410
2022893
3719909
733269
171744
4986442
2282493
2833714
730171
6361057
251997
456142
3590441
3296036
26176101
2410651
435054
4374496
2847052
5300649
765786
5385674
1522660
940796
2679848
1600702
398988
3415075
2397746
3005411
3572149
770077
354459
4757098
1971102
638297
4512829
1823515
1520485
3185273
880007
645625
2709300
840964
1887592
1082306
2694499
5965774
420529
511659
4020659
2451739
459419
3321718
1621657
471894
1027577
3859401
1296518
803881
1709516
3575970
1872330
3805132
1376958
9847625
2445627
485969
921027
636630
3444063
895182
2653051
6907285
2799447
226099
3473961
568781
1753905
5430858
2964180
4173011
2158489
1216072
1985288
3056576
846275
4583605
672133
2727044
3432215
1106040
2454696
8514861
7210653
3389444
2426565
2274932
4785955
3210871
9214695
308184
847767
1771012
506652
1188645
2301771
3171439
630416
2313758
1469442
267193
1005121
956663
1194674
3050630
1241486
2973503
4033394
569215
1908567
0
1825681
350356
8619501
1012920
1623979
4523348
3498575
6436804
2909942
708822
267338
591647
392865
499840
7782269
228246
913588
1232608
204176
580318
9801960
931790
1007064
419761
3155062
1568382
1132276
1809377
3229593
1245358
1974210
740078
5564096
6793156
1672651
3950620
273997
76550
302241
1180603
2291284
1549593
1364147
920077
2858061
2919803
2234846
646013
1282287
1077484
614186
5470159
2344641
5985595
1810857
5126780
1614066
2237511
5901869
1882345
