2972886
11170282
18524428
1974807
16834824
15724470
38529221
7100002
871244
2122176
3947287
7407652
15332592
24185596
11686942
7136021
23455216
4379140
3113608
1565032
5303684
8802294
890436
3690612
66536614
5982674
2382085
14052712
35004672
2088363
5875167
3780618
0
0
0
0
0
0
0
0
0
0
0
0
0
0
0
0
0
0
0
0
0
0
0
0
0
0
0
0
0
0
0
0
4152997
2946910
6809797
2313400
33144383
1967890
7750864
11322341
7503377
17893093
16217273
9835281
17431298
3287048
748248
24288864
12540167
13205809
3272920
31494076
1102396
2042381
17140571
14906564
8252188
10999589
1927741
21993985
12694863
30420493
3433885
29147361
0
0
0
0
0
0
0
0
0
0
0
0
0
0
0
0
0
0
0
0
0
0
0
0
0
0
0
0
0
0
0
0
7463171
2152058
4801809
21102808
6095200
3765573
8005288
19505004
8482520
13180010
5794002
57937938
11025147
2151853
4185223
2996303
21329548
3876172
12184704
38115596
14192187
1024874
15739574
2673504
7663909
25397849
13958701
20127757
9818982
5187759
9518787
14416422
0
0
0
0
0
0
0
0
0
0
0
0
0
0
0
0
0
0
0
0
0
0
0
0
0
0
0
0
0
0
0
0
19371942
2574253
9267850
0
9260854
1682400
53998597
4619496
7755806
22443270
16594093
34608311
13888213
3053594
1192243
2729979
1776292
2392007
46435847
1029252
4043499
5829595
943523
2706949
60127379
4587898
4539540
1972292
17313493
7372561
5545222
9739682
0
0
0
0
0
0
0
0
0
0
0
0
0
0
0
0
0
0
0
0
0
0
0
0
0
0
0
0
0
0
0
0
644256
2360994
3891213
424785
3393399
3141054
6791573
1519412
183316
460135
828909
1535480
3192246
4815478
2359535
1512155
4573039
937069
663388
338392
1185115
2097518
190302
1088551
8920090
1221063
501246
2746986
6355701
427035
1239978
798522
687298
4723561
1973082
1588291
712859
491929
981462
1047052
3434584
1748036
1390917
728268
2100640
5052830
7663510
1912602
1579856
1701103
727436
803308
3407033
327969
5772182
821755
4890652
2246164
2298376
1781687
543413
5326613
252102
352400
898333
641350
1516524
508566
6209437
426856
1640743
2458643
1602867
3666264
3332522
2154301
3548528
732690
164827
5031239
2620961
2730589
707458
6227750
243607
442308
3624278
3076199
26274541
2364235
413636
4320266
2566660
5858516
749461
5488852
1522010
1066095
2051773
1569922
380315
3495218
3124268
3035158
3602385
767154
344977
4830540
1588885
640433
4737222
1727464
1487575
3120524
925561
644051
2658189
842805
1857750
1066320
2666682
5709137
416241
507312
3647535
2430379
461585
3331652
1542496
475931
1040426
4298072
1308854
818430
1730029
4046530
1884972
3850963
1257809
9842084
2432164
477524
911989
639110
4439185
871641
2563660
6933911
2973087
224700
3411728
576774
1689269
5041646
2971142
4215556
2145863
1122694
2108670
2994780
845437
3614833
624648
2755182
3490798
1128331
2241141
8298266
7152780
3386606
2429004
2330711
4609755
3144574
9151682
319487
871180
1845815
506919
1229069
2260472
2911814
640085
2312809
1550440
276115
1053645
983929
2795978
3117752
1254449
3054216
4089270
566488
1941024
0
2044470
371817
8964570
1007914
1711995
4633107
3495254
6444441
2954157
676753
260562
594442
406186
524241
7940804
229495
870479
1243719
212542
583386
9808138
990062
988241
423607
3565703
1571186
1177871
2017026
3141079
1229420
1893142
728751
5569818
6750627
1750040
3880776
272553
78809
562168
1185236
2241904
1547323
1424715
908619
2845647
3038987
2633204
584680
1235559
1071196
607975
5450555
2360264
4971029
1730373
5259321
1679575
2181731
5861012
2140597
