2964963
11190490
19055274
1955582
17049679
15158831
37649354
8845182
862641
2103190
3906237
8221459
15050272
24076365
11687498
7073722
23795327
4364316
3165801
1573710
5033351
8446522
885174
3293900
65639829
6007008
2408358
15488100
36001053
2884900
5834158
3695300
0
0
0
0
0
0
0
0
0
0
0
0
0
0
0
0
0
0
0
0
0
0
0
0
0
0
0
0
0
0
0
0
4164514
2920735
6895536
2284480
33414250
2041450
7771961
11565246
8254627
18377226
14104878
8950145
18289363
3266930
831882
24285716
12358389
13691214
3464856
30785523
1079628
2058045
15178353
15604292
8361226
10999377
1992744
18082961
12209607
28546057
3446230
29585007
0
0
0
0
0
0
0
0
0
0
0
0
0
0
0
0
0
0
0
0
0
0
0
0
0
0
0
0
0
0
0
0
7657871
2218790
4786580
20732872
5944517
3826352
8038424
16790636
9087743
12453372
5975940
56325780
10854275
2157743
4231597
2826641
15452095
3909887
13338534
38251515
13366129
1048666
15639615
2687265
7557293
25896451
23660084
20066247
9351312
5375523
9051968
14232543
0
0
0
0
0
0
0
0
0
0
0
0
0
0
0
0
0
0
0
0
0
0
0
0
0
0
0
0
0
0
0
0
19961233
2555863
9153431
0
8093355
1608088
52094056
4666043
7994510
21117495
16344503
35607566
14121123
3050071
1281639
2840213
1791651
2194650
46424961
1036055
4075095
5852081
912620
2712488
60398447
4559755
4988610
1992650
15563210
7727306
5256652
7341592
0
0
0
0
0
0
0
0
0
0
0
0
0
0
0
0
0
0
0
0
0
0
0
0
0
0
0
0
0
0
0
0
641194
2359736
3986613
420198
3421975
3029476
6657992
1875720
181327
454880
820928
1695354
3129046
4787587
2352239
1496521
4617557
933083
672978
339697
1120583
2009588
188847
999706
8909872
1223663
505222
3011725
6487878
591327
1225966
778832
679328
4760601
1996035
1784312
707460
503953
947812
1038548
3425962
1686564
1307621
728402
2116663
4689915
7739356
1910501
1559935
1624888
721586
773338
3390312
340199
5734817
818108
4990883
2431126
2211883
1808774
535647
5258611
252525
444068
899375
633532
1533335
501504
6242150
442009
1641466
2503243
1754355
3745405
2908126
1960298
3696405
726975
182634
5018968
2573647
2819551
747051
6088811
238514
444873
3230983
3209005
26301066
2357264
426653
3610671
2453227
5539629
750615
5553075
1529950
931386
2186347
1592929
377856
3503657
3120441
3124438
2876768
761038
352211
4675146
1889144
641788
4376319
1737565
1490040
3152558
847824
658864
2828734
855945
1884803
1077004
2668994
5777410
436120
488046
3596270
2495403
477713
3344031
1577427
489721
1034693
4217740
1273620
829349
1733342
3504118
2013294
3725880
1293460
9770878
2393449
477443
918645
601536
3284287
877923
2782697
6935980
2800497
229509
3381210
579276
1662299
5096689
4822500
4200788
2042174
1159729
2001494
2952999
840324
4186007
647569
2642624
3454702
1126974
2480320
8399775
6704451
3396837
2423201
2063453
4634463
3016900
9174843
382624
855317
1831639
519117
1145943
2311144
3073189
632878
2256877
1598680
276568
1057470
953751
2688668
3156029
1229200
3094684
4194438
560720
1913318
0
1787595
355149
8818531
1016763
1761961
4381523
3435347
6576940
2997223
674962
279741
617385
408503
480278
7924150
231083
875463
1245021
205109
583396
9807789
982047
1083261
427176
3244905
1642988
1115179
1532879
3253906
1250100
1990408
731893
4466496
6520400
1766754
3878996
277748
76961
558755
1188830
2267802
1545800
1413333
907214
2747400
2851463
2222772
620934
1247654
1074514
610239
5440870
2290142
4888969
1789956
5249069
1618507
2192641
5001992
1685276
