2979812
10319726
17831253
1708174
19483005
16678150
40819609
8249650
856682
2146666
4013828
9984663
14310276
24459597
12060926
13444090
24140262
4787196
3232642
1635870
6484219
8836490
859872
3614905
69505159
6374218
2456413
14873574
36756381
2196397
1824782
3733362
0
0
0
0
0
0
0
0
0
0
0
0
0
0
0
0
0
0
0
0
0
0
0
0
0
0
0
0
0
0
0
0
4153214
2855186
6518262
2277529
34441254
2079250
7683985
11656595
7551055
17303842
14231767
9378624
19242633
3311714
783280
24064204
14925646
14903705
5636223
31822729
1195576
2061514
16444031
15837392
7740868
14519954
1936280
18563443
12422437
28124593
3864459
30340007
0
0
0
0
0
0
0
0
0
0
0
0
0
0
0
0
0
0
0
0
0
0
0
0
0
0
0
0
0
0
0
0
7827336
2117320
5279306
34713825
8146898
3740790
7894747
16726312
8014223
12685824
7712746
55837952
10892498
2267353
4124323
2927921
16023289
4005735
12100901
37578233
15173890
1111107
14523652
2464747
7596073
23909291
14490230
20373715
9898260
5937370
11383083
15079687
0
0
0
0
0
0
0
0
0
0
0
0
0
0
0
0
0
0
0
0
0
0
0
0
0
0
0
0
0
0
0
0
20189307
2455901
9998858
35165008
9923077
1706904
52526778
4594452
6962130
23923891
16517014
33808120
13843623
2893464
3809181
2396426
1716006
2480787
51341068
1064324
4823262
5841446
6130811
2520157
60069265
4496893
5247624
2035444
17276267
7519728
5628500
10010288
0
0
0
0
0
0
0
0
0
0
0
0
0
0
0
0
0
0
0
0
0
0
0
0
0
0
0
0
0
0
0
0
650445
2204470
3783253
370184
3909497
3342718
7104063
1769218
181718
468009
850796
2059575
3006410
4890556
2440492
2815145
4713513
1030042
692980
358930
1454988
2122346
184574
1092786
8884496
1307858
520446
2923223
6647503
452423
392868
794608
693640
5008375
2267444
1820629
693532
583001
1095897
1252729
3437194
1716836
1178284
758602
2371281
5650995
7869361
1969892
1482392
1705747
568804
763963
3420879
321118
5898172
862255
5420401
2415806
3538926
2768730
603345
5676168
257339
311463
903588
625804
1464320
505345
6450757
453566
1637155
2545139
1625450
3575199
2957687
2069388
3899386
742956
173691
5017328
3113540
3085750
1207811
6327090
265498
449372
3511225
3283224
26032528
3112698
419228
3735772
2530905
5506569
849486
5713163
1486237
1100546
2626336
1630544
449352
3492305
2539949
5544073
3266352
776333
353820
4797552
1574662
826967
4490383
1865966
1530433
3175521
878773
686846
2910716
874574
1669446
1113013
2698955
5977659
458861
537100
3563352
2844478
468008
3107010
1623312
472510
1150151
6675125
1750273
817447
1716602
3518958
1795509
3742872
1672997
9771543
2415512
505869
902287
628263
3424639
906727
2558869
6893836
3181916
245121
3174996
536141
1681920
4791086
3091881
4290828
2173787
1289828
2482754
3138421
875363
3304136
716693
3705957
3749413
1102792
2378939
8744400
7291911
4057874
2466098
2346734
5342087
3147886
9274153
404271
865282
1823491
524891
1053928
2348797
3057824
641883
2206929
1577045
317669
902765
989894
2565697
3123107
1279647
3706393
4269086
543362
2101230
6496738
2193442
380360
8907459
1008388
1547959
4934248
3499341
6348544
2961020
645877
834412
525731
394806
545440
8432874
238808
1040520
1252652
1376433
546189
9850764
976258
1146876
439103
3570443
1610384
1202257
2082866
4013014
1424556
1987319
765093
4385511
6786453
1453592
3900665
268922
136276
312494
1182380
2260387
1572206
1544253
918934
2546780
2986985
1727451
622290
1262328
1083304
596542
5546474
2332056
4983648
1903845
5335336
1647625
2281020
6127570
2373363
