49570
11668
14092
12323
26531
11363
11075
10707
11127
12632
16119
11452
12648
487970
16299
32114
2349882
18464
519558
13366
12343
44540
11533
363652
15178
12677
12174
11876
11292
13099
88568
12152
14160
564700
14630
41757
12469
56807
13290
84577
11833
13181
13473
25381
19173
11241
11677
11353
11024
14484
13606
14730
415016
296776
16581
1049996
589238
694322
21501
14063
1258799
24133
182132
45387
12852
11460
18097
1013889
20148
18143
11128
14195
11632
18063
701119
17072
687825
33205
18513
12996
13931
12335
12986
12950
15445
942188
20501
12531
12903
13225
12959
16926
524073
17108
14925
15202
21467
14544
264836
581938
20732
32076
12912
12602
18897
12721
15072
93607
12424
24406
13377
12187
12336
12933
11997
11493
12580
16431
1222301
22935
1561386
39833
17187
1610010
21489
90414
13128
443380
29194
31470
12119
12725
18596
1283999
21900
19440
418203
195875
1057508
19303
11112
12372
11178
10669
13125
155573
496319
1022332
19665
109850
11359
11079
42311
12836
10440
11928
11591
12796
78542
13179
273152
20771
1271763
55170
94010
12151
85368
14787
10957
11050
11015
10523
10703
79756
11207
11737
273714
198078
12392
2818453
21773
21581
28728
17599
880872
1223792
31908
312505
17267
28235
11859
15038
1668149
12236
12883
13217
13028
1325125
95220
24778
145633
15412
12982
41613
11558
13516
11759
13188
455621
15318
11692
1896857
289717
17341
332124
12578
11379
11789
11710
15235
11580
11649
12301
11872
14946
18470
21918
11804
56985
1160066
22622
11603
51052
11459
11123
12496
15728
805316
18511
26274
12941
208777
995549
720026
12996
12637
10185
12064
28660
33946
10169
9624
158374
14654
12069
9860
9159
2183
2693
2266
4880
2099
2081
2044
2075
2334
3112
2158
2380
90581
3093
5997
439023
3453
97577
2519
2323
8232
2203
66661
2809
2312
2244
2141
2119
2343
16748
2266
2575
107104
2780
7747
2358
10374
2477
16134
2253
2384
2461
4903
3557
2091
2237
2099
2081
2697
2517
2692
78722
54060
3043
197309
107071
131841
4045
2704
235650
4511
34475
8620
2395
2180
3501
190334
3873
3382
2093
2688
2184
3426
130360
3246
126863
6279
3474
2425
2587
2241
2465
2476
2973
179888
3779
2311
2329
2492
2365
2998
97340
3157
2725
2772
3906
2675
47791
111481
3896
5938
2395
2357
3482
2390
2828
17452
2384
4524
2529
2298
2305
2475
2293
2123
2290
3172
228779
4330
293036
7355
3310
300160
3954
17149
2466
84203
5280
6094
2306
2449
3445
247639
4178
3683
85188
37686
193709
3793
2201
2346
2126
2065
2582
30815
96659
190450
3798
20579
2219
2123
8124
2452
2017
2291
2221
2379
15108
2432
51856
3887
243303
10577
18111
2314
16623
2760
2159
2115
2123
2069
2120
15257
2224
2277
51936
39014
2442
535490
4251
4162
5412
3297
172650
232713
6006
58587
3379
5465
2216
2826
320408
2302
2453
2442
2461
249333
18844
4615
27705
2976
2455
7890
2185
2596
2231
2423
87014
2867
2206
360603
54732
3290
63811
2335
2238
2274
2157
2806
2165
2129
2268
2187
2729
3508
4105
2184
10666
223238
4193
2155
9624
2078
2129
2352
2859
152775
3465
4853
2416
39845
187508
138118
2517
2413
1922
2333
5459
6405
1892
1820
30122
2788
2330
1876
