48449
12232
13925
11928
25461
11954
10806
11442
11494
12303
15634
11430
12040
485791
16492
31060
2352191
19131
517930
13239
12102
43681
10476
365258
15093
13036
12352
12413
10826
12661
87514
12778
14488
561153
14740
41030
12369
56577
12431
83662
11522
13017
12929
25681
18942
10880
11855
11519
11320
13745
13240
14367
414551
297091
16914
1056157
582152
695360
21945
14794
1263494
24935
183321
46138
12725
11494
18179
1016847
20775
17255
11491
14559
11421
18415
703580
17630
690753
32549
18351
13079
13649
12238
12697
13187
15742
947888
20927
13180
12806
13580
12550
15814
522501
17982
15136
14587
20354
14620
262092
584747
20366
31016
13001
12488
19173
12554
15668
92505
13189
24555
12888
13258
12049
12802
11975
10866
12334
16589
1216723
22897
1567570
40156
17452
1613192
21521
92212
14285
437053
28018
31592
12468
12337
18742
1287632
20177
19969
418955
196206
1063284
19636
11380
12146
10894
10381
13013
156583
494792
1023393
19921
109086
10780
11880
42156
13226
10723
11232
11765
12808
78402
13126
274793
21494
1265616
56063
93633
12346
85439
14353
10671
11088
11238
10126
11528
80415
11855
11755
271528
197318
11638
2826026
21369
20763
28970
17904
881051
1224352
32321
317395
17617
27505
12386
15564
1667701
12285
12719
13202
12606
1324162
94168
24207
143577
15550
12608
40922
11393
14046
11788
13644
457215
15805
11704
1905008
295235
16939
333458
13812
11508
11251
12072
15602
11037
11687
12445
12078
15075
18598
22434
12120
56084
1157322
22429
11818
51811
12125
11522
12430
15591
801208
17561
26389
12768
207294
988287
722105
13015
11838
10843
11949
28072
32848
10322
10408
157115
14202
11972
9922
8922
2287
2665
2231
4669
2219
2054
2193
2145
2281
3033
2168
2269
90443
3084
5803
439396
3576
97405
2483
2296
8163
2017
66891
2799
2391
2283
2228
1993
2273
16565
2327
2606
106471
2790
7600
2342
10378
2326
15933
2198
2347
2358
4929
3524
2092
2251
2115
2167
2587
2443
2628
78434
54248
3130
198225
105844
132168
4109
2826
236645
4622
34583
8788
2392
2157
3530
191131
3909
3276
2157
2734
2151
3468
130892
3296
126913
6230
3505
2415
2562
2255
2443
2520
3007
180721
3835
2417
2351
2563
2330
2819
97368
3290
2773
2695
3670
2655
47537
111861
3732
5737
2404
2305
3553
2408
2895
17271
2540
4553
2482
2485
2219
2502
2316
2014
2269
3162
227833
4296
294209
7460
3358
300087
3946
17575
2673
82848
5074
6165
2354
2410
3432
247881
3908
3799
85307
37979
194894
3876
2195
2287
2045
2020
2546
30892
96671
190822
3872
20457
2114
2257
8118
2524
2090
2183
2222
2385
15079
2469
52096
3982
242239
10755
18023
2356
16503
2739
2100
2136
2185
1980
2280
15453
2304
2293
51582
38767
2275
536501
4185
4062
5494
3363
172410
232772
6054
59436
3402
5364
2332
2885
319925
2298
2425
2436
2409
248820
18653
4458
27433
3011
2376
7767
2147
2675
2236
2495
87090
2968
2207
362027
55588
3237
63925
2538
2263
2150
2249
2856
2069
2119
2258
2199
2732
3452
4205
2262
10454
222584
4211
2204
9715
2174
2148
2321
2837
151837
3342
4829
2355
39555
186341
138257
2542
2265
2025
2301
5387
6215
1938
1956
29957
2692
2304
1910
