48257
11139
14080
11828
26601
11510
11333
11424
11295
11435
15132
11438
13102
486000
16755
31678
2354803
18973
519169
13662
12479
42927
11173
365700
15540
12394
12368
12197
11677
13183
87120
12746
14622
560103
14164
42582
12115
56326
12237
84290
11436
13081
12630
25516
19730
10845
12338
11821
11147
13891
12935
13921
416485
296189
16241
1055147
583615
693965
21039
15030
1262727
24838
180805
46303
12447
11739
18703
1020588
19747
18072
11162
14135
11246
19577
703779
17491
686842
33605
17826
13378
13586
11830
12318
13615
15915
947212
20280
12913
12629
13314
12524
15875
526557
18305
15616
14287
20661
15050
264840
582471
20366
31885
12848
12957
19795
13278
15653
92265
12136
23586
13997
12981
11975
13037
11194
11422
13094
16474
1212608
22547
1565315
40813
16688
1610175
21830
90302
13605
442062
28839
31738
12207
12158
19887
1291082
20481
19934
417153
195307
1065138
20005
11339
12777
10657
10596
12941
157365
490705
1021507
18993
109492
11289
11637
42140
13533
10388
12010
11463
13533
79695
12690
274753
20417
1271902
54277
93455
12404
83673
14223
11073
11015
11326
11344
11068
80604
11659
11310
271706
197737
11867
2822787
22954
20747
28463
17009
882246
1224405
31404
312953
17414
27772
11789
15324
1666710
11855
12545
12784
12611
1325433
94399
24554
144122
15248
12370
41973
11794
14823
11584
13938
454363
15379
12077
1900294
294847
16560
336144
12830
11531
11467
12411
14956
11038
11552
12515
11579
15419
19221
21020
12778
57433
1156671
22839
11737
50921
11522
11838
12411
14247
797824
18245
25339
12724
204333
992121
720972
13340
11974
10567
12273
28260
33930
11022
9715
156490
14228
12423
9081
8907
2098
2710
2196
4869
2132
2152
2178
2134
2137
2931
2110
2449
90434
3169
5926
439869
3547
97755
2542
2396
8088
2143
66965
2859
2289
2276
2196
2183
2391
16448
2341
2644
106358
2682
7909
2312
10361
2282
16078
2174
2337
2312
4863
3657
2064
2361
2188
2140
2589
2371
2591
78820
54143
3017
198008
105922
131561
3954
2856
236461
4627
34053
8737
2329
2231
3603
191613
3758
3438
2092
2661
2116
3697
130639
3288
126480
6417
3412
2472
2539
2200
2349
2589
3056
180603
3759
2343
2306
2500
2341
2849
98049
3365
2820
2641
3702
2700
47972
111388
3802
5931
2413
2377
3658
2501
2959
17172
2363
4393
2645
2445
2246
2547
2162
2111
2376
3165
227315
4244
293518
7579
3271
300036
4037
17147
2573
83990
5205
6189
2330
2350
3666
248392
3955
3761
84851
37584
194973
3868
2216
2441
2027
2037
2560
31164
95760
190121
3675
20496
2210
2173
8147
2586
2026
2297
2205
2525
15239
2382
52115
3820
243294
10392
17993
2333
16274
2699
2181
2132
2143
2213
2205
15482
2261
2179
51579
38827
2317
536525
4508
4080
5418
3179
173053
232874
5914
58545
3420
5399
2260
2890
319781
2258
2425
2378
2436
249195
18676
4577
27503
2990
2360
7884
2147
2783
2208
2547
86666
2884
2255
361104
55455
3111
64299
2380
2275
2192
2293
2723
2083
2100
2295
2139
2751
3609
3918
2350
10680
222238
4281
2207
9604
2067
2238
2331
2608
151608
3448
4685
2391
38865
187079
138113
2571
2293
1973
2348
5389
6445
2048
1830
29816
2692
2375
1730
