49321
11514
13410
11410
26732
12616
10880
11689
11648
11852
16061
11293
11943
487555
16503
31214
2353151
18426
515633
13733
12215
41014
11060
362544
14539
12718
12141
11905
11461
13324
86774
12466
14735
560404
15217
41789
12816
57688
12042
84336
11410
12358
13222
25365
19920
11505
11726
11457
11726
13728
12785
14470
417172
297019
16488
1048311
580417
690659
21827
15319
1264694
25319
180162
44677
12591
12185
18737
1019993
21028
18109
10847
14350
10710
18434
701765
17877
687603
33130
17472
12935
12852
12377
12552
13262
15070
943648
20862
12671
12783
12992
13089
16145
525797
17342
14423
14676
20903
14773
262569
589029
20216
31869
13042
13409
19201
13037
15042
90723
12089
23007
13253
13696
12170
13091
11590
11286
12458
16566
1215508
22666
1557804
39970
17260
1609075
22197
89998
13039
438873
29854
31160
12506
11749
19580
1288165
21155
20452
418512
196823
1068519
20199
11324
12443
10857
11017
13414
158393
494537
1018188
19820
107956
10822
12018
42404
12585
10798
11501
11149
13210
78369
13082
270425
21337
1271904
53973
94351
11971
83951
14360
10911
10753
11008
10903
11149
81891
11456
11768
271961
198662
12204
2822062
22305
21793
29286
17274
881495
1224636
33050
315013
17562
28138
12193
15204
1664891
12240
12871
12744
12545
1332379
96265
24041
143525
16113
13040
42036
11648
14408
11221
13594
460426
15546
11494
1904056
293940
16932
334731
12570
10738
11163
12081
15167
11374
11404
11792
11693
14893
18251
21478
12581
55654
1157733
22469
12216
51658
11795
11836
12243
14962
804345
17844
24999
12730
206014
990288
717016
12964
11723
10366
12370
28033
33853
10311
10123
154895
14311
12934
9625
9107
2167
2561
2136
4882
2331
2072
2203
2187
2219
3067
2124
2228
90549
3119
5788
439959
3451
96899
2576
2322
7706
2136
66264
2727
2315
2256
2098
2133
2371
16477
2299
2691
106388
2881
7753
2427
10566
2240
16085
2185
2230
2424
4886
3750
2138
2232
2160
2272
2571
2383
2657
79182
54365
3058
197302
105468
131036
4110
2870
236972
4672
34081
8473
2360
2303
3618
191636
3963
3466
2057
2706
2034
3434
130378
3345
126673
6325
3324
2397
2427
2286
2389
2534
2881
180093
3857
2352
2396
2433
2448
2867
97699
3166
2694
2678
3787
2668
47646
112496
3739
5919
2432
2424
3556
2450
2866
16936
2333
4275
2500
2596
2240
2535
2226
2083
2285
3178
227662
4248
292111
7402
3325
299295
4047
17113
2477
83542
5352
6069
2367
2285
3621
247613
4046
3832
85101
37967
195482
3948
2216
2360
2034
2106
2640
31229
96456
189876
3836
20221
2147
2284
8158
2402
2098
2223
2180
2464
15087
2430
51361
3937
243449
10388
18108
2277
16250
2695
2135
2093
2088
2144
2189
15669
2211
2266
51626
39091
2387
536008
4365
4251
5541
3312
172549
233097
6149
59006
3389
5488
2337
2835
319631
2348
2444
2363
2384
250617
19065
4454
27347
3083
2447
7976
2184
2738
2128
2469
87716
2930
2132
362120
55359
3181
64168
2309
2097
2138
2237
2739
2143
2068
2157
2133
2718
3451
4011
2326
10420
222739
4232
2282
9676
2140
2234
2267
2727
152752
3365
4602
2374
39311
186755
137390
2479
2227
1921
2373
5386
6397
1930
1915
29639
2718
2465
1851
