48351
11659
13276
11982
26736
11537
10861
11682
11002
11880
15712
11890
12147
488518
16329
31581
2350470
18838
519881
13002
11876
42322
10795
362840
15007
13556
13027
12003
11499
13990
87980
12667
15183
560019
15442
41610
12550
56580
12570
82831
11860
13140
12913
25114
20656
11201
12048
11742
11496
13432
12917
14464
422569
295434
16286
1052719
587221
697477
21308
14419
1260579
24410
182246
46185
12606
11967
18066
1019138
21013
17371
11021
13816
11466
18790
698654
17066
684250
32563
18317
13346
12697
12574
12464
12640
15541
944477
19735
12699
12770
13535
12800
16409
520978
17557
14750
14551
20407
14903
262721
582616
19856
30885
12552
12753
18623
13192
14982
92510
12228
24242
12918
13181
12596
12883
11534
11380
12175
16442
1217200
22709
1557624
40664
18637
1611160
21369
91320
13344
441584
29028
31485
12187
12428
19901
1287915
20961
18987
415213
198825
1061920
20115
11795
12263
10969
10698
13461
155835
494213
1026017
18900
109674
11287
11742
42089
13364
10951
11536
11568
12882
78581
13107
274327
21820
1270090
55480
91784
12524
83825
14678
11003
10528
10953
10569
10877
80350
11947
12039
275969
198231
12031
2819933
21721
21299
28043
17182
883207
1219904
31906
312167
17446
28888
12150
15144
1661751
12104
12818
12840
12279
1326106
95652
24410
144370
15878
11776
41070
11384
14135
11629
13205
459731
15012
12126
1902743
294323
16404
333062
13014
11480
11280
12074
15269
11752
11465
12191
11551
15148
18862
21595
12134
56950
1155049
22252
11416
51398
11857
11385
12697
15058
804694
17599
25687
13263
208223
995987
717365
12986
11722
10341
11967
28768
34647
10829
9255
157468
14214
12664
9860
8950
2201
2544
2236
4879
2138
2064
2199
2062
2235
3003
2190
2288
90793
3092
5908
438842
3507
97455
2429
2229
7998
2078
66254
2823
2502
2404
2157
2136
2493
16685
2343
2737
106213
2945
7731
2364
10382
2357
15852
2237
2364
2335
4885
3810
2113
2312
2160
2181
2516
2356
2700
80072
53979
3011
197521
106454
132157
3966
2732
236435
4547
34400
8836
2365
2218
3499
191433
3953
3264
2071
2642
2173
3553
129896
3238
125792
6199
3478
2453
2377
2276
2383
2435
2947
179924
3638
2289
2350
2533
2382
2894
96819
3277
2710
2693
3691
2687
47681
111401
3699
5761
2325
2330
3435
2472
2817
17323
2356
4432
2449
2462
2342
2511
2192
2077
2255
3123
228132
4264
292702
7535
3538
300018
3934
17341
2506
83849
5251
6101
2289
2371
3617
248075
4096
3568
84566
38209
194479
3881
2277
2313
2066
2057
2609
30800
96416
191204
3672
20594
2200
2211
8068
2537
2147
2242
2184
2399
15133
2455
51841
4072
242926
10605
17645
2355
16343
2772
2194
1995
2121
2069
2178
15366
2318
2342
52184
39107
2324
535611
4265
4163
5316
3256
172915
232005
5998
58546
3397
5606
2326
2790
319126
2299
2433
2367
2364
249394
18981
4505
27422
3043
2258
7825
2152
2671
2209
2431
87681
2820
2314
361893
55505
3097
64243
2393
2269
2185
2248
2734
2205
2073
2224
2148
2763
3528
4019
2248
10588
222182
4179
2121
9657
2139
2175
2376
2772
152648
3292
4744
2469
39742
187488
137630
2486
2210
1929
2321
5498
6469
2033
1745
30026
2688
2451
1904
