48667
10532
13610
12488
26656
11374
11235
11555
11530
12141
15822
12029
12432
488663
16457
32334
2347288
19107
518437
13516
11067
42417
11087
363508
15259
12555
13240
12659
11279
12684
87351
12939
14176
560309
14878
41221
12556
57074
12456
84774
11834
13113
13129
25277
20078
11051
11625
11960
12094
13778
12774
14913
416427
298335
16784
1054151
590546
693191
21352
14936
1261435
24833
179249
46292
12558
11419
18581
1021738
20047
17788
11214
14012
11554
18986
700947
17604
685620
33779
18519
12946
13470
12154
12820
12890
15721
945014
21305
12466
12452
13245
12730
16434
519097
17704
14870
14584
21513
14293
263010
581907
21030
31260
12639
12430
18912
12521
15997
93761
12564
23255
13764
12886
11121
13256
11154
10660
12504
16545
1224318
22873
1556380
40239
17673
1617918
21125
88783
13688
441271
29014
33089
12062
12497
20059
1281633
21038
20596
415934
197119
1058860
20218
11129
11854
10544
11275
13090
156862
492629
1019857
19171
110152
11080
11553
40882
12575
10791
11175
11688
12990
78903
13089
274731
21568
1272505
55920
93098
12765
86204
14163
10785
10905
10650
10675
10143
80536
11905
11122
270793
198782
11210
2820804
22174
20383
28062
17373
881621
1223449
33294
316420
17424
28286
11950
14519
1662138
11820
13268
12694
12150
1326097
94981
23293
144789
15723
13113
41046
11410
14016
11805
13389
455055
15594
11946
1901215
294147
17042
334248
12584
11118
11607
11898
14687
11240
11502
12023
12171
15119
18524
22272
12031
56056
1154407
22581
12213
51621
11450
11154
12472
15923
799656
18680
26256
12151
205106
993409
720033
12997
12234
10693
11745
28995
34711
11158
9801
155910
14347
11854
9682
9004
2012
2609
2308
4824
2115
2109
2171
2156
2269
3052
2240
2366
90920
3157
6040
438633
3580
97465
2529
2129
7965
2098
66663
2801
2326
2437
2292
2136
2282
16544
2387
2575
106430
2803
7645
2337
10465
2293
16124
2244
2362
2393
4887
3721
2054
2210
2150
2285
2554
2381
2754
78729
54632
3084
198304
107227
131434
4005
2832
236203
4573
33913
8842
2328
2162
3583
191710
3772
3404
2079
2665
2199
3596
130304
3343
126368
6444
3529
2380
2499
2194
2437
2469
2972
180102
3914
2265
2305
2459
2376
2901
96345
3248
2709
2699
3878
2613
47584
111167
3914
5843
2366
2275
3457
2339
2993
17464
2403
4348
2603
2456
2090
2552
2126
1993
2284
3138
228421
4277
292398
7469
3371
301516
3930
16857
2580
83974
5221
6403
2305
2359
3647
247096
4084
3829
84717
37991
194012
3895
2169
2293
2010
2174
2579
31017
96124
190064
3704
20576
2177
2201
7878
2417
2108
2171
2216
2413
15123
2483
52112
3986
242962
10793
17881
2410
16742
2704
2165
2106
2029
2087
2028
15426
2320
2170
51475
39049
2207
535554
4304
3987
5337
3282
172882
232744
6175
59348
3401
5514
2290
2730
318486
2240
2525
2358
2325
249479
18783
4301
27563
3051
2482
7774
2141
2654
2216
2458
86733
2945
2238
361151
55341
3271
64182
2307
2182
2203
2176
2681
2160
2113
2198
2210
2764
3466
4135
2209
10504
222156
4228
2257
9703
2056
2126
2324
2874
151843
3506
4848
2237
39071
187292
137662
2527
2342
1992
2255
5571
6516
2055
1882
29616
2728
2276
1897
