48453
11141
13612
11936
26530
11750
11211
11517
10992
12204
15543
11799
11824
488454
16922
31159
2355763
18599
517315
13364
12211
42461
10842
363598
15550
13267
12559
12344
11631
12268
88148
12245
14794
560253
14970
42078
12507
56715
12787
83834
11972
13334
12811
25627
19736
10786
12141
10844
10972
14046
13131
14449
417896
298403
16702
1051715
586402
694818
21112
14997
1256909
23776
182887
44969
12723
11724
17944
1017355
20083
16592
11124
13917
11147
19045
697652
16693
681392
32437
18444
12924
13354
12585
12345
13082
14889
950633
20141
12943
13099
13706
12373
16249
526372
17853
14587
14819
21923
15045
263631
576880
20761
31527
12733
12920
18486
12934
15839
90807
11958
22927
12634
12967
12185
13311
11252
11599
12238
17150
1218096
22493
1560457
39905
17304
1614026
21792
91327
13285
439461
28455
30856
12039
12092
19634
1290067
20380
19351
420137
196143
1065234
19530
10936
11725
10846
10690
13053
157755
491874
1018457
19270
108450
10981
11687
41825
13104
10668
11186
11271
12654
79921
13112
273406
21173
1271411
55547
92110
11505
84882
14998
10438
11199
11026
10800
10946
81802
12363
11797
274232
197603
11610
2829962
21598
21125
28356
17446
884445
1224209
32761
314953
17552
27607
12167
15083
1667144
12052
13120
12850
12664
1328660
95808
24062
142699
16160
12540
42596
11937
13477
11660
13672
450987
15427
11658
1904029
291885
16396
332997
13160
10810
11137
12610
14155
11051
11539
12024
11676
15570
18996
22038
12799
56236
1159894
21985
11883
51928
11656
11978
12498
15859
801515
18920
24962
13087
205617
994619
722142
13040
12305
11287
12141
27996
33312
10870
9714
156644
15190
11725
9802
8945
2116
2621
2228
4863
2174
2114
2170
2079
2294
3017
2221
2224
90694
3167
5819
440171
3486
97192
2515
2300
7989
2076
66599
2912
2417
2309
2247
2152
2224
16792
2280
2675
106165
2808
7785
2353
10386
2392
16044
2258
2446
2337
4911
3637
2018
2306
1994
2129
2607
2436
2681
79401
54643
3118
197914
106722
131804
4000
2867
235302
4420
34452
8606
2393
2216
3443
191424
3770
3172
2082
2638
2110
3589
129775
3136
125560
6257
3527
2374
2464
2315
2354
2522
2853
181242
3705
2376
2410
2568
2293
2942
97886
3291
2708
2710
3936
2691
47729
110613
3841
5853
2402
2397
3463
2459
2957
16933
2323
4274
2411
2473
2270
2572
2141
2130
2268
3258
228476
4228
293192
7325
3359
300438
4045
17331
2496
83668
5137
6025
2265
2296
3584
248352
3963
3692
85443
37857
195254
3797
2101
2256
2075
2072
2558
31236
96177
190121
3747
20404
2162
2211
8033
2547
2072
2190
2182
2394
15366
2438
51926
3940
243200
10735
17769
2163
16494
2797
2055
2168
2112
2114
2207
15696
2403
2295
51995
38886
2269
537671
4252
4123
5409
3264
173381
233021
6150
59120
3395
5402
2333
2818
319942
2291
2498
2380
2440
249671
18963
4461
27166
3106
2383
8117
2200
2560
2235
2512
85948
2877
2176
361797
55072
3117
64045
2406
2148
2134
2323
2599
2092
2116
2242
2116
2788
3591
4123
2352
10603
222962
4101
2243
9714
2115
2272
2342
2894
152373
3571
4592
2440
39180
187494
138363
2495
2351
2125
2346
5335
6297
2011
1856
29822
2860
2260
1895
