48451
11991
13574
12327
26595
11568
10358
11111
11544
11912
15908
11377
12239
487058
17366
31206
2343021
19210
523176
13399
11777
43555
11398
368183
15267
12612
13074
12472
11342
12332
89595
12068
14696
562061
15288
41260
12347
57345
12646
83639
11754
13288
13424
25320
19172
11485
11857
11381
11343
14091
13231
13530
414599
298711
16280
1056462
585224
694424
21670
14232
1256495
25109
181502
47439
12871
11526
17677
1018687
21059
18567
11084
14313
10774
18417
696568
17417
683636
33406
18319
13702
13464
12711
12772
12787
15074
942983
19654
12948
13205
13613
12206
16438
519467
17905
13963
15334
20448
14450
260630
585535
20085
31015
13104
12872
18502
12371
15963
92338
12274
22330
12997
13015
12026
12738
10935
10931
12401
16259
1218650
23652
1559345
39510
17996
1613066
21864
92132
14066
444234
29258
32601
12897
12262
19294
1285393
21303
20263
416271
197016
1060145
19230
11254
12292
10717
10602
13675
157255
490643
1023758
18915
109358
11222
12407
41461
12842
10853
11514
10957
12898
77864
12793
270388
21290
1273490
54969
92823
12590
84066
14253
10706
10544
10777
11266
10838
81431
11856
11515
274229
198731
12264
2822117
21758
21406
28385
16810
884553
1221105
32501
315584
16897
27748
12311
15311
1664892
11622
12823
13191
13087
1329883
95993
24115
142313
15687
12046
40887
11081
12634
11736
13001
456162
15698
11519
1905406
294487
16987
330238
12897
11421
12084
12003
15072
11382
11534
11700
11896
14717
18038
21193
12854
56228
1154444
22252
11407
51003
11466
11855
11947
15184
802657
18656
26331
13504
205990
987720
720169
13778
12426
10469
11980
28153
33902
10167
10176
156512
14586
12630
9944
8871
2236
2610
2253
4838
2121
1974
2118
2153
2221
3041
2133
2323
90647
3253
5827
437781
3640
98215
2532
2235
8144
2210
67311
2866
2359
2411
2267
2098
2259
16936
2252
2651
106354
2913
7613
2319
10481
2349
15896
2274
2405
2428
4882
3565
2139
2237
2109
2155
2607
2400
2505
78674
54391
3018
197972
106337
132099
4042
2733
235204
4666
34303
9051
2418
2204
3406
191695
3988
3496
2099
2727
2033
3510
129448
3292
125905
6368
3462
2528
2488
2306
2410
2443
2873
179982
3648
2339
2398
2531
2290
2903
96601
3290
2545
2801
3706
2624
47353
111774
3745
5812
2468
2363
3405
2326
2963
17302
2358
4191
2441
2455
2201
2473
2114
2008
2274
3105
228364
4436
292308
7364
3463
300241
3996
17522
2681
84407
5234
6323
2411
2320
3542
247435
4132
3845
84868
37912
194279
3727
2198
2349
2004
2045
2646
30987
95836
190681
3634
20481
2218
2357
8022
2472
2078
2240
2122
2369
15040
2364
51473
3966
243641
10507
17870
2344
16349
2729
2099
2052
2071
2195
2119
15612
2335
2223
51867
39116
2376
535513
4219
4137
5366
3190
173134
232582
6088
59309
3306
5396
2352
2879
319613
2193
2453
2463
2468
250033
18954
4424
27150
3055
2302
7718
2064
2429
2213
2383
86972
2913
2174
361953
55516
3226
63468
2375
2244
2297
2238
2729
2129
2088
2156
2195
2696
3400
3981
2372
10548
222033
4164
2132
9592
2048
2243
2253
2792
152134
3462
4864
2503
39324
186259
138032
2641
2386
1954
2304
5387
6366
1906
1926
29770
2760
2413
1895
