49710
11470
13287
12261
26077
11716
11107
11790
11053
11652
15588
11497
11841
487968
16662
31550
2355409
18820
517134
13547
12625
42525
11256
366582
15299
12676
13033
12122
11936
13029
89129
12332
14841
558840
15595
41835
12518
56434
13027
83415
11674
12769
13533
24653
19379
11332
11952
12085
11702
13835
13050
14197
417362
296719
16759
1053831
581871
694819
21410
14692
1256719
25395
183334
45449
12047
12038
18242
1016938
21338
17422
11041
14410
11718
19249
700360
16917
685661
32807
18659
12818
13857
11992
12508
12467
15729
948596
20442
12405
12297
13620
12786
16671
524643
17950
14859
14635
20991
14497
260573
586384
19345
31626
13546
12316
18944
12496
14936
91831
12380
23095
13083
13283
12315
13488
11636
11265
12440
17187
1217927
22826
1557693
40499
18184
1614531
21161
91437
13191
439547
27633
31925
12762
12498
19497
1289901
20538
20371
417450
198598
1060662
19884
11144
12593
10621
11038
12788
155872
492531
1020887
18913
108780
11061
11669
42896
12742
10536
10774
11591
12707
78168
12624
273738
21084
1266057
56059
94350
11835
86196
14534
11261
10761
11106
10604
10819
81664
12290
11216
270252
199848
11656
2820415
22256
21063
28884
17848
885709
1220801
33079
315108
17689
26954
12096
15765
1659156
12112
12970
12549
12942
1326562
94427
24038
143374
15800
12660
43464
11718
14039
11469
13299
454649
15523
11650
1900577
292955
16193
332599
12480
11081
11405
12331
14874
11693
12252
11977
11956
14830
18168
21869
12857
55089
1158200
22474
12257
49537
12705
12038
12306
15130
799397
18236
25667
13095
206216
993731
718520
12976
12062
10186
12471
27980
34429
10449
9522
158102
14499
13306
9540
9184
2143
2535
2259
4805
2175
2118
2221
2090
2199
2994
2165
2237
90721
3147
5888
439722
3540
97049
2528
2367
8016
2154
67117
2855
2338
2394
2189
2218
2346
16886
2308
2681
106181
2921
7794
2372
10371
2378
15966
2191
2309
2462
4749
3588
2115
2251
2198
2241
2587
2396
2601
79185
54191
3104
197853
105751
131846
4002
2798
235407
4665
34698
8671
2272
2232
3531
190881
3966
3313
2079
2742
2208
3668
130379
3211
126296
6277
3542
2376
2560
2240
2384
2375
3003
180689
3763
2271
2296
2545
2414
2960
97641
3304
2754
2697
3791
2633
47288
112225
3603
5870
2514
2259
3515
2340
2840
17112
2409
4302
2461
2493
2261
2595
2214
2052
2266
3265
228227
4305
292069
7511
3509
300291
3915
17384
2498
83614
4977
6229
2422
2387
3589
247920
3956
3816
85105
38198
194438
3887
2165
2408
2012
2112
2521
30769
95924
190428
3636
20376
2189
2217
8172
2401
2062
2126
2213
2367
15033
2342
51833
3900
242467
10699
18131
2274
16678
2748
2208
2066
2168
2095
2137
15699
2375
2175
51203
39247
2273
535386
4338
4098
5482
3349
173597
232270
6214
59251
3454
5225
2323
2941
318792
2296
2473
2351
2465
249143
18612
4436
27183
3071
2423
8226
2181
2653
2180
2443
86921
2893
2187
361421
55112
3083
63785
2339
2193
2196
2270
2683
2194
2221
2198
2198
2719
3464
4071
2366
10354
222388
4203
2273
9355
2286
2256
2321
2783
151451
3452
4743
2410
39411
187381
137746
2525
2294
1904
2392
5357
6501
1918
1823
30053
2758
2516
1841
