49378
10919
13487
12278
26598
11522
10611
11428
11409
11587
15747
11222
11801
486402
16671
32160
2351710
18953
517792
13800
11749
43886
10923
363517
14849
12795
12781
11919
11811
12929
88314
12539
14891
563548
15708
42312
11966
57644
13047
83121
11623
12715
13164
25897
19652
11290
11190
11571
11143
13842
13188
14350
414319
298944
16567
1058946
583604
693279
21157
14476
1255715
25044
182565
47069
12097
11824
18392
1019505
20450
18203
10360
13654
11292
18986
702652
17448
688266
33798
18219
12859
13816
12215
12754
13012
14971
952381
20572
13131
13235
13411
13421
16276
524475
18413
15523
14475
21329
14985
264608
580869
19866
31813
13157
12545
18321
12942
15243
93310
12364
23006
13484
14068
12530
13588
11718
11438
12410
17232
1216511
23461
1569373
39741
17924
1612481
21415
92397
13637
439669
27834
30902
11980
12249
20490
1288413
20517
19912
417410
197550
1059889
18983
11718
12393
10989
10547
13275
158684
494723
1021677
19216
108206
11035
12122
41348
13419
10749
11540
11302
12812
77215
13336
274367
22377
1275624
54627
91882
12409
84297
13992
10699
11192
11179
10510
10739
82368
11611
11263
272998
199793
11403
2814810
21774
20765
29329
18163
886584
1227980
32610
314296
16974
27575
12055
15962
1666242
11448
13231
12681
12582
1323213
94497
22925
141463
15725
12561
40870
12081
13626
11966
12852
453402
14938
11729
1906799
294859
16237
330758
13194
11074
11341
11576
14899
11125
11234
12559
12044
15475
17883
21738
11970
56492
1158835
22259
11733
51754
11800
12049
12327
15118
801647
19096
25364
12655
205982
992179
718449
13291
11617
11080
11258
27934
34538
10286
9467
156355
14871
13026
9236
9026
2061
2612
2254
4811
2142
1999
2168
2140
2148
3010
2114
2246
90419
3158
5975
439582
3559
97328
2582
2246
8172
2059
66730
2785
2361
2367
2171
2197
2363
16738
2323
2723
106963
2995
7819
2280
10610
2420
15956
2224
2301
2396
4962
3649
2139
2154
2130
2104
2578
2452
2644
78481
54570
3048
198783
105912
131554
3962
2759
235227
4598
34367
8967
2263
2276
3556
191756
3861
3459
1983
2575
2146
3546
130758
3277
126641
6431
3505
2410
2556
2222
2396
2460
2901
181433
3778
2427
2396
2514
2507
2903
97352
3386
2863
2676
3838
2705
47910
111317
3707
5895
2435
2300
3406
2403
2850
17270
2399
4263
2531
2629
2352
2583
2223
2089
2293
3262
227886
4415
294189
7332
3454
300240
3949
17502
2552
83505
5045
5983
2281
2313
3721
247868
3936
3756
84873
37928
194262
3761
2296
2351
2064
2040
2580
31272
96595
190003
3721
20153
2166
2290
7986
2556
2103
2223
2153
2381
14803
2480
52069
4136
243911
10479
17655
2316
16334
2635
2119
2134
2158
2071
2131
15744
2301
2185
51757
39214
2241
534680
4249
4017
5514
3344
173739
233682
6117
58812
3315
5427
2306
2981
319818
2184
2450
2347
2401
248617
18752
4251
26941
3085
2362
7730
2279
2582
2247
2374
86462
2793
2216
362409
55565
3080
63536
2403
2173
2134
2168
2678
2100
2045
2303
2186
2803
3382
4061
2233
10595
222758
4181
2173
9690
2100
2251
2320
2769
151847
3601
4654
2374
39394
187198
137681
2564
2208
2063
2168
5351
6463
1919
1813
29787
2818
2536
1793
