48495
11517
13928
11777
26898
11735
10700
11462
10946
12220
15111
11757
12101
487984
16892
31870
2357385
18797
518640
13428
12631
44123
11312
362314
15539
12613
12739
12331
11529
12994
88268
12446
14849
559051
15482
41415
12618
56854
12636
83437
11841
12879
13110
26282
19314
12035
11867
12139
11350
14687
13149
13447
419921
294532
16680
1052197
583379
691089
21267
14466
1252561
25544
179059
46530
13119
11735
18526
1016883
21029
17771
11350
13889
11573
18066
699127
17071
687235
32928
17998
13151
13114
12547
12747
13375
15927
947341
19920
12863
12323
13451
13180
16018
516165
17315
14463
15027
20578
14897
261804
582384
19862
31965
13365
12588
19043
12708
15457
93553
12606
24490
13263
13134
11952
13266
11382
10517
12366
17586
1217430
23066
1557954
39259
17282
1610461
21194
90218
13781
440943
29623
31317
11987
12454
19806
1288826
21236
19992
417807
197563
1060117
19787
11535
12780
10289
10950
13780
159025
490855
1024718
19381
108734
10472
12056
42279
13274
10557
11867
11795
12921
76561
13691
271576
21416
1274477
56120
92274
12959
85395
14771
11326
11005
11271
10881
11110
82318
11945
11998
271466
197322
12217
2825500
21075
21809
29370
17572
886553
1221083
32215
313704
17757
29147
11951
15019
1672890
11998
12819
12560
12396
1323124
94694
23800
142314
15909
12326
41940
11531
13309
11827
12917
454001
14962
12216
1899620
289871
16386
334741
12990
11121
11959
12161
14457
11832
12286
11972
12107
14636
18595
21449
12763
56052
1157556
22476
11662
51489
11610
12206
12274
15356
805680
19054
26068
13469
207301
998405
719548
13472
12301
10057
12176
28740
35744
10772
9573
157444
14715
12317
9697
8934
2170
2683
2187
4911
2175
2042
2144
2026
2261
2917
2236
2303
90781
3178
5919
440198
3528
97282
2510
2386
8299
2118
66468
2874
2314
2340
2215
2150
2340
16708
2316
2687
105969
2915
7719
2371
10400
2350
15869
2246
2348
2373
4988
3555
2266
2245
2188
2167
2741
2421
2467
79400
53709
3072
197438
106006
131364
3978
2766
234683
4709
33783
8939
2462
2216
3583
190960
3975
3360
2130
2621
2179
3414
130097
3236
126356
6294
3412
2432
2445
2327
2384
2552
3051
180791
3681
2367
2293
2530
2440
2864
96261
3176
2663
2775
3747
2722
47468
111427
3702
5936
2472
2319
3514
2379
2862
17424
2457
4547
2537
2481
2258
2563
2193
1986
2271
3366
228308
4346
292502
7295
3344
300052
3950
17074
2586
83809
5309
6020
2272
2375
3652
248242
4128
3747
84921
38128
194162
3871
2227
2453
1969
2125
2643
31223
95671
191094
3755
20315
2080
2296
8174
2526
2072
2323
2234
2400
14793
2535
51536
3979
243887
10650
17809
2422
16535
2770
2220
2089
2155
2132
2202
15821
2352
2308
51512
38956
2368
536598
4125
4226
5531
3298
173765
232469
6019
58797
3432
5621
2270
2787
320466
2293
2436
2323
2363
248769
18688
4383
27217
3045
2342
7898
2167
2535
2240
2363
86474
2816
2287
361120
54523
3171
64274
2427
2186
2281
2282
2667
2224
2221
2216
2217
2644
3535
4015
2326
10458
222471
4224
2181
9707
2102
2324
2291
2792
152717
3577
4818
2528
39531
187903
137786
2625
2317
1881
2361
5513
6703
2018
1811
29999
2794
2372
1875
