50314
11339
12795
12289
27380
11514
10924
11753
11251
11349
15879
11401
11889
485032
16636
30732
2348898
18636
522649
14258
12159
42927
11810
360925
14820
12268
12628
12378
11717
13092
88749
12736
14626
563387
15267
41495
12560
56500
12573
83067
11621
12695
12863
25083
20078
11292
11895
11842
11877
14135
12750
13922
414896
296848
15852
1050916
583474
696193
20367
14160
1260355
25061
181819
46273
13093
11808
17727
1011648
21227
17656
10573
13138
11320
18504
700353
17397
687799
33245
18411
13385
13013
12178
13008
12776
15400
944466
19557
13266
12564
13776
12442
15561
521618
17520
13769
15013
21417
14778
264079
586111
20031
31476
13201
12932
19366
13101
15433
91587
12792
23465
13448
12893
12843
12779
11341
11279
12268
16768
1221480
22823
1568137
39943
18516
1606427
20446
90769
13914
441997
29678
31602
12334
12563
19826
1289308
20596
20957
416863
197131
1059845
19930
11042
12748
11180
10205
13093
155946
494351
1018671
20267
108833
10718
12110
41200
13121
10535
11311
11597
13075
77910
13872
273809
20612
1274737
56185
91650
12420
86198
13924
11542
11071
10888
11024
10359
80693
11535
11793
270439
197128
12305
2825745
21599
21462
28620
17503
885140
1229588
33081
314229
18068
28022
11550
15216
1671577
11728
13619
13017
12404
1325002
94913
24371
141853
15499
11938
42408
11555
14157
11607
12932
457608
15137
11942
1908621
297006
17061
335547
12986
11727
11276
11533
14374
11071
12184
11447
11954
14901
17391
20873
11854
56405
1153692
22616
11928
50648
11822
11888
11913
15820
806706
18505
26723
12735
205862
993722
720072
13259
12404
10623
11599
29024
33568
10812
9321
155464
14794
12544
10095
9309
2114
2468
2269
5029
2153
2078
2195
2109
2135
3103
2138
2280
90124
3155
5729
438844
3510
98138
2677
2333
8048
2254
66080
2754
2240
2343
2217
2168
2344
16755
2367
2635
106849
2880
7757
2367
10410
2333
15917
2212
2332
2351
4809
3727
2118
2226
2157
2283
2629
2396
2602
78611
54172
2929
197315
106015
132118
3792
2747
236304
4652
34330
8784
2443
2217
3425
190183
3972
3382
2005
2515
2141
3485
130403
3306
126500
6357
3520
2472
2422
2232
2453
2443
2933
180071
3604
2443
2321
2592
2345
2795
96877
3202
2525
2734
3885
2683
47904
111862
3694
5886
2461
2332
3592
2456
2864
17078
2457
4372
2540
2433
2361
2430
2170
2074
2271
3235
229068
4262
293743
7375
3568
299170
3808
17229
2611
83973
5350
6141
2350
2428
3608
248279
4000
3928
84707
38029
194385
3881
2170
2436
2106
1961
2578
30749
96429
189901
3858
20431
2119
2289
7926
2488
2047
2199
2256
2448
14990
2580
52034
3853
243853
10797
17590
2339
16801
2603
2245
2129
2108
2183
2028
15480
2262
2259
51163
38871
2397
536626
4250
4190
5449
3302
173661
233443
6197
58962
3483
5435
2191
2867
320196
2226
2577
2424
2364
248850
18696
4511
27057
2950
2258
8015
2139
2653
2219
2386
87223
2842
2262
362719
55814
3235
64644
2406
2291
2140
2158
2582
2118
2211
2134
2212
2723
3308
3893
2196
10605
221766
4204
2242
9498
2107
2253
2228
2906
152807
3519
4897
2372
39244
187269
137921
2523
2364
1979
2228
5580
6331
2029
1774
29532
2808
2415
1913
