48642
11252
13947
12340
26616
11094
11142
11189
11406
11449
14755
11379
12008
484735
16503
31792
2350984
18269
520757
13743
12177
43899
11063
365499
14738
12810
12586
12374
11594
13338
89137
11754
14133
561356
14830
41595
12424
56718
12360
84332
11771
13010
13034
25349
20791
11507
11973
11365
10935
14006
12854
13638
416491
295678
15578
1052756
587453
690417
21070
14114
1261441
24774
180954
45148
12646
11649
17827
1017718
21275
18047
10994
14172
11080
18559
704408
17002
687392
33148
18844
13345
13007
11738
12774
13071
15398
944105
20312
13083
12537
13521
12465
16149
525074
17743
15417
15047
20959
15131
261553
583592
20223
31018
13080
12917
19960
12219
15566
93903
12449
22756
13035
12479
11656
12799
11281
11609
12256
16312
1220121
23188
1558802
41209
17749
1606489
21376
91342
13845
439166
28418
31472
12255
12159
19207
1286306
21020
20607
418196
198733
1061977
19575
10983
12512
10645
10683
12806
156027
490884
1017645
19626
108544
11726
11118
41574
12737
11393
12510
11672
13312
78836
13134
272649
20743
1276181
54910
93069
12693
85240
14322
11262
10820
11224
10588
10863
81406
10999
12138
273381
198211
11672
2819100
21361
21446
27920
17257
888339
1220216
32366
310587
18224
28123
11797
15452
1668628
11917
12735
13308
12297
1320048
95821
24241
143387
15987
12297
43403
11371
13754
11899
13478
456980
15510
11648
1897489
292622
16519
331888
13145
10943
11348
11829
14231
11440
12170
12151
12234
15495
18053
21531
12020
55692
1163233
21435
12222
50258
12043
11810
12663
14906
800810
18285
25345
12747
206455
994770
719076
12657
11580
9825
11421
29301
34392
10667
10228
155893
15102
11672
9399
9027
2099
2656
2275
4847
2082
2139
2108
2149
2123
2823
2135
2256
90166
3111
5951
439227
3425
97862
2564
2294
8230
2093
66828
2755
2352
2380
2259
2171
2385
16833
2199
2529
106656
2854
7769
2349
10384
2308
16110
2255
2358
2383
4815
3850
2173
2275
2107
2101
2638
2380
2550
78812
53999
2899
197698
106637
130979
3957
2713
236157
4549
34284
8627
2376
2236
3471
191735
4021
3429
2049
2680
2097
3511
131150
3240
126319
6305
3578
2454
2397
2201
2413
2490
2917
180196
3701
2381
2315
2499
2336
2879
97549
3258
2822
2749
3793
2737
47451
111701
3774
5783
2412
2347
3672
2304
2848
17491
2412
4196
2484
2375
2189
2428
2182
2143
2275
3114
228653
4322
293003
7591
3406
299439
3922
17422
2621
83475
5145
6093
2308
2374
3505
247815
4078
3851
84996
38268
194666
3863
2126
2391
2002
2057
2516
30775
95827
189665
3806
20355
2266
2108
7986
2449
2230
2408
2259
2471
15145
2482
51748
3881
244159
10569
17875
2400
16588
2715
2212
2074
2118
2089
2162
15637
2164
2338
51802
38986
2280
535373
4217
4150
5311
3230
173815
232163
6032
58191
3562
5462
2216
2909
320073
2232
2447
2445
2353
248312
19070
4484
27239
3075
2327
8192
2159
2606
2262
2447
87059
2923
2180
361138
55007
3135
63602
2432
2174
2135
2190
2590
2165
2235
2228
2245
2807
3409
4031
2253
10410
223426
4047
2264
9521
2162
2237
2399
2715
152074
3474
4699
2360
39431
187557
137826
2452
2231
1828
2206
5551
6438
2008
1918
29709
2858
2271
1804
