49082
10669
13560
11863
25831
11537
11008
11627
10937
12314
15402
11834
11947
486012
16589
31337
2353473
18982
518998
14191
12289
44873
11681
362599
15273
12386
12111
12050
11473
13007
89846
12038
14337
561034
15649
41192
12750
56667
12594
81822
11805
13540
12736
26268
19256
11836
11945
11736
11560
13946
12727
14288
415460
297515
16399
1051913
580661
689247
21082
14858
1257775
24709
181525
46675
11995
12102
18333
1022681
21136
17822
10917
13911
11076
18344
695756
17339
684453
33106
18686
13644
13375
12097
13157
13140
15167
946018
20777
12598
13589
13518
12090
16894
523008
17596
15442
14930
21325
14773
262557
587250
19723
30509
12893
13607
18702
12824
15415
92943
11959
23196
13046
13008
12151
13208
11341
10858
12947
16284
1220211
22892
1563385
41132
17505
1621314
21021
91330
13710
441014
29972
32949
11648
12797
19691
1292402
21496
20347
416152
198192
1062829
20615
11454
12142
10738
10738
13468
157763
491383
1025911
19781
109997
10947
12106
42318
12884
10770
11435
11647
12757
78603
12906
272937
20953
1277955
55835
93390
12211
86555
13874
11579
11086
11227
10646
11256
79269
12089
11801
272869
198845
12296
2824707
21498
21784
28260
17994
881939
1228789
32314
311012
17988
27291
11659
15030
1670548
12916
12773
13282
12535
1327026
95625
24013
143659
16234
12750
41038
11257
13996
11488
13483
454823
14868
12137
1907311
296244
16314
333281
12790
10999
11464
12266
14528
11145
12033
11665
11892
15717
18614
21686
12819
56519
1161772
23160
11922
51779
11594
11272
12570
15096
801753
18066
26153
13105
205835
993102
720290
12679
12593
10821
12434
28416
33698
10903
9517
161182
14618
12627
9774
9090
2019
2586
2202
4739
2151
2087
2210
2051
2288
2959
2231
2263
90444
3138
5899
439678
3566
97612
2657
2332
8354
2230
66385
2833
2292
2244
2167
2154
2334
16981
2262
2577
106365
2959
7628
2357
10429
2354
15633
2256
2452
2316
5023
3603
2247
2243
2147
2196
2611
2390
2648
78768
54469
3067
197698
105539
130890
3966
2825
235623
4589
34284
8918
2235
2264
3521
192190
3993
3373
2043
2647
2131
3483
129662
3270
126098
6346
3544
2499
2489
2243
2473
2459
2933
180532
3810
2300
2515
2520
2292
3020
97097
3214
2848
2748
3863
2682
47684
112405
3703
5686
2392
2484
3430
2387
2888
17407
2319
4259
2454
2461
2272
2557
2140
2035
2362
3077
228254
4280
293333
7560
3381
301809
3874
17268
2568
83796
5380
6377
2197
2425
3602
248553
4113
3819
84795
38151
194627
4025
2227
2335
2034
2037
2635
31205
95891
190976
3806
20614
2166
2264
8108
2452
2106
2241
2215
2376
15118
2438
51805
3861
244306
10667
18076
2312
16855
2638
2281
2137
2155
2091
2230
15257
2373
2265
51735
39134
2374
536971
4270
4217
5350
3386
172921
233522
6051
58426
3488
5342
2233
2847
320371
2412
2397
2439
2358
249572
18924
4468
27398
3111
2423
7796
2099
2679
2221
2452
86869
2765
2267
362614
55684
3125
63847
2363
2164
2134
2283
2639
2096
2211
2153
2181
2850
3515
4037
2331
10579
223047
4330
2246
9683
2074
2171
2356
2781
152433
3390
4831
2403
39213
187178
137664
2450
2362
2026
2406
5455
6387
2040
1797
30482
2751
2431
1863
