48648
11641
13576
12156
26519
11375
10870
11476
11137
11259
15691
12260
10988
485524
16594
31652
2347409
18880
519051
13973
12486
43143
11211
362303
14433
13168
12340
12806
11623
13063
88645
12382
15248
562818
15643
41168
12309
57242
12455
83393
11755
12872
12566
25572
19680
10870
12013
11678
11868
13889
13066
14444
418825
297113
16790
1054456
585771
698803
21164
14579
1255416
24279
180288
45442
13192
11460
18244
1017218
20805
18008
10917
13673
11461
19008
699554
18145
683193
33879
18299
13545
13652
12162
12983
13090
14643
954540
20232
12867
12910
13079
12794
17127
524855
17655
14783
14496
21405
14692
262308
582616
19997
31763
12558
12437
19106
12746
16291
92429
12661
23602
12934
12523
11940
12774
11039
11680
12054
16829
1214947
22047
1564249
39456
17237
1603859
21601
91081
14031
443072
30109
31756
11784
12371
19160
1293659
20290
20240
417490
200223
1058802
19207
11779
12668
11078
11548
12874
157574
496670
1017715
19438
108065
10307
12090
40778
12458
10797
11426
11485
13237
79501
12656
274776
21766
1273709
56039
94659
12323
85857
13992
11611
10817
10921
10826
11008
82531
11818
11286
270733
198036
12171
2832786
21711
20253
28776
17172
882232
1221559
32549
315030
17294
28035
11485
14921
1666785
12430
12959
12867
11732
1323129
95144
24020
144121
16075
12265
40782
11216
13574
11948
13094
454725
15311
11876
1903270
295190
16714
334297
12729
11479
11885
12424
15203
10978
11558
12080
12047
15004
18062
21623
12166
56609
1161998
22009
12532
51429
11427
11564
12274
15095
801705
18625
24848
13071
206526
994857
721122
12741
12472
10528
12328
28193
33846
10043
9925
156168
14779
12594
9697
9009
2206
2622
2224
4854
2152
2058
2168
2069
2129
3056
2292
2085
90362
3128
5878
438462
3539
97518
2605
2387
8109
2169
66488
2709
2398
2276
2286
2178
2345
16754
2297
2746
106862
2970
7670
2322
10494
2293
15993
2230
2358
2281
4888
3575
2052
2290
2169
2237
2553
2418
2657
79252
54195
3103
197833
106225
132489
3952
2771
235309
4460
34012
8700
2455
2199
3507
190932
3911
3382
2066
2587
2184
3606
130141
3390
126085
6411
3506
2484
2543
2237
2418
2512
2841
181455
3734
2376
2364
2455
2370
3031
97406
3238
2740
2640
3908
2668
47532
111423
3719
5921
2369
2296
3549
2393
2995
17332
2457
4411
2483
2385
2222
2467
2157
2150
2246
3214
227394
4139
293325
7373
3323
298909
3972
17289
2605
83979
5347
6198
2232
2366
3517
249027
3916
3791
85047
38523
194069
3775
2271
2409
2105
2204
2524
31118
96825
189927
3769
20338
2043
2269
7856
2380
2125
2210
2210
2471
15215
2379
52154
4025
243599
10749
18263
2311
16695
2614
2284
2102
2099
2118
2164
15712
2309
2195
51360
39045
2378
537872
4274
3966
5426
3260
172748
232531
6082
59184
3380
5498
2185
2795
319579
2335
2449
2387
2214
248484
18987
4479
27437
3105
2334
7735
2124
2617
2261
2396
86751
2884
2241
362109
55344
3181
64174
2369
2224
2242
2293
2734
2083
2120
2238
2200
2739
3381
4054
2278
10648
223318
4142
2317
9697
2046
2186
2287
2754
152067
3483
4590
2413
39366
187359
137895
2459
2351
1961
2408
5408
6371
1887
1875
29745
2803
2391
1879
