48756
11715
13961
12812
26148
11861
10585
11158
10989
11920
15261
11287
12070
483287
16142
31452
2354306
19184
522595
13672
12208
44296
10394
365006
15061
12236
12620
11982
11654
12885
87969
12525
14189
558818
15369
41809
11860
56312
13080
84729
11966
12619
13185
24824
19100
10916
11603
11909
11198
13911
13193
14396
416285
298430
16275
1051104
583623
694838
21115
14378
1254541
25042
182446
46789
13228
11786
19209
1013488
20101
18775
10990
13502
11427
19656
698824
17256
691231
32713
18511
13206
13999
12854
12914
13087
15305
944978
20327
12462
13255
12824
13093
15808
524247
16877
14629
14966
21626
14672
263410
587558
19013
31995
12580
12718
19124
13360
15393
91572
12584
24127
12930
12671
12427
13261
11854
11329
12985
17031
1217013
22241
1564924
39619
17314
1611907
21705
91867
13399
442390
28338
31993
12489
12345
19374
1286503
21111
19705
415677
195985
1058298
19946
11565
11888
10692
10244
13466
156729
490414
1018658
19499
109785
11063
11637
41979
12929
10298
11406
11352
12731
78576
13328
273473
21281
1276863
55564
92231
12833
85048
13742
10359
10891
10832
10902
11210
83158
11679
11899
273520
196758
11951
2823089
22054
21469
28178
18215
880338
1228963
31572
312221
16667
27307
11572
15105
1665220
11579
12705
13275
12589
1316721
94786
22801
143759
14955
11817
41195
11719
13729
11819
13731
453717
15627
12156
1906925
291739
15936
333274
12618
11534
10886
12047
15185
11100
11205
11431
11129
14950
18205
21266
12550
55807
1159888
22026
11422
50523
12014
11789
12190
15394
801438
17923
25649
12689
205981
992344
718757
13232
12214
10920
11795
28953
34190
10706
9501
157399
14023
12308
9464
9024
2189
2657
2352
4786
2223
2028
2132
2058
2209
2903
2122
2287
89754
3025
5894
439831
3605
98155
2584
2317
8338
2014
66698
2817
2246
2353
2153
2209
2316
16709
2312
2594
105943
2907
7764
2223
10356
2446
16165
2271
2288
2349
4797
3606
2051
2217
2201
2153
2610
2416
2656
78723
54569
3010
197210
105826
131827
3973
2728
234916
4632
34521
8885
2466
2242
3668
190623
3823
3527
2057
2588
2182
3668
129923
3225
127219
6258
3496
2440
2591
2331
2446
2497
2950
180146
3750
2293
2438
2426
2440
2823
97331
3078
2692
2753
3926
2642
47682
112103
3573
5928
2342
2321
3559
2484
2873
17038
2456
4512
2458
2400
2274
2529
2252
2080
2397
3259
227874
4149
293608
7351
3364
300594
3989
17368
2528
84109
5060
6204
2330
2325
3551
248075
4094
3761
84798
37798
194368
3866
2248
2268
2027
1958
2616
30882
95641
189616
3796
20540
2168
2222
8053
2446
2030
2194
2197
2353
15029
2484
51921
3937
244592
10616
17748
2419
16561
2612
2034
2094
2104
2151
2215
15942
2312
2273
51800
38635
2319
535816
4325
4146
5364
3376
172793
233380
5940
58669
3206
5368
2212
2831
319969
2195
2392
2444
2427
247525
18771
4263
27317
2920
2265
7776
2210
2589
2238
2506
86628
2933
2294
362778
54944
3067
63943
2307
2278
2075
2282
2786
2089
2018
2094
2069
2750
3448
3974
2326
10473
223104
4116
2149
9484
2159
2231
2291
2826
152123
3350
4725
2358
39343
186954
137895
2543
2304
2028
2257
5552
6431
1981
1811
30007
2702
2352
1795
