48350
11640
13254
12206
25797
11751
10856
11309
11707
11861
15063
11617
12200
485337
16142
31860
2356109
18959
517902
13429
12254
42647
11166
364060
14952
12213
12734
12460
11697
12654
88908
12869
14673
560803
16006
41665
12031
55729
12472
83406
12355
13259
13251
25366
19218
11349
11629
11654
11486
14091
13048
13715
418011
297644
16139
1050776
576972
692666
21519
14702
1254032
25466
182028
45295
12432
11652
18320
1013950
20361
17518
11346
14099
11269
18155
699321
16595
687533
33119
18578
12663
12451
12557
12737
13559
15329
946676
19746
12417
13356
13179
13130
15906
523020
17264
14292
15027
21022
14965
263144
584156
19759
31276
12524
12739
19412
12265
15109
91557
12504
23601
13138
13124
12650
12993
11688
11784
12699
16667
1221022
23186
1563309
39514
17613
1615822
21399
91904
13142
438479
29748
32418
13022
12215
19769
1285652
20912
19867
418635
198169
1066851
19917
12104
12470
10620
10130
13179
155949
492275
1023892
19094
107530
10960
12224
41747
12692
11350
11400
11255
13584
78003
13588
275426
21112
1274705
55498
92909
12080
85908
14273
11049
10535
10569
11197
11064
81563
10977
11696
274883
200634
12345
2823452
21464
20169
29333
17522
881762
1225698
31868
316619
17991
27882
12575
14754
1665657
12405
12753
12693
12214
1325795
93408
23887
143839
15642
12059
41433
11821
13294
12246
13370
456165
15491
11594
1898949
292365
16607
329383
13013
10883
11456
12104
15024
11291
11823
11822
11705
14919
19047
21759
12011
56002
1155542
22665
11023
49934
11356
10966
12518
14776
797098
18431
25745
13050
205857
993833
717884
13439
11821
10592
12301
28244
33743
10481
9667
156949
14966
12529
9540
8861
2176
2544
2225
4737
2182
2059
2152
2192
2200
2928
2163
2267
90288
3036
5945
439859
3541
97266
2523
2338
7962
2164
66474
2787
2266
2364
2267
2159
2293
16839
2378
2659
106253
3034
7712
2246
10249
2343
15893
2342
2377
2394
4913
3539
2149
2231
2123
2208
2616
2391
2576
79260
54085
2991
197404
104939
131485
4037
2789
235027
4659
34240
8613
2343
2223
3542
190457
3874
3324
2124
2655
2156
3426
129806
3175
126480
6336
3574
2352
2305
2312
2421
2532
2962
180385
3636
2281
2435
2460
2432
2846
97117
3195
2631
2802
3808
2721
47629
111492
3657
5834
2359
2350
3584
2329
2841
17157
2438
4393
2518
2464
2349
2497
2229
2141
2338
3124
228392
4353
293105
7368
3393
300905
4003
17487
2481
83215
5352
6328
2433
2350
3617
247667
3987
3702
85138
38198
195271
3877
2341
2395
1994
1982
2612
30753
95912
190642
3696
20050
2149
2320
8029
2417
2174
2238
2157
2505
14937
2534
52248
3925
243912
10633
17884
2257
16717
2688
2206
2039
2048
2189
2183
15658
2170
2274
52277
39539
2374
536067
4223
3940
5577
3278
172986
232899
5963
59447
3495
5386
2394
2800
319497
2349
2427
2366
2367
249405
18541
4385
27370
3045
2277
7769
2203
2528
2333
2437
86948
2900
2160
361309
55097
3180
63428
2424
2143
2164
2215
2749
2155
2181
2186
2120
2687
3545
4105
2259
10443
222084
4246
2075
9417
2036
2082
2317
2714
151589
3431
4776
2419
39312
187392
137456
2582
2237
1959
2388
5425
6404
1974
1852
29910
2770
2421
1843
