47755
11324
13448
12411
27035
11295
10708
11416
10856
12342
15026
11580
12041
486331
16847
31844
2342236
17560
518229
13645
12315
43486
10948
361154
14980
12473
12474
12616
11950
12337
89070
12856
14446
559648
15736
42039
12009
57416
13191
82998
11713
13443
12707
24922
19218
11231
12126
11588
11484
14347
13203
13732
416791
296946
16624
1055035
582550
688636
21425
14305
1258785
25324
181738
46034
12913
11837
18623
1013753
20673
17690
11089
13502
11030
18085
698497
17572
682355
33761
17785
13252
12917
12463
12759
12436
14980
950160
20499
12845
13360
13208
12421
16529
525481
16873
15033
15108
20819
14885
261721
584129
19667
31612
12286
12573
18918
12232
15374
93613
11856
23520
13426
12949
12736
12918
11030
11548
12535
16543
1220870
22688
1556955
40738
17557
1613988
21537
90367
13199
443553
29704
32161
12508
12825
19399
1285961
20770
20059
419405
199627
1057589
19237
11467
11766
10856
10532
13206
156859
494570
1021885
19453
109604
11312
11719
42098
12956
10664
11772
11274
12934
79324
13466
274398
21393
1274410
54438
92774
12197
86312
14666
11092
11033
10936
10810
10785
81480
11652
11671
272190
202479
11843
2816542
22084
20899
29736
18021
884526
1224272
32414
313703
17657
28134
12003
14914
1674119
11870
12970
13144
12357
1327137
96062
24551
144196
16010
12368
40880
11506
13949
11985
13609
455529
15604
11956
1906740
293266
16720
332966
12476
11109
11174
12324
14570
11649
11658
11636
12650
15678
18445
21477
12538
56265
1159759
22396
11903
51969
12007
11130
11853
14601
797291
18768
25989
12495
205598
996028
719717
12854
11945
9975
11998
29059
34384
10515
9770
156954
14360
12555
9526
8817
2097
2583
2268
4912
2077
2053
2145
2049
2314
2935
2167
2299
90542
3148
5944
437680
3332
97307
2569
2351
8050
2097
66329
2799
2273
2293
2305
2183
2225
16820
2371
2595
106074
2926
7822
2262
10538
2424
15850
2219
2442
2334
4765
3560
2144
2305
2135
2181
2668
2423
2557
78922
54198
3065
198172
105864
130826
4009
2717
236073
4622
34218
8712
2430
2247
3617
190640
3872
3359
2039
2578
2111
3414
129976
3338
125881
6474
3390
2461
2413
2273
2375
2339
2891
181026
3794
2383
2434
2433
2322
2935
97461
3093
2787
2764
3754
2719
47540
111770
3659
5885
2287
2299
3484
2305
2839
17424
2325
4356
2534
2464
2339
2505
2134
2150
2295
3139
228664
4258
292376
7484
3417
300729
4018
17155
2515
84308
5281
6266
2345
2395
3543
247733
3976
3802
85528
38359
193934
3760
2235
2258
2058
2037
2577
31005
96574
190598
3767
20527
2200
2224
8076
2483
2093
2290
2156
2408
15242
2531
52123
3952
243467
10435
17846
2301
16781
2771
2208
2103
2146
2098
2104
15638
2261
2255
51667
39697
2282
535020
4290
4075
5639
3369
173248
232855
6053
59003
3400
5435
2276
2814
321022
2256
2428
2434
2350
249477
18997
4511
27325
3098
2344
7746
2121
2668
2260
2477
86938
2958
2239
362437
55084
3154
63901
2320
2193
2143
2282
2654
2193
2109
2155
2342
2856
3460
4018
2297
10523
223139
4215
2261
9741
2183
2111
2234
2684
151487
3503
4805
2315
39210
187528
137920
2467
2289
1849
2321
5556
6470
1935
1853
29944
2718
2428
1823
