50834
11190
13569
11652
26793
11915
10533
11607
11315
11646
14644
11558
12139
486904
16537
31687
2349549
18066
519574
13276
12177
42475
10796
365080
15717
12651
12695
12336
10803
12775
88514
12638
14371
560556
14825
42161
12636
56623
12079
82989
12419
13014
13224
25056
20341
11199
11866
11333
11226
13908
12966
14224
417291
298496
17068
1053669
584856
691337
21359
14491
1258796
24289
180836
47082
13113
11651
18246
1017644
20187
18480
11586
14030
10526
18785
698153
17391
682703
33444
18254
13231
12875
11829
12574
13656
15065
945161
19894
12137
12565
13441
12512
16667
523466
17970
14654
14858
20234
14409
266165
585676
20321
31539
12856
12888
19322
12798
14139
90891
12490
24216
12823
13972
12203
13204
11567
11765
12743
16601
1218930
22992
1554936
39185
18544
1612709
21488
91105
13410
439877
28972
32147
11920
11907
19849
1286592
20787
19219
417451
198068
1062186
19101
11535
12606
10630
11118
13254
156748
491503
1026314
18821
108506
11564
11331
43181
12620
10732
11229
11320
13026
78498
13356
275204
21152
1275858
55309
93592
12048
84992
14366
10891
11375
11142
10498
11222
82139
12062
12059
273814
200013
11990
2831935
22647
21195
28644
17092
877757
1222716
31333
313859
17414
28300
12397
15503
1673202
12333
13216
13246
12233
1327827
93645
24508
144703
15671
12690
40844
10868
13494
11389
13308
454250
14607
12091
1908069
293573
16380
331399
13283
11626
11578
12189
14590
10544
11754
11866
12139
15199
18718
21884
12232
56186
1159420
22719
11624
51151
11518
11382
12363
14933
802068
18354
26557
13399
203884
990527
723151
13512
11995
10381
12480
28481
33899
10709
10177
156931
14374
11773
9177
9280
2090
2601
2195
4920
2192
2000
2182
2117
2161
2842
2205
2315
90877
3159
5872
438952
3412
97529
2508
2319
8007
2082
66944
2917
2329
2325
2199
2016
2312
16754
2340
2622
106181
2831
7833
2374
10370
2272
15910
2356
2332
2405
4768
3750
2106
2228
2057
2178
2563
2405
2638
79035
54587
3166
197728
106308
131543
4032
2801
235609
4464
34061
8922
2427
2234
3547
191219
3796
3433
2172
2675
2032
3519
129886
3295
125843
6364
3463
2446
2426
2199
2373
2583
2882
180393
3689
2210
2352
2522
2330
2997
97008
3306
2739
2762
3646
2631
48290
112027
3779
5866
2390
2368
3576
2416
2692
17065
2417
4536
2438
2631
2263
2557
2224
2174
2373
3198
228392
4331
292025
7297
3586
299987
3965
17286
2538
83453
5221
6218
2244
2286
3608
247694
3995
3635
84993
38212
194815
3781
2216
2392
2027
2167
2589
31014
95941
191164
3659
20335
2237
2145
8332
2422
2099
2170
2159
2452
15149
2513
52120
3932
244017
10635
18098
2307
16477
2647
2122
2170
2125
2068
2188
15734
2376
2316
52053
39298
2361
537727
4422
4123
5416
3225
172153
232519
5876
58815
3393
5547
2346
2886
320761
2297
2513
2429
2318
249725
18593
4540
27582
3019
2365
7801
2038
2537
2132
2420
86721
2751
2273
362588
55205
3144
63782
2446
2274
2187
2271
2694
2021
2128
2201
2237
2789
3526
4059
2267
10591
222810
4233
2170
9659
2071
2151
2323
2767
152357
3451
4865
2480
39027
186921
138672
2611
2272
1922
2409
5479
6378
1984
1891
29782
2699
2280
1757
