48500
11938
14018
12209
26256
11740
10105
11680
11170
11954
15555
11428
11920
490449
16730
31598
2347366
18504
521369
13935
12264
42570
11245
366863
15156
12863
12450
12609
11368
12908
87576
12481
14218
560925
15307
40443
12267
59434
12621
83359
11468
13206
12847
25119
19522
11190
12388
11423
11253
14352
14079
14383
418016
294656
16933
1056650
584220
690842
21257
15346
1259087
25172
180624
45777
12593
11805
17859
1019312
20729
18250
10898
13703
11159
19188
703757
17069
686701
33460
18098
12998
13390
11943
12164
12599
15250
943296
20134
12649
13189
13318
12784
16335
523314
18301
15475
15095
21584
14944
262481
580479
20144
30519
12089
13270
19645
12943
15302
91924
12541
23328
13683
12470
12574
14051
11285
11308
13090
17290
1217037
22570
1559343
40726
17112
1614755
21766
91163
14126
440543
29694
31363
12575
12349
19051
1291404
21084
19210
419981
196228
1068738
19382
11653
12726
10543
10322
13174
156506
489371
1024095
19992
109981
11348
12232
39665
13067
11027
11352
11429
13025
77144
12906
274802
20922
1272663
54347
92995
12281
85834
14099
10947
10910
10919
10604
11026
81179
11408
12300
272318
200975
11505
2821476
22599
20851
27602
17553
881940
1222043
32443
311967
17086
28553
11922
15651
1674678
12279
13105
12153
12410
1323380
95507
24857
145228
15007
12587
42258
11686
13816
11921
13337
454118
15430
11949
1897460
294188
17084
334941
12568
10714
11421
11956
14767
11055
11755
11831
11982
14893
18339
22351
12347
55935
1158118
22673
12323
51224
11221
11148
11863
15280
804337
18118
25703
13137
205609
993326
716406
13184
12156
10613
12174
28267
34817
10327
9884
158518
14526
12362
9260
8981
2223
2628
2226
4832
2163
1940
2214
2059
2208
2980
2154
2235
91218
3159
5925
438903
3430
97906
2622
2325
7986
2172
67005
2838
2351
2299
2290
2122
2339
16617
2295
2579
106405
2933
7523
2343
10826
2367
15940
2197
2386
2314
4840
3664
2121
2316
2100
2149
2672
2578
2676
79173
53865
3099
198411
106172
131143
3984
2903
235849
4628
33996
8665
2391
2254
3481
191359
3921
3509
2063
2589
2133
3606
130966
3240
126245
6328
3456
2389
2531
2228
2301
2422
2955
180029
3690
2292
2408
2495
2350
2904
97340
3359
2855
2770
3909
2710
47560
110972
3741
5678
2254
2426
3638
2469
2837
17207
2427
4337
2600
2371
2325
2678
2136
2077
2366
3297
227990
4205
292645
7483
3291
300832
4013
17289
2648
83513
5382
6111
2393
2360
3476
248411
4049
3625
85647
37792
195810
3763
2247
2424
1973
1986
2541
30916
95469
190728
3854
20606
2242
2297
7686
2484
2160
2204
2189
2429
14789
2423
52117
3863
243531
10394
17867
2351
16683
2688
2155
2088
2071
2076
2174
15548
2225
2388
51690
39600
2255
536081
4429
4083
5274
3300
172542
232380
6089
58293
3340
5573
2269
2916
320962
2343
2492
2250
2412
249022
18807
4578
27551
2929
2380
7983
2169
2634
2271
2413
86679
2876
2251
361125
55360
3232
64215
2297
2129
2194
2224
2651
2095
2139
2204
2210
2653
3463
4173
2248
10463
222886
4240
2288
9657
2031
2094
2240
2785
152744
3448
4759
2462
39284
187314
137188
2520
2302
1950
2373
5465
6578
1906
1876
30180
2768
2385
1803
