48492
11313
14013
12214
26280
11418
10783
11960
10992
11518
15151
11383
12214
486686
16554
31894
2350087
18580
518422
13855
12171
42470
10743
363867
15097
12859
12618
12716
11006
13427
88802
12584
14431
559383
15521
42963
11635
58087
12561
82924
11973
12640
12361
26554
18452
11098
12274
11429
11507
13950
13353
14127
420209
295726
16277
1054218
582709
696968
21037
14868
1263864
24996
180396
44608
12888
11657
18064
1017210
20941
18059
10682
14314
10840
18915
695788
17557
686493
33244
18864
13169
13559
11602
12982
13130
15368
944950
21030
12290
12804
13346
12809
16386
518010
17735
14495
14544
20728
15260
264561
582836
19787
31749
13022
12636
18918
12711
16473
91160
12089
23151
13133
13105
12188
13326
11529
11121
13008
16471
1217767
22157
1565326
39003
17740
1606518
21260
90869
13210
439021
28849
32320
12328
12546
19443
1291527
20608
19706
420533
196445
1057674
19880
11073
12656
10664
10779
13151
159706
496705
1018768
19063
109835
11433
11477
42578
13200
10571
11199
11406
12915
78189
13154
272076
20294
1275762
56583
92339
12371
83656
14594
11297
11223
10288
11085
10852
80759
11596
11767
269917
198671
11876
2825111
21700
21276
28545
17380
883807
1222499
32407
313454
17620
28045
12440
15243
1672876
11589
13414
12713
12675
1332493
93529
24933
143598
15457
12587
41358
11243
13453
11817
13156
455755
15331
12390
1896824
293227
16085
335543
12548
11514
10851
11843
15072
10667
11428
11774
11591
15307
18715
21891
12693
57206
1157743
22908
11982
50666
12081
11493
11970
14812
807529
18033
25394
12997
206251
996655
719790
13243
12142
10137
11986
27793
34100
10860
9681
158266
14955
12703
9758
8910
2134
2685
2247
4812
2143
2054
2253
2036
2159
2906
2168
2290
90470
3143
5961
439110
3454
97359
2594
2287
7919
2084
66683
2818
2346
2365
2301
2078
2392
16837
2347
2624
106329
2933
7949
2230
10536
2345
15841
2270
2296
2285
5025
3401
2119
2324
2067
2200
2633
2462
2570
79560
54162
3026
197796
105907
132235
3925
2835
236608
4613
34032
8486
2427
2209
3482
191158
3952
3425
1986
2707
2075
3586
129594
3370
126398
6328
3571
2409
2537
2184
2434
2492
2952
180405
3871
2282
2364
2484
2378
2893
96303
3275
2681
2643
3770
2759
48044
111248
3677
5946
2453
2328
3503
2376
3044
17060
2309
4305
2488
2504
2260
2588
2205
2046
2371
3135
228372
4178
293777
7233
3451
298968
3971
17244
2493
83512
5198
6254
2312
2398
3587
248484
3969
3710
85637
37782
193978
3885
2191
2397
2005
2075
2554
31441
96859
190007
3701
20700
2247
2169
8170
2551
2078
2180
2221
2434
15030
2457
51683
3806
244517
10816
17856
2360
16308
2799
2226
2166
1984
2138
2154
15557
2279
2271
51404
39001
2338
536433
4270
4109
5426
3261
173063
232460
6064
58734
3444
5485
2380
2886
320852
2181
2590
2341
2399
250366
18608
4585
27374
3015
2376
7871
2103
2523
2234
2406
86933
2887
2310
360649
55136
3043
64323
2335
2261
2070
2208
2741
2058
2104
2165
2140
2751
3521
4085
2335
10754
222680
4289
2251
9515
2153
2168
2263
2719
153086
3382
4686
2395
39231
187755
137887
2549
2290
1932
2338
5325
6460
2021
1835
29962
2840
2440
1858
