49259
11783
13849
12217
26569
11124
10875
11045
11371
11951
15022
11317
12023
488088
16986
32142
2354631
18635
521244
13693
11587
42405
11348
363341
15493
12860
12288
12252
11934
12880
87121
13273
14606
561037
15146
41203
12527
57953
13279
83735
11639
13153
12849
24890
19757
10696
11075
11372
11502
14004
13429
14340
420785
298329
16547
1054176
579304
690340
21315
14747
1259766
24748
181090
45991
12719
11320
18215
1020640
20187
17719
10816
13879
11227
18339
696525
17805
685140
33554
18346
12609
13628
12728
12701
13335
15523
942847
21245
13007
12990
13222
13259
16113
521221
16780
14800
15098
21297
15646
262900
581864
20020
31942
13101
13026
18963
12185
16266
93188
11941
22795
12883
13380
13549
14009
11481
11243
12348
16574
1212387
22426
1566422
40543
17313
1609236
21272
89922
13093
437747
28062
32154
12410
12358
19230
1287885
20634
20437
420157
198433
1063430
19428
11732
12503
10895
10563
13090
157680
492946
1015927
19230
109839
11061
11710
42201
12618
10295
10903
11604
12656
79605
13401
274156
21257
1279383
54959
93199
12332
84695
14287
10976
11040
11209
10611
11012
82183
11716
11553
272202
198444
11952
2823344
21458
21895
28557
17886
885714
1226776
33507
311227
17873
28254
12354
15381
1671842
12252
13048
13003
12274
1324027
95408
23502
142600
16031
12167
40763
11343
13647
12325
13371
457443
15149
12197
1890407
293966
17314
334229
13034
11497
11151
12575
14742
11476
11440
12586
11660
15639
18732
22107
11803
56567
1156633
22185
11401
51492
12444
11607
11986
14542
805635
18722
26319
12732
206983
993675
716882
12958
12194
11141
11869
27736
35015
10524
9551
157023
15102
12508
9850
9102
2219
2627
2216
4897
2062
2071
2096
2167
2201
2927
2148
2282
90585
3163
5994
439829
3495
97929
2581
2240
7862
2177
66501
2849
2365
2285
2225
2210
2293
16466
2464
2646
106458
2848
7695
2356
10596
2479
15992
2224
2399
2358
4783
3675
2025
2135
2075
2214
2600
2475
2654
79686
54575
3085
198230
105332
131146
3988
2850
236180
4572
34170
8733
2373
2140
3497
192175
3810
3372
2025
2651
2123
3508
129614
3354
126181
6414
3491
2342
2533
2361
2395
2562
2964
179836
3938
2366
2381
2456
2468
2856
97080
3091
2742
2787
3832
2830
47637
111251
3695
5905
2480
2362
3507
2328
3047
17335
2290
4222
2450
2493
2516
2714
2209
2095
2249
3136
226880
4207
294243
7446
3330
299461
3960
17172
2468
83161
5060
6213
2358
2350
3535
248136
4021
3775
85490
38100
194949
3788
2312
2393
2049
2032
2546
31069
96256
189672
3713
20606
2169
2230
8155
2451
2056
2139
2237
2374
15258
2468
52038
3947
244711
10522
17997
2315
16456
2724
2145
2099
2167
2095
2175
15743
2275
2247
51804
39145
2360
535812
4238
4224
5430
3326
173461
233430
6212
58425
3465
5534
2365
2871
320302
2303
2490
2424
2367
248969
18882
4331
27167
3061
2324
7700
2152
2582
2339
2444
87397
2843
2291
359843
55396
3299
64127
2394
2264
2143
2349
2672
2132
2092
2292
2155
2884
3530
4096
2164
10552
222555
4166
2149
9743
2214
2170
2260
2665
153183
3526
4782
2384
39460
187303
137530
2531
2321
2079
2273
5338
6611
1980
1810
29749
2850
2410
1890
