48156
11305
13750
12315
26418
11962
10270
11022
11411
12087
15726
11463
12024
487258
16578
32349
2353989
18469
519890
13946
12047
42952
11138
360475
14892
12457
12637
11516
11349
13072
88747
13067
14411
560407
14801
41520
12669
57096
12030
84362
11498
12922
12717
25028
19514
11261
11593
12092
12041
13694
12728
14236
415368
297208
16423
1050933
581179
694059
21318
14715
1261488
25083
181639
46339
11868
11893
18425
1014388
21297
18064
11334
13903
11163
18768
697651
16834
686593
33552
18558
13296
13072
12676
12491
13131
15158
943679
20271
13078
12726
12350
12877
16466
523539
17256
14828
14340
21381
14701
262534
581595
19883
30893
12483
13016
19417
13202
15143
95025
12514
24401
12733
12656
11871
12865
11633
11814
12089
16345
1217798
22852
1562384
40328
16942
1614381
21941
91080
13573
438048
28649
31761
12736
12197
18782
1287509
20694
21248
421653
198463
1065208
20331
11520
12101
10631
10250
12906
157315
493349
1023167
18952
108768
11416
11553
42597
13243
11045
11184
10721
13230
77741
13970
275136
21343
1267057
56094
92793
12346
85494
14233
11067
11046
10560
10516
11105
81730
11210
11629
272676
198323
11894
2813259
21057
20977
28261
17764
884980
1225146
33069
317203
17818
28568
12769
15391
1669002
12014
12906
13251
11947
1324622
94218
24221
143523
15330
12312
42247
11227
13950
12161
13516
453479
15261
11764
1903890
295820
17042
334811
12790
11229
11718
11759
14654
11248
11855
12802
11355
14945
18419
22052
12617
56623
1160905
23840
11617
49997
11786
11444
12774
15457
800202
18175
24908
13063
207170
995956
722448
13482
11601
10499
12019
27741
34111
10284
9255
158251
14584
12365
9598
8896
2154
2623
2238
4859
2232
1929
2081
2148
2245
3027
2191
2267
90419
3099
6045
440081
3521
97699
2595
2304
8100
2128
66188
2757
2306
2316
2086
2124
2337
16761
2456
2607
106124
2812
7720
2392
10397
2284
16042
2192
2319
2359
4821
3649
2117
2208
2195
2288
2592
2367
2640
78758
54392
3056
197426
105453
131599
3978
2791
236341
4602
34144
8792
2227
2233
3580
190573
4025
3398
2127
2642
2116
3504
129982
3208
126548
6429
3526
2438
2482
2321
2348
2505
2952
179979
3752
2370
2385
2330
2395
2944
97234
3203
2699
2639
3841
2676
47601
110889
3697
5733
2363
2382
3602
2465
2794
17699
2417
4494
2436
2370
2237
2475
2218
2165
2242
3108
228320
4269
293253
7495
3262
300466
4040
17298
2537
83130
5167
6212
2424
2315
3467
247856
4002
3974
85685
38157
195242
3926
2234
2311
2020
1960
2539
31130
96256
190932
3677
20471
2235
2212
8198
2510
2163
2172
2074
2481
14934
2587
52179
3975
242723
10754
17773
2362
16591
2721
2209
2134
2069
2101
2163
15693
2219
2247
51768
39044
2354
534391
4157
4053
5376
3319
173376
233317
6178
59476
3410
5589
2425
2880
319974
2270
2465
2449
2263
249473
18665
4467
27219
2970
2321
7919
2111
2632
2303
2462
86713
2853
2226
362210
55505
3204
64390
2378
2218
2231
2179
2657
2106
2137
2333
2061
2708
3441
4110
2308
10546
223341
4425
2162
9486
2129
2155
2401
2812
152135
3425
4619
2426
39357
187702
138174
2637
2196
1954
2350
5267
6439
1914
1761
30106
2781
2381
1840
