48581
11300
13371
11870
26526
10907
10685
11679
10859
11981
15380
11855
12631
485694
16576
31583
2359381
18534
517812
13461
11392
43008
11075
365885
15677
13528
12620
11639
11233
12654
88058
12622
15438
562834
15776
40906
12099
57456
12339
83401
11929
12982
13292
25308
19936
11341
11971
11762
10807
13943
13328
13774
419476
296496
16477
1054270
578217
686910
22067
14555
1263583
25217
178918
46090
12919
11889
17977
1015696
19681
17427
10943
13922
10792
18471
704892
17074
682215
33873
18558
12988
12921
12241
12883
13166
15423
945238
21037
12759
12370
13349
13055
16830
523689
17474
14684
14430
21858
14522
262966
585000
19710
31482
13149
13023
19377
12781
15713
92792
12487
23443
13446
12435
12125
12545
11881
11610
12649
17161
1218465
22778
1562141
40760
18051
1616727
21726
90200
13675
439836
29646
32300
12025
11855
20032
1279629
20769
20083
418188
197363
1058399
19049
11607
12485
10247
10966
12986
156151
491692
1024521
19539
108804
11330
11865
41191
13207
10935
11690
11029
12730
79312
12677
275979
21331
1273417
55361
93277
11893
84770
13901
11061
10566
11167
10586
10552
79954
11399
12381
270830
198085
12427
2829268
22489
21634
29183
16977
890141
1229240
31707
313218
17688
27146
12174
15561
1666007
11762
13417
12668
12295
1327566
95558
24374
142522
14837
13108
41537
12075
14169
11725
13641
459924
14853
11463
1903675
294158
16879
331179
13510
11798
11499
11902
14356
11335
11418
12157
11931
15785
18661
21286
12099
56007
1158677
22538
10936
51332
12238
11538
11827
15132
803811
18675
25564
12884
207865
992699
718554
13578
11827
10232
12303
29121
34091
10669
10284
159101
14630
12096
9317
8966
2110
2580
2209
4900
2062
2022
2205
2027
2242
2966
2236
2393
90391
3096
5894
440513
3477
97431
2539
2168
8022
2125
66885
2901
2473
2361
2082
2094
2262
16602
2351
2780
106616
2990
7613
2288
10427
2339
16010
2277
2331
2409
4866
3691
2135
2261
2152
2078
2591
2455
2566
79359
54239
3089
197978
105109
130613
4155
2742
236674
4666
33885
8742
2393
2257
3539
190983
3701
3354
2057
2619
2070
3477
131235
3230
125690
6467
3541
2412
2425
2244
2416
2503
2958
180436
3886
2316
2290
2510
2427
2997
97336
3218
2715
2676
3933
2627
47716
111990
3686
5818
2445
2373
3545
2409
2910
17315
2426
4380
2569
2391
2270
2396
2257
2154
2320
3305
228100
4248
293026
7544
3463
300796
3976
17124
2615
83581
5354
6310
2308
2237
3679
246659
4007
3745
85033
37996
194104
3766
2244
2372
1961
2110
2537
30876
95864
190956
3786
20391
2253
2233
7902
2552
2099
2264
2100
2334
15257
2395
52369
4003
243916
10585
18031
2272
16592
2648
2163
2053
2103
2110
2101
15408
2230
2391
51497
38919
2405
537360
4403
4160
5552
3217
174248
233627
5980
58795
3453
5282
2303
2948
319423
2233
2567
2334
2344
249783
18870
4531
27160
2879
2465
7889
2222
2666
2219
2488
87728
2803
2167
361675
55387
3216
63661
2498
2323
2202
2208
2591
2126
2101
2244
2211
2866
3498
4024
2226
10487
222885
4251
2062
9658
2155
2162
2201
2760
152188
3483
4728
2382
39553
187337
137687
2570
2283
1917
2367
5574
6436
1984
1954
30317
2759
2306
1824
