48421
11329
12877
12586
27738
12073
10914
11289
11700
12098
15080
11737
12329
487189
15999
31475
2360353
18700
519745
13427
12693
43575
10814
365171
14603
12643
12692
12764
11498
12676
88465
12389
13724
559124
14725
42120
12362
57082
13371
84082
11984
13133
13007
25351
19736
11497
11985
11955
10635
13535
13190
14190
415943
297608
16748
1056438
586409
697588
21359
14864
1263330
24966
180505
45212
12978
12234
17620
1017603
21390
18313
10372
14260
11673
19541
702180
17204
687542
32138
18308
13105
13258
12080
12580
12801
15669
948998
20663
12638
13011
13558
12811
16186
522547
17133
15118
15117
21001
14741
262344
580614
19620
31459
13293
13019
19931
12609
15184
93459
12355
23723
13499
12853
11906
13089
11992
11394
12591
16666
1215320
22310
1567402
40345
17964
1611966
21341
91339
13724
442205
28835
32612
11920
11865
20104
1289918
21051
19809
418768
197486
1056519
21423
11478
11420
10770
10507
13396
157574
491734
1022004
19649
110397
10696
11601
40366
13573
10343
11362
11573
12505
77929
13129
273538
21486
1273464
56132
92489
12484
84944
14018
11191
11067
11307
10608
11517
81005
11845
12119
273637
197344
11507
2830780
22038
20614
28854
17261
885190
1225866
32582
313553
17815
27723
12469
15301
1672872
12312
12830
13313
12515
1323946
94852
24079
143229
15071
13066
41809
11794
13270
11998
13494
458220
15415
12414
1908132
293229
16402
331805
12773
11643
11242
12284
14966
11282
11839
12206
12175
15603
18488
21670
11849
56562
1155897
23159
11644
50809
11669
11366
12085
14657
801691
18506
26093
12173
206554
993802
720794
13529
11758
9577
12294
27990
33701
11155
9929
157223
15185
12511
9601
8951
2160
2485
2326
5071
2226
2087
2136
2186
2234
2922
2188
2349
90632
3057
5907
441014
3487
97628
2542
2412
8170
2064
66900
2701
2326
2317
2324
2154
2292
16785
2299
2493
105855
2783
7839
2323
10394
2464
15988
2260
2387
2386
4893
3674
2170
2278
2193
2033
2521
2425
2628
78937
54431
3070
198202
106686
132287
4009
2834
236710
4599
34128
8638
2434
2292
3423
191444
4032
3449
1973
2702
2183
3644
130345
3254
126384
6096
3439
2416
2489
2245
2347
2396
2997
180986
3777
2324
2404
2542
2403
2872
97271
3148
2789
2735
3740
2650
47554
111262
3656
5888
2477
2383
3643
2395
2820
17382
2417
4456
2560
2422
2242
2546
2300
2092
2329
3179
227702
4230
294252
7454
3470
300448
3927
17293
2554
84148
5191
6345
2205
2286
3708
248745
4079
3722
85312
38098
193749
4149
2225
2188
2010
2023
2602
31268
95797
190404
3758
20671
2098
2184
7858
2610
2017
2219
2230
2324
14916
2451
51913
4056
243862
10698
17744
2348
16475
2661
2202
2143
2183
2104
2261
15541
2322
2317
51796
38980
2237
537434
4301
4048
5443
3260
173434
233271
6070
58725
3496
5399
2356
2881
320605
2361
2450
2461
2389
249058
18770
4442
27338
2933
2461
7974
2189
2544
2261
2467
87133
2903
2319
362867
55362
3139
63848
2390
2298
2113
2275
2730
2146
2173
2213
2243
2861
3457
4077
2171
10598
222495
4318
2183
9527
2100
2158
2253
2679
152458
3437
4758
2307
39555
187445
138041
2618
2237
1787
2349
5382
6350
2080
1870
29865
2846
2373
1825
