47590
11173
13477
11839
26039
11703
10572
11122
11149
11936
15590
11238
11643
487523
17264
30898
2352109
18932
520186
13656
12326
44725
11323
363040
15446
12949
13079
11728
11447
12379
87943
13014
14082
559910
15328
41993
11725
56448
13297
85007
11655
12765
13130
25846
19227
11223
11455
11598
11127
14149
13857
14551
415071
296613
16624
1054275
586997
692531
22452
14150
1249603
25072
181757
45991
12383
11689
18309
1018310
20850
16923
11164
13533
11454
18742
700107
16934
684241
33306
18325
13216
13223
12252
12830
13136
15212
943342
20490
12880
12887
13344
12797
16273
518953
17553
14486
14117
21366
14821
264843
583648
20483
31344
13379
12759
19033
12777
14890
91925
12806
23544
12631
13186
12304
12775
11264
11232
12535
16481
1214012
22791
1559783
39908
18231
1606244
21781
90472
14247
443457
29357
31351
12285
12438
18772
1289443
21349
20329
420084
197937
1066156
19455
11318
12679
10618
10510
13137
156521
494128
1021406
19995
108916
11046
11808
42309
12428
10668
11285
11334
13686
78409
12878
272838
20900
1274659
55165
92941
12305
84303
14039
11380
10875
10966
10922
11320
82782
11963
11803
271976
198252
11930
2816709
21777
20935
28355
17578
884858
1226888
31482
315126
17532
28717
11685
14892
1663499
12191
13013
13057
12195
1325116
95378
23690
143675
15495
12418
41739
12199
13878
11133
14025
456337
15474
12067
1903494
291488
16745
336371
13096
11219
11511
12087
14642
11901
11507
11864
11582
15561
18848
21038
12618
55250
1158306
22929
12073
51982
11668
11474
12448
15350
799469
18698
26224
12386
207188
992039
722604
13452
11518
10967
12254
28142
34129
10367
9794
157024
15101
12216
9427
8767
2107
2564
2173
4795
2182
2003
2093
2114
2243
2979
2104
2210
90859
3238
5798
440039
3551
98116
2551
2361
8280
2165
66697
2849
2361
2412
2126
2128
2247
16728
2419
2554
106134
2879
7814
2249
10349
2510
16231
2216
2330
2399
4936
3580
2104
2165
2137
2140
2655
2569
2676
78507
54271
3093
198338
106410
131678
4143
2700
234041
4613
34331
8790
2325
2208
3559
191019
3889
3226
2104
2616
2126
3498
130270
3209
126052
6341
3446
2455
2476
2275
2412
2509
2935
180008
3755
2385
2350
2446
2383
2932
96619
3231
2664
2614
3850
2688
47856
111495
3795
5862
2503
2349
3494
2417
2764
17173
2497
4417
2393
2449
2293
2503
2155
2066
2282
3144
227585
4268
292780
7323
3507
299380
4023
17181
2678
84374
5355
6079
2333
2397
3430
248737
4099
3811
85458
38032
194996
3815
2214
2398
2040
2023
2557
30926
96455
190415
3878
20360
2187
2258
8123
2387
2057
2179
2178
2517
15048
2417
51752
3833
244325
10552
17926
2310
16457
2654
2225
2070
2117
2135
2266
15898
2351
2261
51594
39079
2320
536008
4273
4124
5420
3326
173548
233358
5918
59029
3423
5594
2225
2797
319594
2328
2488
2448
2342
248910
18865
4374
27317
3026
2346
7869
2301
2627
2142
2563
86999
2884
2266
362048
54870
3189
64651
2418
2211
2205
2261
2636
2224
2102
2183
2143
2820
3538
3951
2319
10316
222600
4252
2260
9780
2081
2161
2298
2784
151787
3531
4868
2329
39535
187220
138561
2573
2223
1995
2370
5383
6439
1928
1878
30001
2833
2365
1794
