49100
11434
13211
12001
26914
11222
10601
11577
11463
12254
15549
12172
12399
487869
16233
30673
2356381
19021
520542
13436
11795
42632
10656
368258
14169
12519
12635
12056
11623
12865
88193
12214
14081
560415
15250
42984
12306
57409
12789
84321
11921
12806
13031
25491
19053
11454
11622
11732
11553
13691
13332
14461
417699
297314
17086
1052526
585525
696402
21535
14693
1259687
25297
181867
46546
12417
12280
18194
1025543
21160
17158
11048
13143
11031
18814
701691
17211
686707
32754
19238
12845
13347
12365
12655
12588
14804
950748
20525
12847
13117
12537
12379
16745
524577
17088
14707
14547
21156
14579
262503
580462
19684
31691
12688
12162
19130
13131
15323
92421
13031
23926
13765
13206
12426
13439
11342
11685
11915
16544
1224641
22889
1568933
40306
17571
1607272
21199
90134
13557
441375
30477
31318
12085
12336
19323
1292321
20294
20204
418384
197170
1060747
19357
11567
12361
10830
10623
13635
157281
493533
1026359
19543
109475
11256
11911
41567
12837
10334
11566
11754
13853
79258
13061
272849
20698
1271236
56248
93096
11500
85203
13722
10833
10961
10792
10794
11183
81119
11450
12173
274614
198856
12483
2836096
22221
20892
28928
17146
882978
1224053
32812
310743
18129
27542
12124
15380
1674820
12379
13593
12828
12409
1317913
94957
23993
144473
15918
12204
42149
11498
13447
12458
13389
454347
15765
12327
1907712
295613
16277
329615
13461
10955
11730
12536
14525
10705
11872
11699
11869
15492
18621
21407
12304
55443
1156229
21975
11990
51612
11581
11915
12012
15773
807731
17987
25291
13392
206103
995333
722007
13173
12414
10744
12208
28353
34279
10233
9530
158666
14623
12457
9124
9019
2142
2575
2202
4932
2070
1999
2168
2140
2240
2990
2272
2339
90863
3107
5749
440543
3563
97961
2547
2216
7935
2077
67300
2632
2254
2336
2186
2186
2321
16699
2227
2554
106174
2909
8008
2327
10518
2394
16032
2294
2337
2391
4941
3566
2167
2233
2139
2205
2543
2452
2658
79200
54429
3205
197600
106428
132264
4023
2787
236314
4653
34353
8856
2302
2325
3559
192903
3942
3256
2083
2527
2077
3530
130736
3270
126279
6232
3696
2375
2494
2276
2391
2459
2836
181414
3766
2348
2431
2356
2331
3003
97531
3153
2685
2701
3847
2668
47660
111157
3668
5911
2382
2253
3559
2473
2852
17191
2531
4453
2556
2505
2296
2576
2162
2150
2191
3165
229127
4288
294438
7519
3391
300232
3931
17122
2567
84088
5441
6131
2300
2350
3598
249213
3956
3790
85327
37950
194486
3766
2243
2344
2035
2058
2670
31050
96305
191317
3768
20470
2240
2258
8040
2462
2034
2275
2266
2537
15255
2429
51961
3831
243460
10720
17976
2211
16667
2620
2108
2099
2051
2080
2194
15567
2259
2351
52167
39233
2435
539068
4360
4044
5458
3255
173345
232699
6112
58402
3538
5351
2321
2850
321538
2305
2574
2370
2378
247963
18753
4437
27501
3041
2293
7991
2134
2580
2362
2440
86787
2925
2323
362646
55642
3070
63575
2490
2174
2215
2308
2619
2021
2204
2170
2159
2804
3491
4028
2291
10408
222393
4101
2242
9693
2075
2243
2287
2888
153248
3377
4676
2491
39321
187724
138114
2505
2353
1988
2359
5419
6492
1901
1811
30030
2773
2349
1756
