47813
11533
13941
12467
26454
11557
11455
11596
10913
12031
15945
11174
12350
490905
16500
31658
2353585
18512
519319
13899
12208
43228
11150
361995
14972
12686
12879
11720
12544
13412
87737
12350
14332
558006
15021
40935
12615
57270
13210
83238
11726
12774
12980
25405
18283
11162
12576
11845
10947
13985
13647
13211
417434
295441
16387
1052694
582467
689740
21107
14548
1265051
25205
179896
45622
13054
11199
18111
1014945
20826
18558
10984
13784
11272
18820
696716
17337
686017
32737
18113
12937
12836
12672
13646
13193
15887
939715
20813
12144
13115
13163
12623
17299
526565
17421
14784
15354
20472
15170
260443
580120
19733
31848
13178
12742
19421
12957
15407
92363
12703
23208
13050
12592
11853
13109
11512
11367
12380
16523
1220342
22484
1560304
39969
17632
1619409
21896
90381
13532
445206
29407
30928
12568
12369
19995
1288150
20364
19776
418830
197199
1069107
19957
11362
11612
10346
10756
13023
157876
491772
1026772
20340
109878
10501
11770
40876
13225
10715
11295
11442
13192
79302
13234
274826
21966
1280106
54874
93458
11864
84237
14110
10739
11241
11108
10602
10965
79761
12219
11784
271212
196886
11955
2826312
22088
21172
29149
17681
884288
1227312
32172
312692
17957
28433
11739
15831
1663344
12604
12824
12791
12131
1325732
95748
24060
142645
16320
12985
41021
11286
13553
12103
13422
458889
15376
11903
1903548
298843
16019
336178
13230
11278
11066
12525
14475
11655
11826
12344
11903
15637
17972
21716
12497
55607
1158756
22560
11682
50083
11968
11390
12740
15329
805981
18104
25902
12937
205096
992755
721927
13349
12726
9877
11974
29117
34344
10893
10039
156139
14177
12313
9676
8835
2158
2666
2289
4836
2124
2200
2212
2016
2236
3093
2123
2337
91339
3116
5880
440392
3463
97686
2583
2297
8117
2141
66526
2806
2345
2378
2111
2302
2409
16617
2304
2610
106069
2821
7590
2358
10465
2454
15892
2258
2301
2363
4836
3410
2099
2402
2168
2115
2617
2504
2438
79193
54069
3047
197748
106024
131079
3968
2739
236609
4630
33937
8740
2461
2161
3471
191297
3906
3518
2047
2599
2150
3559
129713
3301
126317
6229
3455
2373
2396
2305
2580
2484
3011
179348
3845
2231
2416
2460
2382
3093
97772
3190
2714
2761
3751
2765
47336
111164
3698
5954
2430
2379
3565
2444
2912
17263
2467
4320
2481
2433
2207
2499
2211
2124
2275
3128
228351
4241
292728
7449
3406
301255
4057
17147
2539
84659
5274
6016
2382
2330
3693
248427
3921
3704
85107
38009
196015
3934
2213
2220
1956
2072
2563
31184
96177
191112
3931
20536
2069
2221
7920
2552
2078
2207
2200
2443
15206
2493
52085
4099
244963
10498
18021
2233
16387
2645
2118
2128
2153
2112
2132
15354
2409
2271
51506
38740
2356
537768
4337
4096
5544
3298
173309
233456
5984
58747
3490
5562
2212
2985
319358
2384
2432
2372
2336
249390
19009
4425
27130
3138
2420
7776
2129
2593
2297
2451
87461
2882
2226
362325
55969
3059
64596
2458
2209
2116
2340
2650
2185
2176
2275
2179
2875
3400
4049
2321
10405
223055
4233
2179
9452
2143
2112
2376
2791
153075
3384
4793
2443
39160
187133
138212
2565
2415
1844
2298
5562
6483
2005
1887
29845
2693
2379
1864
