48462
11435
14129
11967
26140
11844
10554
11306
11306
11592
15457
11475
12360
489278
16379
31032
2354030
19449
519639
13145
12385
43410
10926
364441
14811
12471
12501
12730
10970
13120
88039
12560
14752
560205
14600
41550
12375
56028
13055
84309
11946
12584
13329
25802
19101
11078
11907
11747
11584
14374
13166
13883
414620
296382
17116
1060176
581953
695562
22170
14831
1264744
24830
182711
45445
12090
12406
18635
1019997
19845
17951
11280
14100
11948
18714
701888
18532
686685
33562
18361
12691
12470
12174
13381
12841
15321
943939
20181
12530
13270
12974
12327
16301
523545
17641
14551
16127
20459
14602
264945
583178
19642
31008
13153
13540
18901
13075
15421
94202
12592
23244
13556
12759
12552
13406
11529
11258
13217
17367
1218041
23353
1561148
40530
17952
1610557
21215
90742
13270
442574
29688
31270
12746
12752
18845
1293527
21038
20153
417709
197142
1059203
19706
11425
12393
10814
10840
12594
157164
492239
1024389
19305
109223
10626
11785
42113
12695
10263
11229
11685
13171
78889
13144
273509
21382
1275542
55314
93886
13086
83571
14486
10982
10742
11321
11113
10814
81374
11784
11369
272872
198333
11701
2828675
22467
21483
29006
17830
884453
1226892
31830
311760
17693
27719
12583
14776
1666928
12270
12920
13237
12795
1328659
95402
24372
142676
15871
12576
42207
11449
13205
11615
13740
454527
15135
11600
1905800
292882
16564
330574
13615
11112
11783
11922
14816
11017
11750
12581
12228
15074
18626
20687
12142
56137
1161088
22299
11451
50394
11185
11757
12265
15196
802563
18638
25940
12900
207090
997659
723941
13234
12196
10817
11769
28790
33940
10149
9425
158309
14229
12754
10177
8957
2136
2712
2198
4828
2226
2045
2138
2135
2142
3027
2159
2358
91175
3111
5810
440330
3628
97521
2481
2336
8081
2103
66675
2810
2307
2300
2308
2055
2349
16684
2305
2660
106409
2821
7718
2341
10326
2420
16030
2252
2286
2428
4937
3546
2109
2243
2186
2190
2713
2437
2567
78577
54205
3165
198734
105829
132087
4138
2853
236964
4595
34391
8673
2247
2334
3574
191536
3734
3375
2164
2658
2264
3527
130784
3504
126330
6378
3512
2362
2344
2222
2515
2457
2940
180257
3673
2306
2426
2457
2288
2911
97355
3279
2683
2936
3734
2667
48084
111556
3636
5777
2483
2481
3503
2492
2901
17564
2446
4312
2542
2415
2318
2599
2226
2099
2407
3336
228249
4359
292940
7451
3439
300257
3897
17280
2494
84137
5369
6057
2400
2460
3495
249342
4033
3785
84930
38082
194326
3825
2243
2371
2019
2071
2484
30996
96169
191004
3733
20481
2100
2237
8169
2434
2027
2174
2227
2472
15127
2477
51950
3969
244391
10628
18178
2469
16340
2771
2187
2057
2223
2177
2131
15666
2282
2201
51800
39119
2261
537492
4379
4152
5494
3370
173354
233580
5943
58661
3420
5421
2407
2751
319534
2316
2468
2442
2443
249870
18938
4503
27269
3016
2373
7927
2168
2506
2208
2508
86721
2871
2164
362148
54980
3118
63568
2513
2235
2232
2199
2689
2098
2147
2326
2225
2759
3540
3940
2247
10545
223352
4179
2139
9451
2025
2190
2311
2786
152339
3479
4811
2386
39509
188463
138649
2538
2317
1991
2245
5526
6411
1900
1759
30122
2690
2428
1945
