48589
11889
13284
12269
26528
11615
10480
11202
11053
11774
15321
11769
11712
488800
17107
31252
2351188
18453
516046
13627
11534
43184
11514
368016
15315
12626
13088
12502
11582
12617
88270
12232
14661
564569
15143
42709
12565
56533
13177
83434
11514
13029
12479
26367
19527
11133
12089
12205
11016
13796
12618
14501
419604
297517
16282
1058180
588049
695131
21888
13818
1263833
24364
182244
46270
12902
12001
18424
1017049
19591
18170
11228
13925
11350
18278
700110
17315
689285
33152
18405
13021
13801
12656
13147
13209
15476
947825
20721
13178
12515
13135
13035
15863
522377
17579
15358
14605
20640
15161
264019
583536
19340
31638
12272
12953
19091
12628
15187
92958
13049
23365
13052
12912
11950
12662
11145
11236
12229
17048
1217392
23174
1571521
39983
17735
1620210
21961
90876
13848
444516
29639
32538
12408
12783
19630
1290021
20671
19943
417058
197812
1066013
19594
11848
11970
10763
10225
12628
158583
498168
1023020
19022
110221
11154
12019
42433
12665
10758
10994
11427
12099
77598
13385
275563
21453
1270661
55547
92611
12615
84368
14218
11119
10879
11363
11118
11109
81774
11764
11919
268801
197666
12156
2826441
22021
21967
29236
17776
884015
1224778
33190
311310
17863
28081
12015
15746
1665912
12325
13135
12764
12314
1322598
95311
24700
144175
16170
12393
40950
11964
13697
11789
13485
456344
15207
11806
1905980
296420
15990
335121
12852
11584
10903
12135
14640
11113
11806
11750
11188
14873
17791
21828
12369
55548
1162052
22382
11836
50452
11567
10500
11945
15373
809379
18095
25165
13316
207094
990868
717830
12823
12421
10302
11961
28077
32531
10302
10226
156988
14204
12131
9395
9039
2261
2557
2288
4871
2153
2012
2124
2062
2156
2974
2206
2231
90946
3175
5848
439917
3499
96833
2566
2219
8116
2156
67311
2840
2308
2384
2234
2165
2265
16715
2299
2648
107062
2888
7910
2364
10361
2461
16000
2179
2371
2299
5054
3629
2121
2268
2256
2103
2585
2328
2645
79592
54382
3047
198525
106706
131732
4089
2655
236599
4575
34373
8808
2406
2255
3576
191523
3712
3467
2115
2646
2149
3472
130367
3296
127017
6377
3530
2405
2542
2321
2474
2550
2939
180839
3810
2400
2335
2481
2396
2811
97002
3265
2843
2673
3783
2719
47928
111703
3608
5841
2304
2385
3572
2398
2840
17309
2494
4356
2485
2468
2211
2467
2156
2081
2260
3241
228216
4317
294724
7350
3413
301890
4044
17259
2662
84514
5299
6299
2327
2428
3584
248668
3988
3729
85075
38302
195456
3820
2303
2284
2025
1993
2508
31364
97111
190887
3654
20668
2185
2294
8139
2407
2092
2169
2176
2291
14920
2523
52131
3963
243551
10628
17725
2368
16384
2707
2198
2074
2191
2169
2199
15688
2325
2347
51047
38800
2356
537571
4330
4275
5538
3350
173464
233303
6187
58590
3452
5496
2272
2920
319486
2281
2465
2369
2367
248862
18914
4557
27353
3098
2345
7724
2254
2594
2271
2507
87106
2862
2221
362697
55910
3049
64450
2399
2278
2063
2257
2661
2108
2202
2172
2077
2699
3381
4112
2286
10467
223548
4166
2199
9543
2063
2007
2244
2829
153597
3401
4671
2473
39520
186997
137776
2490
2356
1937
2326
5345
6174
1952
1921
29826
2740
2329
1812
