49148
10906
12892
11934
26679
11063
10603
12120
11217
11852
15748
12206
11595
488453
16180
31648
2355023
18557
520429
13047
12383
43747
11693
365684
14738
13010
12386
12239
11311
13431
88622
12274
15456
560311
15285
40052
12109
56235
12871
83606
11819
12929
12046
25590
19026
10932
11793
11678
11301
14367
13647
14265
416875
296913
16553
1058688
582969
696280
21531
14757
1262799
25830
181501
46343
12999
11856
17883
1020186
20609
17754
11464
14048
11436
18243
702443
17196
686660
33082
18916
12920
13519
12702
12549
13024
14889
951060
20878
12833
12487
12713
13058
15701
522618
17778
14947
14769
22125
14578
264015
582926
19673
30977
12970
12559
19059
12996
15799
93833
11847
23319
13147
12872
12019
13496
12468
10999
12918
16678
1216100
22899
1554099
39746
17924
1610469
21766
90346
13336
440185
28528
32349
11990
11806
19220
1283617
20567
20675
416148
199577
1064129
19795
11263
12494
10522
10475
13646
155430
495047
1028324
19189
110923
10945
11636
42778
13012
10928
11342
11683
12901
78763
12897
272828
21104
1279333
55080
92256
13143
84227
13628
10856
11345
10992
10723
11368
82696
11599
11372
272175
197060
11918
2836214
22222
20694
28311
17416
884257
1222414
32845
315331
18104
27466
11781
15664
1670444
12038
12475
12728
12394
1332216
95025
24401
142423
15205
12764
42185
11352
13438
11670
12996
456242
14452
11844
1903825
294483
17021
333720
13144
10618
11182
12033
14716
11431
11731
12095
12161
15158
18621
22163
11890
56454
1159307
22206
11081
49820
11912
11473
11933
15183
802764
17803
25015
12766
206179
993870
721183
13044
12358
10122
11942
28885
33929
10741
10169
157918
14754
12729
9912
9097
2068
2472
2216
4915
2071
2005
2304
2111
2208
3090
2299
2188
91031
3038
5920
440141
3510
97765
2445
2329
8138
2230
66981
2728
2381
2289
2246
2090
2386
16785
2271
2781
106441
2875
7505
2297
10324
2405
16030
2256
2351
2214
4965
3495
2067
2209
2169
2174
2675
2525
2647
78999
54436
3083
199079
105992
132197
4050
2793
236883
4710
34234
8876
2431
2246
3436
191897
3881
3404
2180
2670
2186
3452
130616
3288
126496
6309
3571
2382
2484
2329
2393
2488
2862
181403
3842
2312
2326
2355
2425
2816
97168
3291
2778
2730
4030
2666
47998
111609
3671
5785
2393
2334
3526
2448
2996
17445
2333
4334
2521
2409
2235
2640
2321
2057
2349
3196
228053
4301
292243
7415
3418
300580
3994
17236
2505
83909
5139
6284
2254
2258
3543
247712
3950
3871
84698
38582
194885
3888
2205
2373
2000
2008
2650
30685
96644
191475
3700
20814
2170
2226
8263
2474
2139
2215
2251
2389
15106
2424
51771
3935
244747
10518
17838
2472
16466
2560
2109
2173
2119
2075
2252
15854
2296
2194
51540
38841
2315
539252
4356
4014
5377
3281
173490
232836
6129
59135
3510
5343
2289
2924
320599
2278
2404
2335
2374
250660
18889
4512
27095
2952
2408
8001
2131
2553
2222
2358
87084
2748
2223
362214
55414
3214
64255
2417
2106
2144
2222
2641
2134
2199
2249
2222
2759
3506
4174
2216
10618
222930
4174
2074
9425
2131
2174
2262
2776
152311
3373
4628
2373
39188
187707
138368
2551
2329
1892
2321
5509
6403
1989
1912
30031
2789
2441
1874
