47922
11625
13557
12267
25962
11669
10912
11310
10997
11798
14837
11447
12310
483592
16633
31143
2344503
18594
518875
13765
11877
42945
11715
361886
15123
12737
12191
12192
11744
12808
86861
12460
14668
566161
15389
41124
12587
56388
12702
83697
11844
12746
12862
25148
19946
11274
12332
11129
10999
14536
12959
14798
415143
297417
16249
1052545
581539
691837
21859
14674
1258899
24610
182850
46563
13009
11697
18754
1023753
20863
17446
10281
14376
11702
18955
701374
17590
686758
32539
17943
12754
13439
12730
13282
13704
15595
947787
19975
12914
12489
13348
12775
16187
525331
17745
15076
14893
20887
15071
263186
586014
19881
31926
12898
12717
19731
12499
15171
93160
12130
23800
13257
12780
11936
13341
11381
10648
12245
16407
1216455
22578
1561927
38896
17759
1617385
20941
90106
13746
439925
28770
31763
11813
12148
19002
1291267
21083
19922
421056
197695
1059828
19568
12003
12395
10783
11002
12997
156231
490907
1024703
19313
109313
11521
11201
41511
12930
10609
11380
11266
12224
78532
13138
275223
21602
1274632
55929
91980
12533
85456
14411
10451
10322
10775
10495
10847
81024
11696
12026
271229
198165
11812
2822574
21958
20365
28854
17231
883821
1226449
32522
311428
17490
28374
12232
15248
1662402
12216
13390
13750
12217
1326140
94655
23768
144051
15749
12205
42279
11672
14245
12050
13595
451077
15205
12273
1900836
292553
16735
334709
13278
10876
11865
12407
15539
11358
11378
12133
12262
14874
18238
22065
12517
57420
1156686
21999
11868
50600
11687
11785
12165
14492
800810
18334
24926
13357
207397
995373
721394
13541
11932
10557
12199
28334
34389
10844
9582
158893
14521
12125
9520
8891
2173
2606
2291
4790
2201
2090
2137
2074
2223
2878
2165
2328
90006
3152
5859
437942
3460
97442
2596
2255
8051
2233
66385
2798
2325
2270
2219
2189
2280
16478
2314
2663
107342
2906
7652
2380
10380
2359
15986
2233
2306
2318
4773
3744
2121
2315
2062
2146
2671
2400
2717
78638
54422
3015
197677
105625
131467
4083
2803
235969
4612
34481
8885
2402
2209
3574
192665
3960
3267
1937
2711
2228
3562
130398
3335
126404
6233
3455
2365
2532
2341
2508
2569
2982
180410
3685
2340
2360
2485
2414
2905
97800
3274
2759
2732
3781
2723
47712
112046
3733
5955
2406
2312
3635
2360
2855
17340
2381
4443
2505
2433
2193
2559
2177
1971
2253
3143
227789
4269
293108
7212
3415
301009
3885
17023
2566
83618
5213
6194
2221
2327
3524
248196
4087
3772
85721
38013
194237
3839
2311
2356
2028
2128
2543
30770
95899
190794
3727
20505
2263
2138
8023
2461
2042
2181
2175
2296
15117
2497
52127
4050
244179
10706
17771
2372
16445
2758
2045
2003
2094
2059
2141
15554
2247
2318
51533
38862
2296
536250
4302
3935
5455
3236
173372
233476
6096
58545
3407
5517
2327
2849
318976
2301
2562
2519
2360
249317
18699
4478
27439
3049
2303
7971
2178
2698
2277
2470
86076
2863
2330
361954
55029
3165
64364
2430
2146
2232
2343
2812
2139
2094
2270
2254
2727
3414
4132
2304
10723
222519
4111
2238
9458
2093
2197
2315
2652
152102
3473
4630
2474
39492
187253
138378
2565
2275
1955
2341
5434
6463
2017
1814
30100
2739
2323
1822
