48813
11741
13552
12422
26628
11451
10807
11574
11613
12019
15302
11321
11993
487541
15998
32123
2352635
18908
518211
13371
12140
44109
10746
363190
15321
13077
12090
12031
10834
13093
88305
12594
14549
564100
15390
41605
11639
57485
13095
85379
12120
12961
13116
25098
19337
11330
12034
11649
11033
14445
13260
14638
419674
294948
16908
1057575
580457
691679
21881
14166
1249587
24668
182271
46282
12438
11768
18359
1017928
20350
17586
10712
14288
12133
19952
702007
17011
683483
32808
18868
12857
13044
11843
12816
12726
15626
940156
21299
12849
13678
13427
12757
16756
523546
17851
14857
14332
21955
14890
263668
585956
19214
31149
13296
13166
18737
12624
15009
91936
12745
24433
13182
12918
12361
13470
11439
10743
12180
16962
1214309
22991
1565216
40736
17297
1611810
21410
90961
13136
440707
29341
32491
12011
11528
19278
1288845
21446
19219
418318
195894
1066708
19621
11468
11858
10414
10423
11897
157577
492802
1021836
19938
108164
11054
12303
42421
12562
11099
11938
12021
13231
76693
13775
275295
21159
1279963
56755
93202
12240
85656
14931
10869
10655
10632
10766
11225
82090
12757
11846
270003
197530
11992
2826328
21733
21309
29053
18371
878697
1224867
32023
310855
16893
27405
11891
15265
1664447
12414
13362
13707
12839
1322735
94468
23946
143613
15921
12758
42090
11538
13627
11750
13461
458259
15099
12069
1905267
294066
17754
335432
12599
11201
11820
12229
14896
11363
11725
12164
11562
15307
18534
21528
11838
56709
1159000
22492
11429
50444
11935
11283
12547
14667
804443
19268
25311
12316
207278
993416
718959
13021
12467
10583
12285
28491
33702
10504
9847
158162
14736
12720
9352
9011
2218
2614
2291
4884
2154
2044
2196
2198
2234
2941
2119
2278
90722
3002
5979
439929
3530
97447
2493
2284
8190
2064
66647
2866
2377
2223
2161
2008
2369
16729
2341
2640
106833
2907
7727
2198
10590
2438
16180
2304
2357
2401
4785
3572
2096
2286
2096
2108
2730
2425
2701
79533
53841
3127
198549
105438
131341
4083
2732
234269
4565
34393
8764
2352
2217
3546
191149
3835
3336
2041
2719
2279
3770
130561
3201
125823
6255
3564
2341
2428
2197
2442
2411
2976
179250
3894
2346
2507
2484
2415
2979
97083
3273
2750
2620
3986
2684
47674
111719
3595
5804
2490
2421
3458
2352
2832
17202
2434
4514
2498
2449
2280
2575
2182
2014
2257
3241
227694
4302
293440
7512
3309
299933
3908
17314
2503
83864
5288
6255
2297
2236
3512
248166
4120
3653
85114
37837
195447
3823
2206
2220
1999
2011
2363
31125
96067
190584
3885
20299
2167
2318
8190
2413
2121
2300
2318
2452
14834
2555
52065
3961
244770
10838
17958
2341
16600
2788
2163
2050
2069
2114
2204
15710
2489
2313
51212
38889
2363
537002
4320
4129
5516
3426
172272
233053
6010
58321
3293
5349
2278
2854
319168
2340
2532
2502
2429
248979
18762
4445
27293
3073
2374
7929
2161
2581
2212
2456
87339
2810
2256
362274
55279
3363
64246
2325
2226
2205
2267
2724
2158
2142
2240
2126
2764
3513
4071
2192
10645
222631
4219
2116
9494
2121
2109
2346
2687
152922
3649
4690
2299
39555
187276
137861
2547
2404
1973
2363
5500
6361
1970
1866
30133
2813
2476
1789
