42236
9509
11628
11033
21610
10619
9994
10372
9680
10565
13592
10213
10505
437098
15327
30660
2093855
18390
451094
12573
11424
39349
10088
341216
14128
11070
11651
11060
10057
11264
81210
11502
12645
507051
14580
36866
10784
48475
10903
71275
9807
11622
11061
22101
17795
10106
10666
10668
10142
12398
11889
13108
352592
277971
15915
935477
513626
637937
19828
14351
1117199
24026
155398
37732
11507
9970
15563
879201
18425
15656
9504
11955
9780
17588
598004
16461
633474
28321
15149
10972
12529
11469
10973
11321
14778
827956
18742
11048
11301
11567
11274
13657
436433
15491
13479
13590
18583
13488
243657
543796
17864
27387
11450
11347
16455
11203
14732
79611
11491
21071
11105
11932
11632
11236
10210
9576
11594
14854
1091896
21912
1405067
38246
16401
1441399
19972
82819
12018
391947
26177
29253
10934
10674
18385
1135739
18886
18480
364370
161849
990588
18492
10324
11405
9415
9485
11905
143072
461776
915019
18377
98976
9425
10445
36846
11426
9386
10154
10091
12164
70606
12330
238103
18643
1126343
47503
79850
11194
73570
12590
9771
9823
9780
9414
9617
74565
10946
10951
247825
181903
10900
2519140
21209
19922
27515
16463
784872
1072526
29264
277782
16872
26637
10485
14335
1496071
10388
11444
11688
10419
1176644
84845
22526
134736
13963
11249
36767
10260
12421
10510
11372
409379
13695
10975
1684407
273228
15349
312148
11851
9995
10250
10312
12947
9711
10768
10405
9870
12374
15680
18810
10809
49659
1082630
19968
10482
46716
10400
9600
10584
13151
700694
17312
23238
12061
181236
917935
647528
11913
10612
8797
11382
26009
29275
9264
8485
134710
12732
10918
8508
8148
1889
2363
2142
4241
2040
1960
2036
1925
2018
2781
2012
2074
84470
3041
6023
410365
3599
89067
2460
2279
7669
2028
65051
2730
2140
2259
2086
1955
2139
16164
2219
2431
100919
2880
7137
2151
9319
2198
14330
1979
2223
2143
4456
3472
2020
2140
2049
2050
2438
2299
2556
69977
53185
3110
183857
98184
127128
3915
2880
218933
4626
30804
7553
2259
1978
3164
173877
3673
3155
1864
2379
1952
3446
117817
3264
122323
5723
3048
2166
2404
2171
2142
2264
2955
166780
3617
2134
2208
2242
2188
2568
85151
2988
2595
2659
3548
2564
46310
108861
3470
5283
2268
2188
3230
2191
2880
15559
2311
4102
2229
2328
2250
2291
2071
1880
2233
3000
214948
4253
276920
7487
3309
280875
3963
16478
2372
78344
4934
5917
2194
2127
3521
230071
3845
3598
77658
32957
190500
3810
2113
2279
1863
1904
2483
29779
94789
179059
3731
19428
1930
2068
7461
2320
1913
2060
2030
2352
14215
2385
47492
3634
225221
9442
16164
2228
15050
2517
2015
1964
1974
1956
2000
14952
2225
2214
49264
37704
2210
502589
4367
4078
5488
3195
162249
213726
5703
54806
3415
5438
2119
2817
301555
2070
2311
2263
2161
231518
17551
4368
26835
2835
2228
7276
2048
2486
2109
2169
81951
2674
2170
336880
54099
3097
62562
2301
2031
2067
2018
2499
1892
2074
1971
1908
2377
3139
3656
2102
9735
216997
3914
2044
9150
1942
1926
2086
2484
139099
3424
4546
2333
36521
181867
129428
2398
2104
1722
2311
5193
5725
1798
1668
26696
2515
2207
1717
