41154
9597
11990
10326
22102
10635
9779
10035
10218
11045
13716
9824
10287
436029
15004
30261
2095133
17159
448824
12286
10695
39442
10257
337239
13294
11172
10987
10832
10047
11258
81015
11123
12824
507848
14235
36077
11333
48568
11654
71274
9999
11906
11763
22400
17212
9734
10925
10068
10310
11864
11618
13155
352485
278169
15207
929073
514984
633748
19640
13273
1115851
23331
157263
38142
11335
10504
15363
897424
18879
15727
10495
11863
10261
16984
600076
16410
630573
27852
16184
11449
12449
11157
11063
11539
13647
827315
19570
10929
11873
11691
11566
13944
434948
15506
12925
13345
18987
13508
244413
542549
18105
27028
11306
11607
16546
11600
13723
81037
11292
20661
11134
11959
10656
11224
10209
9732
10748
15811
1098115
21966
1398984
38094
16571
1448169
20261
80801
12130
388724
26071
28937
10889
11319
18545
1143351
18640
18114
362261
164819
992350
19254
10596
11323
9408
8836
11895
144545
460873
923422
18560
101291
10130
10175
36189
11116
9795
10062
10315
12376
70008
10746
238614
19233
1129509
46238
81001
10647
74765
12382
9664
9187
9629
9452
9461
73485
9484
10752
245432
182167
10898
2509212
21393
20170
27987
16148
787754
1077690
29206
278330
16084
27683
11040
13929
1490131
10648
11254
11474
10970
1174902
86389
21237
131813
13630
11151
34939
9977
11959
10669
11246
409950
13645
10343
1684386
273446
15948
311743
11096
10094
10389
9959
12547
9868
10617
10567
10554
12967
15255
19274
10984
49760
1078795
21574
10509
47353
10458
9807
11337
13836
700288
17442
23060
11033
179519
920113
650376
12238
11192
8929
10642
26357
29110
9137
8611
137026
13220
10672
7963
7886
1913
2442
1981
4281
2062
1935
1995
1969
2133
2806
1962
2071
84706
2985
5949
409744
3407
88702
2408
2118
7773
2068
64655
2595
2168
2129
2057
1959
2136
16123
2191
2437
100918
2820
6983
2237
9359
2304
14355
1984
2278
2242
4490
3323
1906
2158
1955
2083
2367
2275
2552
70317
52921
2946
183055
98344
126179
3886
2630
218959
4601
31019
7678
2189
2086
3093
177105
3730
3136
2054
2372
2079
3398
117914
3252
121806
5664
3202
2276
2412
2136
2189
2306
2770
166469
3782
2138
2250
2317
2251
2657
85137
3006
2483
2562
3628
2558
46467
108603
3602
5236
2233
2253
3239
2268
2717
15848
2305
3985
2227
2323
2073
2281
2021
1900
2073
3158
215996
4323
275919
7405
3372
281939
3965
15986
2418
77778
4878
5866
2152
2258
3598
231216
3804
3591
77694
33387
190549
3890
2156
2249
1847
1800
2403
29939
94378
180654
3742
19920
2086
2015
7285
2252
1983
2052
2063
2378
14090
2137
47674
3718
226072
9319
16394
2077
15192
2453
2014
1885
1954
1914
1944
14692
1955
2199
48755
37806
2209
500890
4390
4122
5574
3156
162723
214576
5750
54869
3221
5583
2210
2736
300715
2140
2251
2216
2225
231745
18009
4132
26307
2774
2185
6968
1955
2395
2100
2188
82348
2739
2028
337946
54063
3205
62629
2182
2126
2051
1970
2391
1965
2051
2067
2027
2460
3054
3770
2109
9808
216306
4211
2047
9303
1952
1916
2204
2674
139062
3385
4515
2128
36237
182053
130281
2483
2238
1752
2128
5334
5713
1793
1723
27094
2651
2150
1601
