41354
9853
11717
10859
21093
9965
9936
10377
10045
10826
13853
10493
10858
438846
14723
29905
2094224
17604
451906
11832
10540
40453
10145
339607
14082
10998
11300
11207
10220
11417
80259
11197
13317
504708
14668
36773
11292
49014
11951
71709
9979
12052
10913
22246
17376
9909
10669
10424
9938
12823
11849
13173
358555
278672
16024
935410
514584
633063
20252
13158
1110679
22929
158656
37926
11060
10660
15474
894608
18330
16615
9848
12263
10094
16480
606347
16103
626303
27626
15961
10924
12415
11043
11268
11698
13277
825802
20211
11138
11750
11159
11712
14738
438359
15713
13267
12687
18537
13709
243068
546486
18395
26693
11918
11810
17724
11723
14051
80890
10925
21098
11663
11400
10780
11326
9998
9818
11286
15346
1104095
22373
1408333
37840
16212
1454346
20392
85079
12646
389829
26386
29650
10598
10942
18159
1150478
19509
18032
366926
164733
988144
19132
9567
11086
9614
9167
11903
141723
458761
924627
18148
101245
9565
11089
37167
11533
9218
9855
10274
11494
72939
12274
240310
19207
1132996
46365
78809
11089
74362
12688
10396
9194
9972
9439
9914
75561
10486
10687
247623
180068
11246
2524157
20980
20435
28524
15735
783923
1077298
28833
275227
18014
26716
10920
14204
1504402
9996
11166
11622
11647
1182894
84321
21584
129853
13739
10754
35107
9782
12579
10365
11509
413855
14366
10728
1689462
274748
15599
310282
11614
10149
10101
10754
12648
9794
10373
10883
10400
12342
15848
18571
10870
50214
1080971
20620
10025
46847
10696
10077
10322
14276
705282
16799
23099
11461
179378
920849
658308
12675
10843
9432
10952
24991
28410
9245
8471
138463
13773
10875
8738
7981
1930
2362
2107
4125
1949
1971
2045
1981
2149
2814
2059
2145
85467
2943
5886
410762
3470
89224
2347
2133
7881
2056
64982
2742
2123
2209
2119
1986
2137
16120
2194
2519
100576
2882
7100
2211
9449
2318
14485
2018
2269
2080
4495
3359
1946
2155
1986
1989
2490
2270
2539
71212
53078
3082
184185
98527
126377
3968
2626
218524
4466
31446
7594
2186
2127
3168
176721
3659
3291
1966
2493
2001
3304
119428
3227
121378
5619
3189
2152
2443
2148
2246
2328
2729
166652
3839
2174
2222
2213
2280
2758
86028
3018
2561
2468
3548
2643
46528
109396
3592
5220
2362
2277
3491
2340
2748
15866
2214
4119
2334
2289
2124
2286
2010
1933
2180
3081
217301
4435
278102
7390
3314
283093
3947
16664
2510
78009
4935
5992
2114
2202
3502
233132
3914
3576
78424
33529
190661
3920
1973
2155
1910
1831
2445
29567
94480
181180
3662
19859
1983
2205
7555
2346
1899
2017
2060
2263
14624
2364
48261
3761
226840
9339
16001
2250
15103
2569
2131
1857
2020
1935
2049
15167
2177
2165
49221
37253
2263
504424
4372
4182
5672
3092
162168
214803
5643
54314
3628
5454
2211
2802
303531
2014
2257
2283
2314
233364
17544
4233
26008
2741
2143
6960
1948
2499
2061
2239
83190
2811
2098
338887
54125
3093
62467
2268
2108
1978
2086
2407
1938
2005
2103
1995
2360
3141
3642
2097
9916
217210
4036
1988
9172
1979
2015
2062
2769
140281
3348
4464
2222
36429
182491
131548
2525
2130
1810
2234
5054
5631
1827
1733
27624
2738
2179
1804
