43134
10484
11844
10799
22225
9628
9809
10360
9315
10914
13772
9943
10841
438270
15139
30987
2099475
17634
453300
12108
10624
39395
9738
335730
13577
11047
10928
11586
10200
11635
79678
11414
13436
507504
14043
35265
11273
49690
11383
71532
10643
11556
11006
21220
17440
9524
10516
10205
10256
11875
11666
12786
357722
278329
15358
935882
514377
632565
20030
13684
1112398
23829
156514
37484
11829
10190
16038
895360
18998
16214
9885
12285
10196
17457
605972
16496
629962
28557
15149
11280
12326
11493
11075
11972
14403
830759
19307
11520
11442
12154
12081
14683
445671
15467
12990
13019
18297
13501
241018
544832
18319
26831
11669
11293
16826
11587
14623
79759
10531
21120
12512
12225
10864
10847
10287
9815
11480
15976
1097301
21670
1401377
38306
15972
1457617
20911
83926
12632
392510
27483
29870
10930
10980
17872
1145350
19259
19253
367984
167052
990995
18676
10310
10783
10048
9516
11443
143505
460122
928078
18188
100721
9590
11198
37068
11495
9620
9881
10496
11603
71026
11512
243250
20104
1136533
46975
80790
11380
74839
13105
9711
9338
10048
9052
9232
75020
10536
10519
247941
181859
10969
2520549
21187
20607
27484
16049
788031
1072000
29494
279165
16118
25822
10797
14108
1493087
10529
11543
11869
11295
1186466
85996
21794
131896
14212
10349
35100
10546
12712
10702
11926
410161
12461
10695
1691593
270820
14981
309668
11075
9462
10060
10790
12563
9690
10027
10752
10113
12959
15583
19200
11653
50182
1079002
20459
10302
47144
10197
10118
11170
13972
708278
17275
22510
11208
179413
916919
654368
12472
10190
9099
10950
25907
27701
9287
8718
136671
13017
10762
8349
8326
2057
2428
2105
4311
1925
1960
2047
1847
2150
2844
1977
2180
85336
2971
6116
412366
3487
89734
2421
2142
7723
1974
64485
2666
2124
2138
2201
2010
2181
15979
2210
2553
101086
2779
6899
2265
9638
2229
14463
2112
2243
2116
4340
3406
1887
2100
2005
2063
2373
2265
2488
71173
53368
3039
184483
98596
126548
3901
2763
219527
4675
31216
7555
2284
2039
3242
177186
3786
3208
1997
2469
2051
3462
119474
3284
122263
5779
3066
2231
2430
2186
2185
2399
2929
167879
3728
2223
2214
2375
2378
2723
87270
2998
2478
2493
3539
2555
46002
109600
3578
5288
2261
2206
3278
2327
2872
15643
2144
4126
2493
2406
2144
2204
2074
1934
2218
3250
216862
4290
277293
7459
3254
284355
4047
16704
2494
78822
5189
6041
2136
2160
3451
232634
3926
3757
78956
34055
191457
3825
2112
2167
1975
1923
2388
30055
94737
181881
3704
19859
2022
2180
7512
2319
1967
2010
2111
2269
14354
2269
48843
3888
227969
9431
16282
2248
15293
2590
2011
1890
2031
1885
1906
15092
2150
2180
49419
37776
2249
505206
4345
4254
5462
3186
163352
214240
5839
55258
3282
5293
2145
2800
302258
2102
2273
2338
2262
233642
17924
4198
26575
2885
2051
6988
2085
2538
2108
2316
82942
2451
2109
340420
53880
3024
62418
2199
2007
2019
2105
2438
1936
1933
2071
1916
2465
3069
3751
2258
9877
216899
4027
2016
9187
1938
1984
2201
2689
141252
3439
4402
2191
36336
182511
131306
2509
2060
1763
2236
5185
5459
1813
1733
27263
2582
2163
1689
