41194
9838
11512
10324
21746
10189
9289
9864
10129
10296
13788
10188
10360
435699
15758
31819
2070487
18038
444503
12853
10477
37513
9901
341193
13962
10835
11314
10898
9978
11075
81321
11232
12902
510712
14844
35531
10851
48278
11334
69068
10345
11884
11190
21540
16820
9536
10738
10300
10092
12928
12155
12825
345224
277004
15106
921139
504316
630268
19768
13018
1102147
24223
156656
37256
10545
9855
14950
879151
20305
15563
9247
12664
9903
17066
593850
16831
633430
27900
15776
11263
12364
10992
10531
12064
13659
820667
19643
11430
11203
11349
10823
13973
431651
16222
13311
13046
18716
13963
242853
545056
18442
25790
11654
11085
16521
11214
14083
78523
10364
20320
11113
11005
10675
11345
10156
10140
10747
15370
1083535
21519
1394629
37791
16796
1442249
20498
81827
12100
385902
26267
30682
10975
10510
18085
1135912
19737
18589
365150
160968
999924
18434
9981
10682
9265
9315
11824
144983
460054
920287
18121
100068
10214
10586
37739
11219
9174
9718
10198
12168
71589
11999
236701
18265
1113290
46288
76356
11373
74371
12307
9762
10082
9752
9253
9523
77048
10043
10421
243968
183010
10308
2493875
21620
19737
28594
16225
778172
1058776
29532
275286
16887
27402
11226
13846
1477954
10525
11470
11068
11238
1167845
86147
21306
134180
13747
11127
35225
9608
12474
10392
12045
413639
13616
10709
1669007
272431
15913
313724
11993
10146
9853
10525
12785
9961
10110
10737
9676
12938
16275
18667
10164
49146
1090542
20785
10221
46191
10281
10382
10395
13951
691938
17114
23585
11290
176525
918796
640849
12428
10772
9709
11064
25991
27699
9189
8525
134850
13411
10366
8220
7786
1916
2346
1971
4156
1972
1835
1955
1954
2002
2764
1958
2066
83585
3033
6178
401908
3480
86787
2478
2060
7220
1973
64386
2699
2041
2141
2022
1932
2065
16036
2145
2448
100421
2896
6848
2086
9116
2175
13722
2056
2254
2118
4340
3283
1887
2128
1991
2006
2484
2281
2435
67843
52283
2950
179095
95190
124069
3892
2604
213902
4651
30648
7413
2063
1949
3010
171766
3933
3058
1807
2485
1961
3373
115498
3293
121049
5595
3144
2189
2390
2071
2121
2373
2744
163473
3777
2172
2154
2196
2134
2615
83341
3145
2513
2516
3504
2609
46088
108125
3521
5061
2220
2126
3215
2225
2738
15205
2075
3931
2195
2212
2054
2279
1992
1941
2040
3079
210955
4218
272252
7296
3365
277516
3952
16082
2394
76281
4943
6150
2162
2092
3440
227769
3962
3614
77348
32255
189950
3745
2010
2131
1836
1870
2395
29924
93301
178035
3608
19333
2099
2082
7573
2243
1891
1929
2020
2325
14301
2284
46622
3484
220537
9193
15229
2226
15018
2411
1983
1994
1951
1891
1942
15153
2041
2105
48093
37341
2098
491652
4413
3977
5659
3099
159156
208521
5695
53707
3392
5463
2206
2714
294968
2060
2271
2111
2203
227272
17743
4108
26464
2758
2172
6966
1900
2440
2064
2312
82321
2630
2100
331260
53310
3118
62362
2330
2065
1948
2032
2413
1928
1938
2037
1840
2423
3157
3610
1939
9560
216056
3997
2007
9038
1936
2020
2065
2609
135879
3373
4499
2183
35331
180204
126786
2445
2107
1851
2189
5179
5483
1793
1707
26490
2606
2088
1659
