42175
9463
11640
10356
22299
10065
9276
9881
10352
10784
14225
9822
10682
440028
14955
30630
2091316
17428
452649
12308
10621
38506
9789
338113
13692
11583
10874
10567
10280
11629
80806
11908
12431
508337
13635
35214
11095
49071
11143
70081
9897
11883
10912
22143
18126
9522
10585
9673
10709
12200
11800
12327
357969
276630
15645
925973
516272
636273
19501
13079
1111746
23570
156692
36850
11126
10241
16205
892707
18863
15957
9303
12748
10007
16677
607531
16540
629303
29000
16332
12091
12776
11482
11371
11521
14077
827611
19511
11488
11538
11827
11208
14985
440237
15231
13362
12653
18976
12836
242068
548170
18762
26702
11323
11571
16671
11527
13420
80491
11558
21445
11559
12120
10578
11378
9934
10106
10986
15873
1094412
22333
1406736
39311
17204
1458673
20480
81782
11826
391876
26911
30440
10834
11113
17080
1148299
20484
17904
368112
166215
983871
18538
9742
11120
9442
9664
12146
139897
458597
925050
17808
98339
10065
10732
37711
11096
9668
10121
10178
12092
71826
11923
242586
18916
1135960
46861
79978
10766
75355
12397
9858
10101
9712
10229
9858
73340
10013
10972
246571
182186
10265
2525418
21031
19217
28409
16262
785825
1075863
29699
277975
16356
26994
10861
14310
1501309
11240
11428
11206
10754
1188833
85701
22084
134257
14323
10681
36030
9794
12908
10757
12332
412011
13329
11145
1701954
273207
15436
310759
11053
10001
10490
10444
12811
9869
10370
10765
10615
13231
15821
18840
10847
49817
1087234
20122
9968
47522
10857
10251
11354
13414
716428
17421
23184
11250
182623
926775
653025
12749
11047
9384
10916
25996
28509
9677
8554
139064
13416
10917
9027
8165
1892
2368
2032
4325
1974
1879
1967
2036
2110
2864
1919
2122
85606
2947
6032
411647
3474
89448
2398
2143
7594
2013
64924
2649
2220
2135
2035
2021
2199
16284
2326
2391
101614
2735
6894
2195
9533
2203
14165
1978
2256
2115
4515
3536
1869
2136
1906
2141
2404
2281
2382
71385
53007
3035
182933
99025
127318
3843
2631
219783
4590
31184
7485
2177
2063
3282
176951
3786
3204
1868
2516
2012
3302
119637
3298
121985
5883
3252
2364
2486
2206
2279
2304
2877
167197
3772
2203
2206
2323
2213
2819
86243
2959
2583
2464
3633
2445
46554
110262
3709
5224
2219
2234
3260
2296
2653
15847
2314
4172
2303
2399
2097
2294
1996
1969
2158
3202
216534
4424
278408
7639
3503
284592
3958
16353
2343
78696
5018
6166
2157
2214
3325
233239
4131
3569
78920
33802
190060
3783
1993
2187
1878
1961
2498
29296
94493
181609
3585
19386
2092
2148
7639
2278
1982
2084
2054
2322
14500
2361
48467
3719
228120
9418
16244
2152
15484
2445
2032
2038
1981
2083
2013
14771
2081
2203
49326
37920
2105
506143
4336
3976
5705
3206
163049
215674
5783
55185
3339
5492
2188
2766
303547
2239
2262
2183
2195
234479
17821
4306
26922
2916
2127
7143
1961
2577
2136
2401
83114
2646
2191
342273
54221
3078
62614
2165
2121
2035
2010
2442
1954
1975
2105
2071
2571
3091
3690
2122
9800
218756
3971
1978
9334
2085
2077
2231
2589
142593
3479
4521
2208
37145
183609
130944
2590
2239
1840
2205
5221
5634
1867
1687
27550
2692
2210
1828
