42255
10116
11225
10379
21793
10354
9898
10268
9579
11029
13972
10296
10600
437943
15005
30560
2091967
17409
454614
12687
10522
39257
10153
336832
14441
11368
11183
10464
9849
11828
81537
10836
13042
505911
14363
36004
10766
49578
11505
71515
10861
11513
11210
22741
17463
9961
10248
10290
10166
11763
11863
13178
353999
274998
15467
928069
512090
634505
20065
13685
1114141
23665
158135
37832
11139
10256
16020
898208
19374
16107
9824
11321
10116
16890
601133
16099
633121
27224
15946
11329
12779
11619
11513
11235
13345
826889
18757
11648
11714
11412
10886
14231
442047
15803
14132
13544
17429
13835
241115
539204
18173
26350
11889
11171
16319
11010
13764
79350
10972
21594
11713
11084
11070
11682
9881
10119
11389
15711
1094631
22009
1403698
37250
16192
1441344
19738
81094
12209
389495
26162
29153
10585
10612
17541
1145861
19637
18164
365585
164506
979888
18709
10425
10249
9447
9844
11619
143417
461368
922148
18654
99242
10352
10737
37574
11724
9883
10048
10383
11924
70786
12437
241009
18639
1138147
47100
79940
11743
76430
11987
9441
10010
10242
9233
9566
74827
10256
11009
245360
179709
10472
2521245
20991
19052
28782
15272
786343
1074981
28602
278284
16108
27076
10745
13979
1501938
10638
12229
12105
10981
1187901
86305
20793
131547
14215
10195
36273
10293
12160
10447
12206
411686
14097
10106
1696658
274967
15563
311064
10822
9745
10538
10715
13287
10658
10333
11120
10432
13201
16282
18683
10642
51086
1078613
21180
10594
47325
10602
10097
11231
12944
703308
18162
23192
11268
180083
918860
654128
12205
10489
8868
10869
26395
28819
9157
8759
137018
13639
11200
8333
8190
1988
2355
2017
4235
2019
1993
2041
1885
2162
2844
2067
2111
85498
2980
6033
412217
3442
90043
2515
2130
7621
2057
64739
2847
2189
2184
2036
1973
2202
16261
2132
2479
101398
2871
6995
2149
9578
2260
14428
2191
2193
2168
4602
3435
1992
2054
1984
2052
2354
2343
2539
70772
52654
3032
183433
98255
126939
3974
2747
219583
4613
31494
7603
2227
2054
3286
177843
3847
3197
1990
2316
2026
3382
118941
3253
122960
5526
3251
2241
2511
2244
2246
2250
2711
167030
3652
2220
2280
2258
2157
2667
86792
3055
2783
2633
3336
2611
46224
108507
3581
5084
2331
2195
3181
2231
2753
15620
2203
4134
2321
2215
2127
2415
2006
1964
2183
3154
216555
4325
278200
7288
3320
281791
3869
16209
2450
78246
4919
5991
2135
2163
3417
233048
3967
3624
78707
33483
189356
3849
2138
2066
1858
2037
2419
29983
95088
181322
3834
19583
2147
2137
7597
2354
2039
2068
2082
2321
14389
2412
48568
3646
228712
9479
16204
2313
15672
2403
1971
2022
2077
1948
2002
15021
2135
2242
49045
37289
2139
505429
4351
3919
5780
3000
163216
215386
5609
55208
3321
5555
2153
2748
304145
2100
2438
2356
2195
234632
18073
4107
26399
2857
2029
7208
2014
2397
2076
2359
83042
2809
2016
341849
54403
3085
62567
2072
2046
2133
2091
2529
2111
1990
2139
2022
2544
3214
3705
2073
10007
217246
4079
2067
9387
1966
2013
2244
2495
140556
3573
4512
2196
36381
182395
131565
2502
2121
1750
2199
5375
5752
1798
1754
27375
2710
2232
1681
