41999
9780
11667
10473
22322
9782
9970
10072
9850
11005
14159
10599
10220
436926
15641
30308
2099887
17794
453025
11682
10181
39878
9960
340185
13258
10872
11071
10873
10291
11794
81137
11177
12302
503997
14929
35329
10594
48424
11611
71516
9983
11559
11543
22273
17869
9479
10459
10484
9548
12636
12314
12638
358010
274591
16442
937477
512103
639524
20750
13392
1118639
24560
159101
38993
10544
10139
16096
899590
19116
15601
9005
12224
9668
16755
608522
16749
630222
29030
16388
11669
12930
11029
10838
11922
13193
826716
18996
11247
11131
11680
11268
14852
441456
15603
13220
13219
19108
13923
240748
543758
18167
27399
11725
11852
17050
11347
13976
80807
11346
20686
11923
11802
10932
11854
10339
10006
11011
15649
1098470
21803
1402507
37303
15955
1450800
20282
83123
12161
391166
26573
29345
10856
11213
17410
1150087
20023
18217
364249
164123
993088
18834
9845
10326
9294
9290
12351
140848
458034
922326
17630
99800
10176
10495
37067
11521
9626
10519
10273
11440
71449
11834
239983
19274
1135339
47597
80475
11122
74884
12897
9921
9849
10180
9299
9541
74880
10248
10540
249709
181528
10628
2523702
20148
19447
27685
15644
791577
1071772
29425
278989
16307
27170
11180
13554
1501266
10110
11942
11199
10919
1189132
85005
21796
134468
13703
11403
35558
9679
12724
10874
11727
410013
14242
10782
1693405
272739
15619
312127
11589
9756
9767
10158
12990
9765
10240
10640
10228
12990
15568
18888
10262
49785
1084309
20792
10604
47596
10714
10252
10864
14452
704513
17808
23141
12119
180783
916724
647878
11680
10552
9330
11076
25793
28706
8970
8772
137476
13198
10941
8331
8139
1933
2373
2046
4348
1928
2010
1989
1948
2151
2847
2084
2095
85329
3087
6021
413090
3509
89970
2324
2072
7761
2003
65269
2624
2111
2155
2086
2028
2228
16184
2204
2407
101055
2981
6876
2115
9408
2287
14481
2043
2207
2211
4484
3515
1895
2113
2016
1933
2473
2393
2442
71324
52653
3219
185382
98186
127869
4059
2711
220573
4779
31663
7839
2090
2019
3305
178100
3782
3169
1815
2483
1915
3365
120352
3367
122327
5844
3293
2284
2538
2151
2192
2355
2693
167153
3685
2165
2168
2332
2210
2764
86669
3055
2602
2554
3688
2655
46223
109547
3585
5375
2284
2273
3329
2263
2727
15857
2329
4018
2395
2356
2155
2400
2056
1961
2160
3160
217259
4315
278186
7364
3260
283907
3930
16578
2428
78510
5104
6048
2157
2284
3334
233953
4047
3623
78348
33476
192050
3842
2030
2078
1869
1923
2560
29507
94501
181245
3578
19584
2076
2098
7533
2313
1955
2152
2071
2259
14446
2339
48116
3755
228200
9547
16307
2236
15294
2565
2086
1989
2072
1934
2009
14997
2134
2150
49944
37876
2175
506127
4181
4014
5563
3112
164385
214676
5773
55300
3322
5581
2220
2703
304304
2016
2388
2214
2207
235231
17842
4230
26903
2783
2245
7059
1935
2526
2193
2281
82851
2811
2134
341282
54161
3129
62846
2269
2009
1942
2004
2476
1959
2026
2041
2012
2458
3090
3723
2016
9871
218179
4071
2075
9358
2016
2063
2133
2777
140686
3528
4506
2360
36744
182318
130446
2377
2093
1799
2249
5217
5652
1778
1749
27252
2651
2201
1687
