41303
10473
11455
10569
21709
10357
9491
10085
10340
11106
13910
10953
10565
440496
14851
30709
2096460
17463
455448
12042
10559
38672
10553
338916
14464
11371
10672
10778
9947
11281
79272
11105
13016
506355
14830
35477
11224
48355
11955
71247
11119
11231
11843
23204
17796
10236
10558
9902
9137
12673
11844
13490
353761
275759
15268
931400
518311
635472
20627
13175
1117050
23326
159872
37292
11500
10513
16165
894930
18803
15633
10041
12220
9735
16389
602653
16524
636521
28428
16117
11331
13179
10714
11032
11581
13440
830528
19218
11443
11209
12057
10884
14785
442251
16351
13562
13391
18572
13393
244520
541997
18106
26521
11649
12048
16949
10712
13627
80265
11273
21511
12283
11551
10747
11373
10220
10111
10687
15540
1098402
22048
1405240
36739
16151
1450808
20797
82305
12924
389111
27272
28906
11267
11013
17207
1146082
19823
18212
366631
165858
988459
19017
10343
10661
9493
9489
11975
142444
455644
934256
19157
100031
10389
10691
37873
11970
9454
10056
10048
11245
71738
11696
243525
19219
1132681
48494
80359
10903
74730
12435
10015
10269
9808
9732
9353
75737
9784
10705
248869
180690
10842
2523393
20922
19396
27500
15902
788202
1077490
29414
277676
16437
27676
10939
14228
1497409
10436
11628
11468
10971
1190310
85730
21344
133759
13850
10844
37194
10120
12537
10709
12056
408438
13194
10258
1695088
272011
14772
312719
10859
9360
10684
10551
12499
10074
9883
10989
10659
13223
16474
19791
11473
49803
1079346
21108
10516
48183
10862
10246
10022
13571
710306
17069
22771
11281
178934
919152
658069
12171
10952
9276
11208
25350
28788
9416
8605
137670
12891
10474
8561
7971
2080
2316
2068
4178
2032
1869
2023
2026
2174
2815
2176
2112
86102
2932
6036
412991
3474
89972
2395
2102
7584
2131
65254
2788
2203
2087
2052
1947
2179
15880
2178
2457
101322
2971
6919
2236
9380
2336
14429
2211
2171
2250
4685
3468
2009
2121
1924
1886
2493
2334
2579
70705
52888
2998
183946
99379
127173
4038
2619
220221
4502
31808
7488
2246
2124
3284
177515
3775
3092
2004
2445
1981
3314
119275
3311
123732
5743
3228
2233
2537
2068
2236
2282
2748
168121
3735
2206
2179
2397
2173
2774
86957
3172
2617
2586
3543
2580
46819
109376
3534
5187
2298
2356
3308
2133
2714
15922
2278
4203
2433
2294
2139
2319
2067
1971
2098
3122
217469
4348
278729
7209
3295
284018
4055
16499
2544
78300
5160
5945
2223
2177
3335
233375
3980
3567
78633
34049
190617
3896
2150
2142
1914
1938
2431
29815
94055
183276
3885
19598
2135
2131
7670
2421
1972
2090
2061
2214
14584
2270
48833
3766
227840
9728
16265
2162
15247
2476
2069
2093
2004
2049
1972
15286
2042
2163
49742
37554
2200
505997
4321
4001
5501
3134
163223
215829
5817
55092
3376
5691
2222
2804
303278
2074
2327
2267
2221
235753
17923
4188
26794
2818
2137
7334
2048
2510
2117
2318
82381
2622
2035
341416
54161
2951
63245
2122
1983
2107
2049
2380
1999
1945
2102
2104
2483
3244
3890
2189
9880
217438
4067
2074
9492
2039
2025
1965
2596
141651
3455
4433
2209
36138
182739
132035
2471
2187
1814
2270
5134
5705
1852
1714
27484
2586
2118
1723
