42277
9735
11785
11163
21496
10114
9848
10102
9754
10668
14468
9997
11215
436055
15315
30847
2099595
17042
455642
12764
10146
39661
9987
336724
14151
10945
10619
10733
9981
11674
80711
11807
13024
508224
15043
36468
11472
49440
11679
70474
10647
11106
11761
22203
17158
10325
10314
10106
10271
12851
12006
12278
359232
276799
14666
931966
514225
630318
19963
13501
1117994
23059
157023
39039
11481
10065
16326
897977
19678
15830
10112
12608
9952
17006
605440
16005
636075
28343
16313
11085
12875
10884
11307
12148
13376
824577
18791
11556
11094
11825
11641
15326
442852
16362
13629
13135
18284
14182
244608
538843
18555
28147
11109
11619
16735
11783
13807
81071
10602
21749
11059
11420
10674
11949
10186
9759
11090
14706
1096409
21085
1404972
38440
16783
1454076
19633
83253
13035
392588
26696
29875
11018
10143
18268
1151821
20129
18221
367930
164465
993494
18559
10050
11046
9938
9722
11839
142774
456295
920939
17941
100974
10613
10832
36999
11370
8766
9887
9930
11237
70145
11944
240048
19863
1140714
47715
78549
11285
75131
12662
9538
9141
10065
9553
8602
75306
9951
10587
245000
184029
10626
2520109
21529
20408
28270
16090
795513
1076425
28802
280075
16051
27160
10946
14269
1502516
10805
11709
11614
10851
1188186
86037
21694
133340
14384
11385
36030
10327
12477
10237
11923
404306
13790
10883
1695993
271995
14368
310263
11725
10301
10839
10614
12876
10209
10277
10450
10367
12856
15320
19341
10906
49462
1082019
20658
10054
46311
10349
10921
10910
14203
708169
17171
23668
11195
179880
917400
652083
11789
10856
9749
11114
25826
28000
9461
8518
138319
12959
10728
8602
8189
1938
2399
2181
4156
2007
1980
1988
1921
2096
2925
1979
2265
85161
3021
6118
413142
3418
90507
2519
2026
7763
1978
64828
2723
2123
2087
2062
1980
2181
16187
2285
2484
101906
2995
7117
2248
9477
2285
14301
2144
2139
2245
4487
3363
2068
2060
1963
2053
2481
2364
2392
71632
53143
2895
184431
98684
126107
3898
2712
220512
4543
31202
7835
2265
2012
3335
178316
3903
3176
1997
2513
1999
3428
119664
3235
123675
5722
3291
2203
2500
2104
2243
2398
2698
166796
3651
2254
2152
2338
2277
2884
87059
3172
2627
2526
3512
2694
46999
108789
3600
5433
2193
2244
3262
2337
2718
15968
2177
4272
2254
2289
2105
2417
2033
1938
2116
2971
217220
4184
278542
7552
3425
284600
3855
16589
2575
78763
5065
6072
2167
2093
3559
234405
4080
3641
78925
33673
192242
3808
2094
2231
1977
1988
2441
29949
94203
181426
3614
19851
2194
2150
7527
2292
1811
2032
2013
2172
14222
2337
48109
3852
229306
9591
16036
2233
15365
2542
1974
1899
2064
1956
1835
15234
2064
2143
49064
38137
2181
505973
4466
4179
5668
3199
164941
215519
5655
55471
3263
5574
2192
2819
304502
2180
2347
2266
2194
234749
17950
4225
26682
2925
2243
7193
2020
2479
2055
2328
81829
2732
2157
341089
54133
2896
62778
2303
2121
2184
2106
2466
2011
1983
2013
1991
2503
3039
3775
2121
9816
217892
4071
1989
9185
1969
2185
2165
2706
141096
3426
4603
2190
36527
182362
131276
2393
2132
1883
2280
5227
5587
1883
1715
27645
2609
2143
1759
