42638
10110
11516
9961
21634
10351
9192
10253
9215
10932
13823
9694
10630
436809
14998
29708
2094568
18005
454110
12789
10882
38317
10012
340157
14168
11508
10551
10669
9972
10638
79039
11361
13516
504187
13969
36092
11273
49351
11639
73052
10224
11006
11574
22556
17555
9712
10632
10236
10169
12565
11567
13045
354821
275872
15755
937611
513871
634423
19765
13165
1120853
23564
159301
37536
10973
10565
15240
899560
19179
15611
9636
12305
9898
16493
610094
16894
633528
28000
15742
11122
12996
10387
11174
11757
13717
834253
19422
11895
11552
11308
11556
14391
443422
16316
12740
12183
18316
13406
241006
545784
18628
27792
11278
11153
16533
11219
13564
79954
10940
21643
11895
12148
11086
11989
10387
9609
10863
15013
1102907
22098
1406800
37581
16895
1457417
20489
82669
12440
388531
27086
29089
11026
11074
17528
1153447
18615
18463
364186
165137
991965
17839
9882
10747
9463
9240
11954
141213
458761
927690
18655
100830
10111
10464
38149
11887
9574
10706
10110
11618
70032
12349
240956
19060
1133900
47877
81383
11280
74787
12827
9668
9342
9566
9669
9421
73978
10443
10867
246554
180857
11217
2535806
21636
19697
28117
17100
790679
1075439
29412
278499
16425
26877
11119
14383
1499799
10564
11792
12264
10875
1198296
87460
21823
134219
13840
11588
37204
10144
12256
10401
12282
410836
13968
10447
1686042
273248
15655
314118
11086
9546
9582
10710
12927
9765
10231
10972
10755
13243
15405
19028
10601
49908
1083590
20814
10003
46725
10613
9868
10933
13702
709373
16450
23105
11426
181317
915830
653122
12380
10855
9409
10875
25551
29091
9600
8842
138653
13022
10157
8247
8296
1970
2356
1970
4223
2053
1859
2036
1806
2145
2818
1928
2136
85398
2970
5934
413550
3521
90248
2554
2197
7558
2026
65698
2794
2201
2082
2067
1973
2021
15834
2228
2640
101249
2797
7071
2248
9560
2273
14700
2100
2121
2252
4546
3439
1940
2124
1988
2051
2460
2239
2550
71017
53044
3094
186036
98827
127582
3911
2684
221419
4639
31782
7562
2169
2127
3161
178840
3851
3143
1972
2490
1996
3302
120772
3337
123178
5700
3173
2194
2516
2025
2231
2315
2797
168901
3765
2294
2232
2230
2285
2710
87486
3174
2497
2403
3533
2568
46422
109915
3630
5434
2204
2155
3264
2208
2685
15794
2236
4217
2400
2396
2192
2456
2082
1897
2096
3013
218054
4330
279922
7435
3464
285572
4028
16543
2483
78174
5178
5980
2227
2225
3385
235363
3828
3639
78890
33820
191860
3675
2073
2190
1886
1869
2458
29677
95025
182929
3770
19814
2103
2076
7743
2398
1924
2175
2038
2289
14226
2389
48459
3748
228517
9600
16519
2240
15283
2584
2034
1895
1955
2031
1991
14967
2132
2225
49449
37847
2313
509287
4496
4050
5656
3379
164565
215870
5822
55354
3373
5512
2220
2834
304724
2151
2333
2366
2195
236673
18232
4287
26974
2851
2281
7382
2046
2422
2048
2372
83039
2754
2084
340699
54536
3121
63455
2157
2021
1926
2093
2475
1956
1982
2137
2076
2561
3055
3786
2058
9876
218802
4153
1980
9293
1983
2011
2168
2621
142162
3310
4536
2233
36896
182552
131697
2553
2186
1856
2186
5176
5764
1889
1781
27640
2612
2042
1664
