43372
9848
11770
10895
22404
10397
9572
10053
10134
10153
13623
10148
10333
433336
15228
30442
2103755
17271
451939
12485
10755
39672
10131
336392
13236
10717
10643
10897
10418
11507
80394
11512
13156
506372
13557
36257
10630
49039
11510
73916
10052
11175
11598
22838
17884
10114
10517
10146
10374
12815
12114
13160
355958
275807
15475
939781
516413
634331
19403
13529
1123445
24182
159339
37119
11141
10210
16125
898291
18971
15935
9914
12211
10524
16830
604084
16163
628775
28033
16606
11611
12917
10586
10865
11626
14118
832453
19222
11027
11915
12172
11303
14621
444361
15895
13310
13439
18407
13084
241394
545501
18634
26824
10763
11537
17755
11682
14042
81232
11284
21386
12208
12131
10640
11572
10299
10293
11369
15438
1099076
21538
1406323
37140
16958
1453780
20468
84913
12395
393832
26095
29129
11023
10941
17820
1150458
19966
17884
367192
165331
998865
20000
10134
10895
8576
8946
12121
142755
461349
921956
18222
101765
10393
10449
37442
10820
9411
10340
9955
11576
72748
12309
243329
17795
1136487
47499
81252
11371
76649
12954
9710
9806
9620
9513
9854
75868
10513
10974
247076
179797
11070
2520606
20925
20564
27535
15821
787923
1079662
28004
275925
16942
26623
10870
13839
1489252
10182
11456
11336
11156
1185652
85103
21367
134290
13745
11022
35309
10725
12300
10318
12031
412220
13999
10923
1702958
271313
14915
313821
11835
9844
10137
10267
12895
9732
9997
10797
10147
13085
15868
18959
10499
49371
1085747
21186
10729
47069
10872
9895
11025
13566
709299
16874
23389
11239
182525
917068
656237
11996
10919
8893
10908
25853
29323
9392
8931
136751
13213
10770
8182
8451
1965
2364
2117
4372
2060
1906
2000
1991
1990
2776
2038
2085
84976
2997
5989
415378
3375
89865
2469
2140
7820
2007
64889
2634
2101
2098
2112
2064
2205
16166
2240
2544
101832
2709
7147
2139
9503
2288
14966
1997
2152
2214
4636
3521
2005
2098
1933
2130
2574
2339
2564
71313
53278
3059
186368
99541
127353
3891
2687
221807
4738
31867
7525
2193
2051
3339
178642
3837
3207
2006
2456
2073
3379
119596
3293
122728
5715
3325
2282
2526
2052
2147
2342
2818
168866
3706
2154
2272
2365
2198
2760
87333
3106
2635
2603
3534
2532
46623
110159
3643
5300
2132
2240
3475
2293
2756
16025
2316
4212
2435
2388
2086
2366
2085
2019
2199
3138
217709
4298
279794
7273
3448
284868
4013
16875
2452
79445
4962
6025
2224
2208
3482
234845
4014
3576
79089
33840
193377
4136
2101
2195
1759
1843
2484
29990
95337
181519
3679
20018
2177
2109
7626
2202
1928
2121
2022
2246
14723
2403
48925
3489
229016
9546
16427
2261
15693
2584
2040
1978
1995
1993
2067
15264
2175
2251
49637
37616
2259
507254
4350
4245
5546
3183
164308
216930
5509
55000
3443
5451
2177
2713
303073
2034
2305
2279
2265
234949
17829
4199
26978
2874
2220
7089
2146
2474
2066
2334
83365
2754
2170
343873
54031
3028
63539
2297
2079
2027
2046
2484
1923
1943
2143
2005
2506
3149
3715
2050
9828
219084
4135
2121
9302
2081
2002
2161
2622
142020
3348
4570
2212
36971
182577
132309
2458
2221
1757
2224
5255
5843
1872
1799
27390
2629
2182
1688
