43144
10395
11470
10640
22241
10326
9629
10236
9778
10530
13845
10177
11047
437632
15571
30558
2100724
17009
456304
12556
10796
38471
10360
338628
13730
11402
10549
10965
10518
11976
81535
11187
12339
507723
13972
36236
11027
47432
11293
72890
10174
11247
11264
22047
17173
9686
10759
10167
9774
12712
10988
12607
355688
274591
15771
934667
516566
635914
20008
13724
1122075
24016
158627
38697
10848
10029
15464
898117
18819
15375
9400
12099
9540
17399
603960
16141
632425
28352
15712
11226
12297
10777
11267
11803
13345
830289
18709
11713
11461
11578
11426
14878
444254
15898
13393
13450
18510
13121
240606
545234
18304
27500
11689
11345
17554
11179
13438
79803
11655
21278
12310
11566
10757
11403
10317
10246
10517
16154
1097465
21552
1408186
37723
17103
1453936
20534
83714
11877
392094
27085
29003
11029
11475
17161
1160827
19890
18099
370350
165471
995329
19035
10433
10772
9561
9722
11504
143046
458592
933861
18358
99328
9794
11208
38835
11653
9636
10163
9849
11949
70158
11958
241574
18672
1136947
46181
80583
10885
75188
12810
10112
9410
9501
9369
9396
74353
10277
10743
246881
182482
10735
2528172
20891
20900
26302
15581
791159
1078437
30005
275341
16640
26869
11265
13562
1497871
10134
11288
11326
10944
1189761
84881
21831
134691
13879
10702
34251
10395
12550
10750
11942
414621
14182
10175
1696867
273884
15724
310477
10345
9793
10303
10771
13255
9751
10009
11418
10652
12305
15572
18924
10900
49637
1082544
20232
10161
46123
10248
9483
10471
13167
704118
17103
23042
11359
182058
917609
652048
12204
11092
9606
10619
24790
29326
9506
9057
138848
12829
10870
8484
8358
2055
2343
2112
4330
2032
1943
1988
1931
2061
2820
2005
2201
85515
3147
6065
414532
3389
90650
2504
2189
7592
2065
65277
2660
2177
2045
2085
2081
2289
16304
2172
2434
102032
2785
7088
2155
9246
2221
14796
2043
2142
2198
4529
3368
1939
2176
1963
2022
2503
2179
2457
71103
52781
3098
185502
99457
127743
3948
2786
221399
4722
31541
7794
2150
2017
3220
178763
3740
3098
1904
2451
1902
3487
119679
3252
123605
5798
3151
2219
2407
2096
2267
2387
2734
168296
3640
2289
2233
2299
2251
2815
87514
3078
2621
2629
3526
2485
46357
109920
3609
5387
2302
2244
3437
2245
2718
15788
2345
4170
2418
2327
2112
2311
2082
2000
2083
3251
217487
4291
280388
7481
3518
285287
3922
16642
2366
78981
5149
6033
2203
2287
3344
236753
4023
3603
79808
33822
192683
3871
2142
2174
1908
1970
2393
30062
94774
184068
3773
19619
2032
2205
7838
2344
1970
2069
2018
2336
14297
2342
48687
3676
229224
9343
16331
2174
15482
2568
2102
1912
1938
1930
1962
15002
2118
2190
49697
38010
2185
508943
4357
4275
5288
3120
164419
216855
5865
54962
3387
5537
2279
2721
304597
2028
2273
2204
2200
235866
17793
4285
27110
2848
2105
6864
2038
2517
2119
2359
83927
2814
2031
342723
54453
3165
62839
2035
2044
2051
2138
2542
1949
1887
2199
2016
2392
3072
3738
2146
9821
218466
4001
2015
9122
1950
1932
2078
2575
141402
3384
4572
2249
36962
183064
131648
2488
2236
1868
2191
5056
5892
1887
1771
27781
2547
2210
1723
