41639
10436
11753
10632
22015
10330
10191
9855
9898
10497
13659
10193
11716
434984
15874
31235
2108182
17208
455243
12570
10609
39553
10042
340694
12841
11377
10868
11230
10126
11516
79024
10676
12387
505323
14416
35967
10987
48641
11471
71533
10208
11007
11636
22366
17730
9762
11163
10390
9950
12105
11837
12915
356063
275489
15604
936068
517805
635269
19809
12760
1122986
23720
158700
38135
11299
10320
15771
900538
19774
16191
9527
12694
10108
16696
606891
16826
634099
28470
15928
11861
12205
11026
11297
11395
13811
829141
19410
11700
11383
11166
12194
15191
445317
16097
13034
12772
18831
13546
241791
541280
18051
26746
10764
11221
17070
10958
14121
80292
11354
20515
12361
12055
11123
11599
10299
9578
10925
16211
1096561
22154
1416636
38093
17473
1452402
19760
81841
13045
390291
27444
30346
10850
10387
17305
1151793
19266
17993
369702
164585
988546
19357
10642
11355
9136
9566
11990
142073
459595
925115
18418
100553
9751
10315
37954
11665
9122
10020
10246
11479
71389
11910
241618
18778
1139786
47697
80078
10858
75240
13443
9430
9995
9714
9458
9676
75344
10658
10436
246466
182580
11011
2529856
20824
19592
28310
16322
790056
1082668
28696
279620
16368
27293
11222
13969
1501075
10154
11296
11455
11028
1190866
85726
20936
133235
13554
11430
36896
9821
12886
9844
11778
410990
13825
11142
1691654
272671
15779
312500
11791
9766
9720
11065
13610
9840
10103
10809
10826
13114
15956
18779
10400
49852
1085153
21036
10800
46988
10800
9786
10496
14373
707652
17188
22788
11253
180125
915462
653261
11907
10706
9308
10579
25444
28528
9925
9036
137662
13107
10673
8671
8126
2106
2414
2083
4309
2027
2041
2000
1950
2089
2793
2033
2333
85211
3165
6145
416172
3412
90561
2504
2110
7771
2036
65589
2583
2227
2158
2101
1988
2188
15871
2063
2404
101649
2896
7083
2172
9453
2257
14545
2078
2108
2240
4539
3411
1952
2249
2018
2030
2407
2348
2514
71281
52996
3079
185662
99755
127831
3898
2634
221926
4604
31732
7749
2241
2054
3269
179098
3910
3262
1914
2547
2033
3343
120422
3386
123663
5824
3212
2314
2403
2119
2253
2304
2785
168274
3738
2270
2254
2198
2413
2867
87568
3085
2519
2479
3592
2590
46476
109557
3582
5338
2123
2170
3331
2210
2784
15963
2322
4014
2464
2388
2184
2317
2056
1887
2136
3270
217410
4354
281281
7495
3548
285091
3853
16433
2636
78791
5169
6225
2139
2125
3350
235536
3921
3578
79763
33743
191714
3954
2227
2315
1843
1955
2431
29840
95237
182780
3783
19830
2023
2083
7814
2367
1870
2084
2081
2221
14420
2328
48522
3703
229913
9541
16237
2198
15431
2651
1958
2048
1984
1949
2042
15206
2198
2139
49520
38167
2299
509677
4297
4047
5669
3166
164071
217648
5654
55603
3331
5588
2247
2735
305178
2084
2274
2260
2212
236006
17851
4078
26762
2785
2265
7357
1962
2549
1965
2299
83190
2754
2187
342203
54265
3144
63156
2304
2035
1993
2188
2609
1987
1951
2095
2078
2494
3160
3716
2050
9947
219197
4162
2112
9224
2043
1952
2044
2771
141754
3415
4500
2225
36555
182420
131991
2432
2150
1837
2194
5118
5634
1966
1792
27634
2653
2181
1741
