41907
9909
11800
10216
21696
9658
9620
10196
10148
10763
13493
10211
11085
434978
15260
30382
2093607
17276
453894
12019
10270
39050
10654
336523
14354
11130
11052
11480
10334
11874
79943
11293
12721
506365
14329
35324
12156
50198
10904
71975
10610
11538
10965
22594
16974
9708
10863
10166
10610
12190
12185
13696
358319
274148
16121
935772
513127
632897
19538
13417
1120496
24147
158223
38271
10937
10347
15894
899789
18708
16000
9668
12668
10274
16883
604405
16246
628163
28469
16090
10995
13485
11536
11093
12013
13942
830952
19498
11270
11446
11597
11787
14785
443871
16718
12994
13273
17976
13209
242179
545794
18501
26899
11541
11598
17536
10778
13481
80545
11061
20757
11691
12050
10968
11672
10332
10172
11583
16212
1098854
21517
1409057
37776
16858
1456322
20950
83239
12564
393250
26892
27718
10788
11045
17598
1156114
19166
18179
366543
166301
992334
18746
10325
11067
9550
9140
11224
142345
462007
923718
18797
102183
10320
10856
37868
10713
9212
10120
10079
11017
71244
12340
240030
18923
1140138
47141
81079
11820
74985
13516
9766
10160
9849
9616
9848
74739
10115
10522
246978
181505
10796
2538852
20259
20258
27600
16234
790727
1079397
29321
278700
16399
26487
11067
13884
1496298
10269
11281
11325
10988
1190327
84968
21502
132160
13523
11199
35715
10258
12191
10337
12550
412261
13449
10605
1691558
272857
15239
312365
11098
9688
10659
11038
12990
9713
10159
10286
10724
12321
15563
19102
10803
50245
1082257
21938
10449
46116
10087
10305
10475
14201
707787
17437
22635
11415
180526
915557
655197
12198
10193
8717
10634
26136
29004
9074
9055
138418
13605
11023
8267
8159
1967
2396
2017
4240
1912
1941
2025
2011
2114
2749
2023
2209
85119
3022
5991
414264
3416
90446
2414
2057
7596
2146
65048
2784
2156
2149
2220
2050
2290
16087
2186
2504
101453
2870
6941
2445
9817
2164
14624
2150
2204
2113
4603
3284
1943
2174
2005
2137
2412
2397
2657
71858
52941
3186
185678
98899
127129
3920
2740
221444
4681
31586
7679
2187
2068
3273
179387
3721
3233
1942
2542
2044
3362
119856
3263
122733
5805
3215
2155
2601
2238
2244
2403
2860
168486
3748
2218
2242
2295
2333
2769
87282
3237
2557
2571
3469
2542
46440
109976
3642
5339
2233
2192
3357
2153
2706
15910
2252
4077
2352
2393
2151
2382
2078
2006
2240
3230
218244
4259
279857
7451
3450
285865
4087
16722
2497
79301
5092
5714
2187
2249
3402
235869
3911
3596
79119
34187
192485
3850
2141
2236
1907
1845
2336
29939
95533
182123
3831
20100
2164
2122
7736
2205
1892
2069
2047
2217
14443
2419
48493
3702
229757
9455
16453
2348
15368
2715
2017
2057
2015
1967
2083
15099
2118
2100
49696
37938
2252
510485
4170
4212
5515
3259
164420
216631
5773
55434
3362
5508
2218
2819
304688
2095
2263
2226
2236
235574
17837
4197
26687
2785
2211
7143
2023
2469
2102
2404
83107
2648
2120
341534
54417
3048
63165
2191
2035
2138
2144
2502
1902
1971
1976
2080
2382
3074
3734
2127
9912
218897
4359
2071
9094
1952
2034
2078
2727
141841
3422
4434
2277
36653
182687
132153
2521
2079
1691
2171
5291
5799
1806
1792
27703
2700
2222
1674
