43266
9593
11220
10677
20783
10391
9463
10616
9857
10338
14024
9885
10510
429131
15398
30402
2083198
17477
448211
12689
10630
39090
9950
340035
13887
11488
11155
11116
9965
11462
81756
11244
12422
507957
14757
36442
10765
47269
10567
69632
10302
11226
10878
21736
17370
9808
10236
10436
9982
12636
12139
12003
350289
276841
15392
922338
506913
631478
19967
13548
1099465
23772
154797
36443
10420
10041
15816
884315
19114
16912
10223
12212
9984
17257
596735
15796
633084
27559
16963
11066
11770
10661
11508
12348
13522
822978
19390
11428
11192
11430
11193
14436
432779
16596
13085
12728
17754
13542
242919
548948
18432
26634
10686
11898
16936
11224
14067
80091
10542
20011
11549
11552
11115
11445
9818
10018
10778
15776
1086467
22955
1394994
37583
16378
1437729
20804
83581
12191
390295
24846
28427
10996
11395
17011
1137236
19327
18382
365396
162182
986023
18264
9640
10848
9441
9443
11858
142351
461190
916861
18644
98766
10128
9899
36870
11569
9547
10294
10518
11484
71129
11767
239123
18269
1121223
47239
79758
10921
75262
12419
9354
9468
10161
9475
9518
73673
10338
10937
244986
182403
11305
2501567
20601
19299
28258
15573
779734
1066574
29078
275786
15964
26789
11168
14138
1489547
10199
11163
11591
10553
1170521
86536
21254
133690
13101
10383
36025
10051
12615
10175
12230
412398
13749
9974
1674270
273457
15330
312216
10889
9713
9974
10168
12923
9888
9726
10071
10184
13048
15485
18443
10303
50272
1078875
20417
10198
47039
9920
10633
9600
13365
696507
17448
23086
11369
178409
918010
647722
12028
11067
9022
10263
26357
27049
8944
8478
132972
13708
10639
8584
8225
1876
2234
2048
4008
2019
1878
2058
1926
2030
2825
1942
2068
82944
3058
5957
405817
3448
88010
2511
2113
7612
2026
64689
2669
2176
2088
2080
1939
2139
16094
2178
2356
100456
2880
6998
2116
9041
2081
13858
2088
2136
2067
4337
3384
1938
2058
2032
1998
2499
2359
2325
68943
52550
2964
179888
96055
124966
3883
2693
214856
4514
30484
7246
2054
1972
3232
173313
3765
3342
1993
2428
1957
3389
116662
3158
121437
5539
3356
2169
2340
2040
2290
2439
2724
164851
3724
2213
2183
2218
2193
2680
84032
3185
2567
2459
3382
2563
45889
109388
3545
5120
2087
2273
3286
2198
2706
15623
2137
3868
2302
2248
2149
2291
1944
1936
2061
3126
212830
4459
272935
7242
3322
277883
4043
16561
2420
77487
4633
5786
2168
2248
3235
228792
3884
3605
77711
32673
188549
3709
1983
2159
1860
1879
2415
29544
94136
178366
3725
19310
2072
1951
7457
2316
1955
2094
2103
2217
14311
2296
47364
3534
222610
9446
15941
2182
15292
2481
1924
1892
2027
1942
1975
14619
2135
2209
48593
37597
2278
496010
4265
3968
5602
3051
160100
211198
5643
54108
3246
5477
2197
2786
298317
2032
2207
2222
2107
229343
17875
4156
26496
2654
2063
7071
1968
2481
2007
2333
82550
2665
1949
333350
54012
3051
62292
2125
2026
1979
1957
2423
1946
1883
1981
1960
2478
3021
3636
1986
9783
215044
3993
2027
9248
1874
2063
1900
2572
137582
3384
4458
2189
35805
180836
128851
2452
2181
1758
2085
5273
5353
1732
1696
26176
2692
2156
1720
