43256
9635
11947
10345
22028
10367
9923
10114
10681
11018
13435
9834
10482
435534
14725
30846
2101533
17540
453764
12013
10662
39148
11047
338754
13965
11276
11287
11136
9954
11765
78613
11716
13116
503483
14360
34640
11715
49402
11330
72254
10809
11127
11341
22420
17379
10056
10249
10376
10378
12313
11740
13770
356439
276886
15240
938210
516507
632211
19644
13660
1127025
23491
154774
37881
10832
10231
16305
904135
19167
15770
9467
12591
10393
17548
605794
16379
633059
28555
15507
11676
12438
11246
11785
11499
14474
826355
19606
11506
11476
12069
11131
14461
443914
16248
13000
13637
19009
13623
245467
544165
18778
27009
11604
11848
17546
11065
14255
81641
11126
21534
11810
11577
10154
11380
9717
10453
11310
16083
1095606
21659
1407743
37430
16783
1462021
20751
81980
12418
393481
26208
29557
11046
11484
17899
1155933
19352
17908
366467
165687
988024
19108
10372
11174
9806
9430
11217
141411
459157
925089
18768
101425
9708
10301
36937
11794
9147
10209
9938
11912
71982
12237
242019
20237
1142375
47333
81499
11299
72964
12448
10085
9715
9946
9352
9271
73955
10265
10503
246373
182368
10470
2538228
20902
19596
27632
15837
790144
1078406
29498
281427
16712
26204
11406
13858
1501706
10809
11497
11321
10732
1194134
86325
21717
137432
13728
10827
35128
10176
11934
10409
12193
411191
13986
10004
1695734
273936
15140
312257
11628
9694
10443
10449
13094
9587
10396
10422
10890
12543
15818
18482
11078
50525
1079584
20632
10405
46633
10981
10114
11096
13715
705205
17460
22642
11247
181019
917280
655433
12317
10778
9443
10894
25692
28285
9474
8921
137072
13407
10437
8593
8404
1938
2441
2036
4329
2018
1994
2025
2075
2152
2760
1976
2119
85287
2976
6083
415486
3522
90652
2374
2121
7716
2200
65343
2728
2171
2212
2120
1981
2227
15809
2242
2506
101395
2865
6795
2323
9625
2251
14655
2190
2167
2202
4555
3441
1987
2081
2017
2114
2440
2260
2700
71556
53319
2998
185918
99504
127153
3928
2815
222630
4641
31060
7642
2164
2091
3389
180136
3868
3170
1920
2514
2090
3506
120226
3280
123485
5789
3119
2281
2465
2145
2348
2334
2886
168053
3834
2245
2260
2404
2248
2719
87439
3167
2536
2616
3647
2613
47307
110024
3723
5325
2298
2294
3419
2228
2843
16092
2277
4293
2361
2318
2003
2319
2005
2046
2212
3241
217436
4250
280526
7413
3432
286722
4047
16366
2462
79364
5008
6080
2216
2268
3503
235586
3973
3566
79314
33966
191303
3940
2141
2274
1955
1934
2311
29779
94951
182407
3829
20058
2036
2047
7591
2368
1876
2086
2011
2328
14566
2403
48751
3949
230523
9515
16593
2255
15025
2512
2109
2002
2018
1934
1986
15004
2121
2152
49571
38102
2127
510871
4336
4006
5599
3140
164508
216725
5829
55994
3422
5405
2289
2725
305893
2172
2298
2245
2202
236576
18097
4225
27618
2814
2126
7033
2011
2402
2071
2382
83264
2740
1987
342653
54654
3080
63116
2257
2027
2089
2061
2517
1920
2027
2042
2100
2410
3141
3659
2176
10018
218041
4104
2044
9267
2103
2013
2172
2628
141276
3477
4427
2238
36772
182940
132359
2535
2158
1872
2189
5244
5633
1874
1805
27460
2682
2156
1773
