42688
10193
11472
10914
22281
10345
9742
9606
9819
10955
14028
10138
10834
433908
15064
29990
2097484
17319
457008
13073
10414
37674
9963
336729
13325
11237
11192
11350
10290
12199
78932
11534
12718
511326
14404
35270
11395
48399
11324
71264
10209
12122
10879
22436
16820
10215
10947
10508
10038
12601
12091
12866
357626
274396
15525
936682
511165
636740
19755
14044
1124833
23807
157059
38357
11191
10759
16059
905045
18838
15865
9378
12439
9734
16532
610361
16705
633594
27134
15830
11341
12298
11558
11459
11828
14003
834456
19491
12051
11725
12119
11224
14792
446410
16643
12869
13224
18313
13780
245178
540560
18893
27851
11278
11240
16304
10778
14706
81397
11921
20595
11599
12006
10746
11827
10388
10008
10938
16270
1096406
21731
1411109
37184
16332
1457303
19798
82630
12049
392969
25442
28291
10423
11084
17782
1155730
19929
18833
367128
166184
994764
18740
10394
11175
9966
9526
11419
144687
460344
922395
17585
100090
10450
10515
36911
12367
9908
10048
10151
11550
71114
12429
243139
18992
1142687
47075
81556
11934
75311
12612
9904
10151
10024
9405
10138
74118
10772
10873
244501
178192
10466
2523938
20782
20280
27719
16151
790314
1085326
29762
278349
16092
27130
10914
14252
1505884
10404
11205
11955
11076
1189657
85765
22574
132363
13916
11470
36556
9668
12383
10540
12007
411647
14601
10609
1694603
273909
14817
312200
11666
9658
9626
10814
13203
9923
10232
11010
10584
13108
15685
18759
10918
50722
1078182
19636
10406
46719
10495
9430
10777
13716
708516
17499
23381
10793
180595
919612
651386
12369
10909
9390
10538
25964
29343
9286
8882
137287
13727
10515
8520
8303
2017
2320
2152
4341
2058
1993
1922
1942
2154
2866
2001
2196
85087
2978
5946
415246
3491
91182
2559
2130
7499
2045
65050
2630
2175
2185
2111
2029
2259
15903
2259
2431
102777
2880
6933
2249
9424
2211
14564
2105
2308
2126
4570
3325
2053
2196
2072
2037
2504
2389
2538
71628
52697
3034
185818
98718
127863
3919
2817
222503
4676
31381
7785
2216
2171
3298
179997
3798
3166
1863
2520
1979
3326
121017
3348
123454
5494
3193
2245
2433
2268
2307
2405
2859
169390
3820
2291
2270
2388
2230
2759
87944
3163
2517
2582
3554
2669
47072
109222
3696
5484
2248
2238
3208
2162
2870
16145
2419
4085
2328
2411
2145
2407
2115
1950
2135
3290
217549
4347
280311
7326
3339
285812
3944
16510
2374
79195
4906
5861
2106
2203
3484
235674
4035
3787
79329
34246
192833
3800
2164
2265
1992
1953
2369
30240
95281
182014
3630
19790
2173
2100
7477
2490
2051
2031
2031
2289
14562
2443
48957
3724
230476
9546
16651
2339
15494
2500
2080
2071
2051
1965
2103
14957
2235
2222
49213
37288
2156
509194
4334
4179
5610
3253
164758
217672
5794
55334
3311
5565
2189
2811
306575
2141
2282
2332
2270
236165
18043
4402
26684
2864
2274
7322
1949
2507
2098
2346
83486
2897
2100
342613
54529
2972
63148
2304
2031
1976
2136
2546
1955
2005
2139
2038
2545
3169
3692
2117
10068
218094
3900
2034
9236
1996
1915
2126
2621
141965
3494
4568
2098
36696
183579
131635
2537
2190
1834
2142
5302
5806
1829
1768
27599
2767
2151
1762
