41526
9759
12234
10981
21939
9841
9492
10478
9815
10654
14185
10185
10605
434579
15202
30653
2111506
16953
453775
12551
10584
39520
9642
335456
13621
10905
11188
11277
9967
11740
78759
11212
12544
508889
14422
35003
10843
49512
11249
72749
10321
11927
11500
21657
17234
9705
10284
10106
9552
12601
11696
13349
358794
278703
14721
930085
515609
642787
19671
12879
1122747
23587
159067
36985
11088
10549
16999
898658
18388
15959
10334
11839
9839
17279
609695
16254
634494
28220
16209
11794
12309
11420
10885
11725
13930
833933
18776
10480
10919
11295
11346
14397
444594
15781
13488
12735
18730
13929
243801
545360
18339
27317
11582
12162
17326
11138
13963
82385
11752
20981
11427
11461
10725
11897
10164
9279
11087
15575
1095077
21693
1417392
37963
16837
1454939
20990
82791
12268
390512
26605
29009
10949
10541
18458
1155216
18526
17883
365574
165294
987848
19088
10059
10749
9209
9372
11776
142360
456223
926967
17639
99792
10054
10763
39204
11515
9647
10013
10014
11631
72062
11826
242066
18447
1137396
47474
79538
11579
75427
12684
10395
9855
9481
9381
9489
73929
10798
10118
245630
178593
10542
2526395
20748
20189
28552
15831
789568
1081278
29529
281479
17597
26972
11169
13927
1506363
10450
11334
11690
10953
1199655
86916
21849
133692
13808
11399
35014
10167
12512
9779
11792
411137
14494
11051
1691975
270793
15558
312406
11523
9737
9456
10823
13180
9788
10266
10600
10251
12805
16467
18859
10229
49880
1082793
20533
10477
47050
10194
9846
11663
13321
708752
17073
23848
11752
182805
915264
648626
11899
10911
9626
10697
26660
28931
9265
8155
138602
13406
10793
8656
8113
1949
2492
2132
4319
1928
1901
2076
1937
2089
2889
2004
2160
85186
3033
6034
417032
3389
90577
2504
2151
7765
1985
64842
2715
2126
2185
2127
1977
2217
15930
2212
2455
102200
2866
6858
2184
9637
2250
14762
2089
2278
2233
4468
3407
1971
2083
1996
1960
2511
2289
2640
71956
53727
2902
185156
99610
128993
3899
2598
222353
4617
31862
7565
2221
2136
3472
179336
3664
3218
2037
2401
1974
3406
120857
3296
123666
5774
3294
2330
2441
2191
2206
2360
2848
169118
3687
2030
2106
2254
2247
2700
87679
3092
2640
2537
3602
2662
47087
110163
3627
5364
2298
2351
3384
2230
2752
16313
2393
4117
2280
2276
2131
2410
2015
1834
2125
3180
217463
4275
281697
7435
3441
285858
4133
16580
2453
78787
5045
5989
2163
2136
3584
236025
3782
3595
78984
33910
191616
3899
2060
2193
1846
1907
2443
29943
94623
183083
3635
19743
2095
2162
7999
2335
1964
2073
2061
2269
14601
2319
48823
3671
229528
9522
16176
2285
15560
2532
2130
1952
1974
1934
2012
15049
2227
2076
49384
37358
2189
508833
4295
4162
5758
3165
164484
217882
5794
56090
3585
5548
2282
2763
306792
2106
2285
2300
2223
237908
18186
4271
26971
2846
2262
6956
2007
2519
1981
2330
83439
2821
2171
342699
54141
3145
63153
2239
2046
1917
2120
2540
1967
2018
2027
1987
2475
3261
3728
2018
9907
218537
4082
2082
9367
1931
1983
2251
2605
142253
3385
4621
2274
37092
182993
131627
2423
2188
1922
2178
5423
5759
1832
1665
27712
2672
2199
1783
