41757
9119
11716
10422
22033
10426
9324
9645
10370
10826
14074
9752
10315
438044
15625
31388
2106574
17462
458373
12205
10567
38870
9665
342519
14667
10928
11370
10492
10573
11824
80398
12003
12891
507785
13926
35293
10608
51324
11095
73151
10769
11416
11710
23179
17699
9903
10560
10167
10158
12371
11476
13020
360388
275763
15208
931982
518964
630492
19886
13353
1126036
23370
157309
37973
11636
10914
16571
899968
19649
15280
9608
12885
9743
16803
609814
16749
630973
27378
15612
11430
13284
11182
10887
11574
14017
836767
19082
10895
11418
11823
12023
14379
444219
16375
13415
12852
17967
13480
245566
543171
17793
26565
11459
11770
16744
11470
14234
80153
11685
21275
12242
11722
10951
12359
10075
10678
10699
15801
1101708
22896
1413122
37855
17254
1461012
20383
84019
12386
389913
26134
29088
10643
11449
17636
1151945
20252
18224
369363
164270
984937
18384
9582
10356
9348
9734
12277
143135
457155
923580
18266
101209
9952
10289
36316
11571
9650
10228
10599
11564
70629
11338
242140
19059
1137629
47496
80577
11216
75521
12309
9644
9703
9954
8936
9631
75116
10653
10739
248155
182075
10988
2531606
21818
20141
28386
15960
791202
1081088
29178
280523
16425
26960
11131
14348
1507566
10389
11629
11723
10969
1193435
84536
20939
129545
14105
11482
36835
9352
12142
10513
11681
410559
13651
11469
1691464
269902
15690
312111
10984
9893
10111
10727
13079
10377
10785
10455
10568
13360
16076
18778
10968
49472
1080518
20569
10423
46903
10978
9715
10451
14054
708843
17371
22575
11722
182283
918480
652360
12699
10563
9161
11051
25707
29129
9186
8692
137868
13501
10993
8794
8198
1862
2370
1999
4311
2034
1897
1965
2065
2150
2873
1942
2111
85884
3126
6235
416867
3480
91358
2410
2132
7685
1992
66181
2882
2120
2221
2023
2074
2218
16132
2354
2521
102406
2822
6895
2100
10005
2199
14809
2192
2206
2255
4672
3498
1954
2104
2019
2051
2442
2247
2520
72092
53226
3028
185458
100187
127019
3976
2680
223316
4637
31557
7651
2294
2205
3432
179085
3907
3108
1944
2586
1925
3326
121027
3332
123065
5595
3137
2282
2634
2123
2165
2321
2877
170010
3659
2150
2239
2353
2339
2750
87688
3200
2605
2513
3438
2567
47386
110051
3502
5281
2269
2287
3285
2298
2801
15876
2391
4211
2449
2350
2150
2499
2021
2053
2119
3156
219151
4505
281072
7433
3593
286933
3972
16852
2495
78936
4988
5947
2108
2294
3432
235586
4154
3649
79700
33657
191388
3816
2002
2079
1889
2004
2574
30088
94997
182670
3753
20026
2077
2071
7462
2359
1992
2117
2142
2291
14402
2242
48734
3758
229750
9550
16379
2239
15552
2431
2033
2016
2051
1858
2038
15210
2232
2202
49923
38268
2287
510441
4493
4117
5742
3196
165144
217699
5791
55710
3364
5550
2204
2813
307136
2069
2304
2316
2210
237209
17801
4130
26110
2902
2294
7364
1889
2455
2132
2276
83470
2727
2244
342412
53849
3174
63313
2154
2096
2029
2144
2478
2067
2093
2018
2066
2586
3212
3715
2152
9875
218572
4045
2045
9234
2061
1933
2074
2735
142339
3485
4409
2324
37036
183592
132129
2580
2109
1751
2254
5238
5783
1833
1741
27513
2714
2245
1788
