42126
10145
11555
11078
22606
9786
9330
10399
10401
10540
13553
9900
10946
438126
15443
30363
2104912
17349
455337
12375
11185
37682
10164
337291
13194
11206
10549
11111
10317
12054
79583
10901
13292
505477
13780
35580
10939
48724
11978
71466
10642
11059
11909
21842
17507
10300
10589
10666
9870
11962
11953
12832
355960
273118
15335
934796
517691
633138
19571
13214
1119962
23561
158334
37541
11470
10619
16023
902018
18561
15840
9873
12270
9911
16952
610169
16220
633211
27802
16517
11490
12444
11637
11053
11955
13877
832813
19326
11654
11388
11497
11391
15562
448707
16811
13315
12955
18719
14003
242680
548208
17919
26105
11655
11844
16844
12094
14570
81273
10779
21039
11664
12033
10925
11391
9961
9829
11265
16207
1094518
22497
1406459
37601
17099
1448229
20553
81874
12070
392543
26718
28445
10323
10682
18270
1155712
19312
18664
367063
164010
986787
19065
9727
11067
9944
9400
11714
144141
457654
922989
18008
101147
9716
10736
38112
11356
9441
10712
10026
11452
71193
11908
241312
19570
1137149
48166
80750
11300
75224
12268
9432
9181
9430
9581
9679
73549
10882
11343
245589
179914
10441
2531777
21295
19774
26231
15755
789990
1079498
30066
280459
16550
27394
11132
14094
1499132
10510
11440
11425
11361
1186194
86573
21002
130770
14116
10972
36402
9998
12092
10379
11612
408625
14022
10056
1697064
271885
14907
311528
11465
9209
10499
10101
12874
9735
10268
10242
10364
13593
16311
18732
10979
50022
1079937
20244
10593
47786
10483
10259
11408
14039
706578
17501
22697
12179
181170
916390
656770
12187
10905
9152
10899
26783
28703
9329
8678
136958
13103
10907
8900
8255
2026
2347
2178
4393
1945
1870
2067
2056
2090
2801
1981
2182
85871
3079
6044
416898
3441
90698
2476
2209
7495
2035
65101
2605
2176
2069
2142
2050
2273
16010
2148
2546
101888
2753
7093
2191
9479
2329
14518
2141
2132
2270
4472
3468
2039
2157
2059
1976
2377
2344
2488
71440
52563
3049
185849
100037
127560
3902
2675
222017
4619
31760
7611
2273
2134
3306
179824
3718
3199
1987
2491
1999
3369
121253
3294
123868
5689
3361
2263
2452
2239
2246
2396
2835
169072
3738
2255
2222
2299
2223
2930
88424
3258
2574
2518
3581
2709
46781
110904
3583
5185
2275
2301
3356
2415
2839
16062
2210
4143
2357
2351
2143
2347
2043
1949
2204
3225
217833
4388
279955
7403
3488
284765
4024
16412
2466
79209
5100
5876
2083
2147
3581
236325
3891
3763
79461
33720
191454
3939
2044
2233
2007
1918
2403
30273
95134
182142
3678
20060
2022
2147
7713
2309
1936
2214
2045
2253
14515
2379
48570
3891
229599
9756
16396
2229
15413
2494
1977
1895
1949
1998
1996
14920
2268
2301
49436
37862
2166
510094
4448
4094
5338
3132
164718
217484
5926
55931
3400
5634
2280
2791
305577
2166
2298
2234
2272
235464
18135
4163
26430
2891
2173
7270
1947
2441
2061
2256
83142
2782
1998
343353
54396
3017
63207
2246
1948
2104
2013
2531
1970
1982
2000
1996
2608
3253
3718
2185
9933
218964
4033
2130
9476
2024
2038
2217
2718
141758
3481
4425
2378
36688
183275
132651
2509
2193
1791
2252
5392
5715
1829
1736
27319
2652
2231
1797
