41406
10317
11434
10057
22261
10309
9241
10369
10021
10463
13900
10016
10242
433517
14757
30269
2105691
17383
453286
11856
10974
39275
9969
336999
14580
11089
10670
10395
9994
12115
80216
11239
13413
512529
14457
35238
11120
49568
11339
71731
9971
11824
11274
22028
18343
9649
11045
10245
9940
12658
11880
13165
355141
275014
15178
941090
519300
633276
20037
12992
1126302
22158
159790
38229
11213
10231
16487
905201
19207
15882
9557
12567
9943
16530
612562
15799
634380
27454
16551
10886
12496
10639
11340
11724
14261
835584
18482
11280
10965
11477
11695
14933
442583
15917
13128
13215
19160
13600
242996
543308
19017
27732
11227
10620
16873
11069
13418
81099
11734
21672
11914
11124
10692
11354
9826
10118
10828
15716
1103288
21462
1407719
36596
16266
1459155
21099
82726
12421
391207
26904
28893
11502
10921
17994
1154196
19779
19243
365755
166993
992091
18310
10416
11044
9101
9759
12521
143577
458146
924379
18606
100773
9596
10984
37708
11510
9164
10279
9346
11831
71537
12098
242689
18837
1143095
47934
78825
10945
75055
12789
9207
9870
9575
9638
9824
76083
9767
10994
247841
181501
10222
2537181
21014
20219
27631
16266
789506
1077651
29656
280729
16650
27150
10985
14016
1505287
10923
11968
11678
11133
1189377
86954
21854
135311
13228
11524
35675
10414
13296
10570
11780
417874
13434
10547
1692428
273164
15284
310168
11590
9543
10108
10857
13175
9652
10594
10847
10365
13320
16102
19276
11044
49805
1084902
20359
10963
46143
9861
10042
11128
13807
706085
17658
22377
10880
180663
915816
654239
12473
10886
9377
11105
25786
27677
9364
9050
135905
13379
10738
8085
7969
2086
2323
2010
4335
2047
1852
2083
1969
2065
2907
1960
2077
84998
2988
6024
416801
3490
90511
2365
2181
7732
2053
65052
2828
2175
2094
1992
1999
2312
16148
2214
2593
103079
2878
6897
2224
9623
2242
14609
2031
2256
2173
4515
3630
1922
2214
2007
2005
2539
2306
2592
71325
53106
2997
186817
100356
127559
3929
2642
223386
4320
32007
7679
2262
2080
3384
180126
3844
3212
1917
2507
2028
3310
121732
3211
123771
5614
3281
2157
2432
2110
2252
2365
2858
169772
3613
2212
2135
2271
2314
2832
87571
3116
2519
2582
3698
2633
46772
109756
3732
5499
2237
2089
3289
2189
2662
16085
2361
4252
2388
2251
2104
2333
2003
1983
2135
3230
219123
4232
280296
7255
3325
286752
4144
16624
2462
78903
5175
5944
2315
2205
3496
236020
4041
3818
79030
34205
192425
3774
2164
2207
1802
1986
2556
30247
95125
182751
3809
20057
2006
2208
7723
2327
1897
2123
1896
2328
14420
2404
49047
3712
230766
9626
16102
2205
15443
2528
1900
2022
1972
2001
2078
15322
2057
2257
49818
38116
2151
510976
4359
4124
5627
3246
164721
217011
5893
55996
3403
5529
2206
2739
306619
2171
2418
2301
2276
236344
18132
4337
27155
2744
2315
7085
2058
2659
2119
2317
84623
2697
2084
342856
54725
3048
62925
2254
1997
2019
2121
2555
1936
2040
2132
2017
2580
3165
3799
2155
9876
219376
4042
2168
9178
1909
2014
2185
2667
141901
3469
4394
2152
36774
183076
132237
2521
2159
1831
2303
5248
5575
1853
1825
27271
2690
2196
1641
