44079
10012
11471
11204
21506
10012
9919
9620
9932
11038
13663
10487
10703
433061
15287
31308
2077275
17265
447016
12619
10836
39129
9972
337949
13689
10950
10529
10927
10253
11893
81982
11608
12746
507624
14508
35303
11273
48286
11541
70764
9984
11048
11305
22394
17683
9791
10277
10295
9922
12234
11778
12584
350479
277701
15465
925512
507089
633655
19401
12971
1103709
24801
157426
37502
11116
10100
15693
887275
19635
16224
10115
12072
10247
16946
595685
16368
628006
28196
16171
11892
11946
10668
11729
11562
13911
822054
19767
11553
11663
11587
11013
14634
430244
16144
13526
13489
18783
13744
243140
544901
18871
26194
11619
11396
16937
10561
14854
81204
10898
21431
11399
12054
10565
10986
10692
9462
11015
16219
1087780
21990
1392444
36980
16979
1440501
20156
83034
12164
386185
26637
28831
10749
11004
17352
1136877
19712
17016
363459
162262
996006
18756
10228
11135
9331
9237
11167
142820
462757
911141
18211
98938
9682
10324
37195
11106
9448
9995
10199
11720
70948
11831
236317
18837
1122244
46210
78937
10728
74131
12892
9400
9676
9206
8999
9143
74496
10384
11102
242362
178820
10602
2500655
21178
20170
26912
15734
783205
1062977
28221
271723
16575
27485
11168
13761
1491429
9777
11670
11199
10217
1176346
85295
20819
135668
14116
11445
35622
10235
12770
10933
12331
412555
13622
10628
1670966
273190
15897
313374
11274
9852
10054
10973
13000
9796
10440
10392
10302
12681
15265
18992
10606
50519
1079461
20613
10460
47263
10683
10112
10250
13910
696480
16770
22967
11868
177849
913538
652930
12503
10169
9519
10580
25299
28713
8923
9027
133557
13326
10990
8527
8459
1966
2323
2151
4171
1928
1951
1897
1951
2113
2772
2036
2134
83623
3028
6095
404924
3363
87766
2477
2181
7625
1973
64336
2600
2096
2025
2052
1995
2229
16204
2237
2429
100585
2832
6919
2203
9238
2290
14084
2001
2123
2179
4467
3449
1931
2048
1999
1982
2400
2252
2420
69367
52523
3006
180891
96163
125635
3781
2578
215436
4756
30871
7437
2162
2018
3209
174638
3833
3242
1984
2419
2004
3306
116692
3216
121196
5684
3204
2290
2316
2070
2290
2229
2762
164855
3813
2213
2228
2251
2166
2685
83812
3094
2609
2560
3524
2573
46178
108881
3659
5127
2280
2221
3299
2080
2867
15762
2203
4154
2259
2315
2065
2250
2118
1836
2104
3225
212902
4268
273575
7199
3416
279382
3900
16353
2388
76925
5001
5842
2125
2228
3335
229247
3950
3383
77318
32847
190926
3769
2079
2204
1854
1847
2276
29591
94432
177623
3659
19458
1997
2061
7530
2222
1898
2050
2037
2270
14254
2344
46958
3688
223743
9296
15801
2116
15107
2573
1927
1929
1878
1816
1902
14921
2139
2271
48044
36982
2151
496579
4345
4112
5382
3115
161253
210695
5520
53449
3332
5539
2179
2707
299065
1946
2317
2191
2043
230554
17670
4022
26889
2882
2239
6992
1995
2533
2146
2331
82314
2718
2101
333784
53950
3145
62698
2165
2036
1956
2122
2449
1895
1970
2011
1985
2413
3020
3712
2053
9950
215764
4006
2025
9226
1989
1997
2033
2670
138008
3373
4457
2281
35762
180418
130143
2502
2014
1839
2124
5090
5634
1748
1775
26372
2670
2198
1737
