42639
9719
11572
10403
22965
10429
9903
10485
10196
10869
14019
10576
10778
434381
14955
30848
2100574
17249
455700
12501
9801
38469
10081
336791
13337
11229
10620
11100
10382
11666
80189
10953
13405
506119
13690
35688
10922
48922
11000
73304
10216
11766
11505
21854
16925
10157
10365
9708
9822
12270
12365
13321
359058
276503
15235
935696
511890
637932
20755
13509
1124557
23864
157170
38233
11293
10419
16566
896638
19622
15993
9962
12444
9904
18089
608390
16036
630233
29126
16450
11447
13024
11332
11138
12019
14140
834372
19570
11302
11533
12367
11572
14617
446834
16501
13808
13028
18516
13542
244345
543633
18557
26607
11544
11399
15781
11212
13323
80833
10636
21060
11169
11601
11127
11353
10493
10221
10750
15128
1095381
22019
1411792
37380
16905
1460889
20030
83683
13516
391027
26450
27738
10765
10942
17618
1150981
19941
19306
367498
166167
991704
19254
10691
10896
9626
9326
11822
142150
459015
932981
18890
98836
9929
9928
38181
11459
9808
10091
10263
11846
70579
12510
242874
18947
1137821
48024
80100
11031
74883
13053
9544
9325
9682
9264
9844
75762
9916
10741
246501
184056
11189
2535387
21103
20231
26499
15878
790256
1080627
28450
280100
16605
26101
10740
14539
1498449
10680
11065
10966
11149
1191986
85811
20897
131478
13367
11115
35749
10237
12224
10491
11444
410148
13845
10694
1695998
273121
14800
312881
11510
9719
10415
9979
12707
10090
9918
10200
10260
13218
15603
18832
10589
49413
1079903
20665
10195
46822
10880
9734
10797
13176
703908
17245
22697
11723
181239
918078
653922
12324
10298
9261
10159
24886
28537
9573
8972
137304
13469
10850
8482
8266
1938
2354
1999
4435
2057
1981
2116
2006
2171
2873
2094
2172
85148
3010
6177
415896
3422
90862
2449
1981
7608
2074
65241
2668
2174
2067
2132
2078
2188
16157
2202
2595
101875
2784
7004
2213
9549
2222
14937
2095
2231
2195
4471
3334
2044
2096
1913
2015
2422
2475
2627
72071
53237
3037
186029
99025
128100
4083
2730
223034
4672
31641
7784
2252
2102
3389
179514
3891
3192
1972
2532
2014
3602
120876
3196
122978
5939
3313
2235
2604
2200
2213
2386
2899
169538
3739
2192
2238
2435
2234
2810
88086
3251
2654
2522
3565
2608
47109
110055
3644
5261
2232
2217
3146
2243
2645
16047
2195
4115
2267
2354
2140
2334
2153
1992
2095
3094
217675
4433
281304
7409
3465
286865
3891
16768
2681
78698
5090
5756
2189
2250
3438
235151
4059
3823
79416
34217
192427
3954
2194
2224
1926
1932
2448
29930
95321
183846
3862
19529
2050
1991
7772
2354
1998
2059
2068
2306
14341
2458
48818
3720
229963
9697
16250
2176
15438
2576
1959
1903
1955
1926
2062
15361
2069
2213
49594
38591
2303
510997
4337
4175
5404
3187
164979
217617
5622
55888
3400
5395
2167
2857
305448
2167
2271
2170
2284
236561
18021
4136
26628
2775
2237
7138
2045
2505
2117
2258
83321
2732
2096
342961
54507
2938
63479
2235
2049
2064
1947
2435
2015
1952
2023
2014
2546
3110
3710
2077
9762
218739
4063
2023
9301
2079
1968
2126
2543
141405
3429
4508
2251
36744
183274
132231
2540
2061
1802
2094
5123
5755
1887
1809
27404
2673
2213
1752
