43317
9389
12451
10852
22078
10436
9446
9968
10062
11313
13421
10011
10225
438338
14960
30854
2101181
18394
456543
12468
11358
38797
10614
338026
13747
11540
10895
10891
10461
11493
81188
11453
13090
506655
14200
36459
11547
48766
11402
71800
10609
11504
10977
22982
17776
9774
10630
9943
10010
12289
11287
12300
357916
273823
15008
936214
516999
633377
20633
13618
1128898
23788
160875
38063
11044
10257
15764
900336
19110
16505
10070
12534
9911
17280
606629
15889
631535
27604
16674
11263
12863
11432
11417
11385
13725
834265
18264
12097
11320
11614
11040
14581
445524
15819
13310
13289
18758
13732
243534
542203
18239
26908
11407
11222
17811
11657
14204
80917
10891
21007
11935
12465
11489
11599
10204
9767
11330
15425
1094565
22682
1416049
38655
16482
1451849
20019
83638
12691
392733
26720
29244
10952
10426
17265
1151221
19798
18633
366746
164684
991376
18584
9954
11168
10246
8837
11680
142458
458141
924824
18202
101517
9376
10568
36569
10816
9174
10566
10484
11416
71559
11951
243284
18527
1137080
46864
80344
10833
75021
12948
9614
9620
9600
10150
9443
74837
10544
10314
249764
183954
10768
2540002
21133
19682
26909
15389
787448
1082041
29802
279042
16443
27119
11183
13564
1499924
10553
11482
11715
11108
1195659
85334
20426
133972
14236
10368
36265
10501
12357
10395
11818
410998
13204
10328
1694259
271221
15596
309430
11090
9177
9960
10703
12808
9275
10197
10471
10874
12868
16151
18389
10905
51180
1080251
19771
10088
46967
9955
9950
10893
13642
711293
16988
23440
11932
180117
915549
654372
12287
11159
9090
10533
25954
28179
9599
9252
139453
12830
10137
8098
8436
1897
2496
2145
4301
2050
1893
1967
1982
2225
2750
2002
2078
86050
3005
6129
416220
3602
91248
2480
2270
7675
2126
65209
2677
2237
2119
2078
2070
2175
16377
2240
2507
102141
2804
7136
2307
9475
2294
14629
2149
2183
2127
4648
3467
1977
2120
1971
2025
2434
2212
2419
71982
52999
2976
186040
99856
127590
4067
2749
223894
4693
32152
7668
2179
2038
3246
179778
3820
3308
2006
2537
1994
3489
120407
3188
123311
5622
3393
2228
2557
2237
2272
2288
2795
169715
3583
2349
2182
2302
2178
2767
87798
3155
2609
2611
3616
2646
46973
109500
3613
5270
2247
2198
3506
2286
2834
15960
2236
4193
2379
2465
2257
2334
2119
1932
2193
3114
217979
4503
282464
7622
3371
285375
3909
16782
2528
79382
5075
6054
2182
2150
3359
235530
4011
3773
79406
33767
192760
3803
2081
2227
2044
1814
2457
30020
94782
183092
3704
20010
1981
2113
7547
2204
1898
2171
2120
2272
14524
2355
49125
3637
230061
9481
16255
2161
15431
2607
2019
1970
1981
2095
1993
15186
2226
2136
50207
38304
2230
511829
4417
4076
5467
3058
164432
217627
5881
55750
3402
5602
2244
2693
305956
2091
2330
2313
2273
237499
17962
4048
27096
2888
2105
7213
2083
2531
2076
2310
83421
2651
2057
343116
54217
3145
62897
2153
1970
2023
2106
2452
1878
1993
2046
2121
2489
3207
3640
2149
10165
218434
3993
2006
9326
1911
2000
2171
2637
142712
3364
4583
2339
36774
183131
132228
2516
2228
1784
2143
5280
5613
1879
1859
27832
2565
2104
1635
