42876
9690
11769
10643
22169
9890
9701
9894
10729
11030
13308
10139
10696
434117
16014
29837
2098005
17598
458808
12558
10750
38475
10122
337386
13726
11434
10734
11247
9886
11238
79280
10929
12330
510543
14559
37090
10539
48544
11600
71594
10554
11139
11748
22193
17656
9586
10022
10579
10193
12541
11238
12842
356247
276885
14977
935175
517728
634438
19252
13730
1123445
23892
158192
38540
11202
10416
16308
902253
18487
15458
10197
12633
10080
16945
609952
16431
631957
28518
17036
11489
13235
10883
11108
11620
14044
835988
19120
11565
11511
11814
11415
14447
444633
15532
13315
13072
18791
13833
243125
539734
18497
27719
11863
11955
17498
11445
13868
80754
10869
20443
11723
11730
10506
11474
9863
9882
11267
16009
1100331
21836
1410918
36858
16009
1455926
20336
84021
12378
392972
26906
28852
10837
10809
17935
1151346
20217
18615
369194
165252
990090
19111
10089
10685
9416
9737
11495
142331
454805
926668
18286
99796
9766
10642
37347
11810
9155
10268
10015
11872
70333
11703
243085
19480
1139304
47373
80062
11294
75114
12998
10017
9430
9622
9321
10116
75710
9836
10632
246651
182313
10653
2534766
20916
19754
27808
15904
787170
1081076
29046
280851
16444
26009
10310
13780
1502000
10759
11423
11150
11080
1190048
87022
21738
133565
13279
11149
34826
10139
12280
10087
12841
410847
13671
11156
1694141
272500
15436
312424
11683
9658
10328
10835
13283
9819
10419
10849
10072
14042
15994
18728
11310
50118
1083535
20945
9742
46907
10221
10414
11436
14404
710497
17069
22982
12060
180346
915341
652338
12030
10801
9431
11086
25345
28944
9945
8675
138307
13640
10808
8288
8386
1939
2404
2066
4341
1965
1968
1970
2122
2180
2781
2007
2149
85403
3190
5953
416080
3494
91666
2504
2186
7596
2058
65330
2698
2234
2106
2129
1930
2116
16137
2161
2368
102654
2906
7234
2117
9498
2276
14565
2110
2159
2239
4559
3445
1933
2058
2066
2057
2515
2202
2547
71516
53461
2970
186372
99977
127984
3812
2772
223175
4714
31759
7865
2201
2091
3335
180250
3694
3160
2043
2551
2064
3428
120755
3272
123671
5899
3440
2286
2606
2137
2246
2347
2865
169933
3723
2242
2221
2312
2263
2709
87722
3039
2622
2535
3662
2660
47051
109235
3623
5451
2289
2312
3408
2313
2756
15923
2243
4042
2372
2368
2052
2324
2042
1916
2166
3308
218788
4342
281071
7327
3257
286476
4005
16916
2487
79063
5148
5954
2170
2202
3512
235910
4132
3683
79927
33916
192543
4023
2108
2184
1910
1989
2362
29922
94667
183126
3783
19760
2062
2134
7683
2385
1925
2130
2011
2314
14384
2347
49025
3801
230566
9617
16262
2284
15514
2612
2080
1926
1955
1933
2100
15323
2043
2160
49688
38167
2209
511038
4407
4096
5624
3165
164223
217645
5759
55875
3367
5350
2087
2748
306195
2180
2258
2207
2246
236173
18237
4285
26885
2733
2224
7019
2030
2474
2043
2464
83559
2672
2204
343863
54560
3099
63421
2307
2031
2071
2125
2581
1915
2022
2118
1975
2693
3139
3743
2233
10003
219341
4197
1942
9266
1966
2100
2227
2818
142870
3420
4504
2360
36838
183293
132250
2478
2187
1845
2277
5182
5662
1983
1761
27735
2713
2184
1701
