42684
10292
12322
10391
21582
9650
9593
10289
10513
10564
14141
10222
10246
439019
15429
29989
2100887
17299
457211
12376
10981
37737
10100
336107
13560
10884
10570
10638
10220
11206
80440
10837
13323
507260
13965
35071
10647
49270
11423
72690
10199
11839
11342
22640
17545
9966
10233
10806
10281
12109
11986
12412
356863
275828
15179
938955
516743
632931
19491
13770
1123992
24085
158254
37456
10763
9765
15927
905636
19409
16238
10065
11909
9788
16230
610684
15930
634162
27856
15909
11306
13073
11363
11433
11721
13589
836566
19320
11872
11549
12310
12141
15593
443526
15573
13101
13763
18665
13000
244648
544710
18244
27360
11651
10940
16221
11286
13368
81142
10419
20787
11460
11167
10670
11373
10453
10304
11398
15643
1097245
21622
1404358
37487
16383
1455264
20813
81271
13125
386817
27180
29498
10791
10293
17790
1156156
19595
18501
367178
163512
983772
18473
10157
11108
9766
9025
11329
142580
456005
922697
18571
101586
10380
10396
38815
11261
9234
10147
10203
11706
70424
11950
242467
18758
1140709
47601
79885
11291
75880
13115
9997
9971
10051
9291
9408
75551
10164
10386
244121
181895
11094
2531080
21759
19771
27661
16448
786798
1073815
29606
280442
16605
27961
10959
13828
1500264
10041
11540
11932
11172
1195806
85810
21388
134694
13208
11131
35272
10376
12573
10858
12608
412505
14092
10458
1702026
273362
15171
310637
11733
9922
10379
10163
12174
10143
10273
10702
10750
13786
15597
18190
10568
49618
1081218
21214
10259
46159
10174
9776
10883
13490
706348
17438
23791
11637
179617
917358
656376
12894
10461
9308
10519
26258
29665
9088
8292
139019
13445
11525
9120
8318
2050
2505
2027
4217
1934
1958
2036
2084
2088
2908
2047
2084
86398
3135
6042
416417
3456
91245
2476
2239
7533
2055
65142
2684
2125
2121
2024
2008
2154
16148
2100
2565
102096
2814
6920
2186
9604
2266
14851
2076
2241
2184
4645
3441
1973
2047
2134
2085
2427
2341
2457
71689
53423
3007
187054
99911
127619
3916
2768
222920
4698
31759
7580
2153
1963
3263
180995
3850
3264
2002
2411
1989
3259
121238
3189
123973
5703
3251
2212
2608
2219
2263
2346
2797
170187
3782
2290
2259
2446
2355
2897
87615
3017
2546
2681
3595
2547
47223
110280
3587
5388
2280
2131
3186
2275
2617
16050
2106
4082
2302
2233
2084
2322
2144
1994
2226
3177
218449
4296
279854
7494
3334
286261
4050
16367
2597
78448
5209
6057
2194
2074
3493
236833
4030
3745
79545
33645
191784
3812
2101
2227
1943
1846
2335
30157
94980
182487
3853
20045
2131
2118
7897
2291
1923
2101
2059
2303
14357
2348
49013
3705
230669
9712
16299
2279
15703
2595
2107
2073
2076
1953
1983
15294
2123
2114
49285
38085
2284
510808
4513
4121
5578
3285
164015
216779
5832
56207
3401
5750
2184
2755
305991
2036
2350
2345
2294
238015
18065
4205
27158
2734
2210
7117
2063
2550
2166
2459
83744
2826
2071
344971
54836
3066
63034
2323
2063
2095
2023
2357
2014
2033
2115
2057
2661
3156
3626
2051
9817
219209
4186
2065
9183
1973
1962
2162
2584
142087
3469
4653
2284
36658
183319
132743
2634
2121
1829
2177
5382
5857
1809
1685
27883
2723
2334
1864
