42949
10155
11423
10983
22357
10331
9642
10189
9820
10629
13807
10251
10359
437065
15477
30339
2104266
17806
458632
11946
10431
39800
10159
338234
14798
11615
11088
11019
10054
11796
79399
11208
13107
506079
13743
35512
11269
48354
11684
70511
10796
12103
11089
22559
17224
9292
10919
10148
9799
12417
11486
12598
358213
273150
15558
933172
521288
631511
19368
13139
1120689
23874
158657
37118
10869
9819
16062
904540
18610
16152
9853
12175
9620
16484
614458
16169
630972
28434
16291
11668
12659
11308
10883
11469
13783
839597
18601
11077
11570
11859
11062
14828
444382
16816
12893
12826
18264
13835
247041
541795
18114
27381
11658
10644
17291
11696
13344
81352
11418
21007
11698
11275
11126
11681
9696
10600
10878
15375
1096674
22459
1409087
36330
16713
1460332
19482
81961
12237
391074
26512
27921
10686
10936
17947
1156057
19561
17630
369849
165582
988058
18638
10247
10977
9793
9396
12249
141250
459332
927154
18239
100601
9761
11521
37810
11577
8944
9743
9967
12214
70395
12340
242217
19288
1134315
47224
79767
11053
73755
12676
9176
9560
9739
9181
10127
75098
10423
10538
245823
181046
11230
2539187
21717
19637
27958
15444
794440
1080014
29558
282942
17002
26444
10875
13996
1501725
11445
12100
11844
11121
1194055
85798
22307
134344
13634
11680
35941
10651
12471
10856
11295
413238
13572
10580
1701096
273350
15197
314120
11097
10408
10482
10636
13195
9484
10353
10272
10374
13409
16247
18958
10747
50921
1080815
19462
10500
46510
10609
10475
10964
13725
706898
17453
23135
11706
182397
918587
653233
11413
10207
9447
10779
26092
28981
9594
8601
139651
13211
10972
8678
8329
2020
2349
2158
4391
2046
1949
2062
1931
2115
2887
2038
2083
85994
3099
6074
417456
3558
91715
2388
2140
7851
2047
65564
2945
2258
2189
2111
2019
2230
16035
2214
2527
101991
2757
6978
2232
9420
2295
14387
2177
2304
2158
4603
3398
1903
2205
2009
1998
2434
2259
2470
71949
52944
3073
186152
100791
127297
3896
2657
222885
4676
31854
7539
2161
2014
3305
180912
3717
3274
1963
2403
1936
3298
122080
3261
123598
5808
3305
2328
2509
2189
2202
2349
2769
171305
3668
2172
2256
2386
2180
2809
87631
3239
2522
2543
3509
2666
47629
109919
3564
5396
2304
2134
3438
2350
2649
16107
2296
4169
2324
2281
2205
2381
1973
2062
2125
3163
218112
4406
280851
7139
3425
287859
3845
16442
2455
79007
5078
5797
2153
2222
3498
236770
4021
3556
79796
33955
192246
3847
2161
2245
1988
1907
2479
29845
95388
183430
3756
19895
2048
2302
7689
2357
1878
2002
2039
2379
14384
2403
48971
3801
229707
9527
16359
2228
15168
2542
1934
1978
2007
1957
2105
15166
2209
2184
49541
37885
2331
513289
4481
4051
5630
3098
165847
217706
5876
56373
3495
5491
2192
2798
306585
2308
2473
2289
2250
237946
18137
4382
27114
2791
2318
7192
2106
2489
2172
2260
83916
2715
2118
345349
54678
3093
63661
2185
2160
2103
2067
2544
1934
2006
2002
2044
2562
3221
3785
2101
10142
219055
3873
2118
9154
2031
2104
2186
2660
141819
3511
4526
2343
37155
183965
132520
2323
2097
1871
2184
5290
5794
1925
1747
27938
2633
2190
1767
