42690
9313
11566
10477
21765
10395
9988
9958
10170
10823
14036
10829
11251
434055
15190
29659
2105698
17194
455290
12081
10414
39335
10076
337694
13971
11691
11223
11169
10659
12120
78851
11598
13456
506309
14416
36614
10968
49919
11156
73280
11347
11966
12080
23074
17537
9946
10443
10677
10596
12295
11433
12389
359737
278971
15634
940996
523956
633718
20175
13360
1122055
23581
158179
39168
11407
10972
16328
898347
18988
15935
9858
12339
10334
17557
606855
16789
632940
26894
16561
11502
12603
10977
11143
11537
13710
834022
19113
10884
11657
11338
11978
14745
446344
15809
13467
12882
18705
13446
238972
540492
18740
27152
11459
11480
17329
10933
13597
80009
10364
21217
11619
11606
10435
11948
9894
9425
10903
16020
1103489
21560
1414137
37582
16222
1455436
19397
82300
12226
392011
27110
29428
10771
10741
18068
1157103
19611
18365
368899
168164
987093
18651
10172
10553
9554
9619
12153
141872
457160
924928
18479
100936
9911
10648
37972
11306
9690
10719
9745
11252
71571
11702
242149
19501
1137929
47449
80405
11155
74293
12426
9507
10092
9390
10299
9878
74588
10370
10179
245986
181162
11572
2533254
21169
19076
27828
16470
792434
1085454
29025
280657
16894
26535
10383
13552
1504721
11007
11375
11723
10579
1197775
84681
20540
131776
14183
11439
36301
10197
12671
9958
12109
412228
13972
10182
1698649
269887
16599
309747
11894
10846
10321
10622
12207
10323
10467
11269
10755
13094
15406
19672
10314
50043
1076920
20475
10730
46933
10937
10114
10602
13042
711580
16802
22225
11979
182040
916860
653670
12182
10756
9846
10741
26041
28743
9449
8721
138652
13219
10643
7945
8372
1875
2400
2038
4314
2072
2021
2030
1986
2147
2915
2178
2305
85986
3056
5933
420149
3449
91446
2412
2129
7859
2100
65801
2740
2287
2247
2165
2115
2335
16047
2306
2622
102671
2904
7315
2206
9799
2237
15073
2321
2334
2331
4683
3538
1988
2112
2122
2158
2435
2258
2472
72722
54089
3137
188484
101746
128649
4007
2753
224250
4648
31904
7948
2291
2226
3380
180877
3856
3184
2014
2551
2077
3500
121201
3415
124633
5581
3375
2291
2499
2162
2234
2353
2817
170686
3795
2135
2233
2280
2371
2806
88680
3113
2683
2528
3635
2610
46325
110189
3700
5396
2253
2285
3433
2254
2700
15988
2186
4184
2340
2353
2047
2445
1997
1875
2119
3290
220517
4340
283566
7395
3367
288463
3836
16599
2446
79755
5182
6057
2180
2214
3586
238341
4070
3696
80160
34650
193155
3884
2131
2158
1904
1940
2517
30062
95361
184307
3822
20122
2111
2173
7830
2290
2008
2198
1995
2270
14630
2341
49224
3853
231428
9665
16519
2250
15483
2549
2018
2089
1965
2130
2092
15214
2169
2115
49732
38172
2413
514264
4424
3972
5639
3306
165994
220173
5754
56288
3508
5598
2122
2751
308898
2266
2295
2312
2161
239663
17995
4058
26844
2926
2288
7322
2057
2560
2017
2383
84346
2806
2060
346036
54514
3311
63247
2327
2318
2116
2095
2405
2076
2042
2235
2094
2533
3071
3894
2036
9982
219852
4056
2149
9379
2110
2068
2124
2571
143550
3406
4432
2378
37185
184637
133134
2516
2208
1931
2207
5308
5785
1897
1764
27888
2697
2202
1598
