41322
10074
12920
10438
20836
9797
9591
9758
9979
10680
13808
10981
10601
431663
14869
30428
2085355
17719
448905
12520
10185
39122
10256
338404
14439
11606
10815
11191
9965
11385
80810
11187
12923
507825
14286
35382
10763
48401
11362
71745
10513
11324
11206
22935
17835
10799
9775
10084
10065
12279
12428
12704
352255
277516
15294
929755
515329
634998
20673
13128
1108145
23667
156940
37483
10872
10278
16074
893238
18494
16218
9307
12624
9926
16667
596601
16332
631729
29751
16397
11248
12070
11232
11170
11506
14042
831465
18340
11495
11349
11854
11860
15259
438250
16020
12958
12831
18107
13011
242109
545036
18351
26619
11615
11495
17108
10871
14566
79288
11112
20628
11377
11813
10410
11042
9795
10112
10325
15508
1091451
22310
1399714
38160
15897
1448247
20933
83833
12270
389179
26701
28372
10717
10479
18052
1149082
19770
17996
363437
162596
986084
18424
10235
11041
9056
9705
11770
143155
457036
921005
17925
99804
9915
10457
37372
10820
9256
10101
10531
11314
71309
12477
236507
19164
1125541
46064
78068
11335
74230
11921
9102
9585
9801
8937
9828
73551
10551
10733
248157
182168
11039
2504570
21275
19675
28661
16181
778620
1072024
29568
279392
16846
28365
11323
13701
1492036
11102
11561
11387
11101
1176298
85689
21995
134495
13639
10956
35334
10655
12859
10474
11554
414415
13692
11052
1675570
270657
15319
309752
11133
9528
10250
10855
13449
10180
10819
10828
10895
13375
15650
18399
10627
48487
1085213
21080
10156
48919
10505
9727
11115
13214
708685
17833
21382
11399
177730
914665
652838
12111
10789
9235
10864
26330
27224
8847
9157
136550
13493
10766
8222
7981
2011
2569
2023
4011
1915
1873
1929
1965
2089
2821
2156
2099
83696
2928
6005
407768
3492
88512
2466
2050
7638
2056
64586
2818
2222
2106
2059
1970
2164
16046
2172
2444
100782
2805
6886
2108
9240
2238
14343
2097
2169
2126
4599
3489
2114
1941
1957
2047
2389
2413
2446
69557
52805
2971
182156
98033
125850
4030
2617
217228
4605
31037
7490
2129
2051
3280
175865
3687
3237
1882
2533
1959
3311
116928
3225
121766
5921
3269
2224
2369
2134
2221
2308
2787
166926
3536
2224
2179
2320
2302
2857
85383
3054
2482
2462
3417
2492
46029
108897
3560
5159
2257
2256
3298
2135
2838
15488
2223
3985
2216
2324
2030
2214
1961
1925
1997
3150
214615
4340
275706
7375
3213
281174
4056
16698
2414
77735
4981
5787
2112
2098
3445
232028
3986
3578
77658
32907
189503
3809
2104
2182
1811
1945
2428
29674
93687
179853
3628
19463
2043
2050
7521
2232
1908
2065
2105
2209
14340
2391
47216
3741
224495
9197
15717
2248
15110
2352
1874
1959
2005
1828
2034
14647
2161
2186
49169
37718
2238
499232
4346
4040
5720
3214
160552
213442
5803
54797
3461
5694
2240
2732
300303
2174
2298
2177
2238
230515
17787
4274
26837
2795
2162
6989
2069
2572
2044
2250
83111
2638
2175
335338
53404
3063
62192
2160
1949
2030
2113
2522
1999
2080
2090
2098
2487
3118
3587
2038
9563
216845
4142
2007
9491
1967
1937
2144
2545
140414
3519
4154
2220
35742
180795
130409
2445
2165
1751
2176
5244
5375
1744
1805
27055
2672
2170
1653
