41289
9888
12211
10735
21504
10000
10232
10174
9296
10865
13923
9722
10652
440151
15595
29963
2089127
16654
450365
12497
10472
39953
9751
338341
13965
11062
10631
11240
10113
11501
80186
11399
12810
508686
15225
35775
10350
48125
12152
71198
10312
12151
11619
22099
17401
9839
10361
9963
9798
12217
11957
12918
351465
279214
16037
924176
512338
629318
20466
13341
1117049
23939
157418
37767
10331
10212
16163
892749
19345
16570
9744
11994
9807
17193
598182
16167
633240
30289
16152
11165
12295
11110
11088
11705
13555
822622
18238
11517
11158
11851
10584
15522
436452
16125
12621
13027
18718
13220
242415
540551
18383
26662
11224
11701
16864
11634
13661
81547
10364
20453
12113
12098
10733
12023
10088
9993
10480
15435
1087255
21372
1401522
37822
16483
1452333
21189
80494
12110
391316
25434
30364
11159
11414
17475
1147143
20015
18010
364112
163424
988994
19587
9657
10765
9644
9603
11930
142605
460535
921192
18055
99660
9427
10511
38087
11495
9634
9906
9795
11222
71424
12547
240439
18425
1129658
46380
78588
10811
74456
12476
9598
10240
9763
9524
9513
74101
10397
10201
244081
181209
10507
2515774
20639
19533
27554
15718
782184
1066776
29701
280283
16925
27296
11165
14465
1496335
9948
11505
11952
11064
1177487
85346
21253
132156
13020
11277
35031
9891
13154
10106
11721
411350
14187
9670
1680405
274921
15884
314162
11689
9836
10683
10533
12885
9566
10342
10573
10862
13436
16339
18608
10449
48890
1083344
21054
10679
47333
9951
9696
11049
13636
702548
17318
23421
11273
178901
918142
648311
12034
10880
9213
10879
24841
27380
9598
8574
136889
13918
10466
8650
7974
1938
2435
2058
4150
1962
2029
1991
1853
2151
2827
1922
2139
85167
3077
5861
408481
3322
88669
2446
2133
7747
1945
64590
2731
2132
2086
2125
2029
2132
15940
2225
2426
101291
2953
7025
2008
9311
2362
14249
2053
2264
2216
4469
3338
1957
2082
1951
1977
2335
2315
2478
69760
53084
3108
181391
97731
124987
4022
2723
219016
4648
31053
7600
2033
2048
3331
176097
3819
3281
1914
2417
1977
3356
117128
3222
122403
6121
3218
2176
2428
2115
2216
2312
2763
165030
3546
2221
2152
2338
2073
2874
85120
3071
2411
2487
3562
2504
46053
108125
3531
5207
2197
2269
3264
2314
2666
16047
2048
3952
2371
2391
2097
2383
1992
1944
2048
3101
214039
4173
276193
7421
3333
282222
4108
15833
2424
78054
4874
6133
2196
2314
3395
231567
4076
3574
78100
33241
190146
3991
1987
2164
1896
1960
2454
29651
94365
180268
3667
19525
1930
2131
7638
2308
1976
2038
1962
2223
14415
2442
47781
3573
225502
9253
15865
2114
15142
2441
1980
2010
1974
1931
1990
14887
2144
2089
48536
37465
2159
500825
4235
3954
5512
3074
161428
212109
5775
55277
3442
5552
2227
2824
300964
1999
2286
2302
2185
231323
17785
4154
26351
2674
2224
6944
1966
2608
2000
2270
82453
2767
1920
336644
54225
3198
62983
2249
2043
2080
2044
2455
1891
1948
2026
2064
2539
3188
3617
2069
9609
217203
4089
2079
9294
1886
1928
2140
2593
139181
3358
4518
2188
35945
181298
129704
2429
2184
1799
2215
5007
5407
1875
1709
26993
2747
2101
1737
