49414
10958
13335
12569
27066
11747
11130
11507
11581
12378
16391
11598
11623
488747
16928
32385
2358479
18622
518146
13211
11838
43750
11444
366049
15075
13462
13295
12299
11399
12619
87557
11768
14385
561094
14994
41237
12077
56571
13045
84857
11854
13073
12710
26472
19640
11965
12048
11979
11398
13721
12657
14797
419482
295558
17074
1057565
583443
691690
21570
13965
1260333
25629
182972
46070
13001
11751
18531
1017812
20376
17911
10680
13479
11512
19201
702623
18303
684413
32891
18823
13751
13719
12780
12983
12975
14526
943202
19615
12581
13370
13307
12558
16558
523836
17883
14581
15022
19956
15202
263620
580648
19275
32103
12947
12765
19235
12617
15156
91936
13084
24625
13408
13160
11983
12579
11484
11190
12102
16594
1218764
22182
1561721
40026
17929
1616603
22770
91647
13779
440343
28317
31272
12213
11893
19178
1289559
21178
19433
417879
196773
1057814
19860
11652
12176
10857
9967
13422
156434
491697
1021927
19062
110410
11548
12066
42017
12919
10799
11143
11237
12548
77532
13017
272895
21439
1277705
55617
92644
12584
86645
14148
11107
11125
11244
11049
11110
79469
11573
11934
272483
198454
12220
2827155
22137
21203
28171
17801
883044
1228713
32403
311136
17406
28365
12000
15064
1671953
11279
12758
12842
12701
1326595
95160
23638
144703
16212
12312
41855
11486
13762
11220
13512
458217
15153
12140
1907381
293480
16791
333656
12867
10983
11123
12029
15068
11273
10901
11998
11574
15212
17898
21109
11759
57118
1157629
22403
12260
51027
12211
11821
12162
15033
809205
18267
24878
13027
207918
994428
722370
13847
12352
10631
11809
28515
34936
10235
9933
158478
14471
12332
9751
9078
2073
2578
2279
4986
2212
2107
2160
2173
2268
3179
2152
2237
91157
3178
6060
441862
3516
97287
2482
2248
8147
2197
67103
2812
2470
2437
2223
2150
2255
16571
2222
2639
106479
2842
7696
2277
10330
2404
16119
2213
2378
2366
5117
3647
2257
2251
2213
2190
2594
2329
2766
79452
54219
3153
198653
106125
131504
4029
2662
236254
4772
34552
8790
2413
2217
3572
191480
3806
3406
2030
2550
2159
3600
130771
3433
126410
6310
3596
2520
2573
2355
2445
2486
2812
179943
3644
2326
2464
2484
2334
2935
97603
3317
2683
2743
3647
2729
47709
111106
3611
5943
2398
2377
3538
2370
2824
17247
2525
4546
2554
2514
2245
2425
2219
2065
2246
3199
228277
4180
293527
7425
3472
301499
4199
17421
2610
83617
5123
6107
2285
2256
3512
248615
4144
3649
85004
37938
194056
3882
2281
2312
2022
1932
2592
30955
96071
190560
3681
20660
2238
2293
8024
2507
2067
2206
2158
2302
15016
2436
51959
3961
244591
10598
17803
2353
16852
2680
2189
2125
2181
2135
2198
15392
2286
2289
51763
39044
2365
537754
4348
4123
5355
3346
173050
233952
6091
58545
3395
5509
2300
2780
321144
2134
2417
2384
2410
249554
18937
4431
27528
3140
2327
7936
2140
2630
2139
2465
87376
2837
2272
362802
55395
3164
64226
2403
2183
2124
2255
2751
2148
2025
2228
2118
2794
3390
3980
2173
10734
222797
4211
2298
9653
2201
2219
2267
2776
153575
3431
4626
2412
39660
187393
138739
2673
2318
1988
2264
5489
6634
1935
1881
30139
2739
2351
1847
