48737
11160
13603
12504
26824
11399
11257
11260
11785
11930
15533
11211
11952
488189
16260
32067
2348657
19129
518233
13197
11653
43687
11600
364242
14816
13024
12967
12658
12047
12761
88169
11927
14624
559393
15378
41516
12368
57494
12696
83929
11659
12904
12771
25496
18835
11570
11352
11864
11788
14208
13263
14263
419755
294124
16655
1052551
581812
693576
21376
14732
1265385
25077
183360
47738
13316
11539
18282
1021122
20601
18307
11140
13657
11835
18291
702824
16890
682531
32759
17716
12738
13450
12167
13040
13553
15657
949550
21339
12241
12950
13201
13366
16321
529724
17386
15237
14603
20927
14867
263000
582442
19881
31241
12383
13202
19277
12401
15326
92519
12233
23839
12866
13584
12952
13477
11417
11075
12513
16577
1220899
22636
1566860
41322
17420
1620553
21259
89286
13318
442154
28696
32413
12369
12137
19332
1289704
20655
19784
421051
196869
1063162
20121
11787
12374
10781
10509
13287
156689
489980
1024102
19419
110269
11158
12838
42010
12746
10793
12086
11428
13218
79595
13408
273515
20921
1277327
55610
94190
11466
84952
14333
10976
11152
10772
10493
11641
81983
11233
11828
271569
200262
12237
2830715
22105
21212
29232
17452
889440
1228011
32878
314068
17754
28490
12037
15479
1675277
11628
13270
13119
12331
1328177
94704
24184
143637
16419
12578
41926
11548
13847
11390
13113
457700
15354
12305
1905433
293985
17284
333362
13066
11415
11621
12210
14633
11742
11511
11589
11463
14662
18175
21444
11896
55886
1155982
22066
11218
51436
12211
11535
12286
14903
800487
18634
24908
13150
204275
990751
714377
12877
12049
10445
11742
28098
34672
10024
9583
157992
14125
12434
9189
9011
2107
2613
2298
4899
2132
2147
2144
2187
2235
2997
2118
2267
90795
3070
5984
439753
3589
97655
2483
2258
8150
2213
66726
2771
2399
2395
2279
2247
2306
16699
2223
2635
106410
2930
7730
2325
10553
2369
16016
2237
2345
2347
4908
3530
2150
2163
2166
2247
2653
2454
2675
79633
53961
3115
197973
106041
131638
4015
2839
237328
4648
34737
9063
2508
2224
3568
191940
3901
3460
2113
2578
2230
3472
130931
3222
126188
6256
3382
2356
2464
2248
2449
2563
3031
181264
3939
2268
2397
2493
2462
2949
98561
3224
2807
2668
3813
2697
47833
111562
3696
5819
2320
2401
3526
2390
2885
17270
2403
4458
2438
2526
2401
2594
2212
2051
2314
3198
228777
4238
294286
7650
3360
302050
3940
17053
2529
84180
5176
6313
2325
2320
3551
249115
4003
3703
85710
38118
194764
3879
2277
2343
2025
2026
2601
30914
95821
191079
3712
20717
2178
2390
8157
2441
2112
2351
2169
2468
15382
2465
51941
3915
244786
10702
18183
2184
16478
2668
2209
2134
2055
2060
2306
15732
2231
2251
51547
39582
2386
538518
4319
4119
5559
3257
174363
234039
6173
58892
3429
5574
2305
2881
321876
2225
2519
2400
2382
250572
18827
4457
27350
3161
2376
7947
2134
2621
2168
2401
87555
2913
2313
363109
55361
3272
64242
2431
2266
2248
2278
2657
2196
2094
2136
2134
2696
3459
3990
2226
10511
222700
4137
2098
9694
2187
2184
2307
2720
152267
3553
4632
2436
39061
187192
137098
2491
2297
1928
2283
5378
6507
1892
1825
30001
2730
2408
1771
