49168
11414
13708
12130
27380
11329
11321
11694
11501
12136
15754
11819
11633
488778
16756
30659
2355989
18559
520502
13249
12106
43165
11517
365950
15494
12900
12786
11900
11101
12721
87359
12582
15441
559513
15247
41711
12264
56567
12410
83134
12168
12716
13218
25418
19727
11628
12506
11636
11421
14258
13675
13654
420594
296734
16905
1058368
586596
695562
21266
14891
1264129
24889
181416
46864
13155
11999
17908
1021274
20747
18036
10794
13576
11168
19320
704351
17273
681590
33062
18563
12735
13260
12217
13142
13195
15576
946869
20439
12974
12590
13391
12458
17274
524073
17063
15319
14330
20612
15500
264275
580166
20181
31610
12780
13160
19495
12446
15483
93813
12108
24813
13526
13139
12563
12618
11994
11323
13138
16635
1213758
23137
1559084
40788
17045
1612778
21233
91264
13737
438304
28453
32509
12601
11776
19248
1291485
21068
19130
420933
194570
1061751
19222
11835
12964
10204
11101
13479
157527
495264
1024778
20054
108697
11860
12326
42173
12297
10666
11806
11625
13499
77841
12770
271769
21025
1277136
55346
92913
12008
84174
14604
11309
10855
11413
10368
11065
80684
11750
11209
273317
199191
11738
2839549
21994
21436
29011
17983
886179
1221005
33040
315210
17603
28552
12258
15070
1664401
12089
12447
13631
12862
1325547
94449
23551
141928
15978
13049
43107
12028
13682
12306
13320
457968
15336
12066
1907515
297531
17296
333713
13656
11222
11457
12394
14292
11050
12417
12435
11360
15484
18561
21131
12202
55632
1159508
22306
12272
50044
12003
11387
12049
15555
800810
18324
26115
13296
205598
998904
721843
13731
11782
10710
11829
28309
33459
10948
9736
158139
14677
12529
9637
9057
2153
2618
2234
5011
2142
2175
2179
2150
2254
3024
2235
2198
91064
3150
5780
441125
3481
98007
2477
2305
8097
2180
67154
2846
2369
2369
2159
2080
2281
16616
2388
2784
106381
2884
7757
2342
10387
2355
15997
2298
2286
2437
4907
3669
2161
2374
2134
2184
2676
2525
2542
79712
54335
3128
198972
106936
132320
3995
2808
237343
4617
34287
8881
2457
2255
3472
192186
3946
3384
2043
2599
2110
3577
131244
3293
125854
6273
3523
2350
2505
2234
2465
2522
2983
180857
3820
2363
2324
2508
2375
3059
97509
3152
2808
2675
3728
2807
48082
111337
3797
5849
2369
2414
3619
2334
2882
17513
2358
4609
2559
2487
2323
2434
2292
2104
2414
3206
228067
4352
293234
7514
3290
300826
3892
17230
2629
83381
5157
6306
2383
2272
3502
249152
4054
3638
85761
37632
195025
3775
2296
2472
1973
2128
2642
31191
96532
191379
3851
20447
2312
2361
8199
2372
2098
2286
2226
2530
15005
2376
51664
3938
244829
10585
17822
2273
16412
2775
2234
2100
2191
2040
2164
15457
2334
2164
52129
39340
2269
540084
4322
4185
5517
3354
173860
232908
6184
59352
3420
5576
2358
2773
319917
2271
2387
2480
2454
249775
18719
4389
27030
3131
2498
8108
2242
2564
2344
2405
87312
2914
2277
363421
55977
3254
64221
2540
2225
2186
2305
2575
2061
2269
2282
2082
2781
3507
3973
2251
10471
223627
4202
2268
9553
2155
2130
2232
2871
152438
3446
4820
2485
39309
188621
138649
2650
2222
1963
2286
5423
6339
2047
1817
30019
2761
2423
1845
