48377
11671
13977
12153
26397
12018
10640
11033
10846
12291
15433
12182
11702
486873
16909
32226
2356804
18552
520192
13650
12663
43603
11684
363583
15425
12506
12620
12560
11331
12339
89469
13196
14605
561077
15773
41131
13000
57868
12852
84138
11653
13346
12217
25564
20422
11331
12429
12168
11619
13258
13022
13901
415936
297581
16805
1054087
587291
695907
21088
14422
1261887
25173
184051
45433
12902
11809
18073
1021100
21119
17274
10927
14122
11052
17814
698788
17549
687826
33214
17693
12957
13166
11916
13012
13353
15577
947976
20492
12780
13693
13239
12780
15664
529984
17460
14005
14015
21546
14616
261988
586410
19692
31673
12602
12423
19275
13118
15631
91723
12751
23256
13324
12988
12103
13262
11548
11233
12746
17625
1220611
23205
1564334
40454
17433
1607675
21313
91514
13587
443778
29425
33253
12334
12050
19771
1297649
20915
20086
421495
200797
1065159
19915
11212
12301
11158
10753
13978
157386
492875
1024240
19721
107766
11086
11785
41084
12982
10381
11288
12020
13818
79071
13062
271773
21649
1278011
55938
94119
12354
85143
14471
10834
10523
11274
10774
10987
81658
11595
12064
271866
197789
11896
2833185
22795
20738
28488
17234
885668
1230620
32700
316160
17548
28233
12237
15578
1676952
11844
12766
13141
12784
1329869
95153
23159
144544
16181
12571
40540
11852
14135
11356
14154
456849
15472
12272
1910361
291375
16290
331050
13007
11110
11374
12207
14154
11006
11527
12239
11643
15461
18837
21607
12485
57019
1158512
22074
12007
50784
12192
11529
12936
15136
801752
18278
26139
12900
206321
995618
719662
13352
13011
10283
12339
29300
34745
10950
10010
157161
15137
12347
9809
8964
2198
2709
2242
4902
2257
2038
2093
2058
2294
3012
2284
2208
90733
3217
6023
441425
3470
97936
2568
2397
8203
2219
66790
2893
2273
2336
2264
2129
2234
17031
2407
2663
106760
2972
7664
2466
10558
2405
16131
2204
2395
2257
4933
3780
2128
2364
2242
2213
2508
2395
2574
78953
54450
3096
198390
106902
132524
3946
2735
237059
4671
34644
8736
2431
2271
3476
191937
4001
3275
2060
2689
2088
3353
130354
3364
126804
6321
3381
2429
2467
2218
2430
2558
3031
181188
3745
2334
2514
2506
2413
2798
98718
3239
2613
2589
3897
2672
47642
112179
3651
5905
2374
2305
3563
2463
2939
17082
2443
4372
2503
2464
2261
2547
2187
2075
2362
3368
229389
4342
294015
7458
3342
300336
3939
17453
2533
84480
5321
6401
2333
2334
3648
250542
4066
3768
85816
38699
195399
3906
2189
2336
2100
2085
2731
31140
96432
191341
3828
20225
2196
2232
7967
2484
2019
2198
2311
2602
15171
2470
51817
4025
245163
10718
18225
2342
16439
2719
2126
1999
2162
2108
2158
15693
2308
2358
51642
39043
2345
538747
4450
4019
5454
3253
173817
234640
6088
59298
3383
5450
2347
2905
322454
2212
2469
2460
2451
250509
18921
4306
27483
3107
2343
7742
2214
2668
2160
2620
87405
2931
2318
363844
55118
3109
63729
2403
2226
2163
2276
2572
2090
2149
2249
2153
2799
3553
4065
2281
10680
223287
4149
2232
9581
2149
2197
2448
2769
152432
3486
4818
2411
39436
188009
138370
2573
2432
1920
2383
5575
6600
2056
1882
30035
2857
2367
1923
