49045
11550
13084
11832
26087
11530
10573
11184
11475
12230
15791
11386
12161
490948
15903
31529
2350797
18511
516690
13712
11564
43747
10848
363849
14867
12810
12835
12753
11365
12921
88119
12353
14725
557757
15076
40993
12252
58611
12511
82672
12320
13355
13056
25415
19682
11222
12029
11743
11275
13910
13112
14443
415500
297573
16581
1062244
584363
696454
21239
14740
1265043
24793
182803
45055
12888
11748
17800
1017570
21261
17028
11277
13673
11035
18854
705985
17436
688445
33281
18506
12983
13476
12115
12686
12879
15962
948431
19678
12663
13401
13284
12159
16307
525886
17271
14978
14802
20626
15545
262276
582189
19920
31940
12262
13346
18628
12020
15296
92768
12664
23652
13455
12499
12613
13055
11102
11081
12927
16732
1215016
23531
1569706
40619
17296
1609475
21193
89772
13124
443725
28547
31743
12199
12236
19835
1289621
20046
20093
417985
197543
1066111
19098
11118
12616
10449
10530
13257
156680
495865
1023027
19456
108872
10536
12153
43120
13060
9982
11967
10960
12605
79131
13820
272659
22325
1281511
55853
92961
12067
83428
14051
10997
11483
11300
10863
11049
81491
11473
12209
274814
196449
12577
2839956
21987
21777
29135
17420
888042
1232574
32516
314046
17720
27511
12095
15224
1676318
11713
13364
13121
12167
1329577
93535
24013
143847
15835
12138
42006
11768
13739
11794
13369
455770
15167
11831
1902828
292802
17298
333185
12952
11525
11589
11944
14953
11369
11885
12271
11810
15010
18718
21417
11787
56071
1165697
22397
12074
53323
12165
10921
12055
15397
796968
18029
25421
13249
205706
989889
724979
13669
12162
10646
12061
28399
34125
11084
9864
156684
15060
12467
9592
9066
2203
2513
2205
4788
2139
2015
2119
2165
2279
3061
2138
2317
91318
3032
5933
440516
3503
97473
2572
2194
8227
2053
66777
2760
2357
2368
2308
2106
2342
16697
2298
2678
106075
2871
7655
2335
10760
2344
15771
2366
2452
2398
4852
3690
2132
2249
2161
2168
2614
2434
2644
78877
54413
3069
199747
106437
132499
3997
2796
237490
4551
34533
8581
2407
2206
3448
192032
3999
3268
2130
2636
2113
3550
131632
3318
126846
6377
3530
2379
2538
2235
2392
2469
3057
180970
3643
2333
2492
2506
2285
2897
97755
3209
2734
2728
3738
2769
47724
111739
3730
5952
2328
2454
3477
2246
2879
17330
2453
4407
2582
2393
2363
2535
2148
2065
2372
3219
228364
4380
294933
7515
3336
300643
3921
17032
2516
84540
5168
6140
2310
2356
3654
248751
3935
3768
85158
38250
195552
3712
2167
2434
1969
2018
2582
31020
96832
191090
3745
20498
2094
2263
8340
2479
1964
2356
2108
2368
15209
2584
51782
4192
245874
10776
17909
2322
16374
2660
2173
2206
2183
2129
2175
15626
2229
2357
52162
38727
2446
539631
4308
4244
5494
3243
174435
234737
6097
59006
3436
5368
2301
2829
321676
2244
2558
2413
2334
250365
18601
4427
27375
3069
2300
7993
2215
2617
2248
2470
87115
2846
2259
362519
55260
3295
64092
2375
2287
2231
2235
2737
2204
2203
2292
2181
2706
3485
4031
2188
10618
224914
4184
2254
10070
2181
2100
2289
2837
151718
3378
4708
2452
39324
186960
138809
2633
2317
2003
2292
5464
6497
2055
1893
29897
2841
2362
1849
