48790
11253
13815
12630
26946
12417
10577
11780
11349
12382
15780
11452
11929
487332
16172
31363
2352116
18663
517265
13466
11495
43094
11100
363316
14825
12674
12813
12727
11099
13577
88572
13034
14435
561124
15227
41961
12035
57343
12249
83158
12032
13041
13484
25632
19636
11595
11309
11239
11155
13620
13545
14215
418940
297984
17141
1053225
585993
694597
22245
14714
1265414
24313
184002
45867
12792
11324
18062
1021293
20813
18119
11515
14501
11300
17610
704215
17547
689016
33598
18758
12925
12956
12540
12548
13404
15212
949063
20080
13155
13171
13419
13135
16528
527098
18442
14779
15465
22009
14884
263920
583426
19988
31031
12959
13237
18483
12412
15525
93252
12913
23433
13282
12262
12348
13645
11220
11340
12021
16856
1223858
23224
1565095
40610
17178
1616185
21932
91421
13358
440705
29820
32414
12317
11747
20436
1296127
20174
19280
419693
198683
1060561
20391
11201
12539
10464
10738
13172
155110
496644
1020938
19187
109674
10962
12276
42935
12970
10411
11371
11564
12448
78709
12620
273007
21841
1272898
56237
93219
13025
86310
15629
11088
10806
10447
10870
11356
80742
12060
12034
271981
197881
12150
2835981
22519
21365
27983
18306
883461
1231393
32515
314816
17522
27464
12069
15425
1668744
11861
12175
12909
12553
1326007
97243
24702
144413
16075
12308
42396
11064
13683
11620
13378
455131
14932
11767
1909665
295261
16856
331325
13262
10874
11352
12327
15213
11342
11477
12391
11867
15184
18727
21422
12428
56199
1162184
22719
11464
50217
11679
11302
12588
14922
801407
18382
24763
13560
207985
998341
720245
12923
11804
10828
11987
28691
34767
10170
9880
155752
14605
12305
9481
8950
2119
2690
2315
4974
2275
2023
2210
2135
2279
3051
2157
2280
91002
3069
5813
440063
3492
97407
2501
2196
7996
2150
66834
2752
2335
2364
2323
2069
2429
16785
2389
2636
106701
2900
7831
2276
10451
2296
15861
2307
2366
2454
4941
3595
2177
2119
2081
2143
2548
2484
2616
79454
54391
3165
198187
106794
131980
4201
2798
237249
4519
34831
8755
2380
2143
3491
192289
3946
3435
2165
2762
2162
3337
131177
3257
127058
6419
3549
2394
2406
2306
2362
2548
2939
181096
3727
2395
2437
2477
2408
2925
97932
3394
2697
2850
3966
2681
47958
111697
3701
5826
2415
2416
3423
2354
2912
17314
2485
4360
2527
2325
2295
2656
2171
2099
2236
3255
229808
4359
294195
7600
3359
301571
4006
17398
2536
83758
5328
6242
2347
2273
3780
250034
3929
3653
85541
38481
194773
3952
2170
2396
2013
2057
2585
30649
97072
190673
3739
20605
2141
2312
8268
2481
2039
2196
2235
2308
15094
2375
52081
4072
244399
10746
18021
2481
16846
2938
2174
2077
2054
2138
2240
15556
2371
2300
51822
39179
2334
539393
4414
4172
5286
3426
173674
234789
6124
59090
3440
5398
2323
2863
320799
2245
2370
2410
2437
249896
19328
4582
27565
3108
2326
8082
2070
2610
2208
2475
86946
2817
2229
363700
55696
3205
63850
2425
2137
2184
2292
2801
2134
2102
2290
2165
2767
3468
4031
2289
10591
223717
4275
2131
9492
2121
2165
2370
2755
152676
3422
4580
2500
39726
188537
138123
2508
2245
2025
2352
5472
6616
1908
1874
29689
2765
2376
1819
