49785
11679
13708
12533
27140
11180
10644
11736
11259
12403
15230
10509
11686
488442
16214
32109
2355565
18572
521641
13763
11709
43476
11320
363081
15326
12940
12273
12713
11536
12917
89623
12894
14282
560659
14785
41677
11805
57215
12835
82963
11806
12842
12972
25984
19790
11153
12013
10803
11312
14909
12513
14725
420103
297400
16437
1057402
584628
695554
21301
15244
1269786
23767
182259
46021
12924
11451
17933
1019030
20644
18132
11162
14185
11435
18237
699960
17367
685784
33239
18798
12859
12954
12612
12581
13458
15837
944301
20630
12345
12951
13536
12814
15972
527792
17995
14408
15360
20355
14619
262736
581713
20253
31553
12595
13007
18324
12494
14990
93452
12700
23180
13222
12816
12088
12929
11674
11172
12605
17035
1220058
22585
1572860
39172
17728
1622156
21828
91647
13160
439583
29905
32888
12497
12201
20202
1294677
20665
20564
420948
197795
1060178
19026
11220
11568
10937
10799
13426
155636
494244
1024054
18820
109587
11321
11950
43030
12624
10547
11292
11547
13840
77955
13726
274332
20900
1277811
56268
92560
12839
85661
14407
11560
10612
10963
10351
10619
80071
12786
11717
275368
196667
11625
2830938
21172
21339
27984
17130
888294
1227179
32034
314410
17416
27421
12225
15718
1667035
12335
12971
12932
12580
1328465
93940
23577
142909
15742
12264
41743
10559
14402
12457
13461
455401
15175
11511
1903426
295105
16878
334509
13081
11629
11419
12092
14943
10875
11744
11648
11911
15799
18562
22207
12290
56951
1161368
22398
11509
51263
11499
11911
12660
14949
803679
18474
26528
13250
208143
997239
720258
13453
12328
10564
12170
28264
34445
10438
9981
156294
15445
11881
9743
9201
2180
2657
2319
5014
2116
2047
2201
2123
2318
2972
1983
2236
91113
3066
5969
441588
3487
97894
2590
2250
8194
2144
66550
2848
2382
2332
2291
2122
2339
17062
2376
2610
106830
2847
7763
2245
10546
2393
15888
2234
2319
2352
5000
3732
2107
2284
2019
2164
2750
2309
2691
79859
54410
3062
198940
106240
132347
4019
2926
237988
4407
34514
8780
2423
2195
3462
191651
3930
3454
2129
2675
2164
3427
130417
3282
126340
6420
3578
2368
2460
2310
2401
2541
3042
180511
3810
2294
2393
2542
2385
2884
98209
3315
2673
2815
3746
2664
47698
111508
3779
5855
2370
2395
3406
2350
2813
17390
2454
4288
2509
2421
2253
2500
2250
2062
2323
3232
229066
4269
295678
7260
3439
302521
4028
17429
2529
83664
5412
6413
2355
2337
3703
249830
3992
3878
85781
38270
194364
3771
2173
2211
2050
2072
2614
30792
96569
191386
3639
20571
2236
2260
8313
2422
2051
2191
2204
2568
15021
2560
52273
3872
245295
10782
17815
2444
16594
2704
2292
2047
2136
2034
2100
15507
2467
2254
52097
38796
2285
538958
4113
4193
5386
3228
174131
233933
6035
59051
3382
5357
2352
2943
320501
2351
2451
2383
2431
250370
18601
4370
27185
3086
2329
7927
1998
2705
2358
2451
86976
2873
2186
363006
55604
3210
64348
2430
2344
2184
2272
2730
2057
2135
2158
2159
2884
3479
4107
2254
10671
223691
4190
2133
9603
2060
2258
2383
2713
153027
3500
4917
2453
39774
188478
138344
2559
2330
1957
2356
5429
6505
1914
1889
29841
2906
2324
1878
