49956
11487
13605
11651
26604
11286
11099
12230
11555
11845
15481
12049
12206
486923
16792
31976
2358309
19608
518631
13185
12794
42754
11057
368603
15287
11817
12615
12635
11184
13338
88221
12655
14381
561793
15482
42027
12170
57534
12873
83275
11277
12849
12490
26020
18778
11642
11286
11543
11379
14348
13285
13874
417147
295384
16716
1057309
583393
695364
21288
15108
1271049
25667
182602
45860
12719
11332
18009
1018109
20548
17510
10945
13832
11628
18171
706567
17221
686966
33660
18357
12815
13311
12518
13017
13170
15159
956209
20467
12615
13205
13226
12795
16250
526183
18029
14770
14900
20591
15223
262981
584719
19754
32438
12772
13218
18596
12901
15718
92321
11910
23492
12909
12933
12559
13255
11608
11389
12194
16421
1216870
22044
1567484
39646
17997
1617146
22264
91338
13683
442754
29089
32131
12248
12432
18707
1289552
20414
20769
420373
196363
1060880
19011
11657
11642
10899
10406
13507
158063
495300
1022136
18531
109052
11072
11858
41122
13061
10995
11317
11421
12760
77782
13440
273653
21634
1275820
57048
94454
12215
84507
14578
10794
10631
11525
10801
10978
80144
11573
11426
272583
199566
12397
2825146
21468
21343
27773
17193
887437
1226539
32691
313443
17248
28687
12062
14047
1683780
12423
13041
12854
13222
1326431
95319
22864
143009
15181
12550
41899
11404
13486
11884
13101
456566
14984
12256
1910614
292907
16728
331687
13730
11390
11312
12439
14646
11435
11749
11674
11442
15330
17852
21460
12196
56179
1159501
22094
12289
51327
12330
11762
12576
14641
801640
19120
25073
13409
206967
989927
724366
13272
11983
10399
12184
28646
33789
10128
10474
158541
14524
12864
10182
9193
2178
2603
2137
4875
2100
2108
2316
2180
2218
2992
2270
2312
90979
3199
6012
441536
3718
97703
2480
2399
8024
2141
67610
2829
2174
2323
2265
2088
2396
16783
2331
2620
106815
2930
7805
2288
10615
2394
16046
2199
2342
2269
4956
3500
2165
2167
2105
2185
2695
2440
2546
78962
54252
3099
198840
106382
132191
3996
2870
238673
4713
34409
8737
2382
2094
3529
191905
3917
3312
2035
2650
2207
3419
131664
3251
126676
6356
3495
2386
2495
2302
2446
2535
2911
182716
3788
2311
2425
2466
2376
2898
98108
3340
2717
2726
3802
2745
47656
112168
3717
6005
2397
2430
3448
2444
2938
17303
2314
4395
2446
2443
2364
2506
2242
2098
2255
3175
228083
4124
294822
7374
3520
301700
4116
17363
2595
84359
5314
6241
2331
2399
3437
249099
3954
3934
85739
37956
194526
3735
2296
2252
2063
1970
2632
31281
96624
190812
3598
20471
2169
2263
7979
2469
2161
2229
2176
2394
14942
2523
52087
4035
245090
10946
18202
2321
16518
2778
2144
2040
2197
2098
2210
15388
2258
2221
51978
39274
2410
537446
4215
4149
5285
3238
173910
233813
6138
58855
3358
5613
2297
2663
323687
2385
2459
2394
2536
250064
18924
4260
27276
2936
2351
8010
2141
2531
2244
2384
87249
2816
2321
363918
55251
3172
64068
2501
2270
2154
2305
2694
2174
2163
2187
2084
2810
3386
4035
2238
10591
223300
4160
2291
9744
2205
2212
2389
2703
152681
3621
4671
2498
39544
186833
138905
2543
2274
1929
2357
5509
6382
1891
1965
30166
2761
2437
1954
