49814
11190
14472
11620
26413
11570
10777
12048
11215
12103
15846
11478
12282
488889
17336
31109
2359184
18740
526708
13579
12168
43808
11241
366552
15026
13357
12727
12406
12101
13266
90489
12602
14473
560224
15259
41638
12337
58590
12344
83648
12216
13309
12981
26022
20205
12362
11529
11293
11767
13811
13232
13607
417383
300526
16439
1057034
589022
693210
21482
15508
1268309
25051
182602
45458
12358
11754
18107
1026670
21013
18161
10803
14463
11072
18501
701224
16626
687297
33083
18483
13292
13559
12808
12439
13635
15089
952125
20260
12915
12918
13315
12437
16470
528557
17102
14642
14847
21773
14548
263638
580269
19140
30994
12788
13095
19523
12752
15421
93422
12657
23644
13574
11799
12636
13808
12162
11424
12473
16564
1222517
22324
1565554
40879
17328
1610863
22262
89260
13310
446864
29517
31950
12324
12263
19614
1295102
20511
20503
423139
196631
1061193
18918
11192
12526
11028
10978
13980
158205
492171
1028486
19472
110401
11653
12201
42047
12286
10771
11444
11463
13207
78000
13441
276049
21550
1272879
54340
94467
12134
85220
14544
10981
10494
10869
11078
11093
82182
11142
11311
273445
200010
11980
2832399
22536
20969
28964
17581
885452
1230981
32242
312384
17040
28904
11788
15992
1673801
11939
13151
12878
12536
1340014
95420
23299
142870
16003
12759
41455
11410
14118
11627
13390
454282
15120
11743
1910235
296265
16944
335127
13051
10967
11315
12133
14648
11201
11711
11685
11916
15403
18358
21606
12447
56450
1159121
22604
12067
51134
11488
11695
12704
15217
811052
18410
25111
13060
207680
993200
717785
13937
12319
10019
11993
28505
33171
10809
10081
157646
14971
12524
9802
9199
2083
2761
2142
4851
2154
2060
2290
2132
2260
3074
2195
2315
91180
3277
5834
441893
3505
99155
2559
2277
8212
2153
67257
2809
2475
2344
2244
2232
2355
17121
2331
2601
106645
2904
7827
2329
10714
2300
16040
2352
2362
2382
4994
3786
2299
2198
2066
2253
2621
2426
2530
79257
54884
3035
199107
107233
132000
4022
2948
237840
4637
34435
8724
2335
2274
3528
192972
4006
3458
2050
2729
2107
3508
130751
3158
126679
6335
3571
2443
2555
2367
2366
2612
2875
182037
3715
2355
2410
2509
2337
2942
98544
3201
2671
2738
3926
2658
47684
111249
3563
5772
2391
2410
3617
2409
2882
17391
2434
4433
2553
2263
2331
2656
2322
2136
2307
3131
229453
4232
294450
7586
3372
300456
4114
16947
2534
85049
5352
6223
2323
2332
3611
249750
3936
3815
86230
38001
195003
3710
2189
2427
2060
2078
2730
31329
96399
192024
3798
20766
2266
2333
8118
2377
2121
2241
2184
2473
15031
2500
52532
4024
244474
10478
18167
2330
16666
2748
2165
2014
2086
2177
2171
15752
2188
2193
51942
39433
2333
538742
4368
4093
5461
3319
173819
234522
6091
58670
3378
5602
2258
3017
321877
2261
2506
2400
2410
252780
19008
4328
27228
3089
2394
7853
2142
2666
2225
2476
86805
2814
2199
364174
55860
3226
64543
2420
2177
2128
2291
2662
2105
2173
2170
2230
2812
3473
4025
2308
10628
223660
4203
2256
9599
2086
2227
2397
2782
153974
3465
4653
2460
39614
187750
137939
2669
2379
1888
2346
5495
6261
1994
1910
30152
2846
2434
1889
