48313
10962
14023
12858
26621
10913
11114
11342
11094
12043
16105
11661
12068
491582
16709
31024
2363831
18572
521316
13965
12541
42734
11019
368705
15048
12681
13194
12413
11116
13237
89640
12969
15134
560565
15370
41771
12601
58778
12806
84387
11750
13599
13250
25291
19783
11620
11622
11350
11071
13783
13529
15242
420306
298468
17137
1060403
584228
698101
21621
14980
1269075
24780
183850
45813
12384
11442
18821
1018117
20336
17820
11247
13554
11305
18481
703486
17380
689607
32611
18910
12844
13395
12169
12796
13277
15550
946961
21041
12520
13033
13847
13040
16296
527663
17488
14045
14441
21109
14900
266445
583802
19494
30932
12792
12512
19987
12321
15709
94416
11829
23460
14053
13133
12603
13508
11699
11800
12784
16857
1222204
22902
1569900
41114
18587
1612775
22401
91046
13567
443729
28301
32128
12400
12067
19715
1296936
21249
20895
417870
199275
1060547
19801
11580
11914
11141
10474
13190
157249
491868
1026752
18701
108058
11591
11589
41568
13661
11113
11494
11029
12612
79905
12445
273838
21192
1277254
55205
94975
12448
84092
14193
11083
10879
11329
10530
11272
80903
12061
11529
275530
197916
12463
2832458
21794
20870
28791
17359
888332
1231202
33249
315530
17881
29185
12450
15183
1670294
12230
13166
13041
12568
1326866
96295
23625
144677
15424
12066
42329
10850
13448
12191
12709
453673
15098
11436
1916733
291646
16919
334908
12798
11229
11437
11781
15355
11323
10977
12160
11731
15291
18538
21326
11977
55650
1164210
21875
12187
50778
11331
11477
12690
15340
809683
19096
25803
12873
207277
992656
723315
13125
12062
10243
12687
28349
34042
10015
9678
158353
14701
12283
9753
8892
2058
2691
2335
4925
2044
2108
2143
2091
2249
3103
2215
2282
91541
3146
5831
443055
3486
98134
2624
2387
8042
2109
67410
2827
2325
2452
2279
2103
2367
16989
2378
2744
106581
2921
7792
2383
10806
2358
16186
2253
2457
2419
4848
3674
2203
2185
2090
2147
2565
2490
2808
79803
54651
3163
199453
106398
132682
4090
2867
238299
4626
34578
8779
2335
2173
3571
191908
3821
3412
2132
2553
2144
3491
131009
3299
126774
6246
3604
2417
2494
2277
2418
2558
2986
180818
3913
2315
2385
2595
2427
2928
98263
3237
2605
2682
3794
2693
48363
112014
3611
5778
2406
2331
3661
2343
2967
17592
2302
4341
2646
2490
2370
2598
2244
2177
2362
3232
229148
4283
295171
7606
3622
300801
4089
17239
2544
84381
5187
6274
2371
2301
3663
250446
4089
3951
85266
38441
195338
3938
2239
2295
2114
1999
2585
31044
96192
191777
3660
20249
2278
2176
8063
2598
2190
2204
2139
2390
15385
2328
52061
3948
245110
10602
18268
2341
16443
2685
2188
2094
2177
2050
2246
15598
2362
2273
52480
39124
2400
538971
4316
4032
5472
3259
174673
234596
6220
59213
3503
5699
2371
2826
321405
2368
2496
2375
2429
249973
19087
4424
27712
3002
2295
8050
2009
2518
2334
2361
86738
2847
2161
365610
55120
3251
64465
2364
2234
2203
2225
2803
2145
2042
2234
2192
2803
3478
4011
2239
10452
224682
4135
2292
9578
2046
2184
2387
2803
153969
3567
4790
2406
39552
187591
138544
2534
2287
1929
2418
5427
6423
1899
1826
30219
2797
2367
1872
