48889
11227
13416
12138
26571
11856
10355
11711
11027
11953
15068
11005
12109
488628
16523
31937
2355863
18645
522800
13530
12553
43983
11679
367107
15146
12971
12654
11483
11307
13657
88815
11836
14845
564627
15281
41935
12757
56830
13209
84334
12400
13099
12988
25540
19038
11619
11586
12588
11160
14094
13627
13598
416192
297377
16305
1059679
587291
694896
21612
14949
1269027
24460
179917
46723
11882
11597
18007
1020248
20883
17738
11539
14065
10769
18562
699045
17716
691438
33047
19152
13608
13082
12439
12905
13125
16274
952662
20783
12799
13460
14001
12898
16465
525217
17397
14779
14418
20092
14683
263616
584186
20234
31399
12848
12379
19250
12526
15519
92899
12924
23422
13231
13298
12788
13707
11598
11219
13218
17019
1225536
23266
1569840
40178
17500
1621067
21616
91671
13487
444711
29595
32208
12340
12697
18663
1295425
20896
19614
419939
202568
1059290
19428
11051
13222
10403
9802
13354
157886
494313
1022328
19728
111184
11152
11843
42397
13094
10356
12038
11675
12296
78356
12442
274768
20488
1281544
54438
94087
12230
85867
14814
11289
10570
10848
11130
11044
81821
11577
11836
275101
198838
12125
2841250
21322
21368
29186
17473
883398
1227650
31620
315002
17944
27716
12382
15284
1680056
11790
13236
13588
12478
1328899
96904
24239
145322
15354
11679
42417
12240
13575
11540
13644
454357
15116
12205
1909873
295011
16132
334615
12410
11051
11149
12197
15130
11224
12658
11968
11284
15277
17964
21261
11974
57318
1158596
21804
11771
49518
12246
11141
12422
14954
806764
19106
25803
12956
205949
997114
724010
13014
12062
10820
12406
28369
34897
10808
10086
160271
14438
12806
9266
9057
2115
2579
2220
4927
2230
1972
2243
2083
2264
2945
2098
2310
91142
3114
5945
441653
3523
98483
2562
2395
8193
2246
67312
2824
2427
2371
2083
2115
2449
16880
2217
2698
107335
2899
7817
2394
10426
2442
16192
2360
2369
2380
4900
3558
2210
2159
2291
2167
2647
2528
2537
79063
54468
3021
199220
107048
132194
4032
2846
237905
4523
33996
8996
2253
2220
3515
192244
3919
3359
2177
2672
2070
3530
130396
3345
127540
6300
3628
2528
2444
2318
2472
2497
3073
181914
3852
2343
2465
2650
2409
2960
97848
3198
2738
2629
3708
2663
47993
112033
3762
5858
2387
2294
3560
2370
2928
17454
2494
4342
2540
2518
2372
2605
2237
2105
2430
3213
229845
4381
295397
7479
3382
302343
3973
17444
2557
84735
5329
6293
2349
2464
3451
249920
4018
3707
85825
39050
194414
3814
2157
2536
2012
1900
2589
31244
96839
190973
3800
20902
2183
2212
8233
2490
2025
2327
2221
2319
15042
2315
52155
3802
245742
10548
18031
2317
16705
2823
2214
2025
2107
2177
2212
15720
2270
2308
52215
39176
2368
540372
4198
4155
5507
3274
173615
234227
5980
59166
3484
5411
2391
2882
322803
2236
2547
2489
2391
250291
19257
4506
27668
2986
2212
8012
2281
2540
2215
2513
87008
2840
2307
364105
55591
3027
64493
2295
2191
2112
2269
2742
2119
2322
2218
2119
2779
3428
3955
2220
10715
223146
4120
2221
9361
2165
2113
2359
2765
153682
3631
4782
2415
39491
188462
138924
2529
2300
2021
2344
5450
6556
2013
1920
30594
2737
2437
1794
