48751
11080
13884
12437
26370
11588
10592
11279
10844
11760
15235
11552
11817
490963
16562
31486
2365286
18980
523278
13775
11915
43412
11952
365133
15521
13295
12948
12690
11304
12978
88677
13304
14903
563573
15074
41856
12599
57144
13040
83460
12178
13112
12744
25753
19754
10968
11545
11712
11222
13884
13778
14912
421346
294904
16026
1054408
587092
695701
21636
15122
1268417
25811
181916
47770
13204
11835
17498
1024901
20186
17605
10665
13984
11417
18852
700853
17221
688169
32383
18286
12849
13259
12257
12981
13427
15124
951526
20778
13002
13144
13154
13226
16498
526772
17697
15460
15001
21826
14861
261585
585951
20476
31936
13102
12754
19921
12586
14973
93511
12568
23224
13092
13115
11825
13210
11957
12175
12696
17429
1226075
22577
1566490
40377
17356
1615408
21858
91910
14146
442073
29649
32704
12652
11966
19283
1289717
21099
19921
415522
198336
1058232
19751
11126
13245
10740
10154
13456
157714
494426
1024579
19579
108366
10919
12571
42035
12896
10820
11297
11334
12696
77412
13714
275855
21350
1277144
56697
94402
12933
86029
14261
10559
10710
11048
10385
11107
81848
11587
11418
274224
197906
11249
2842888
21844
21090
28650
17078
887560
1236101
31518
313008
17132
28488
11750
15320
1674361
12342
12546
13491
13320
1331324
96527
24427
143964
15163
12032
42889
11252
13692
12260
13447
461222
15055
12237
1909115
296146
16553
333743
13247
11555
11841
11234
14835
10907
11786
11717
11990
15436
18385
21649
12465
57736
1163803
22489
11348
51837
11098
11637
11904
15569
808840
17755
25509
13092
209183
996318
724799
13160
12048
10413
12059
28544
34164
11207
10021
158430
14978
12268
9425
8973
2070
2701
2287
4840
2172
2012
2171
2028
2215
2956
2188
2257
91693
3153
5853
443128
3577
98531
2546
2259
8180
2297
67096
2892
2433
2384
2291
2124
2329
16811
2493
2681
107130
2870
7821
2336
10413
2412
16003
2303
2380
2335
4980
3712
2073
2188
2137
2149
2615
2541
2746
79994
54196
3013
198640
106910
132406
4077
2918
238285
4806
34380
9082
2459
2238
3401
192791
3829
3347
2002
2652
2181
3557
130805
3257
126802
6244
3501
2382
2455
2263
2436
2560
2900
181848
3814
2387
2423
2471
2464
2922
98228
3278
2852
2788
3936
2681
47720
112249
3815
5956
2446
2344
3658
2382
2813
17423
2444
4344
2524
2497
2202
2590
2281
2235
2326
3353
229951
4260
295021
7483
3365
301538
4042
17432
2653
84267
5392
6382
2426
2304
3535
249006
4094
3792
84703
38359
194720
3860
2165
2518
2046
1980
2666
31137
96732
191427
3822
20364
2148
2402
8086
2463
2110
2202
2174
2353
14945
2590
52412
4002
245137
10835
18187
2457
16757
2719
2106
2067
2147
2029
2160
15710
2299
2233
52185
39000
2229
540861
4317
4120
5462
3202
174189
235602
5883
59019
3343
5528
2265
2904
322477
2357
2388
2474
2512
251316
19165
4522
27449
2961
2291
8126
2133
2647
2310
2493
88220
2838
2293
363970
55823
3139
64374
2455
2281
2274
2098
2696
2046
2156
2157
2208
2808
3478
4085
2320
10826
224362
4206
2146
9772
1981
2200
2274
2869
153994
3336
4728
2457
40015
188355
139095
2529
2279
1940
2347
5458
6397
2104
1912
30172
2851
2405
1808
