50008
11432
13417
12489
26931
11158
10691
11505
11331
13167
14987
11597
11555
488532
16502
30663
2361146
18828
522956
14232
11795
44268
10979
361272
15643
12898
12365
12684
10969
13672
88528
12445
14306
565810
15590
42180
12874
56532
13145
82406
11873
13666
12405
25823
20527
11101
12049
11665
11576
14400
13320
13795
422623
298528
17265
1062281
588620
695865
20981
14920
1270044
24946
181425
46350
13416
11591
17989
1022546
20567
17191
11262
14212
11173
18873
703494
16967
688727
33485
18221
13526
13493
11940
13096
12666
15910
956260
21311
13326
12947
13902
12239
16635
524777
17108
14614
14665
21376
14980
262174
581915
19682
31680
13394
12685
18877
12448
15020
92937
12187
23716
13274
12633
11823
13289
11781
11741
11612
16575
1229059
22610
1567989
40869
17101
1615324
21252
90050
13174
440511
29475
32197
12781
12168
18919
1295089
20648
19314
419609
197689
1070976
20113
11131
11996
10056
10985
12792
157960
493658
1031593
18722
110639
11408
11922
41069
12614
10641
11683
11719
13257
78711
12509
276052
20990
1280561
55694
93311
12163
86041
13585
11391
11300
10984
11321
11247
81618
11943
11334
271884
197839
12410
2832916
22321
20890
28885
18275
890750
1233161
33563
316489
17277
27392
11851
15294
1670848
12400
13274
12640
12531
1330629
93559
22926
142628
16111
12925
42284
11286
12921
11183
13276
453688
14822
12431
1909793
292489
16147
334933
12990
11397
11685
12194
15382
11161
11917
11733
12556
15061
18810
20561
12257
55340
1161345
22888
11690
52272
11786
11416
12612
14670
808339
17750
25357
12903
207091
993983
724841
13336
12467
10680
11744
28353
33193
11296
9677
158060
15358
12283
9713
9233
2158
2590
2312
4970
2077
2073
2154
2113
2441
2922
2175
2215
91229
3129
5750
442469
3519
98500
2678
2257
8355
2107
66278
2891
2387
2308
2275
2046
2463
16850
2333
2604
107326
2925
7859
2444
10432
2421
15880
2261
2493
2271
4942
3772
2102
2284
2157
2209
2694
2455
2577
80203
54860
3165
200212
107138
132509
3996
2846
238382
4578
34282
8887
2504
2195
3482
192485
3919
3291
2114
2716
2138
3561
131394
3278
127134
6411
3487
2496
2509
2199
2484
2433
3057
182845
3957
2440
2431
2612
2302
2957
97915
3196
2708
2716
3864
2722
47809
111839
3671
5936
2485
2355
3496
2336
2854
17376
2372
4435
2537
2388
2216
2544
2248
2160
2150
3174
230563
4229
294579
7558
3359
301396
3962
17203
2534
83822
5337
6273
2419
2328
3510
250164
4002
3674
85649
38210
196586
3910
2183
2305
1915
2101
2540
31198
96726
192438
3631
20920
2254
2247
7941
2440
2080
2233
2273
2508
15176
2372
52577
3896
245904
10686
18052
2311
16745
2604
2243
2139
2132
2213
2226
15698
2364
2201
51766
39026
2439
539536
4381
4047
5487
3421
174812
235412
6276
59533
3377
5334
2258
2820
321279
2367
2524
2352
2410
251289
18564
4274
27191
3131
2433
8048
2095
2508
2141
2431
86769
2780
2322
364243
55336
3118
64548
2394
2244
2222
2304
2802
2130
2176
2158
2295
2745
3585
3891
2275
10471
223939
4257
2194
9828
2123
2166
2373
2681
153744
3350
4698
2424
39430
187735
139252
2557
2351
1993
2292
5481
6314
2106
1848
30145
2907
2361
1871
