50090
11436
13028
12492
27067
11178
10494
11822
11590
12234
15717
11706
11561
490851
16540
31532
2359145
19164
521490
13392
12615
42520
11553
359268
15290
12760
13216
12201
11514
13862
88391
12538
14761
557956
14884
42156
12590
56980
13206
84205
11771
12964
11989
25869
20012
11260
11619
11439
11173
13540
12798
13464
422069
300254
16812
1062597
581616
696141
21549
14511
1262815
24510
181760
47026
12908
12233
18454
1023764
20531
18121
11113
14080
12152
18301
703146
17436
689155
33244
18684
13583
12944
12845
12609
12790
16464
959337
20049
12894
12811
13205
12927
15842
525493
17855
14517
14459
21400
14979
262248
584960
20002
32491
12938
12838
19041
12421
14943
94122
12608
24005
13633
13443
12026
13038
11882
11191
12896
17233
1225444
22708
1573554
41181
16909
1618086
21385
88371
13894
440996
29710
32156
12566
12337
19796
1292905
20549
19605
420320
199876
1064078
20282
11056
12510
10727
10760
13657
158671
493654
1023385
18984
108852
11555
12202
42789
12677
10367
11939
11413
13559
77853
13340
274575
21397
1279914
56656
92806
12645
84664
14113
11165
10605
10945
10040
10787
82641
11699
12445
272431
198556
11935
2841011
22620
21249
28681
17861
888341
1231244
31936
314589
17930
28205
12304
14841
1676385
12343
12502
12887
12700
1327769
94613
23723
144176
15389
12314
42947
11499
14129
11622
12644
458222
15419
11924
1911730
292889
17416
333634
13095
10705
11641
12412
14660
11358
11513
11668
12453
14965
18155
21832
12079
56308
1161255
21875
11878
50722
12162
11380
12641
15651
804190
19377
26040
13231
207245
993020
726445
13555
12274
10466
12222
29290
35101
10412
9751
156816
14727
11901
9710
9196
2149
2525
2314
4995
2097
2011
2258
2172
2277
3028
2208
2193
91657
3111
5894
442377
3582
98481
2506
2410
7967
2236
66022
2874
2347
2408
2223
2125
2460
16750
2315
2682
106391
2848
7791
2376
10501
2474
16128
2228
2373
2207
4934
3730
2133
2196
2129
2161
2532
2387
2518
80136
54867
3132
200203
106042
132380
4043
2758
237727
4501
34327
8992
2432
2311
3578
192674
3912
3414
2083
2686
2266
3455
130924
3345
127297
6330
3530
2512
2426
2372
2406
2438
3141
183419
3702
2341
2378
2453
2400
2850
98052
3302
2685
2652
3902
2702
47637
112060
3740
6060
2412
2367
3538
2377
2808
17565
2447
4469
2610
2542
2230
2528
2279
2098
2352
3272
230144
4315
295932
7636
3277
302332
3955
16922
2643
84059
5398
6243
2370
2347
3627
249943
4010
3712
85854
38577
195612
4006
2161
2386
2051
2095
2677
31260
96774
191218
3688
20346
2231
2319
8243
2466
2053
2356
2226
2521
15000
2488
52214
4002
245523
10914
17974
2383
16509
2665
2227
2055
2117
1967
2172
15861
2320
2401
51828
39251
2362
541270
4475
4104
5485
3371
175002
235007
6039
59009
3481
5513
2317
2776
322302
2369
2373
2410
2395
250675
18867
4446
27516
2988
2310
8097
2151
2667
2234
2349
87609
2869
2227
364418
55223
3310
64270
2412
2131
2223
2282
2677
2136
2118
2177
2258
2737
3462
4123
2236
10576
224338
4155
2225
9631
2171
2181
2380
2904
153113
3616
4832
2434
39501
187539
139367
2598
2339
1929
2370
5567
6611
1968
1874
30021
2820
2290
1863
