48757
10894
13060
11924
27417
11641
11154
11572
10755
12288
15253
11246
11487
487917
16999
32309
2357201
18702
518582
13722
11847
42890
11467
365574
15823
12885
12835
12866
11675
12909
89448
12256
14384
562748
15330
41574
12632
56893
13075
82968
11525
12852
13959
25087
19631
11338
11855
11192
11636
13772
13577
14119
420804
298333
17140
1056804
580757
691094
21172
14335
1260610
25686
183597
45356
11974
11235
18341
1012778
20929
17711
11035
13562
11080
19229
702271
17801
688974
32718
17974
13142
13158
12058
13072
13021
15390
949872
20309
13403
12988
13036
11948
16208
519779
17593
15051
14738
21072
15806
262944
583864
19523
30500
11825
13230
18251
12796
15780
95145
13008
23131
13128
13093
12006
13014
11544
11555
12881
17071
1221062
22610
1562260
40723
17406
1612505
21733
90945
13668
440949
29203
32196
12224
12386
19290
1297855
21856
19883
421300
198485
1061916
19771
11175
12135
10622
10228
12999
155077
491955
1018524
19323
108785
11067
12181
42619
13249
10631
11491
11004
13205
76514
13201
273514
20614
1274797
56003
92505
12311
86013
13832
10957
11036
10980
10602
10545
80476
11916
12033
272363
197200
11869
2826048
21857
20641
28730
18199
886764
1229362
32655
310916
17707
27546
12206
14976
1667958
12167
12924
12858
12894
1324292
95869
23546
144301
14768
12582
41075
11715
13654
11746
13778
455206
15104
12124
1904784
293998
17348
335522
12128
10923
11410
12246
14561
11352
11221
12241
12251
15525
18070
21082
12427
56706
1156743
22648
11777
51564
11591
11612
12282
14769
799994
19206
25574
12478
203825
993902
723632
13237
11515
10567
11553
29113
34998
10598
10248
158325
14287
12078
9960
9026
2036
2501
2188
4978
2174
2106
2190
1998
2266
2979
2141
2201
90810
3233
6014
441003
3521
97545
2527
2277
8022
2190
66908
2947
2357
2374
2325
2164
2356
16936
2267
2586
106668
2913
7797
2404
10454
2431
15886
2213
2319
2529
4845
3621
2139
2221
2052
2226
2603
2514
2628
79832
54619
3170
198813
105690
131150
4002
2736
236444
4726
34706
8636
2268
2113
3545
190967
3896
3348
2093
2550
2112
3615
130895
3382
126834
6242
3423
2447
2448
2252
2483
2504
2950
181089
3766
2418
2420
2461
2269
2869
96578
3260
2779
2699
3833
2854
47765
111696
3622
5686
2254
2426
3375
2424
2939
17717
2544
4323
2521
2465
2244
2539
2208
2163
2366
3259
228984
4237
293568
7559
3351
300916
4039
17313
2589
83824
5286
6208
2348
2380
3534
250429
4191
3738
85862
38356
194795
3865
2184
2330
2006
2014
2553
30733
96162
190104
3744
20426
2175
2305
8203
2547
2084
2249
2146
2466
14745
2457
51971
3831
244057
10730
17881
2322
16714
2629
2201
2134
2138
2121
2080
15458
2309
2334
51743
38815
2336
537285
4292
4043
5442
3423
174005
234073
6101
58480
3419
5389
2347
2828
320213
2284
2475
2392
2479
249565
19012
4379
27397
2900
2381
7871
2163
2601
2225
2523
87093
2800
2264
363136
55380
3273
64336
2252
2154
2189
2285
2643
2126
2062
2249
2271
2846
3405
3918
2290
10607
222879
4210
2211
9692
2091
2171
2334
2735
152283
3615
4741
2320
38948
188070
138652
2538
2213
1965
2219
5568
6580
1952
1945
30086
2705
2371
1898
