49042
11188
13261
12659
27187
11298
10371
11295
11613
12087
14804
12486
11984
487638
15891
31937
2362177
18426
518461
14094
12817
43905
10961
364426
15512
12400
13010
12229
11715
13554
88546
12272
14001
567572
15167
42329
12484
57359
12443
84368
12362
12936
12869
26535
19994
11194
12150
11862
10649
14339
12926
14235
419857
299622
16403
1062220
583478
693112
21501
14646
1265069
24802
181983
47636
12523
12112
18753
1022252
20932
18702
10909
13729
10924
19112
706905
17709
688778
33886
18884
13291
12697
12729
13063
12551
15713
947080
20532
12856
13353
13961
13570
16666
524211
17813
14865
15378
21409
15606
263252
580831
20455
31647
13668
13037
18921
12603
15338
92274
12713
23408
12770
12549
12493
12992
11930
12001
13183
16484
1223923
23118
1567643
39461
18028
1618707
21157
90094
14285
441940
28457
32523
12572
12594
18871
1300901
20814
20400
418630
198726
1061866
19478
11324
12447
11187
10529
12915
156177
491204
1025110
19290
108197
10847
12108
42294
12170
11004
11537
11715
13068
76854
12908
276422
21312
1276877
55730
94566
12485
85273
14226
11222
11086
11305
9952
10971
80982
12078
12393
271318
199745
11712
2830877
20895
20879
28006
17713
886831
1235825
33218
316665
16958
28114
12076
14467
1676333
11954
12745
12539
12099
1328555
94018
23338
143525
15392
12631
42594
11136
13801
12410
13262
458574
15398
11520
1914899
292038
16810
335236
13151
10810
11403
11865
14849
11270
11857
12349
12354
15339
18474
22324
12431
56140
1160008
23397
11435
50947
11839
11557
12583
15459
807873
18702
26165
12716
207277
997351
722540
13455
11639
10221
11931
28799
33961
10848
10077
157096
14701
12138
9810
9057
2107
2551
2337
4994
2124
1978
2091
2194
2266
2883
2336
2289
91082
3023
5990
442870
3475
97765
2680
2465
8219
2135
66988
2885
2298
2386
2231
2158
2436
16812
2287
2566
107841
2907
7891
2385
10536
2313
16219
2318
2349
2371
5078
3720
2127
2304
2192
2066
2658
2390
2625
79794
54940
3040
200292
106563
132323
4052
2782
237645
4598
34459
8963
2351
2279
3614
192891
3992
3520
2079
2578
2090
3612
132032
3374
127183
6463
3598
2439
2386
2327
2459
2402
2999
181234
3817
2374
2483
2600
2527
2955
98060
3270
2763
2826
3892
2825
47824
111605
3788
5955
2535
2381
3536
2384
2879
17361
2463
4415
2414
2391
2322
2525
2316
2246
2387
3163
229852
4351
295059
7314
3502
302368
3938
17122
2720
84420
5133
6312
2365
2400
3494
251055
4014
3814
85349
38383
195222
3840
2230
2347
2094
2040
2551
31026
96263
191796
3723
20296
2150
2305
8222
2363
2169
2265
2212
2450
14781
2408
52685
3949
245187
10705
18148
2381
16591
2723
2206
2122
2193
1945
2179
15651
2360
2417
51699
39356
2285
538915
4091
4042
5332
3286
173856
235613
6224
59590
3326
5494
2290
2722
322236
2262
2418
2333
2296
250908
18673
4358
27434
3005
2385
8103
2066
2652
2354
2446
87857
2853
2154
365585
55151
3242
64719
2475
2139
2154
2222
2694
2116
2178
2251
2272
2781
3496
4164
2306
10582
223937
4369
2115
9652
2110
2212
2335
2855
153745
3524
4810
2381
39727
188486
138985
2592
2246
1924
2317
5478
6472
2018
1902
29915
2784
2390
1887
