49199
11497
13484
11756
26384
11576
11526
11728
11201
12318
15650
11228
12719
487685
16606
32007
2366363
18802
519184
14222
11870
43637
11221
365766
15587
13351
12106
11879
11809
13044
88926
12752
14878
562937
15591
42176
13293
57570
13052
84135
12048
13008
13213
25163
19589
10596
11510
12250
11447
13209
12962
13737
415678
297995
16115
1059236
586274
694596
21264
15511
1266307
23881
182018
47221
12456
11537
18365
1021224
20382
18143
11245
14640
10941
19600
705905
17893
687084
32427
18186
13263
12522
12544
12822
13502
15665
954527
19988
13366
13394
13488
12373
16729
527324
17754
14471
14894
21621
15106
263339
583620
19156
32118
12855
12786
19325
13187
14644
93333
12083
23327
12867
12996
11934
13470
11873
11305
12724
17048
1218518
22896
1567089
40763
17920
1613593
22782
92162
14319
441877
29152
32028
12199
12618
20045
1292361
20458
20820
422055
197911
1061367
19551
11017
11664
10431
10661
14049
157276
494893
1025785
19520
109746
11541
12135
43407
13013
10759
10750
11719
13604
78457
12999
276988
20911
1281513
56866
92615
11919
84640
14340
11255
11190
10939
10387
11381
80886
11250
11451
271111
197718
12175
2845753
22493
21136
28678
17253
886194
1232897
31886
313096
17786
27550
11751
15447
1674117
11993
12885
13245
12527
1335012
95201
23573
143837
15639
12168
41443
11217
13670
11848
13792
452574
15333
12544
1907338
294210
17670
331774
13010
11315
11228
12080
14944
11551
12205
11991
11826
15507
17945
22181
12218
56816
1162818
23152
11490
50828
12040
12044
13085
14770
806065
18050
25818
13033
206020
993135
720018
13401
11553
10420
11681
28610
33706
10344
10108
159753
14889
12357
9845
9102
2128
2626
2170
4861
2154
2174
2219
2116
2289
3031
2126
2420
91211
3136
6011
443338
3525
98014
2665
2260
8171
2112
67222
2910
2417
2258
2160
2208
2361
16817
2374
2689
107263
2976
7838
2522
10655
2419
16074
2301
2350
2425
4818
3667
2027
2204
2241
2205
2492
2431
2541
79025
54564
3004
199473
106988
132464
4007
2911
238080
4452
34423
8977
2345
2204
3561
192856
3860
3442
2108
2826
2088
3669
131819
3367
126670
6179
3453
2449
2361
2300
2438
2581
3015
182531
3671
2453
2488
2539
2310
3000
98369
3258
2696
2752
3947
2743
47953
112041
3595
5996
2391
2378
3592
2497
2761
17484
2353
4380
2474
2454
2245
2603
2272
2112
2355
3264
229159
4350
295209
7576
3439
301644
4199
17515
2681
84144
5283
6222
2313
2410
3703
249745
3939
3875
86131
38209
195005
3836
2153
2236
1977
2072
2709
31298
96903
191783
3759
20631
2286
2284
8350
2535
2108
2145
2254
2537
15147
2449
52636
3895
246021
10917
17977
2285
16645
2695
2221
2160
2106
2058
2241
15595
2221
2237
51664
39033
2387
542370
4350
4159
5482
3270
174066
235057
6003
59127
3470
5347
2254
2887
321722
2281
2483
2473
2402
251832
18954
4374
27501
3019
2297
7862
2117
2599
2272
2524
86616
2909
2372
364011
55557
3356
64036
2393
2221
2152
2268
2750
2188
2237
2171
2154
2835
3423
4199
2278
10684
224233
4317
2146
9573
2170
2274
2437
2718
153911
3411
4770
2411
39438
187990
138355
2602
2208
1925
2285
5438
6371
1960
1915
30379
2812
2357
1891
