48281
11475
13375
12262
26938
11261
11506
11084
11155
11986
15815
11337
11929
487403
16918
31515
2358068
19031
522490
14168
12620
42553
11823
362953
14994
13288
12409
12344
11853
13030
89983
12471
14219
564656
15019
42160
12014
57615
13067
83232
12060
13152
12449
26039
20537
11884
12280
11979
11451
13799
13637
14244
420680
295868
17094
1059584
587994
693001
20291
14777
1265126
25227
182416
47129
12735
11837
18152
1024394
20722
17242
11577
13610
10804
18401
701758
17683
682652
33271
17871
13258
13166
12852
12344
12767
15140
950381
20319
13393
13132
13733
13108
16070
521505
18022
14641
14600
20226
15015
261185
587368
20519
31373
13541
13233
20078
12483
14786
93157
12542
24031
13264
12842
13202
13850
11589
11969
11980
16484
1224088
22787
1563618
40172
17457
1620528
21663
91423
13530
440104
28499
32411
11982
11695
19355
1294340
20656
20300
422285
198246
1063633
19129
11398
12703
10867
10799
13915
157063
495744
1023920
19142
109130
10730
12049
42885
12825
10844
10936
11277
12885
79971
13412
272358
20509
1281618
55932
94150
12803
85085
14641
10733
10719
10641
10634
10995
82236
11758
12168
272657
199760
12251
2830550
22261
21200
28103
17513
887301
1234669
32276
317637
17572
28200
12149
15216
1676959
11900
13247
12615
12509
1332715
93531
23549
144570
15892
12876
41983
11407
14017
12037
13850
455879
15430
11802
1914686
293407
16933
333338
12614
11524
11567
12227
15139
11821
11667
12478
11788
15829
18241
21226
12228
55663
1158925
22838
12140
49538
11776
11409
12384
15695
801653
17656
25263
12950
210344
1000657
719769
13746
12183
10613
12435
29631
34321
11064
10325
158622
14904
12795
9890
8945
2156
2605
2259
4960
2115
2210
2105
2094
2227
3036
2149
2298
91238
3195
5930
442301
3545
98431
2645
2400
7976
2265
66695
2818
2440
2282
2255
2224
2328
17046
2351
2613
107551
2844
7875
2282
10638
2453
15977
2271
2385
2298
4990
3806
2234
2362
2206
2196
2573
2513
2636
79975
54347
3163
199725
107210
131950
3842
2847
237916
4707
34539
8972
2383
2257
3547
192991
3890
3253
2144
2613
2087
3478
130776
3392
126085
6357
3402
2462
2492
2339
2341
2437
2923
181725
3730
2445
2442
2570
2434
2862
97103
3329
2760
2702
3687
2720
47609
112778
3844
5857
2513
2412
3710
2360
2768
17492
2395
4514
2530
2449
2450
2657
2251
2192
2228
3174
229903
4254
294368
7455
3377
302803
4010
17461
2529
83851
5118
6307
2259
2269
3573
249869
4003
3820
86239
38461
195398
3749
2221
2453
2071
2117
2755
31096
96904
191554
3701
20604
2167
2278
8313
2435
2153
2122
2171
2415
15404
2507
51857
3840
246156
10763
18154
2436
16622
2781
2116
2057
2086
2093
2210
15835
2287
2353
52032
39530
2442
539343
4352
4146
5386
3296
174607
235627
6048
59763
3455
5543
2303
2872
322876
2239
2542
2337
2401
251968
18620
4392
27649
3088
2427
7992
2147
2652
2291
2520
87491
2911
2228
365596
55548
3231
64213
2325
2258
2205
2265
2762
2232
2132
2301
2182
2884
3518
4002
2270
10482
224021
4297
2259
9489
2138
2191
2361
2844
152878
3343
4690
2436
40377
189105
138479
2667
2303
1983
2398
5672
6475
2054
1950
30317
2821
2459
1900
