50195
11900
13978
13165
26520
11489
10937
11271
10787
11915
15526
11530
12386
489679
16419
32475
2362132
19292
521831
13394
12089
43074
11240
366983
14961
12679
12956
12350
11591
13067
87430
12266
14765
563861
15447
41843
11991
57880
13357
84203
12129
13080
12989
26270
19179
10721
10888
11496
10981
14512
12882
14206
422076
296111
17319
1060212
586983
697301
21088
14433
1268862
25237
183117
45421
13384
11499
18030
1018779
20088
17738
11846
14217
11456
18701
708119
17293
684892
33222
18917
12689
13896
12330
13310
13077
15676
953934
20434
13374
13320
13602
12894
16530
528473
18042
15707
14286
21459
14278
262848
583998
19918
32283
12735
12855
19891
13746
15559
92429
12355
23941
13256
12656
12401
13552
11270
11154
12717
16846
1222435
23202
1569348
40250
17311
1617178
21604
90081
13034
443258
29697
32079
12626
11963
19769
1294222
21450
20094
419672
200757
1066802
19996
11507
12592
10684
10551
12459
155128
493527
1025817
19309
111209
11765
12044
41824
13261
10811
11559
11207
12497
77649
12707
276415
21957
1285902
57510
94018
12357
85210
13891
10804
10804
11656
10945
11421
81843
11934
11594
272848
199450
11592
2841228
22306
20813
28569
17277
887888
1226866
32750
314767
17734
27921
11511
15584
1673256
11624
13463
13707
12225
1328948
96080
23937
142243
15497
12776
43025
12415
13844
11991
13511
457763
15854
12096
1913708
294617
17535
333455
12766
11265
11473
12020
15516
10989
11456
12158
11794
14664
18556
20905
12280
56978
1163934
22667
11735
50842
12155
11673
12571
15144
808355
18868
24788
13011
208965
997798
724603
13271
12270
10340
11702
27351
34487
10647
10257
158555
13956
11852
9057
9345
2241
2685
2394
4847
2165
2051
2160
2053
2236
3014
2173
2345
91581
3103
6099
443168
3648
98376
2518
2321
8124
2180
67416
2826
2301
2405
2220
2157
2338
16673
2310
2704
107244
2967
7841
2330
10632
2476
16192
2306
2382
2386
5026
3592
2007
2086
2144
2106
2702
2420
2659
80179
54290
3187
200239
107087
132752
3948
2782
238813
4654
34655
8694
2499
2180
3523
192292
3811
3367
2226
2717
2192
3526
132000
3307
126577
6310
3621
2349
2591
2278
2497
2508
3030
182504
3766
2457
2460
2548
2422
2959
98254
3313
2923
2630
3965
2632
47970
111834
3706
5968
2415
2404
3666
2573
2924
17360
2415
4445
2521
2406
2308
2621
2177
2053
2336
3270
229731
4365
295773
7456
3384
302259
3997
17061
2456
84555
5382
6241
2366
2324
3645
250432
4146
3825
85879
38997
196404
3913
2242
2376
2030
2034
2467
30758
96676
191415
3772
20880
2296
2308
8103
2576
2133
2275
2164
2320
14942
2399
52611
4093
246782
11076
18212
2361
16622
2622
2149
2104
2272
2153
2276
15721
2354
2253
52065
39393
2256
541765
4424
4084
5430
3247
174514
234589
6150
59457
3445
5476
2222
2920
322137
2247
2561
2499
2397
251172
19127
4450
27240
3027
2376
8193
2324
2658
2267
2505
87723
2979
2269
365315
55788
3347
64297
2340
2255
2174
2222
2858
2060
2101
2257
2154
2697
3504
3974
2291
10739
224572
4235
2212
9583
2183
2226
2368
2789
153732
3511
4570
2431
39932
188351
139256
2578
2339
1948
2289
5299
6504
1998
1942
30210
2663
2316
1767
