49081
11717
14261
11575
27317
11619
10694
11472
11414
12406
15335
11373
11778
493326
16817
32381
2356614
18646
520331
13863
12206
43089
11195
367748
15349
12830
12335
12149
12270
13270
89048
12554
14189
566210
15315
41937
11900
58055
12793
84885
12233
13285
12984
25288
20590
11671
12129
11491
11197
13709
13209
13941
419627
297203
16756
1063046
585888
695936
22213
14617
1270968
25884
184157
45165
12521
11504
17857
1026173
20333
17641
11329
13953
11757
19249
707574
17685
689689
34227
19159
13692
13202
12032
12951
12765
15165
956752
20270
13602
12677
13419
13246
16584
531445
18058
15443
14602
20811
14512
261671
583117
20314
31389
12513
13254
18885
13376
15005
93783
12301
23448
13489
12851
12547
13540
11411
10749
12050
17097
1220882
23313
1572598
41107
17514
1622120
21446
90838
13868
443789
28849
31228
12355
11902
19238
1299946
20800
20568
419891
197232
1067631
19452
11210
12659
11077
10592
13371
157334
496575
1028611
19248
110902
11532
11877
41307
12990
10726
11577
11420
13459
77790
13490
274863
21889
1279142
56654
94229
12315
85630
14276
10911
11189
10640
10881
11417
80756
12187
12075
273429
196975
12166
2831378
21914
21341
28449
17959
891036
1229799
32168
316966
17285
27877
12017
15267
1682982
11568
13200
12720
12470
1334247
96478
23989
142928
16180
12548
42601
12252
13056
11639
14027
454784
15768
11884
1920278
293874
17229
333657
12776
11560
11930
12228
15089
11434
11359
11953
11599
14804
18403
21200
12519
56852
1156960
22290
11615
51892
12535
11255
12872
14678
810216
18106
25352
12587
207785
998060
726435
13475
11444
11224
11494
29235
34797
10681
9410
157915
14960
12619
10073
9067
2206
2756
2146
4973
2171
2063
2175
2164
2318
2980
2149
2227
91920
3184
6049
442266
3542
98004
2601
2329
8111
2162
67441
2830
2345
2292
2227
2321
2408
16979
2327
2605
107803
2925
7821
2267
10648
2410
16224
2323
2397
2371
4862
3816
2204
2304
2115
2153
2577
2472
2585
80057
54547
3103
200203
106949
132555
4176
2810
238804
4780
34880
8639
2356
2224
3491
193815
3856
3353
2150
2672
2238
3664
131884
3356
127560
6540
3618
2508
2478
2215
2448
2444
2919
182835
3693
2505
2343
2525
2481
2932
98941
3331
2832
2693
3788
2639
47817
111832
3807
5847
2375
2447
3469
2530
2816
17546
2390
4409
2560
2463
2353
2640
2222
1989
2228
3274
229458
4414
296035
7618
3367
303108
3946
17336
2631
84648
5226
6102
2366
2269
3544
251225
4009
3884
85885
38353
196292
3864
2203
2422
2077
2058
2628
31248
97186
192323
3721
20878
2270
2251
7987
2490
2079
2265
2181
2503
15021
2521
52264
4067
245760
10901
18188
2339
16767
2681
2165
2151
2072
2132
2281
15534
2390
2358
52078
39062
2382
540167
4292
4165
5414
3382
175063
234991
6071
59642
3398
5478
2261
2869
323739
2189
2537
2345
2389
252017
19147
4491
27266
3149
2367
8159
2266
2515
2208
2506
87196
2976
2263
366379
55610
3268
64159
2406
2290
2267
2267
2779
2163
2080
2218
2112
2693
3483
3997
2320
10721
223546
4222
2194
9803
2239
2138
2393
2682
154549
3408
4687
2339
39820
188766
139346
2611
2207
2108
2240
5608
6597
1972
1827
30218
2838
2423
1942
