49638
10817
13499
11900
27062
11051
10881
11024
11550
12009
15519
11569
11973
488475
16389
30537
2361473
18592
522942
13509
12449
43511
10871
364029
15729
12951
13056
12372
11151
12758
87885
12187
14981
559732
14543
40922
12643
57506
12580
84430
11872
13236
13064
26257
20857
11163
11709
11668
11294
14178
13084
14617
421673
296030
16484
1062239
588776
694093
21486
14081
1269727
25062
181988
45690
12547
11234
18582
1022438
20797
17663
11824
13407
11441
18484
704037
17443
689814
33603
18744
13623
13763
12469
12928
13211
15691
950111
19888
12502
13434
13480
13345
16795
533061
16978
14544
14209
21283
15021
263462
583287
20164
31144
12748
12825
19098
12487
15380
92705
12812
23217
13149
12959
11756
12867
11494
11218
12557
17155
1224166
23754
1565802
39002
17371
1622975
20800
91206
13984
447266
29571
33084
12280
12446
19471
1296517
19719
19916
421969
201219
1058923
19854
11637
13126
11080
10370
13033
158602
494273
1029640
18914
110750
11388
11892
41908
13049
11436
11358
10796
13100
78760
13726
275183
20282
1276702
56268
93830
11854
84947
13747
11268
10586
11450
10578
10426
81738
11441
11868
273897
198768
12588
2838093
21536
20786
29420
17533
890532
1237596
32953
314858
17820
28471
12691
15188
1678561
12120
12602
13387
12516
1329476
94405
24275
145552
15441
13009
42509
11833
14130
11859
13947
455711
15666
11990
1913421
292474
17226
331147
12803
11085
11884
11779
14899
11921
12292
12201
11795
15376
19352
21372
12079
55611
1160921
22255
12238
51491
11457
11764
12461
15925
807852
18265
25429
12626
208029
995162
723289
13506
12431
10594
11617
27883
34571
10473
10167
157735
14490
12582
9344
9216
2072
2611
2219
5059
2072
2075
2130
2160
2262
3015
2184
2282
91313
3052
5735
442924
3507
98620
2557
2384
8201
2121
66887
2954
2398
2418
2240
2079
2307
16799
2258
2727
106580
2756
7631
2377
10537
2367
16161
2278
2431
2393
5056
3840
2107
2251
2132
2172
2661
2463
2710
80238
54419
3094
200565
107337
132245
4003
2702
238498
4643
34466
8733
2345
2164
3551
193107
3953
3352
2243
2613
2169
3520
131472
3317
127450
6412
3594
2557
2553
2329
2442
2530
3019
181702
3687
2298
2464
2540
2515
2990
99218
3102
2714
2646
3884
2701
47926
111935
3761
5819
2419
2374
3550
2357
2900
17399
2474
4341
2479
2460
2215
2532
2193
2091
2299
3314
229734
4456
295448
7291
3383
303256
3875
17386
2654
85113
5334
6451
2338
2396
3608
250798
3821
3785
86314
38944
194901
3912
2265
2477
2098
2002
2551
31375
96713
192684
3694
20863
2235
2265
8112
2504
2207
2225
2064
2419
15198
2508
52288
3806
245760
10828
18088
2264
16550
2609
2234
2054
2222
2079
2060
15732
2284
2314
52038
39263
2439
540986
4230
4030
5606
3326
175317
236178
6224
59328
3448
5580
2438
2834
322875
2283
2400
2512
2404
251346
18797
4515
27741
3017
2459
8089
2201
2683
2247
2558
87435
2959
2269
365094
55265
3301
64086
2384
2176
2244
2201
2711
2247
2263
2260
2166
2787
3623
4017
2247
10536
224238
4173
2283
9729
2076
2203
2333
2934
154118
3451
4687
2356
39834
188133
139268
2614
2366
1972
2255
5346
6590
1961
1903
30071
2791
2433
1799
