50485
11345
14503
11957
27091
11468
10632
12085
11462
12192
15000
11784
11833
490675
16419
31122
2371024
19026
524278
13375
12285
43852
11273
366987
15245
12630
12975
12505
11405
13103
88630
12539
15145
564744
15361
41284
12903
57928
13048
84026
12130
12533
12589
25922
18525
11249
12052
11655
11649
14087
12939
14140
422395
300318
17591
1061867
588293
699047
21515
14724
1268040
25369
184306
47713
13028
11484
17798
1026870
20221
18271
11444
13771
11546
18530
705003
18285
689233
33533
18228
13036
13635
12547
13144
12934
15308
951506
20248
12864
12750
13524
12558
16630
528635
17556
14446
15206
21481
15180
265422
581065
20040
32136
13073
13240
19648
12837
15570
92762
12576
23715
13685
13030
12612
12984
11329
11472
12855
16811
1222166
22801
1570326
40658
18105
1621744
21766
92616
14408
444047
28900
32535
12418
12118
19887
1301545
21325
19811
421952
203347
1062731
19112
11317
12597
11223
10020
13019
159422
492953
1026333
19020
110228
11567
11681
42446
13202
10521
11849
10588
12807
77983
13324
273254
21826
1278255
56827
93700
12642
85052
14309
11214
11199
11229
10350
10777
81919
11899
11725
271030
196080
11796
2841645
21383
21083
29411
17355
886952
1236291
31860
314799
18169
29020
12037
15797
1683917
12454
12867
13186
12437
1335074
95195
23814
143855
15341
12513
42615
11699
14203
11576
14113
458209
14559
11727
1912794
291160
17086
331446
12877
11097
11939
12138
15851
11109
11561
11558
11536
14935
18758
22214
12271
55798
1161973
22960
11694
51275
11307
11421
13059
14505
807163
18472
26114
12830
206120
990304
723327
13078
12404
10726
12588
28545
35386
10990
10464
160198
14806
12501
9562
9368
2156
2818
2223
4998
2151
1988
2289
2178
2278
2919
2215
2245
91936
3062
5886
444852
3632
99092
2517
2311
8253
2178
67607
2834
2321
2399
2262
2158
2403
16883
2334
2735
107802
2919
7712
2428
10700
2437
16170
2319
2295
2286
4966
3477
2095
2270
2157
2230
2627
2371
2644
80320
55080
3252
200369
107437
133097
4085
2806
238596
4703
34956
9103
2429
2181
3436
193901
3870
3477
2169
2611
2210
3523
131667
3472
127346
6407
3512
2403
2558
2341
2466
2510
2972
182026
3787
2364
2358
2556
2381
3002
98552
3224
2675
2821
3908
2763
48358
111699
3714
5998
2442
2438
3637
2434
2961
17444
2460
4414
2597
2524
2305
2508
2170
2112
2371
3202
229895
4266
296119
7589
3486
303404
4042
17643
2709
84852
5207
6352
2329
2346
3676
251855
4128
3747
86314
39252
195816
3767
2262
2396
2115
1930
2555
31638
96664
192138
3679
20673
2253
2255
8190
2559
2047
2293
2062
2385
15051
2461
52218
4103
245701
10991
18117
2377
16662
2714
2239
2164
2165
2050
2144
15715
2332
2276
51748
38778
2334
542776
4195
4108
5661
3299
174933
236148
6026
59326
3531
5694
2302
2948
324350
2358
2479
2429
2360
252232
18898
4467
27479
2976
2334
8159
2192
2690
2199
2585
87819
2731
2235
365484
55038
3237
63950
2421
2221
2285
2265
2883
2096
2146
2142
2134
2737
3549
4190
2268
10588
224355
4262
2176
9731
2091
2173
2448
2652
154195
3509
4888
2391
39550
187797
139251
2549
2369
2019
2433
5473
6695
2054
1958
30581
2830
2402
1844
