48663
11467
13731
12228
26010
11415
9967
11953
11426
11264
16065
11572
12252
484197
16505
32025
2357214
19081
519086
13926
12585
43457
11067
363190
15475
12818
13362
12325
11402
12450
88467
12190
14690
561528
15751
42620
12291
56827
12003
84464
11686
12639
12996
25723
19980
10779
12633
11594
11415
13539
12921
14286
417171
295096
16735
1055162
585716
694351
20898
14549
1261481
24574
181300
46756
12861
11799
18415
1020744
20929
17385
11120
13661
11886
19345
701604
17111
688063
34118
18719
13334
12606
12490
12638
13024
15334
949109
19507
12901
12353
13420
12849
16851
525531
17618
14578
14136
20707
15301
261923
584129
20107
31916
13503
13010
20224
12676
15589
93261
12856
23711
13171
13651
12287
13418
11526
11625
12775
16751
1216632
22492
1562488
40455
17017
1616097
21135
92064
13742
438416
29019
31409
12497
12225
19977
1289101
20303
19718
417286
197634
1064678
19041
11948
12520
10829
10680
12904
156063
495335
1023376
19130
109399
11129
12182
41583
12814
10074
12321
11293
12436
78969
12987
275032
21444
1272159
53926
93294
11826
85734
14395
10797
11017
11316
10729
10696
79765
11580
11490
272377
197407
12337
2836308
21505
21178
29128
17018
883152
1226997
32403
314319
17461
27639
11911
14923
1674005
11912
12477
13422
13577
1327996
95322
24127
143703
15858
12336
41472
11488
14233
11856
13649
458674
15489
10999
1904315
294831
16659
331671
12869
11390
11139
11916
14466
11606
11687
11476
12084
14747
18372
21793
12287
55916
1159873
22489
11767
51073
12261
11829
12571
15112
802247
18820
26839
12912
205689
987205
723168
13299
12441
10698
12128
27883
33943
10580
10247
157406
14611
12534
9431
9032
2167
2645
2248
4824
2150
1933
2242
2153
2116
3110
2186
2293
90299
3121
5965
441027
3543
97861
2612
2394
8162
2110
66638
2898
2338
2464
2228
2123
2277
16728
2272
2646
106723
2979
7930
2329
10409
2279
16135
2212
2293
2383
4958
3728
2034
2387
2141
2182
2549
2384
2641
79083
53993
3095
198468
106548
132069
3935
2750
236723
4562
34260
8903
2426
2246
3576
192046
3965
3309
2109
2588
2255
3673
130867
3266
126642
6484
3537
2437
2361
2301
2425
2479
2938
181136
3623
2346
2285
2498
2408
2976
97827
3262
2683
2636
3798
2769
47670
111861
3769
5920
2518
2393
3737
2372
2924
17350
2469
4402
2518
2559
2274
2554
2224
2148
2345
3255
228365
4164
293752
7467
3265
301021
3934
17510
2618
83392
5228
6069
2381
2358
3659
248802
3907
3735
85002
38208
195197
3729
2311
2367
2069
2040
2555
30776
96592
190807
3692
20591
2191
2255
8075
2472
1973
2359
2178
2311
15277
2443
52303
3968
243372
10426
18031
2221
16643
2736
2146
2121
2178
2107
2123
15402
2251
2213
51776
38934
2381
538788
4192
4138
5544
3180
173301
233768
6034
59170
3369
5402
2244
2773
321540
2260
2378
2451
2526
249964
18877
4477
27285
3090
2342
7882
2150
2717
2261
2496
87354
2889
2068
362292
55477
3150
63864
2370
2254
2126
2249
2650
2182
2163
2128
2250
2699
3472
4079
2236
10501
223387
4189
2208
9600
2188
2216
2357
2758
152254
3516
4913
2399
39267
186607
138800
2528
2374
1974
2373
5341
6418
2004
1944
29957
2769
2408
1819
