50041
11571
13929
12959
25847
11103
11719
11498
11368
11745
15472
11851
12461
490997
16054
30745
2376924
18904
523486
13988
12759
43696
11203
364952
15579
13025
12581
12346
11261
13134
87329
12781
15594
562607
15430
41965
12431
57487
13174
84757
11464
12953
12319
25264
19807
11711
12052
11836
11393
14703
12672
14241
423561
298444
16301
1060081
590595
696505
21068
14734
1271056
25359
181454
45756
12423
11837
19167
1026788
20448
18164
11427
14364
11793
18086
702862
17848
686991
33844
18043
12464
14116
12448
13264
12891
15441
956835
20807
12434
12818
13886
12942
15985
529038
17562
14885
14974
21098
15050
262643
586184
20460
32183
12999
12817
18735
12876
15658
92780
12603
23694
13479
12844
12227
13435
11554
11117
12778
16887
1225861
22668
1577414
41031
17461
1620503
21270
91370
13978
447919
28992
31479
12570
12289
20374
1300370
20959
19496
420396
199722
1063949
18965
11376
12676
10799
10545
13826
157230
493115
1026322
19216
108492
11246
12081
42381
12525
10882
11507
11880
13561
79397
14424
274582
20715
1284267
56155
94497
12616
84267
14265
11373
11542
10891
10237
11071
81112
11916
11412
273462
196779
12501
2846100
22468
20827
28795
18093
889220
1236623
32249
316988
17785
28674
11776
14999
1682728
12192
13056
12611
12589
1328764
95862
24589
144654
15166
12537
43521
11725
13466
12659
13455
457192
14962
12198
1921154
296342
17353
332635
12810
10964
11764
12849
14853
11332
11653
12271
11092
15562
17845
22284
12332
57396
1162944
22761
11643
52093
11856
11519
11989
15756
810710
18433
25426
12786
206542
992725
724458
13497
12500
10333
12205
28711
34282
11071
9903
157123
14094
12481
9904
9280
2185
2633
2375
4751
2077
2234
2193
2148
2197
2984
2249
2360
91777
3080
5789
446235
3533
98947
2637
2428
8182
2179
67268
2895
2383
2376
2272
2160
2382
16623
2381
2832
107323
2963
7861
2382
10562
2459
16340
2190
2391
2263
4868
3655
2213
2291
2196
2160
2742
2354
2641
80644
54832
3058
200023
107881
132922
3975
2781
239302
4730
34497
8790
2316
2216
3739
193959
3867
3505
2171
2771
2229
3417
131446
3394
127086
6503
3446
2338
2670
2283
2501
2455
3008
183394
3851
2296
2409
2611
2435
2873
98781
3242
2765
2760
3857
2703
47837
112382
3841
6035
2428
2405
3488
2413
2877
17410
2432
4404
2578
2439
2283
2612
2216
2070
2383
3243
230875
4255
297195
7634
3385
303321
3922
17538
2644
85488
5257
6155
2389
2354
3758
251621
4068
3736
86042
38798
195908
3746
2202
2411
2045
2023
2693
31075
96758
192091
3663
20451
2211
2290
8170
2427
2120
2211
2293
2500
15325
2665
52473
3903
247094
10784
18252
2370
16555
2695
2261
2232
2132
2022
2213
15615
2320
2221
52201
39023
2469
543754
4406
4031
5478
3382
175096
236487
6090
59704
3506
5633
2229
2789
324560
2333
2501
2377
2420
251337
19063
4566
27620
2932
2400
8254
2207
2579
2390
2477
87664
2807
2307
367462
56120
3307
64413
2364
2194
2254
2414
2718
2131
2123
2253
2063
2856
3398
4225
2309
10750
224633
4250
2167
9881
2127
2172
2298
2892
154805
3475
4721
2409
39602
187883
139478
2600
2402
1922
2363
5485
6495
2076
1880
30002
2674
2454
1930
