50820
11347
13829
11807
27490
11821
10603
11111
11201
12216
15073
11892
12612
489425
16554
31367
2365110
17322
523732
13336
12441
43671
10936
366060
14589
12979
12330
12824
11105
12690
88658
12438
14468
565049
15170
41958
11605
57431
12617
85886
11811
12662
12935
26038
20175
11647
11802
11511
11520
13902
13196
14025
422804
298883
17505
1062838
592210
694441
21655
14684
1272322
25460
183896
47735
12325
11615
18342
1021335
21059
17152
11204
13527
11324
18396
711190
18179
689073
33073
18538
12856
13337
12543
13396
12814
15888
952606
20305
12589
12502
13387
13191
16278
525508
18514
15283
15256
20962
14989
266613
581370
19547
31085
13057
12718
18880
13031
15978
93408
12791
23619
12884
13247
12391
13604
11908
11267
12813
16356
1223617
22666
1571469
39934
18118
1626139
22303
91605
13708
447424
29894
31478
12527
12288
19379
1299644
20791
20231
421983
201203
1064391
19552
11289
12087
11184
10916
13396
158348
497666
1028498
19242
109104
11120
12298
41283
13215
10663
11524
11433
13560
78412
13354
277708
21275
1288673
56954
93896
12408
85746
14435
11775
10893
11407
10938
11072
81108
11775
12131
271029
199215
12025
2839290
22662
21051
29915
16763
888367
1233836
33044
316360
17828
28282
11809
15193
1683777
11768
12722
12783
12815
1335714
94938
23621
143623
16156
12582
42812
11223
13942
11454
13636
461509
15019
11623
1916644
293147
16471
335718
13597
11120
11684
12127
15172
11797
12254
12639
11848
15454
18247
21542
12797
55354
1161799
22919
12101
51606
11950
11462
12620
15323
805115
19258
26105
12753
206548
989701
721855
13191
12396
10253
11856
27652
35615
10342
9632
159210
13902
12651
9385
9402
2140
2664
2177
5034
2219
2056
2107
2124
2322
2957
2224
2383
91599
3121
5857
444264
3251
98887
2537
2371
8183
2118
67299
2750
2393
2328
2295
2106
2324
16892
2324
2636
107859
2909
7841
2196
10614
2366
16479
2232
2296
2378
5004
3718
2195
2277
2121
2239
2607
2447
2544
80405
54900
3238
201110
107987
132480
4059
2785
239506
4704
34951
9137
2314
2201
3582
193218
3977
3291
2143
2575
2179
3472
132923
3494
127374
6379
3568
2404
2526
2317
2536
2451
3069
182400
3723
2335
2342
2521
2457
2918
98010
3382
2805
2807
3793
2734
48649
111558
3677
5795
2442
2358
3538
2482
3000
17469
2504
4447
2450
2483
2307
2611
2267
2099
2358
3146
230731
4267
296305
7527
3511
304572
4113
17523
2592
85315
5439
6136
2388
2363
3572
251610
4013
3781
86502
38869
196142
3831
2200
2327
2134
2111
2630
31395
97503
192980
3745
20563
2206
2339
8067
2556
2094
2242
2222
2525
15299
2503
52975
3956
247466
10962
18164
2366
16764
2749
2338
2133
2218
2135
2178
15588
2346
2378
51677
39342
2357
542303
4436
4156
5717
3175
175072
235970
6213
59640
3484
5568
2271
2874
324179
2254
2438
2370
2445
252884
18929
4427
27498
3102
2372
8200
2114
2688
2173
2475
88443
2872
2207
366665
55522
3156
64774
2550
2201
2229
2254
2771
2236
2238
2302
2216
2804
3459
4023
2374
10461
224346
4300
2281
9785
2175
2191
2373
2808
153853
3606
4797
2406
39721
187757
138728
2568
2383
1930
2314
5340
6750
1934
1825
30425
2653
2465
1833
