48388
11591
13398
11783
27522
11542
10762
12309
11411
13103
15824
11888
12254
491500
16690
32008
2367327
19356
522626
13068
11570
43347
11037
364842
15666
13513
12317
12372
11503
12596
88063
13154
14918
563776
15304
41599
13201
56565
13024
84510
11125
13197
13175
25841
19476
11251
11975
11402
11703
14371
13112
14790
424644
295511
17205
1064686
592943
697785
21384
14226
1264866
25402
182444
46389
12749
12091
19036
1025243
20719
18354
10999
13707
11703
18601
708585
16757
688084
33788
19329
12866
13230
12882
12562
12776
15353
952846
20146
12728
12292
13629
13064
16511
525038
17736
14926
15420
21899
13838
262775
584225
19866
32460
12952
13232
19334
13114
14940
93649
12948
24373
13340
12806
12566
13628
11271
11436
12934
16896
1224641
22947
1571476
41387
17222
1616431
21891
89962
13163
442975
29255
32481
12258
11711
19739
1294554
20934
20620
422421
199525
1060680
19299
11466
12304
10801
10205
13370
157554
490855
1029226
19183
112107
11719
11843
41967
12574
10321
11270
12408
12693
78474
13604
276284
21717
1286664
56781
94708
12479
84012
14728
10991
11203
10870
10893
11124
81679
12087
11570
271087
200445
12218
2849814
22359
21182
28117
18112
890201
1226317
33139
319118
17658
26884
12252
15487
1674073
12813
12930
12646
12847
1330387
95886
24505
144818
15380
12783
42613
11188
13795
11598
13473
458159
14951
11907
1919227
294397
16845
331616
13233
11174
11814
11706
14751
11542
11813
12216
11442
14873
18331
21913
11864
57399
1160750
22500
11880
49701
11661
11478
13271
15295
813130
18623
25735
13095
208329
991629
725070
13081
12221
10334
12589
29085
34001
10385
9879
158498
14801
11761
9127
8994
2160
2547
2200
5044
2192
2053
2311
2129
2456
3100
2249
2338
92092
3162
5977
444912
3678
98718
2472
2225
8208
2103
67062
2910
2499
2261
2276
2140
2304
16798
2421
2726
107572
2906
7784
2479
10440
2435
16251
2131
2397
2424
4968
3635
2142
2281
2096
2239
2681
2430
2772
80886
54262
3197
200920
108220
133071
4021
2728
238388
4723
34487
8899
2380
2310
3757
193721
3959
3512
2100
2613
2231
3555
132522
3202
127399
6455
3698
2390
2474
2377
2412
2451
2974
182931
3738
2359
2310
2555
2455
2958
98063
3289
2781
2839
3982
2558
47931
112249
3743
6065
2428
2437
3586
2497
2859
17602
2491
4582
2531
2436
2319
2612
2220
2147
2370
3226
231047
4336
296386
7674
3359
302733
4028
17201
2521
84773
5323
6366
2326
2259
3647
250679
4066
3880
86493
38624
195828
3784
2241
2382
2044
1968
2608
31309
96547
192817
3733
21218
2320
2218
8109
2398
2039
2205
2429
2354
15208
2532
52717
4019
247687
10958
18333
2377
16450
2762
2181
2149
2116
2132
2229
15794
2377
2263
51818
39636
2407
544564
4409
4150
5349
3384
175195
234659
6202
60072
3436
5268
2341
2907
322779
2424
2462
2348
2421
251629
19133
4523
27650
2979
2442
8100
2101
2604
2203
2475
87913
2819
2250
366895
55830
3224
64190
2459
2245
2267
2198
2682
2178
2156
2279
2161
2728
3485
4124
2210
10867
224413
4211
2212
9496
2098
2174
2493
2827
155085
3547
4817
2490
39945
188053
139782
2511
2321
1924
2436
5580
6431
1957
1877
30334
2777
2279
1783
