48923
11120
14076
12057
27114
11650
11238
12029
10696
12254
14903
11625
11642
489296
16838
32281
2374870
18484
524732
14350
11921
42153
10727
364874
15422
12748
12763
11940
10958
13540
88688
13077
14425
566804
14845
42377
12143
57557
13292
83906
12513
13195
13061
25650
20427
11141
12197
11543
11235
13895
13582
14361
424030
298790
17018
1064291
587882
697488
21633
14659
1268701
24491
186396
46150
12441
11626
18817
1023859
20176
18014
11272
13922
11271
18654
710191
17949
689488
33107
18461
13069
13426
12904
12946
13138
16017
957466
19851
12737
12938
13361
12691
16337
529638
17789
15843
14761
21456
15640
263471
584431
19133
31566
13072
13176
18507
12916
15470
93555
12669
24096
13488
12836
12822
13003
11771
11407
13083
17015
1223556
22587
1574236
40460
17366
1623194
22074
91208
13478
442968
30093
32447
12966
11779
19515
1297772
20362
19756
418256
198497
1062424
19465
11201
12217
10747
11049
13516
156281
493695
1031653
19621
110277
11267
12073
42292
13385
11336
12087
11194
12721
77321
12802
274232
21199
1290074
55836
94066
11855
85907
13989
11137
10922
11077
10412
10548
81337
11623
12263
271490
197821
12327
2837452
21362
21446
28216
18525
886693
1233058
32494
315838
18175
28690
12652
15518
1685730
11708
13273
13025
13142
1334182
95643
23907
145563
15893
12701
42979
11268
14264
11870
13533
457033
14990
12100
1912991
295503
16992
333569
11972
11601
11968
11768
14510
11169
12063
11538
11771
15525
18718
21861
12655
56649
1158968
22665
11917
50016
11788
11132
12207
15710
808658
18214
26110
13032
207451
994613
725334
12864
12474
10607
11809
28873
35585
10618
9798
159423
14940
12349
9234
9079
2086
2704
2187
5001
2186
2160
2295
1996
2268
2898
2188
2237
91628
3197
6041
446359
3506
98803
2705
2276
7948
2070
67090
2870
2351
2378
2181
2031
2435
16948
2430
2631
108140
2849
7931
2303
10602
2461
16163
2365
2370
2408
4963
3802
2113
2310
2122
2182
2608
2506
2665
80723
54942
3147
201390
107418
132917
4090
2819
239025
4552
35225
8818
2335
2221
3649
193562
3848
3434
2161
2661
2153
3536
132852
3404
127694
6364
3535
2403
2518
2382
2452
2487
3030
183379
3702
2375
2401
2477
2386
2964
99014
3275
2920
2680
3909
2827
47928
112216
3600
5928
2432
2431
3445
2445
2947
17486
2453
4526
2559
2415
2349
2527
2259
2150
2424
3297
230675
4224
296845
7540
3415
303764
4118
17447
2576
84785
5415
6290
2450
2285
3616
251245
3953
3741
85654
38396
195834
3849
2178
2340
2055
2131
2644
30964
96886
193077
3790
20851
2209
2286
8193
2566
2230
2343
2191
2364
14902
2432
52379
3951
248350
10835
18172
2256
16835
2678
2231
2105
2175
2054
2126
15626
2315
2354
51852
39220
2415
541900
4220
4150
5376
3527
174794
235911
6145
59583
3534
5662
2422
2893
325086
2240
2528
2399
2531
252410
18997
4479
27804
3140
2432
8186
2133
2704
2259
2456
87624
2874
2311
366469
55958
3240
64508
2221
2267
2267
2190
2635
2134
2215
2148
2205
2826
3535
4128
2330
10715
224195
4248
2240
9516
2129
2145
2326
2860
154256
3401
4785
2406
39726
188788
139840
2507
2325
1958
2301
5568
6696
1996
1876
30481
2846
2414
1800
