49189
11531
13602
12084
26737
11637
10913
12759
12468
12242
15211
12367
12058
490057
16612
32095
2362861
18838
522151
13581
12207
42845
11484
363358
14697
13256
12641
13076
11666
12779
88353
12569
14606
563605
16002
42382
12430
56673
13290
83344
11756
13115
13018
25814
19675
11989
11956
12326
11209
13666
13048
14474
420473
297336
16732
1058028
586408
698543
22232
15011
1267986
25913
183442
46846
13277
11684
18537
1024236
21007
17545
10314
13938
11859
18887
709570
17369
689083
32552
18496
13118
13200
12280
13630
13743
14979
955076
21099
12597
13199
12774
13284
16702
527491
17043
14651
14514
21116
14271
262467
584281
19010
31309
13008
13049
19946
12742
15953
94084
12378
23921
13150
13401
11910
13741
11326
11358
12944
16690
1224496
22829
1568780
40674
18080
1615805
21086
90827
13271
442388
29327
32969
12142
12184
19316
1298381
21091
19601
422321
201698
1065613
19671
11424
12487
10479
10400
13137
157588
493468
1029946
18323
111721
11213
12125
42157
13254
10780
12117
11570
12682
78421
13399
276708
21275
1289181
55260
93283
12194
84952
14413
11131
10850
11294
10967
10321
81560
11605
11931
271036
199202
12091
2848125
21620
20601
29056
17821
896009
1235931
33137
313035
17987
28688
12163
15210
1680172
12212
13154
13021
13060
1337010
95033
24684
143652
15692
12833
41558
11749
14212
12205
13823
456702
14933
11914
1913974
294019
16468
330664
13278
11247
11293
11538
14888
11875
12027
11993
12448
15372
18966
21612
12878
57233
1161207
22705
11771
51098
11999
11186
12731
15209
807767
19206
26036
12837
206355
995257
720889
13432
12235
10242
11861
28595
34707
11006
10286
157471
14456
12392
9622
9104
2189
2644
2251
4987
2165
2092
2371
2328
2294
2964
2333
2278
91390
3175
5987
444208
3590
98640
2561
2342
8072
2231
66980
2764
2445
2347
2362
2167
2320
16861
2323
2641
107434
3010
7908
2334
10415
2487
16036
2253
2389
2375
5012
3681
2282
2273
2263
2166
2574
2423
2676
80079
54656
3152
200250
107120
133075
4175
2862
238868
4793
34818
8975
2500
2231
3596
193599
3977
3367
1979
2659
2229
3591
132731
3276
127624
6241
3568
2432
2489
2263
2589
2614
2888
183052
3893
2317
2460
2399
2514
3002
98591
3156
2745
2694
3832
2639
47821
112365
3554
5873
2423
2405
3692
2413
2973
17637
2397
4489
2530
2530
2245
2664
2175
2131
2394
3180
230965
4286
296198
7615
3465
302651
3950
17317
2535
84795
5291
6408
2297
2349
3523
251595
4124
3681
86454
39058
196133
3888
2245
2403
2018
1999
2616
31215
96954
192952
3605
21093
2185
2309
8174
2563
2110
2348
2264
2378
15158
2542
52674
3974
247928
10698
18130
2301
16752
2718
2203
2122
2195
2154
2038
15715
2302
2342
51878
39316
2427
544389
4252
4020
5550
3352
176480
236723
6248
59096
3485
5663
2327
2844
323768
2334
2550
2413
2504
252632
19026
4597
27430
3071
2447
7933
2228
2731
2311
2510
87592
2828
2240
365731
55692
3148
63940
2482
2238
2124
2160
2741
2235
2196
2213
2272
2777
3568
4088
2375
10773
224651
4288
2223
9694
2196
2126
2385
2792
154321
3620
4789
2417
39565
188611
138942
2615
2345
1917
2357
5466
6568
2049
1938
30232
2738
2372
1860
