49058
11119
13929
12064
26140
10947
11141
11434
11983
11914
16127
12127
11888
492466
16413
32112
2370447
19237
525057
13633
12428
43561
11957
365408
15145
12845
12929
12127
11395
13129
88019
12830
15233
561669
15662
41752
12253
58517
12831
85217
12219
12921
12855
25041
19447
11699
11620
11978
11713
14163
13425
14581
423181
293802
16851
1059971
586714
697684
21580
15094
1267430
25645
183195
46486
13011
11521
18362
1024589
20454
18077
11077
14253
11717
19305
701908
17425
686845
32678
19125
13042
13422
12369
13365
12998
15328
952120
21753
12927
13468
13458
13124
16829
530620
17557
15077
14395
20543
15403
265939
582716
20248
32027
12754
13754
19542
12204
15920
95179
11519
23101
13675
13193
11985
13482
11123
10961
12049
16250
1228882
23503
1571584
41183
17482
1611362
20744
91632
13987
444354
28837
31141
12251
12440
19424
1297561
20403
20019
419456
199888
1063650
20821
11460
12522
10329
10856
12883
158304
491191
1026539
19042
110505
11634
12040
43358
12512
11001
11481
11525
12962
78465
13353
276906
21691
1286679
56394
93424
12257
84345
14923
10755
11189
11051
10498
11160
80802
12202
12257
270649
199246
11763
2846727
22567
21718
28377
18050
886493
1240407
32537
311710
18058
28487
12588
15137
1686289
12379
12839
12924
13149
1333305
93966
23194
146484
15268
12990
41787
11250
13566
12029
13271
457934
15472
12369
1912269
295349
16789
333027
13031
11233
11288
12168
14833
10690
11767
12113
11889
14981
19017
21820
12188
56446
1167794
22703
11912
50665
12251
11470
12862
14617
813213
19036
25705
13144
208293
997378
726667
13888
12126
10083
12268
28145
35509
10742
10064
158466
14733
12114
9499
9125
2115
2644
2236
4826
2073
2140
2147
2246
2224
3127
2287
2270
92028
3128
6041
444928
3608
99004
2609
2356
8169
2288
67135
2844
2382
2402
2178
2141
2378
16800
2403
2772
107229
2958
7810
2337
10748
2389
16322
2336
2340
2312
4866
3603
2213
2258
2186
2244
2635
2485
2727
80437
54057
3090
200374
107136
133179
4069
2903
238711
4764
34795
8873
2431
2206
3545
193671
3877
3456
2115
2709
2205
3688
131183
3318
127228
6264
3624
2422
2499
2314
2556
2517
2974
182515
4012
2375
2495
2539
2446
3013
99252
3233
2821
2645
3783
2802
48437
112010
3750
5972
2383
2519
3558
2324
3010
17841
2265
4362
2603
2498
2253
2637
2152
2029
2242
3108
231197
4419
296741
7647
3361
301664
3902
17581
2632
84962
5243
6158
2319
2402
3581
251277
4018
3824
85945
38788
196062
4089
2258
2448
1977
2093
2547
31406
96298
192789
3717
20865
2274
2303
8345
2456
2137
2256
2209
2427
15162
2543
52895
4054
247569
10891
18089
2333
16524
2814
2123
2130
2157
2092
2198
15664
2417
2382
51779
39466
2313
543606
4445
4245
5387
3400
174791
237045
6134
59020
3550
5565
2397
2834
325168
2359
2479
2434
2510
252247
18788
4308
27991
2956
2503
7938
2100
2567
2272
2452
87923
2917
2360
365541
55931
3223
64255
2422
2241
2122
2299
2722
2046
2153
2208
2202
2761
3582
4122
2258
10596
225598
4245
2220
9603
2187
2190
2429
2680
155323
3585
4813
2433
39785
189264
140173
2683
2346
1869
2340
5396
6708
2012
1914
30349
2816
2363
1852
