48967
11352
14234
12202
26023
11487
11029
11905
11594
11865
15102
11927
12378
486307
16963
30977
2362136
19010
518230
13619
12930
43236
11256
361876
15686
11999
12670
11917
10987
13889
88674
12652
14484
563960
15849
41846
11979
56989
13240
83811
11838
12827
12871
25916
19673
10985
12024
11511
10779
13992
13137
13844
417285
296423
16724
1060116
588357
695218
21013
14178
1263021
24530
181540
45871
12256
12121
18076
1019844
21018
17254
11295
13614
11749
19259
704285
17869
687646
33705
18742
13103
12782
12563
12878
13124
15446
945811
20880
13263
12563
13639
11937
16610
521676
17596
15016
14124
20437
15022
265196
582485
20532
31532
13104
13490
19537
12668
16063
92955
12784
23727
13131
13826
12591
12817
12005
11109
12458
16653
1222318
21951
1565894
40127
17528
1617111
21427
91553
13335
440538
30371
31255
12088
12566
19282
1290335
21011
20162
419081
198376
1060670
19665
11152
12109
11094
11044
13455
156591
496089
1025162
18994
107917
10907
12106
41858
12854
11018
11161
10818
12603
77919
13418
273696
21333
1278848
54603
93440
12030
85863
14291
10460
11361
10752
10871
10618
81932
11896
12167
273785
201017
12313
2835233
21503
20798
28546
17155
889746
1233585
33148
315831
17344
28146
11535
15251
1671752
12186
12976
12838
12457
1325702
93985
23927
144543
15950
12661
41456
11097
13815
11898
13360
455217
15353
12571
1903628
292727
16643
331154
13258
11727
11244
12057
14777
10806
11211
12657
12091
15268
17407
20939
12355
56627
1157964
22971
11609
51681
11841
10692
12103
15000
799435
18604
25085
13081
208413
995705
723289
12797
12339
10466
11476
28159
34023
10633
10095
159314
14971
12582
9509
8962
2124
2694
2240
4788
2146
2103
2226
2155
2245
2896
2249
2348
90665
3154
5794
441903
3571
97544
2533
2425
8044
2155
66294
2907
2229
2377
2162
2044
2504
16825
2374
2674
107077
2984
7772
2256
10525
2471
16016
2248
2336
2330
4943
3669
2081
2284
2144
2099
2581
2404
2597
79045
54162
3081
198949
107034
132304
3940
2717
236570
4546
34460
8781
2314
2306
3529
192090
3980
3278
2146
2601
2228
3635
131145
3397
126558
6446
3567
2457
2395
2289
2401
2493
2967
180575
3866
2434
2322
2561
2235
2933
97009
3204
2768
2613
3684
2752
48127
111341
3829
5920
2455
2499
3612
2413
2960
17380
2495
4473
2513
2601
2365
2500
2292
2073
2281
3192
229196
4139
294622
7384
3381
301502
3977
17417
2520
83717
5422
6160
2303
2398
3551
248516
4061
3806
85435
38304
194613
3867
2187
2317
2067
2126
2639
31038
96804
191065
3704
20331
2108
2294
8102
2485
2192
2174
2102
2360
14956
2526
51886
3990
244761
10469
18005
2290
16669
2710
2062
2201
2097
2133
2099
15686
2302
2327
51946
39535
2377
539507
4233
4062
5482
3274
174592
234754
6214
59395
3368
5511
2187
2854
321455
2321
2509
2356
2373
249936
18678
4440
27601
3075
2383
7882
2079
2611
2230
2427
86986
2881
2349
362825
55151
3140
63858
2445
2297
2147
2237
2695
2071
2076
2311
2213
2801
3314
3893
2324
10641
223131
4262
2158
9758
2114
2066
2294
2756
152052
3511
4618
2420
39754
187904
138918
2465
2321
1950
2222
5400
6406
1997
1901
30408
2828
2430
1836
