49903
11698
12879
11869
27219
11526
11083
11991
11090
12142
15277
12130
11905
491367
16006
31544
2363779
18824
524404
13789
11788
43922
11200
365866
15066
13165
12814
12955
11662
13272
89440
12572
14932
561747
15708
41232
12607
57475
13158
84046
11836
12524
13168
25951
19453
11460
11794
11633
11466
14309
13011
13836
420758
297324
17209
1064964
586197
697662
22036
14692
1269581
24951
184837
46092
13235
11405
17938
1025789
21227
17919
11593
13728
10518
19659
712803
17411
689814
33330
18907
13418
13316
12542
13408
13680
15604
951879
20783
12325
13025
13206
13035
15855
531487
17872
14111
15254
21611
15926
265217
580886
19409
31581
13245
12789
19987
12677
15351
94456
12781
23482
13069
13553
12583
12962
11189
11460
12518
16840
1228810
23195
1567017
41513
17351
1622487
21489
90613
13472
446791
28709
31018
11833
11853
19576
1297511
21680
20069
420470
201444
1067887
19930
11700
12458
10770
10828
14276
158906
494275
1024643
19508
110160
10867
12122
42758
13291
10799
11771
12037
13182
77231
13026
272930
20953
1288904
57281
93853
12536
84452
14791
11065
11554
11120
10836
10361
81419
11729
12256
271913
200052
11888
2834276
21759
20581
28942
16752
890694
1230130
32939
318657
17097
28104
11841
15422
1686669
12505
13100
12863
12778
1336118
95230
24044
146381
15424
12159
42179
11917
13448
11657
13540
460530
14630
12498
1918053
292284
16936
333929
12737
11234
11350
11794
14809
11431
11615
12549
12091
15045
19112
21753
12077
56231
1154405
23004
11261
51056
11532
11928
12668
14773
807687
18182
26304
13030
209187
999573
723883
12416
11766
10003
12700
28155
36392
10674
10122
160937
14646
12560
9963
9192
2204
2488
2201
4977
2157
2103
2267
2099
2301
2989
2245
2288
92121
3031
5932
443894
3571
99052
2626
2256
8248
2188
67320
2841
2398
2359
2306
2204
2421
16974
2349
2701
107280
2988
7714
2384
10590
2460
16104
2246
2281
2401
5053
3622
2173
2238
2124
2172
2661
2409
2568
80080
54692
3204
201023
107293
133181
4134
2830
239138
4641
35126
8878
2484
2210
3497
193961
4020
3429
2199
2646
2025
3736
133121
3302
127307
6395
3633
2450
2492
2337
2533
2595
2999
182621
3858
2293
2419
2501
2418
2874
99076
3266
2621
2822
3952
2905
48361
111813
3664
5878
2456
2351
3690
2409
2868
17671
2522
4445
2493
2567
2374
2539
2183
2140
2304
3237
231147
4365
295998
7666
3374
303762
3966
17212
2532
85388
5218
6071
2250
2270
3628
251169
4229
3784
86102
38973
196907
3937
2303
2411
2042
2134
2778
31491
97155
192222
3822
20713
2142
2315
8275
2554
2110
2299
2330
2456
14948
2440
52061
3926
247845
11006
18213
2367
16575
2777
2201
2225
2129
2135
2075
15656
2336
2367
51994
39587
2353
541793
4284
4048
5552
3200
175152
235575
6151
60100
3381
5516
2289
2894
325335
2366
2498
2400
2448
252763
18983
4455
27922
3034
2291
8024
2239
2584
2222
2455
88101
2781
2380
366653
55350
3222
64568
2387
2221
2187
2240
2711
2115
2123
2333
2221
2759
3644
4185
2220
10618
223365
4333
2122
9619
2091
2232
2367
2729
154002
3423
4875
2450
40095
189306
139544
2408
2242
1876
2467
5470
6863
2022
1899
30808
2836
2397
1901
