1660967
3710617
3416724
1521425
521513
739886
3777873
465988
669479
1722856
3056904
1465832
11248894
39230116
15702541
5916915
21189514
5454918
1682037
1150670
940915
1644561
524927
1292520
23388364
918931
2293869
19806789
34105553
2242922
443892
4397165
2829638
769203
7641504
719959
1148955
6644903
2611416
5811275
3069287
1572126
4405388
2780484
1614754
15469861
3958121
653012
488646
4524636
2387380
4750154
22485570
451095
21118843
2383408
3110843
11608994
4216259
1450390
642042
4016278
1155814
207479
1011039
4304087
760652
1665291
22662783
684945
168840
9242668
556569
4626863
16094694
1153392
12941749
2892363
638106
23644853
3782958
13065721
4498539
21284924
843484
888190
9355299
2183325
224907
1093670
414156
3594689
3949342
12648488
1163259
538312
582152
2167945
6402205
4840593
742315
15625702
19752101
22273220
2480387
1882469
485742
19761689
5109331
3781797
1609958
7022470
7441416
19964523
7080872
2289458
28561997
1597869
8022310
5193464
3522315
12566736
995585
1986774
14118791
14477242
5416305
17272378
946829
1589725
1733949
44710619
4383220
1516892
5511422
20763810
6373713
12683726
6688876
68358796
3438052
549844
586740
1959464
4439600
2017993
3348441
371070
2146721
778749
493585
360482
6981432
31276946
34033765
29938469
6910033
435172
12439788
4486154
2484707
869055
4830702
11153091
24944615
3943488
16524271
1465001
30818708
17530017
1083681
14779782
19073799
10235949
6156282
515451
3106352
6707492
379465
916063
2239208
4731021
2490224
10679705
1789006
709463
2973921
3758284
5280163
1931205
5596059
1380703
4031957
3839082
8545784
36460533
2279289
622567
2458183
3491093
8641033
30235635
1227742
301866
4595224
5318260
3020765
1285944
2802911
1321760
1186452
805248
32147986
4906626
5609031
3534830
784758
5100756
461227
725042
16216913
3958356
7391788
1622861
11996889
2332324
41728747
1531079
34777977
17698453
3160396
6764974
516380
506678
2285145
1188861
6775440
3455145
5927676
500256
2562403
16520585
4410982
2547546
5424088
2924226
956288
25712076
10797127
19806565
9722607
19360664
5805604
10222142
858812
2094077
339699
765714
708352
310854
108301
146712
781137
97813
134769
356183
612148
297602
2240875
6797964
2948662
1207407
3966136
1102766
342907
238761
196296
391648
106704
319510
4429017
180335
457422
3569164
5916098
433609
90025
876571
565992
155313
1465969
142921
235500
1369697
552504
1202171
632714
324755
872438
594451
335557
3057848
803600
135422
100915
938929
493415
959124
4408561
93378
3968177
498088
623982
2288586
832131
299504
139389
804266
236949
43266
210034
882819
161306
347577
4257297
140685
35060
1917185
116617
928145
3146060
244399
2528058
617827
134695
4699155
765262
2583518
917060
4246896
177862
184512
1931029
454397
46365
229954
84096
727121
793822
2487489
237880
110344
122369
430733
1308235
1005662
155408
2992551
3956806
4297293
534667
392603
105358
3834102
1060590
784586
338318
1428431
1542478
3924418
1516044
475717
5612598
334597
1701559
1055851
748139
2482404
206884
399415
2842596
2913696
1123074
3353051
192151
339693
361729
7690494
906838
317533
1148433
4123267
1362626
3712274
1385833
9610401
744208
116597
123635
395961
949220
433478
694772
77849
446246
164122
106991
74422
1475882
5772984
6324457
5726983
1462189
89709
2569200
929549
518634
188127
1021653
2240586
4788178
836274
3481102
316803
5800389
3530893
229349
2883422
3668757
2132419
1308777
109607
651110
1359949
81151
195851
466921
994592
535083
2231821
374008
148805
597591
760570
1119585
407263
1197295
292627
866611
794430
1716093
6402245
493104
130950
519750
728490
1813409
5728689
259873
63016
964980
1125747
628679
265682
616251
277526
251038
171754
5964736
1000601
1199495
720119
172645
1050063
95966
149543
3170970
821273
1483334
333353
2318785
478477
7249450
316528
6157574
3554557
655745
1387107
108245
105553
472518
245463
1416341
698640
1210111
102451
530582
3233078
914775
526516
1115181
603596
191781
4811333
2157172
3948919
1948437
3628082
1187436
2073548
182562
444623
