1934595
2567672
3400540
1527375
666168
27760605
3933223
1237973
734798
1629521
3147551
1554981
14255546
40921136
15148878
6340245
21127231
5340852
1629463
1003816
1459938
1731691
621498
1359214
23929301
937798
2327758
23770520
43020888
2116911
676397
4837202
2901500
1471100
7460715
787663
1270663
5579278
2838967
5672577
4168511
1584390
4608506
2686508
1936004
16373032
4436093
631835
457816
4758592
2474888
4602354
20480592
473436
19660389
3663144
2865476
12129279
4020718
1454590
488317
3880524
1090278
201317
802589
2459819
774879
1548301
22099980
701879
173884
9662850
7820921
4586469
16060961
2722595
11352841
3433934
497103
24162436
3723404
10698725
4619892
24955637
887757
816110
9602694
2204018
271362
6657989
494322
3547746
3312469
12529497
490091
546058
559964
2189874
6149183
4691820
1205047
15585900
8119422
22908226
2480762
1920289
484695
21269846
5486133
3917359
1900018
6794068
7598563
20098290
8025880
3096568
28632300
1523439
7909193
4822972
3880628
12857313
1076474
2713926
14356259
14722257
5203288
18161523
1041100
1590033
2955791
44201163
4369749
1180847
4717250
17919140
6184789
17630444
6890609
68797212
3346799
1498144
604521
2349345
4548383
1614401
2907186
380279
2251007
754117
507156
367966
7408399
33876427
27999750
27534537
6917733
6237120
12929854
18218919
2490203
802814
8345903
10960806
20134556
3945172
14238408
1127214
29168708
17502839
1428726
13992391
19557635
9152040
5878130
575091
3507440
6780262
407258
868163
2278561
4651100
2419906
10986840
4196671
779463
3399299
4364954
4867962
2032453
5637534
2107286
3107660
4162434
8493752
36855050
2317111
927730
42018612
3540479
10010849
26523993
1145604
393525
12089667
5076353
3124290
1393365
2816399
1442451
1302655
814552
33086440
3988952
5639767
3527236
805899
5080290
460450
753227
17734665
3924939
7502839
1627943
15744835
2182990
31629653
2373741
38368866
17862924
4079119
5941358
564867
525303
2369331
5120137
7304374
3389965
5754150
459253
2397719
16980605
4475321
2315724
5298508
3431929
911315
24410977
9889900
19248524
8804664
19752889
6055669
9511479
884151
12902415
397654
532311
706834
312603
138939
5069246
815861
257547
147929
338500
631092
317151
2832668
7036585
2862695
1296039
3965078
1083473
333408
208877
307527
415815
126539
341077
4532413
184173
465012
4223587
7090622
409896
137284
966113
582277
296796
1437503
157784
259958
1155920
600860
1177397
852905
328296
914111
575766
401722
3233455
900579
131276
95079
987526
512402
929902
4052448
98731
3725159
749918
577274
2390409
796545
301614
106318
778875
225012
42066
167227
506510
164984
324421
4159768
144342
36364
2006506
1585394
922392
3152039
569135
2236194
730691
105049
4797936
755674
2131222
943394
4921113
187707
170366
1985793
459543
55977
1388651
100697
719610
669120
2469801
101723
112269
117776
437074
1261897
978474
259053
2990257
1681588
4420510
536757
400861
105223
4118281
1141837
813157
401454
1387545
1577996
3960906
1717384
644903
5639614
319738
1680511
987827
825922
2540876
223400
545152
2892642
2967715
1081587
3522090
211759
340311
619062
7650004
906821
248895
986394
3596758
1325248
4321364
1431194
9532334
726414
318630
127891
478400
972450
345818
610719
79564
468230
158970
110212
76000
1567335
6156459
5363573
5338096
1468305
1310596
2668890
3598276
519702
173902
1736701
2206053
3973240
836727
3034140
244424
5533168
3535268
304269
2736875
3768715
1916151
1253678
123634
734146
1377096
87153
185889
476330
981235
521059
2297883
907407
163926
684276
882848
1038561
429951
1209414
446840
669427
862651
1712331
6463752
502967
197114
7440180
742016
2094460
5136790
244227
82154
2477110
1076627
652676
288811
620326
304404
271893
174452
6121680
820126
1210041
720549
177349
1047703
95769
155299
3447978
816397
1505888
334934
3022752
449721
5889435
491628
6690931
3590972
846529
1225972
118706
109278
490848
1031785
1525325
687929
1179434
94083
497752
3324901
930532
481398
1092536
707420
183803
4614904
1989675
3854873
1772809
3711474
1243446
1937530
188553
2664298
