1875452
2573401
3451410
1614523
625736
16571142
3912083
777098
752286
1567402
3198559
1687427
14782547
40927263
24628024
6355095
22319585
5124669
1978758
1191836
2034389
9566783
598070
1783876
25628938
1434153
2341981
14153497
41476624
2175276
592788
6363049
3030582
18093031
6737658
836294
2101809
5998340
2865973
5098334
3721990
1633186
4787233
2845110
1857971
16416920
3916855
635247
458802
4930106
2582466
4755442
20077981
801121
22151675
4073711
6090350
11735924
4125102
1613839
1290726
4922410
1040723
210210
812822
2631888
813242
1669719
22323652
715789
213029
10274690
4333690
22724247
17575017
2671339
10553943
3455734
510244
24090199
3437474
12274807
5342303
24887955
1017458
724209
8148455
2226936
297354
6835984
499173
3665655
3136907
12831405
902035
538914
639311
2262679
7833347
4920211
687785
16603577
7268458
26748038
2564833
2026897
2781619
19831655
5209323
3588923
1723493
6747051
6910774
22153109
8623846
2371962
28616578
1527437
7491252
5003996
3885559
12893924
1137703
1815084
14529397
14021872
5391353
18698414
1326998
2294838
2942028
44096895
4704976
1176513
4815903
20487408
6146975
17126091
6855745
67603566
10902492
1562278
613902
2352538
4561095
1829599
4226505
579545
2253105
833973
508337
383002
7313219
31401825
29765256
22751450
6928454
6148174
13556259
17733358
2561588
791438
8311023
12294063
20511151
3778641
16382858
1127374
30080717
17204107
1534488
11631875
15986156
10592505
53272062
608950
3683424
7260058
470172
935177
2300227
4714713
2593533
10889496
4208502
756814
3185092
5195297
5361306
2065664
5007749
37332815
3670434
4412039
8314563
36551899
2746444
901622
40758320
3525328
10289124
31374632
1203538
437866
11773647
6492068
3138892
2707978
3079313
1552562
1466488
819312
33613517
4241505
5963747
3859405
845087
5630488
469589
1319880
15316798
4043268
7134693
1873258
13298524
2499376
31747796
2579336
28310721
18532759
4304060
5012047
545997
530666
2022857
3745089
7733147
3523523
5965141
2522263
20191197
17378427
4567568
2929343
5399467
3488009
2131894
22131848
10186504
26091599
8963624
18669171
6145223
9962936
1448807
11466142
395318
546047
735572
338975
133534
3241075
832192
166201
154767
333249
657831
352468
2999404
7195360
4601247
1328756
4278723
1066603
413998
254610
442429
2161620
124802
764641
4932757
289810
479546
2688660
7060936
431841
123741
1295185
623353
3504226
1335104
171617
438845
1273922
622152
1092416
782447
346878
972208
624852
395474
3318648
820161
135468
98029
1047365
548601
984769
4074411
171426
4253553
850593
1259809
2376932
836185
342121
287385
1010663
219272
45095
173427
555267
177442
358052
4288785
150829
45471
2179769
907583
4504030
3505083
571313
2137678
750676
110399
4891591
716381
2490268
1110447
5020154
219753
155124
1731359
474740
62468
1457107
104303
760030
649459
2584290
191864
113421
137244
461441
1639534
1049195
148151
3242107
1549363
5183285
567457
432845
601495
3937828
1109436
759437
370573
1407851
1469188
4423684
1884084
506513
5745388
327769
1626747
1044493
844704
2601111
241222
373413
2989236
2893532
1144707
3688587
274549
495255
628923
7779484
994434
253600
1029062
4152922
1346881
4412876
1452923
9718330
2360856
338778
132562
488812
996113
401020
900370
123510
478588
179636
112692
80900
1581808
5921402
5724196
4610908
1502134
1319731
2840496
3577626
546422
174943
1763767
2520031
4125356
817209
3533446
249106
5806224
3545742
333387
2348468
3176706
2252453
8622512
132814
782898
1503796
102624
204413
491310
1014286
570141
2322151
921509
161433
653977
1060937
1164759
445616
1095243
6800992
805984
933304
1711159
6533313
606090
195425
7442294
754009
2196383
6045154
260991
92877
2461883
1396886
669174
579978
691903
334884
314089
178912
6307010
886540
1305444
804101
189941
1183544
99632
278893
3072929
857174
1462911
393379
2611613
524525
6028092
544396
5283096
3787988
909210
1057277
116910
112484
426453
773198
1639654
727886
1245002
524184
3927711
3460317
969517
617330
1133832
732145
432984
4307024
2084021
5181440
1835782
3586694
1284053
2061867
310999
2427053
