1558705
389800
3227119
1570303
135633
526070
3765650
452492
609245
1747246
2876434
1528229
11353342
39311372
18766883
5474888
19946464
726562
1511004
1133858
769796
739489
381785
764454
23221338
965060
2214593
4607525
33082538
2152719
405031
3863619
2826859
720333
5489703
680053
916474
4025458
2557962
3947443
3505698
1365668
4074992
759074
1605344
20136433
5008946
593268
398101
3173008
2262383
4208712
15533014
435553
18951593
2300340
1092794
11142634
5132254
1434943
867013
2010548
758338
103148
1107642
4240472
782336
1686896
22316880
643233
134046
9276528
523639
4570594
14342661
1135305
12173338
2768878
486127
23694802
2086873
12684526
3650133
26363552
851879
409003
8840088
2180519
231215
1090670
375968
3557914
4030144
12394261
970283
476140
450789
691076
9058644
4388908
586025
20863014
16453977
22971368
2401248
1754700
421305
25834853
5926000
3209521
1508718
6208168
4631092
13169527
6784171
1208494
28364560
1614270
7445529
3544487
3238634
11942153
880612
1993533
23079325
15124887
2783951
14082296
888062
1585748
1626450
43954353
4071989
1375461
5471085
17996867
6861540
13494744
6582798
68606874
4037949
315107
491649
1147892
4174335
1322922
1915998
364008
2103227
727754
486639
324110
6726613
32615560
25035462
22670756
2373406
392504
9991158
6494497
1567529
724197
4105367
11184963
26504651
623592
14605549
962595
30265029
16941276
982596
17955465
14270842
10133628
5681348
462082
2791095
6735523
339434
695125
2107199
5091424
2543882
10681393
1349567
414101
1438804
3753897
5086450
1284392
5231416
1393776
4093200
3714446
7619665
35870900
2248500
586625
903265
3537400
8996582
34941658
1044991
262176
4683921
5391521
2980749
1246776
2834437
1477313
605393
582340
690475
4743181
339144
3537246
805633
4445273
473811
848587
3063094
3572100
6518616
1399314
13671149
1889573
843917
476547
35199821
16988968
4760826
2457572
375432
526881
4875311
1150939
6813178
3805595
4294246
484039
2300637
14242995
4342691
1230480
5236959
2150853
1202590
27032781
9324500
27975427
10290982
19746423
5326227
9624839
918282
1476384
315222
79325
662947
317707
27657
102786
771459
93877
121305
357554
571321
307174
2237504
6740515
3455511
1101467
3708257
148010
304972
232986
159129
178425
76714
183862
4348404
187059
435273
881886
5712551
411945
81338
763902
559953
144290
1051124
133884
186133
825059
535571
821392
715960
279287
799407
156897
330333
3868208
1004832
121728
81764
663178
462064
840938
3071217
89402
3556731
475304
218778
2179921
1000809
293847
186800
399452
154399
21163
227369
860889
164305
348667
4155568
130875
27485
1901154
108889
907628
2794923
237837
2363395
585817
101715
4660575
423854
2483058
741167
5103868
177206
84161
1805262
449169
47133
226800
75663
711625
802499
2418290
196225
96711
93769
139679
1821346
903214
122305
3875235
3299957
4376074
512921
361897
90211
4862153
1222531
661447
311712
1253554
959570
2582592
1437120
253790
5530589
334812
1567133
705980
681736
2338846
181116
396329
4436023
2994128
574461
2740751
177859
334614
335472
7534646
834709
285271
1126993
3572594
1449219
3752736
1352017
9540027
865711
66371
102113
232091
883002
280797
396388
75313
433108
152151
104333
66329
1407957
5916447
4802158
4456241
502081
80574
2054456
1324368
328189
154523
864760
2222583
4997960
127239
3059914
206228
5647884
3382317
205392
3415239
2766225
2091554
1196693
96876
581519
1352315
71571
147092
434358
1058794
540298
2212030
279714
86172
287385
752419
1066899
267981
1110846
292006
869010
758939
1518612
6257162
480847
121811
190180
728937
1870425
6409228
219124
54080
968624
1127340
613587
254135
616434
307294
124601
123353
146913
960532
71555
713546
175124
904814
97063
174199
634727
735383
1300101
282656
2608279
385976
172643
99145
6105465
3383420
971781
508366
77947
108248
988327
234877
1407831
759747
871394
98155
471801
2780243
891429
254197
1066326
440902
237931
4981887
1853470
5343051
2031226
3655463
1082625
1937370
193436
311744
