2673541
2680543
3448494
1664135
19493981
12526035
4408043
6752118
958484
1847279
3741880
12755413
14654814
24686556
14603072
9085805
28322513
5987463
1954194
1013599
5278628
9151423
682140
3155024
62373811
2669146
2495428
16670671
37074139
2514119
1229182
5215441
3054865
29892939
13348368
851074
3415486
5738180
3523193
5211943
3693923
9997898
5241748
3246735
9161199
28717191
45526987
1128870
5926599
6184993
3406624
4242175
18466205
1206062
21609128
3944276
14027614
13720866
4511909
4112871
1618838
19713676
1147332
968569
1598589
3142172
1257646
2153132
22901974
822036
1227236
11205882
4345804
14925130
18730990
3878730
11632811
3662994
599540
23635831
14477185
16277235
4718330
33118911
1091528
761062
8434731
2259326
4107653
9092628
1477685
4128493
16075199
27345839
1364093
732224
1144933
11577284
18050543
6256166
1280261
17030724
7306987
28087337
9631191
4361558
2995261
24908245
8965613
4003642
1993532
7847713
7678257
19939012
9289601
2748867
30646780
1916827
7545955
5746974
7217275
43808654
2144776
2687851
15029987
13830951
5447922
16533235
5717122
2407283
8005617
44020235
5186271
1395056
7192762
21043611
8151702
13661544
6559495
68004461
10871141
1089286
2692415
2635071
12310729
3727782
10509264
35635485
40923278
1208756
2031805
1483814
8421207
24898542
29111056
29427804
16456447
6788992
12995678
22651770
3410364
2123456
8933596
12855756
23563291
4100652
29357362
26954486
41561302
18241081
1270076
12456024
26428932
11891377
55603174
2124352
3120841
8002358
1905532
3233750
16428398
21188405
3095922
10213187
4239592
1089908
11871878
6657967
4877721
26772034
4702876
21812714
3762801
4911730
10042126
36997927
3336224
1108992
50609585
4808418
6238458
29604125
20373797
29200490
15168164
3921561
5058596
3214344
3279205
1960657
3977962
1049731
29589768
5206140
5800873
3887618
931311
5471886
4007562
2335029
20194280
5087065
7390602
1957187
13575008
4588305
29247102
2866134
34070181
38267230
4188247
5839358
648087
599468
1652546
7366214
13150664
3724493
6271689
4327516
19855121
16647952
9076900
3537102
5877901
3646403
2048434
22288893
10995902
24464996
9265627
25761899
6516051
9454724
11572157
13233961
587952
591678
765134
361913
3934123
2570911
973268
1462102
204562
407372
796915
2626571
3094053
4948387
2944789
1952549
5464092
1288711
425182
222581
1201675
2199568
147520
1017658
8951600
555045
529766
3259044
6718473
517884
265919
1109818
655468
5640987
2763039
182122
739832
1268020
791921
1161123
806375
2143280
1110637
740691
1981345
5648984
8121383
249812
1272556
1354016
755452
913982
3921949
267438
4344538
860634
2957475
2862859
952163
917442
374442
4065066
251450
213762
351425
694216
282582
481148
4568906
180598
269498
2466183
948819
3141435
3861362
868983
2457083
828001
134907
4979245
3065751
3377415
1029541
6601188
245214
169557
1864432
502698
885280
2015534
329803
892361
3246595
5432241
302122
160062
256545
2435339
3790285
1384891
285815
3451839
1604073
5652951
2111952
950422
674293
5025921
2000567
878689
446788
1698037
1687577
4181677
2104857
609629
6349311
424675
1711412
1248715
1620818
7929598
471305
576300
3197154
2968968
1204136
3427319
1222308
540721
1765492
8062483
1142219
312606
1592399
4412529
1847097
4298780
1449169
10127326
2456019
246407
598911
572148
2704001
860396
2275833
6696807
7634832
270252
465370
323279
1891348
5058833
5885058
5966123
3588091
1509420
2852405
4642528
755496
486639
1970813
2740139
4857544
921514
6195357
5393804
7780855
3913043
284664
2620913
5207738
2628242
9155554
480672
697289
1742761
432344
727336
3466355
4391848
708711
2271976
960992
242434
2492024
1407557
1106851
5438274
1072769
4532699
859065
1081045
2140423
6851360
764764
250463
8837302
1070077
1410398
5987820
4249093
5701013
3259836
883604
1109622
715712
763017
438241
872249
239487
5894033
1131683
1321130
842818
216845
1203605
889361
508487
4174812
1113980
1573371
427648
2768391
993513
5825217
628414
6378206
7223212
919397
1276632
145046
132333
364505
1560141
2802300
799716
1361682
924273
4003640
3457624
1938941
776036
1278830
793841
432695
4506233
2329185
5065379
1972890
4970759
1414659
2032700
2402458
2885787
