3119282
2919246
24174765
1812879
20244583
18843308
45888691
6814383
1017150
2148296
4364405
15158494
15036567
29452886
14875638
8726673
29593344
6280663
3900729
1575953
4400133
9376295
841220
3333325
70046986
6779515
2885688
16551986
37053746
2667928
2131412
5564070
3149053
29358990
13985460
7681096
3811066
5717634
5014853
5538025
22921779
8364776
7350277
3420737
9820163
25774489
55992900
4793631
6045217
11086515
3532630
4243808
17391323
1316052
28667584
4164880
28074702
12438212
4673828
4087843
2348697
18791993
1400113
1385660
1810830
3279233
1327728
2520438
45886376
1900066
1290502
12923461
5229745
14825706
15700862
2964659
15992942
3765230
643394
23341106
15520793
16057577
4740217
34363958
1259181
3388596
9723628
3009949
6319224
9473909
1627440
16072705
14695143
26076406
1295080
971771
8625000
11237854
18099565
7476997
3749500
17847731
7704725
28271287
14957380
4527047
3076597
24577590
7614030
4259219
22536851
7997061
9292819
19949452
7621708
3272922
30939474
3686958
7539593
5455203
10770584
40833453
2084106
2938001
15782425
13713112
3128807
21302338
4423397
2466170
6235147
45739062
6630483
1740870
8912785
17484942
7493654
13990929
6833437
66851683
10904747
1618700
3834019
3377080
15628193
3770433
9451580
38640817
12783947
1038905
2094858
1497997
7573607
25254008
23749214
27594032
12741531
6405835
13441045
23444868
3747509
44363602
9204472
17986968
22923824
5477260
14079931
62777515
41907173
24830597
10569496
11875485
30754279
20099392
57085157
2231919
6194265
9124228
1984951
8139108
9312868
21641276
3103012
10023718
4372674
1498175
10993953
6632569
4498138
18356864
7412334
21656300
19819146
5320889
11321118
35553834
4110950
1361455
50381493
4918882
6073366
29672622
38840969
34062973
19099279
3374187
3953559
3158199
3188332
2020169
44906524
993337
7655497
5120984
6404241
4587901
1183322
6314047
3427643
2023643
31171677
6341173
8005697
13457655
13974953
5331680
8936110
3199754
36262683
37891269
5261847
26104649
1233644
622815
3007728
5006954
13034007
3809082
7555624
4341930
20845583
16625158
9242779
3762598
5883924
3392734
2391145
22634892
11532890
25244565
9660360
34093256
6509444
22430412
34992993
13277090
703414
660167
5138022
405055
4159834
3859272
7824290
1516224
222445
483531
952898
3180557
3249195
5971170
3069204
1922288
5803185
1387470
859746
356774
1027454
2312262
186140
1083189
9046269
1433512
630334
3316665
6867415
564575
472822
1212867
693602
5695254
2953602
1685187
845871
1290996
1144808
1265059
4879156
1849886
1576459
799836
2173255
5269342
9242678
1060828
1329231
2414495
804146
937167
3799474
298974
5716691
931836
5700163
2676250
1009433
932806
555357
3987829
313438
310879
406904
743234
305704
576973
8178393
430044
289650
2897674
1172708
3189630
3352662
678978
3398715
873427
147693
5041444
3353280
3414609
1059745
6958092
289573
764877
2191454
685616
1377766
2145000
371234
3373796
3064241
5333137
294107
218267
1917073
2419727
3891694
1684905
850634
3689717
1728454
5802185
3285374
1008581
709186
5085179
1738464
957960
4860573
1769965
2089884
4287101
1774784
740985
6537993
821197
1749703
1215781
2460573
7715600
469116
644338
3423693
3015478
709852
4443287
965975
566833
1412167
8441117
1481553
400295
2009901
3810003
1743847
4458282
1544483
10339147
2518167
374375
873514
752389
3480872
888834
2103933
7286255
2808740
238712
489551
333400
1747311
5234227
5032422
5796241
2882483
1460375
3014814
4888327
848450
8424656
2078741
3865107
4845959
1260173
3264591
9611436
7981703
5311982
2303476
2559743
6064164
4412987
9469669
515111
1381185
2034690
461457
1845994
2062406
4580215
728595
2285545
1014223
341850
2369343
1432914
1044655
3962462
1698759
4618562
4351399
1202035
2453686
6769934
959163
315877
8985321
1121762
1404872
6135796
7612350
6623042
4115917
781289
894410
720503
761002
462043
7951019
231769
1698113
1137950
1493142
1017766
281754
1417759
780108
451492
6227985
1413369
1752461
2846818
2917413
1177824
1984461
723258
6825553
7336093
1170529
5246470
280657
141088
670839
1094222
2825872
836101
1674472
950046
4283683
3530078
2019088
843339
1308821
757380
515645
4667103
2491709
5310823
2100334
6538666
1448947
4636264
6839089
2960041
