3107197
3161985
25764780
1811949
21612229
18727144
38137713
6546743
964792
2126470
4427713
15411579
15270200
29516121
24775312
8760828
29379193
5998276
3862261
2004568
4955981
9536504
838786
3344594
64990961
6887774
2835456
16154992
37249489
2310377
2107527
3936543
3187515
29544715
16320446
7868202
3630404
5257257
5494374
5483687
25096212
7511704
7319569
3383989
8514378
27097323
59072232
4850440
6076307
10999843
2493582
4614297
21903132
1472353
26794607
4199259
27965093
12209205
6144742
4018985
2774730
18717407
1394813
1555811
5280960
3679344
1366056
2130254
44562155
2054384
1382688
12287299
5209763
15875526
16011190
17331776
18456680
3841926
589371
23731389
11761898
15737062
4328165
33725736
1180261
3598309
11566606
9935267
6894874
8993635
1621977
16216642
15292124
31807188
1492424
1070945
10259779
11576384
18088500
7288731
2657779
17541135
7829241
29030605
21376303
4613474
2992243
23348243
7516172
4114487
23725171
8123587
8384669
21331879
9507468
2748747
31120869
4247785
8346936
5393385
10812094
40986770
2090783
3103671
15736168
13990782
3423290
20972445
7941085
2479887
6190288
45548069
6745020
2197852
9729684
17712430
8102459
13589943
6888850
66375677
10892752
9016204
3183259
3348414
15799538
4203810
9895803
38204735
12625016
1222844
23177122
1955341
7293804
29225696
23955258
25057542
9030272
6366804
12376354
21867855
4426285
43570536
8610919
18938273
16040457
4045034
14365613
58255664
41230196
25022059
10897679
13236730
32342411
17146311
56194919
2501613
6966482
8711453
2011800
6999259
11196787
20658866
3125587
9954589
8266776
1437208
10536582
7716102
4455454
17215837
7777315
20479239
19688988
4100176
10648888
35555683
3820863
1398215
51393807
4992827
6665414
30319729
37839510
33836068
19763431
3365006
4010935
3280671
3384966
2315825
57142912
1123878
7977052
5307743
6446398
4705119
1195392
6435274
4031444
1913406
29654189
6501859
9644233
12575056
14249689
5669132
8699717
3705390
35444723
32941283
5276081
25915312
1335557
676575
11421463
5070966
13325171
3836891
7420066
4350112
20641292
16709810
10115354
3655983
6041235
3417336
2286992
26922233
11078812
25449151
9597426
34421207
6551754
20296343
39019784
12366748
704714
716587
5465639
406507
4428932
3857288
6918918
1466116
212094
480686
972876
3234140
3308429
6010144
4913041
1937848
5793953
1333183
856381
456305
1164214
2359075
186813
1089126
9166712
1465577
621316
3256327
6925741
492363
470032
866682
705787
5749674
3434436
1734003
810420
1194214
1258385
1259295
5310523
1676579
1579826
796320
1900459
5530464
9522656
1079776
1343722
2407529
569316
1023527
4705721
336174
5416890
943323
5705939
2643791
1325210
922343
658906
4000959
313756
348087
1192269
836084
316005
491409
8069807
467758
312257
2775671
1173910
3415060
3430852
3863031
3891549
893691
135813
5125886
2579949
3370218
976162
6879711
273407
817285
2603455
2191893
1506818
2050609
371130
3417623
3200278
6346846
340428
241286
2278406
2499639
3905143
1649427
608397
3647559
1761422
5974811
4615116
1032274
692766
4884773
1725406
929676
5117430
1805125
1896367
4587299
2216043
627406
6594211
953458
1941783
1207145
2482252
7752271
473382
683918
3428213
3091172
781397
4399460
1717562
572744
1409927
8452617
1514526
507464
2200643
3876550
1892038
4452107
1563899
10386088
2525654
2102573
729710
749222
3531771
992733
2207055
7247776
2781346
281857
5138621
441530
1689938
5946691
5095034
5362321
2078082
1457078
2798452
4618420
1013868
8363779
1960770
4088320
3509500
935925
3349248
9487880
7928800
5371802
2378279
2857824
6340360
3833108
9438001
582129
1552499
1952467
470196
1607112
2475518
4410011
737203
2279765
1864124
329720
2276933
1664461
1041405
3752312
1793803
4411830
4330572
937421
2326864
6799513
895332
326672
9119167
1142842
1546112
6279774
7504911
6617084
4265792
783360
909894
751905
811135
531162
9131187
262836
1776204
1186607
1510030
1047446
285407
1452446
921928
429332
6027286
1456623
2098923
2683199
2985585
1256596
1942637
839480
6733641
6615282
1179519
5220996
304765
153482
2504203
1111841
2894319
845753
1653498
955802
4261892
3563029
2213270
821159
1349519
766106
495979
5465377
2411106
5370430
2094684
6622608
1460603
4257343
7521757
2777168
