3115463
5978897
19907870
1969327
23824573
16527803
36311738
6862312
958343
2528336
4613297
13589062
15411421
22045289
15009520
8359234
29288287
6021983
3740888
2040479
4449495
9120325
892976
3880598
68786785
6629217
2834291
16311104
37079441
2504549
1989635
3868628
3131623
30551161
13206389
12147570
3568586
5724196
5660624
5593580
16203992
8090638
5194163
3496543
11509161
25827762
60178529
9655952
6481419
11533444
2558740
4739626
19485203
1477511
26655257
4166684
28127785
12325012
13216704
12689887
2782225
29205876
1435710
1809111
4946519
3356492
7315071
2631141
31937499
2110847
11164287
12287771
5878587
16401539
15901376
16996925
18988077
3946107
715861
23479921
12080687
16596012
4421852
33102011
1235631
3502457
12149259
19280466
6142320
9973056
3079565
41156192
16701138
27172486
3703603
24552428
10736919
11631611
18163490
7623366
3096200
17807362
15545840
28867087
28192843
4530899
3078456
23138498
7873142
4296773
23449993
8958851
8706969
19143064
8127520
3029899
30801171
4184549
8370580
5476626
12536450
34057113
2371480
3018513
19446933
14385742
3501048
22323368
7774542
2520825
6182167
44994855
8693298
4560897
9550633
21179592
10327127
14341890
7240681
65628461
11106163
9140928
4201327
3509193
16153776
4273771
9923432
39411759
11323314
1207131
18695122
2345072
7515464
32761172
25251724
28785055
9087874
8991876
12322196
21707175
4286812
25387857
9079285
20174965
16305751
5175669
16586450
61258193
44548389
24696364
11913819
10679885
31560609
17237497
56320621
2417956
4681159
8673825
2054831
8054969
10253024
22412258
3069287
8582521
8053592
1455951
11536227
7621680
12814102
15694183
6742675
20713779
21259629
4200953
10530079
35820567
6545603
1733121
50042145
4868732
8309785
30504647
40539192
32042442
17093003
3346138
4004644
3044599
3169930
2688344
52752040
1144865
7933708
5466857
6268908
5038159
51247704
6165981
4071022
3240522
26584513
6421198
7494010
8047002
17884816
5524356
9017220
3855790
30630418
37403873
5750798
28214715
1344936
683508
9480083
6003430
13156646
8125748
7116117
4394504
24485507
17024441
9925920
4702722
6137845
5149953
2681026
30273979
11701219
25367452
9616254
35149692
6694288
20305568
33258115
11037099
711387
1348758
4368123
446447
4877318
3465306
6782550
1547918
212151
576767
1021986
2902527
3370223
4639546
3134673
1865917
5822530
1352189
835027
468360
1054648
2296523
201010
1192881
9171964
1422840
627489
3319256
6967959
538898
449504
861294
700438
5898797
2828658
2639574
805129
1304911
1308849
1297717
3571766
1819356
1142815
828990
2571408
5358471
9641703
2152844
1447568
2545314
590697
1060349
4274472
340624
5447885
946054
5789977
2689021
2844289
2845963
668294
6035129
326886
408373
1128377
771679
1716296
611152
6306717
486448
2474735
2811838
1336673
3562186
3441145
3835857
4039004
927513
166786
5138657
2674897
3578182
1006869
6847927
288945
803959
2760649
4140266
1358948
2269905
696304
7705298
3511875
5610995
857899
4977447
2406986
2537040
3958443
1739483
715312
3742140
3438358
6019682
5930214
1024904
720525
4885242
1822934
979479
5114898
2004381
1988639
4189848
1918024
695023
6600082
948628
1967562
1237983
2889250
6798039
542748
672370
4214337
3206323
808011
4709572
1699789
589007
1420039
8467547
1963752
1049996
2184594
4617175
2424329
4601148
1656369
10469005
2599265
2147248
972472
792237
3639752
1020241
2234074
7478399
2528072
281407
4273599
535911
1758959
6597261
5386656
6091611
2112805
2047139
2810641
4631638
991428
5482667
2082219
4370345
3598048
1197129
3853530
9700003
8414183
5369834
2629517
2345053
6267922
3889674
9516512
566890
1065771
1966493
484420
1858724
2294887
4801058
732004
2012934
1835193
337751
2513808
1659067
2944956
3469798
1570623
4491302
4697878
968291
2327419
6900967
1538642
407258
9061327
1125539
1935821
6376880
7969872
6392961
3778626
786293
918510
705228
766948
621728
8875815
270710
1786220
1232752
1479342
1132235
9563884
1403182
937421
724923
5550441
1452390
1665093
1775988
3752098
1237091
2031518
881048
6053425
7315267
1294860
5672223
310199
156523
2114675
1332036
2894775
1790635
1603717
976261
5035213
3657040
2194711
1065071
1381053
1151388
586467
6102781
2563478
5405457
2116833
6788557
1507083
4301311
6642988
2514741
