3198868
6956386
19547156
1856242
23128095
16604759
36781233
7073250
1013910
2458149
4594623
11145217
12745691
23690848
16291048
8294909
29601529
6240970
3831713
1981671
4911011
8842322
948501
4096341
70652049
6575979
2804737
16343966
38542853
2518889
1929577
5548047
3218341
26073155
9603501
10828571
3569389
6458188
5621789
5609092
16144576
8039472
5303115
3452595
12028648
30107468
48961327
10157371
6231198
11718705
2647007
4706978
19490427
1468384
26554740
4190297
29444309
13146856
16730139
14254729
7070337
30406427
1474859
1462477
5023491
3503237
7379692
2537246
31347439
2063223
7474251
11705588
7421553
17127524
15764163
16502453
17028626
3839386
705753
23575700
11753512
17078184
4239554
33169875
1288370
3746073
18155414
16404102
5986784
10125334
3266421
41041790
14972428
27092329
4075994
21199012
10494055
11576517
18351351
7674402
3149878
17564722
11885652
28943535
23232316
4636513
3077941
23390354
7324234
4320617
24050482
9551931
7230626
19278920
8015449
3047478
27333486
4889749
7869650
5506999
12498086
32101881
5259284
3260214
21209157
14210009
3295797
24659481
7486715
2486560
5555158
44465490
8864155
4548556
9317510
24206528
10273631
14354421
7090110
67324312
10825068
2373853
4203536
3536284
16532479
4775962
13550252
38488656
11654463
1211603
18411336
1748857
7521207
25975649
27893560
27889225
8966528
7953067
11796211
21966672
4329951
21804647
8634911
18710008
15526702
4717678
13632471
59687888
46345433
24829373
11950161
12245876
31136415
17749493
56578020
2376275
5107583
8828911
2318467
7771075
9971081
20305696
3195163
8938150
7613871
1415331
12261813
6451850
7186023
16846096
6921599
26898560
21184463
4595117
10568450
35939816
7357942
1678268
50336773
4839219
8179309
30194035
38705071
28209065
16747261
2467857
4001446
2954358
3354564
2516221
54975877
1141012
7926119
5198327
6384389
5027417
50745185
6057938
4148534
3260539
25454680
6198869
7627180
8567707
17489054
5588310
8587848
3779873
31883408
37202337
5906819
28461997
1319887
688003
9544664
6087905
13027505
8086813
6895739
4394937
24597884
17072001
13156180
4977365
6120711
5179692
4341567
30597984
11981797
30367145
10084298
33721765
6618391
20402107
33601622
10715822
730563
1567239
4293155
420352
4763191
3479921
6845340
1593738
224379
559525
1017612
2394766
2802719
4947011
3383542
1851658
5875568
1398661
854855
454998
1162197
2229083
213764
1230036
9117000
1409717
621621
3322833
7175316
541435
435856
1229490
719693
5201017
2066234
2360153
805455
1470520
1299864
1302019
3562744
1808209
1167033
819685
2682511
6088188
8778009
2259203
1392621
2582103
609780
1054376
4274011
338577
5433357
951847
6016899
2855840
3575355
3180478
1668129
6233637
335241
332476
1145489
805395
1729550
589782
6210929
474562
1670301
2676182
1680543
3707168
3413847
3733343
3660665
903004
164353
5156311
2604172
3675087
968305
6857314
300898
859344
4038434
3568343
1325094
2303158
738495
7701455
3162476
5591203
943827
4376565
2356273
2519018
3995149
1748520
727186
3692140
2664340
6026947
5012980
1049277
719745
4938297
1705103
983902
5228240
2130856
1653782
4218497
1894534
700194
5940021
1104992
1850881
1244325
2879937
6483431
1205832
725282
4559520
3169717
760593
5158617
1640382
580513
1275083
8402552
2001370
1045670
2132581
5218944
2415365
4500856
1622621
10427824
2537174
559287
971616
798053
3721089
1140139
3001587
7356440
2599510
282193
4208976
396721
1759798
5430821
5872897
5929682
2087113
1817148
2702462
4678282
1000812
4799484
1983893
4070544
3438802
1090319
3217748
9642471
8624665
5396002
2636412
2676775
6190440
4001105
9526889
556532
1160464
1998748
545988
1794893
2233460
4390277
761349
2096226
1739692
328383
2666534
1413745
1677774
3719040
1611973
5662375
4674183
1059547
2336851
6917341
1725175
394778
9095525
1118857
1905385
6331703
7688036
5753123
3707129
583418
917473
683779
810893
582648
9048424
269606
1783651
1174893
1505571
1131151
9504070
1378012
955433
729142
5355331
1404041
1695526
1886852
3673255
1251957
1938502
864645
6253916
7289174
1327341
5710065
304033
157705
2129677
1350261
2869822
1782800
1555957
976333
5052078
3667952
2862629
1126225
1378057
1159015
941985
6153729
2619984
6315796
2215941
6580448
1491429
4320034
6698801
2443142
