1644890
3710723
3556725
1382292
515329
615438
3761815
449008
656177
1687159
3055855
1504551
11455293
39661637
15908763
5913530
21549478
5484802
1548949
641970
924446
762482
456556
1190887
22737613
928384
2319202
19116959
32647782
1941418
431893
4385153
2795060
731603
5904510
689069
1265436
5832677
2600741
5989169
3126602
1475397
4379344
2711444
1625707
14416129
4500901
588415
384006
4455392
2251076
4730489
22937667
474529
20781070
2405485
3098728
11944154
4119095
1446936
469304
3164335
1121287
200968
711685
4288132
756534
1638679
22495302
690649
162190
10060758
554138
4558543
15961021
1212600
12506743
2908914
635035
23767548
3624654
13902867
4417328
22027661
841422
1002799
7771764
2122796
221942
1076937
423257
3547497
3920703
12804031
1193536
549088
535549
2144284
6423634
4890826
701116
15622475
19043827
28256616
2494216
1895451
460612
21150062
5107066
3897078
2359952
6662436
7441730
19953600
7129522
4771413
28625331
1557665
7276718
5099182
3371611
12490342
1051424
1750089
14063981
14867187
5363436
16994298
936101
1586755
1734292
43531676
4395113
1487153
5361129
18694813
6495589
12669199
6873591
66605634
3075329
544655
563285
2041147
4295125
1518797
1918359
372479
2144465
788207
498458
372560
7098710
28984469
28737882
30052384
6921711
432425
13479990
4775590
2441235
904386
5320940
11096289
25828817
628093
15085289
1476626
29877021
17565269
1058379
15409956
19255931
10209281
5934467
500797
3038549
6755682
372011
875480
2255330
4553511
2488714
11005707
1374524
734572
2922161
3775470
4990385
1914919
5726222
1390673
3400327
3883104
8375118
36378463
2295900
616438
1013419
3450992
9057507
34145550
1166025
345601
4597560
6634415
3008294
1283777
2785765
1446603
973363
771463
28947259
4644479
5585955
3351764
767219
5633092
460410
746009
16808175
3739153
7293962
1592596
11559840
2321434
39988660
1512547
35365550
17981466
4080630
6597780
520090
512246
2319554
1119686
6764458
3357669
5233681
510912
2595550
16566315
4379163
2480905
5294194
2916685
928561
24943508
10384533
20061202
9756107
18960888
5553549
10750013
870014
2183102
334490
761457
732905
281174
107107
121397
775048
93681
131383
347501
608549
304916
2270442
6825283
2975523
1201875
4012190
1106256
314834
131577
192246
189259
92347
276422
4296377
180826
461139
3448576
5685573
374188
87376
870793
556458
147207
1133085
136376
257881
1198470
547704
1231961
641782
303722
864637
577841
336756
2841872
907945
121226
79511
921856
463160
950891
4466932
97873
3887851
500811
619404
2335931
810245
297882
101835
631950
228421
41925
147210
874500
159984
341017
4205371
141009
33552
2073808
115990
909537
3112567
255517
2441657
618315
133487
4695275
730287
2727981
894836
4366259
176360
208374
1603660
439487
45340
225552
85612
713214
784367
2505684
242659
112161
111706
424284
1305781
1011804
145971
2978279
3815478
5265145
535361
393521
99208
4065660
1054453
804550
495730
1351477
1534841
3911791
1519171
977934
5599078
324184
1538017
1031497
713123
2456773
216912
349765
2816906
2970009
1107292
3284894
188745
337496
360184
7516139
906189
309976
1111568
3710725
1380994
3765858
1417476
9642208
663340
114817
118230
410677
912115
322767
397935
77533
443241
165121
107608
76378
1492033
5380789
5450344
5711041
1456677
88998
2752985
984122
507020
194700
1118058
2217630
4912305
128857
3182499
317703
5600083
3520140
222929
2987230
3677987
2117102
1256239
106376
634249
1363535
78966
186104
467814
953287
531982
2288353
286767
153170
584414
760545
1053687
402584
1218487
293501
727081
798695
1674194
6365315
494826
129246
214580
717166
1890687
6314491
246141
71189
961854
1388964
623535
264152
609589
302352
202016
163820
5432340
942987
1189109
679790
167744
1151244
95128
153248
3261297
772512
1453989
325107
2228899
473614
7028220
311209
6212496
3589794
840510
1345859
108369
106021
477444
229861
1408273
676570
1066869
103970
535238
3227002
905501
510140
1084232
599411
185828
4672695
2073026
3982289
1944324
3545378
1130855
2167588
184461
461690
