42186232
39428690
38691235
42334610
40860238
41211955
38639652
38571546
39919499
40427969
37539433
37474164
37367896
39804940
37929528
39212167
38585216
37603210
36920314
37736095
36961968
37970420
35060750
39828434
39611926
39719448
37660933
41470983
39089389
39339317
39874847
38141831
39991699
37377254
35900075
37294869
36887220
39226503
38177986
37133747
34461784
38468936
38556158
33709576
36314051
34378615
33141833
35554133
34208595
35326112
37362435
37652777
35476888
37923170
35103292
37341306
35048908
32036202
33185370
33598078
31976408
35488849
35141576
33887526
33512660
31881898
29920169
31610366
30685778
32776214
32239850
31588312
29823458
34918961
37998102
32532183
34892078
33632053
33008019
35350723
34483908
36289498
36143049
34763514
34995323
37807896
37707143
38817011
37727739
36520716
34875499
39964563
38080715
35155577
35897140
37645755
37775957
38153552
37693923
33791474
36847101
37554203
36085414
36125684
34688032
32093742
35287067
33887720
31831561
35248817
31734470
32244237
34725706
32384832
28758421
34282189
33485872
30474681
34607394
32658230
33102778
29233663
30539243
34044826
33019960
29176637
32254997
35798111
37044529
23453077
28609026
29542327
32822490
26452192
28221678
29486790
27683558
26578842
32491197
25446091
25984668
29794087
28793283
24580618
26346925
28971084
25182131
29666600
24049397
24915601
26616944
26823015
25019702
22047836
24949378
24317913
27756425
26150689
27963943
27917870
25688554
29033234
25965819
26532912
29481566
29571947
27676185
28785671
27002899
24388327
26772758
27183441
17935495
27107004
30099689
26851568
26887713
27044267
21723509
30742475
25827799
30802916
28168425
31484815
26783746
27528248
30818109
28342124
28189204
27418173
31239626
32431634
34080885
30187777
30819496
33224230
32921472
31139467
32136382
24357817
32520479
27891765
15678664
33022090
34262070
31473924
31737202
36272438
34748241
32428153
35926144
36055589
33801954
34120658
34446254
37588434
33486825
22343969
37163500
37760770
36697997
37039119
38607586
39328093
38641284
37079929
38882640
37076907
38264649
38927390
37690695
38615374
39732945
41129504
37914000
37771187
41058613
38387526
38531113
38032441
40061771
37906252
40332439
37218102
38587150
37202216
40952848
37620756
36796312
37117191
35111225
38504256
36844264
37606617
36297831
36777743
14156234
14382805
14818150
14142613
14563773
14309120
14546696
14571470
14527383
14528378
14717428
14526734
14730518
14602952
14652499
14482661
14948892
14599091
14925482
14708410
14771785
14876767
14675404
14597982
14737685
14447186
14726424
14339925
14723115
13787445
14786975
14729388
14491086
14601034
14809605
14595416
14623744
14856921
14996965
14941678
14942218
14785863
14649598
15058253
15163766
14878276
15021166
15090284
14448152
14973295
14583484
14984947
15101104
15066245
14862887
15112684
14743579
14422858
14784934
14977729
14620428
14913383
14504576
14620873
14644486
14482165
14608660
14412670
14113976
14644965
14368001
14601432
14381930
14783935
15178038
14718969
15293653
14817043
14783240
14939822
14906151
14984943
14951730
15231354
15237969
15350195
14965762
14847410
14740357
15057023
14645158
14678629
14858345
14829640
14727391
14927352
14713117
14814927
14655080
14877960
14781816
14860656
14596652
14857322
15009738
14658172
15002061
14636675
14657108
14783871
14125229
14697169
14568958
14892079
14094945
14750274
14584283
14158662
14654286
14266867
14746732
14316769
14473231
14676661
14258473
14187074
14319542
14845747
14485315
12967688
13615750
14309827
13868436
13597832
13790686
14008312
13901470
13205904
14292822
13174149
13309898
13541932
13595374
12889637
13618986
13720303
13059328
13834215
12668870
12343545
13469151
12771408
12973268
11849304
12296707
12335643
13526170
12785105
13152951
13163139
12897160
12902932
12249804
12357253
13859152
14046987
13569101
13413440
13852305
12446631
13234621
13845751
10587585
13782883
14277021
13725642
13520379
14054049
12057016
14544715
13368553
14896546
13426571
14490570
13479093
13419616
13935505
13555085
14009566
13721651
14388688
14169163
14613374
14064885
13781021
14600607
14633202
14553430
14571382
12002198
14584862
13585599
8060563
14182479
14737112
14147418
14411943
14392308
14836157
14300751
14829983
15178994
14499920
14776013
14903919
14319834
15192197
11741472
14430909
14246738
14521048
14261544
14456902
14287066
13995391
14600411
14319040
14270276
14459762
14518807
14557082
14625661
14286325
14174226
14456625
14485362
14224615
14588463
14520586
14004208
13931568
14238547
14164440
14478616
14607678
14583485
14122539
14514149
14702456
14524975
13324181
14233868
14397689
14438359
14344229
14384073
