41945934
39135142
38431135
42081537
40582544
40921526
38322806
38262877
39610189
40131408
37226756
37099164
36998638
39523019
37568516
38905305
38188598
37247068
36535644
37401657
36619113
37619423
34678623
39533871
39295511
39378630
37309381
41183814
38782191
38990648
39557828
37809768
39673323
37025803
35532970
36956645
36555398
38902464
37887757
36809477
34090414
38180266
38225889
33322561
35988711
34025758
32750869
35212607
33848765
34962723
37057415
37378776
35153223
37648244
34774072
37050160
34702244
31677890
32817443
33266774
31610639
35204213
34819787
33577283
33202266
31520754
29554563
31262063
30307752
32469308
31927313
31262193
29501515
34647524
37745638
32212528
34602426
33352231
32725819
35063648
34191281
36040936
35871244
34500164
34730040
37567791
37495372
38574144
37489892
36278958
34588729
39731799
37835261
34894151
35617435
37398338
37513444
37932884
37448182
33509194
36620747
37297602
35833895
35883547
34421301
31800026
35061732
33609147
31566038
35031458
31476870
31974615
34451642
32113563
28471977
34031132
33219536
30201885
34367892
32402921
32834053
28967852
30277952
33762063
32749812
28908226
31986777
35583036
36786758
23180204
28359558
29281586
32605249
26188334
27975760
29253791
27434114
26341598
32273563
25178122
25743925
29547032
28557900
24329040
26096787
28731166
24944191
29445046
23798577
24690805
26363886
26574275
24762322
21804803
24710630
24086804
27507835
25904029
27707014
27658624
25458067
28781784
25703747
26277498
29232560
29291428
27415481
28521673
26747411
24152257
26533188
26960757
17747544
26840284
29796918
26613963
26656346
26772067
21531451
30458357
25582649
30499350
27885500
31161404
26524375
27267230
30506329
28043620
27893351
27133737
30914708
32075082
33737692
29855714
30481868
32840753
32537918
30825307
31775177
23701157
32121413
27885251
15373760
32634036
33841235
31089082
31347430
35819529
34321336
32027302
35455779
35631948
33376260
33661203
33965014
37078559
33029355
22127290
36652155
37246881
36188511
36528307
38053470
38773370
38085871
36538009
38319018
36541324
37702393
38357269
37101444
38029284
39123049
40488616
37323932
37183331
40405743
37827220
37909117
37411274
39373926
37212893
39754020
36870926
38137855
36612623
40289471
36986259
36208255
36498278
34714658
38186701
36218651
36926979
35679158
36125690
14158970
14363579
14814208
14140499
14555568
14299462
14534237
14553250
14511889
14524470
14695229
14488821
14705195
14598059
14621254
14470003
14905626
14559406
14893596
14687823
14743414
14860898
14632261
14584031
14728157
14430033
14705520
14333060
14703833
13753404
14777244
14706229
14471149
14563802
14762991
14564052
14592674
14842632
14985581
14914499
14897134
14772970
14621648
15000654
15133753
14829523
14951583
15059034
14391255
14929367
14550424
14969765
15065140
15048918
14826805
15093021
14688129
14347594
14721797
14926554
14544303
14880352
14459041
14572860
14599420
14409565
14523324
14332949
14027501
14593973
14312886
14533970
14301702
14749371
15154867
14660183
15256901
14779417
14733563
14900319
14868960
14955332
14920980
15196604
15205101
15323177
14946030
14827756
14710767
15026916
14594319
14660662
14829703
14794758
14688379
14898816
14684028
14796792
14624490
14831404
14750081
14825514
14559239
14818717
14966079
14602798
14964469
14593393
14595275
14747878
14068420
14643959
14525635
14832392
14013806
14704291
14527376
14092658
14611726
14209519
14685395
14245910
14405707
14616933
14204664
14114789
14259192
14809571
14439308
12865775
13544047
14237157
13811816
13512146
13715506
13943666
13826483
13129579
14235059
13081717
13228574
13474469
13522047
12800620
13534355
13643465
12977793
13768044
12576828
12262692
13381209
12690920
12878795
11753065
12214011
12251130
13444592
12702243
13074772
13079207
12815794
12827036
12166115
12276003
13780561
13959199
13475083
13321125
13756410
12355192
13142490
13754214
10504756
13684901
14174923
13631040
13431570
13955618
11978828
14447866
13275749
14784539
13323222
14381113
13381540
13328688
13832175
13448539
13899253
13614947
14275334
14055481
14511971
13940220
13664462
14472596
14506885
14443988
14451551
11732072
14449561
13567618
7912363
14058311
14601943
14014948
14277825
14262552
14697518
14168068
14694983
15045525
14358292
14626730
14752666
14185954
15041599
11655602
14295078
14113857
14379516
14127124
14315444
14149013
13863628
14452957
14182257
14128069
14318248
14377297
14404059
14475384
14147725
14037452
14302486
14328246
14088324
14442961
14358508
13851446
13778481
14066057
14035515
14371077
14490848
14425687
13984084
14353379
14536316
14363397
13200169
14146214
14230564
14262416
14171139
14204636
