42028930
39164972
38482267
42165050
40633697
40967781
38377562
38301285
39665237
40184185
37246014
37069622
36991761
39563948
37562699
38947936
38143741
37215812
36513222
37418428
36609502
37619610
34636890
39575219
39335884
39367145
37312698
41222861
38817045
39010698
39597711
37798914
39682203
37005164
35480636
36955219
36561090
38917873
37916290
36809497
34017874
38207272
38230228
33246007
35973456
33941365
32636411
35170151
33762688
34904213
37064315
37375946
35094626
37664529
34738788
37061309
34617492
31554663
32692349
33206808
31483878
35175708
34787929
33505067
33111951
31403859
29390731
31130043
30149764
32383752
31841807
31145147
29346035
34616926
37760025
32129921
34534387
33293196
32640435
35024372
34128006
36014715
35890007
34476216
34695565
37581356
37511737
38621346
37503552
36274849
34541600
39745158
37809731
34834529
35573840
37406113
37518151
37951132
37476095
33448553
36610712
37303438
35827828
35878976
34390458
31741548
35057263
33560672
31508506
35011007
31403482
31898790
34418232
32024760
28308168
34026059
33173653
30113200
34301928
32310007
32776560
28830662
30188404
33722011
32700249
28801186
31939024
35582353
36825747
22978733
28242139
29194186
32560245
26018463
27878572
29152268
27311357
26213107
32231595
25011150
25621833
29475757
28472605
24187108
25953483
28660010
24770448
29364135
23627439
24559583
26259167
26444598
24610540
21608939
24586978
23932241
27404827
25717454
27581122
27542697
25314067
28704276
25571696
26144980
29128461
29214052
27351479
28451945
26646304
24040900
26417702
26868251
17512654
26748601
29788711
26493591
26527424
26673341
21324842
30399464
25442216
30441603
27808365
31094339
26410731
27146783
30437489
27934215
27818216
27054797
30877026
32044263
33736350
29796945
30426362
32822230
32529210
30772442
31754539
23600300
32118314
27850493
15341600
32578296
33828137
31050702
31284077
35852413
34327971
31984133
35477627
35619336
33370049
33643852
33997810
37117950
33020075
21928462
36674958
37272630
36208177
36535696
38086319
38806631
38118212
36565075
38345991
36561026
37725249
38387681
37147384
38083443
39186559
40553106
37381176
37211703
40474830
37862769
37970512
37453820
39450564
37271954
39833342
36915521
38212097
36658640
40353593
37046858
36228618
36531370
34788696
38272510
36254320
36957994
35707842
36169135
14212583
14406841
14869462
14190669
14606737
14345991
14579955
14607950
14558630
14571614
14749152
14517441
14745649
14640916
14659890
14520421
14947649
14598222
14932810
14741606
14779100
14904386
14657566
14637472
14780104
14472473
14758595
14379516
14753353
13792693
14827118
14749211
14520628
14598254
14789574
14601616
14636636
14889668
15031383
14959258
14930632
14823921
14666881
15026933
15180018
14850677
14964824
15098511
14398359
14952789
14586878
15016784
15092043
15096909
14859741
15139579
14705071
14349859
14730596
14951889
14531319
14921759
14488199
14591526
14623337
14408266
14509767
14322413
14016853
14604295
14321333
14539768
14295405
14784609
15198510
14677291
15287314
14806431
14747516
14934818
14891855
14996306
14960426
15233628
15235435
15373463
14987853
14870657
14752394
15061776
14623700
14701305
14865284
14818715
14713597
14936266
14723407
14842080
14659422
14856696
14781892
14860169
14594357
14854107
15002923
14611769
15006445
14617368
14614624
14781765
14082178
14656694
14553020
14851600
13991611
14744717
14555151
14086253
14632273
14208687
14698307
14230393
14414416
14639542
14218678
14104048
14269449
14845220
14485071
12800849
13526223
14237305
13824896
13463564
13701240
13940422
13809683
13098699
14257850
13036435
13195283
13475215
13515060
12763952
13501174
13641670
12926417
13764813
12522684
12226209
13364717
12663461
12837796
11685166
12182633
12210182
13430420
12649564
13049790
13058351
12781340
12815689
12130815
12244471
13772095
13963472
13467162
13317651
13734091
12332043
13122610
13741113
10397132
13672800
14197964
13615288
13406400
13936253
11902845
14455795
13236676
14799057
13316385
14394583
13358528
13305212
13835197
13425939
13897543
13604512
14293103
14070385
14537961
13950622
13675733
14499844
14537159
14455557
14475804
11724124
14478621
13585227
7911630
14067626
14634211
14033147
14291646
14294571
14737670
14184121
14732351
15076815
14382972
14658548
14796041
14219569
15072901
11587005
14326127
14144441
14416933
14154367
14349090
14191154
13893563
14489323
14217636
14157751
14350619
14412600
14444564
14521501
14189743
14079715
14345285
14367613
14125493
14476606
14404858
13885016
13819767
14108655
14075380
14404543
14535702
14465094
14019859
14392770
14571980
14397687
13243603
14191421
14263213
14299189
14208163
14242298
