42070832
39119950
38508225
42233181
40650016
40971790
38373051
38271208
39668809
40196670
37194545
36918825
36876961
39551190
37460372
38924620
37950095
37100196
36363090
37341723
36518929
37520095
34473724
39554272
39318233
39273154
37214589
41208189
38786859
38914506
39569655
37718751
39628977
36850688
35295767
36850984
36465786
38841729
37883925
36747252
33818643
38175711
38127192
33033902
35854825
33737081
32363859
35032723
33560333
34711209
37003396
37339781
34947485
37632472
34575304
36976205
34415406
31287663
32411344
32995901
31167114
35062783
34662681
33324498
32909557
31130809
29057868
30848553
29845522
32201023
31625627
30917040
29050756
34524644
37716165
31918856
34363632
33137201
32436126
34895182
33968839
35927916
35814522
34388333
34592371
37541555
37496616
38642211
37485251
36247604
34368165
39724031
37761387
34678003
35455671
37385756
37455485
37938265
37437511
33273302
36579402
37242161
35789673
35830759
34271106
31521842
35009140
33380271
31353364
34968415
31218235
31703070
34296824
31859255
27967833
33919731
33000282
29877090
34187878
32102978
32606608
28536767
29946830
33546607
32538026
28496433
31755854
35525993
36803084
22529356
27975507
28972436
32417345
25647642
27603506
28945540
27022622
25915142
32118161
24615251
25316615
29309079
28240845
23824678
25625860
28451974
24384936
29135167
23247303
24223147
25984454
26125570
24234053
21147761
24296739
23604512
27138598
25340685
27311474
27219985
24975488
28475909
25249227
25824324
28884538
29007006
27149927
28217921
26351327
23745351
26151683
26599375
17035366
26511782
29667330
26218105
26199524
26374815
20877104
30232949
25106226
30312766
27602391
30917565
26137877
26875902
30249465
27698126
27588547
26808948
30730091
31938637
33679877
29651174
30277834
32737209
32458121
30595832
31641303
23445040
32061383
27632774
15186734
32436701
33769121
30924670
31076328
35810738
34285723
31827423
35443560
35590339
33300408
33555345
33953012
37110259
32941235
21456580
36662394
37248020
36197198
36499915
38131198
38837238
38107899
36558622
38378497
36500135
37723581
38412294
37144205
38098536
39250750
40663458
37382674
37240341
40582588
37868562
38005331
37498737
39530755
37330002
39903305
36894087
38268679
36694815
40473201
37084755
36222980
36555069
34819384
38331190
36262017
36993554
35726509
36214325
14279661
14460234
14946803
14258300
14673372
14408733
14649434
14675646
14621711
14646502
14816972
14554199
14802267
14715393
14706601
14589648
14974939
14631534
14979516
14803953
14830907
14961232
14682718
14699557
14853647
14521670
14815674
14448763
14822961
13831503
14900055
14806954
14582040
14642916
14811633
14650799
14685593
14950769
15101230
15024259
14952879
14898906
14716091
15041291
15237370
14870835
14960308
15149122
14396276
14983689
14644521
15090616
15130061
15173214
14901445
15199825
14709046
14330104
14731656
14964666
14498365
14966200
14516219
14607532
14636084
14385780
14462466
14292495
13981071
14611617
14323097
14527087
14260556
14840730
15265728
14688523
15330670
14834653
14755854
14977295
14924896
15054652
15026041
15285459
15288765
15445898
15056655
14945702
14818207
15131395
14648246
14765484
14922685
14861202
14748767
15003698
14769891
14916602
14707134
14878416
14844181
14908159
14645695
14913762
15047742
14616050
15065551
14637497
14623468
14844566
14091557
14661987
14584365
14860985
13920652
14794336
14572111
14061608
14668571
14194214
14702948
14186983
14395120
14653274
14236562
14060669
14271891
14910947
14546180
12633872
13479204
14220921
13835818
13361454
13652848
13922487
13750329
13025092
14288563
12920927
13119280
13466086
13487046
12656899
13412182
13615006
12806790
13734684
12388968
12132752
13298285
12589633
12721104
11511825
12102271
12108234
13379755
12544345
12987317
12990708
12690024
12774600
12038970
12157556
13743243
13951506
13435494
13279156
13664315
12253881
13062916
13687390
10181876
13631125
14216980
13566262
13332472
13867660
11730932
14456207
13144654
14824488
13276398
14399759
13298157
13242415
13822376
13378549
13868208
13565345
14304701
14087491
14574988
13958046
13683089
14547670
14580181
14455841
14501550
11721970
14527351
13559902
7877593
14085349
14684823
14043905
14293916
14349217
14788601
14194240
14797688
15141980
14432278
14711427
14854736
14269045
15129580
11415643
14392098
14197122
14473234
14202726
14425532
14256396
13948449
14557323
14280285
14205104
14420821
14478533
14514583
14586366
14259523
14159816
14410953
14440257
14201373
14546328
14474178
13947911
13892045
14182067
14148241
14463512
14608739
14540592
14096261
14461154
14644358
14466019
13314138
14266526
14326277
14368511
14283594
14323242
