42133966
39188923
38558906
42271109
40727060
41053146
38432307
38342542
39723644
40249748
37264475
36993739
36933480
39621216
37523129
38992746
37999390
37170966
36434862
37423517
36585812
37598031
34517342
39616249
39373224
39349193
37282739
41289481
38846720
38970927
39628584
37781717
39704340
36940968
35344714
36895704
36519869
38904247
37941384
36801057
33867800
38224196
38192013
33072488
35904844
33784988
32399944
35059293
33605072
34756407
37048994
37382807
34993032
37667327
34621886
37023315
34437547
31309519
32437379
33010421
31180612
35094594
34686294
33351847
32932070
31145883
29091002
30859783
29847789
32216478
31643268
30931747
29053140
34570648
37743011
31920678
34385377
33155259
32448733
34935686
33982073
35935592
35838821
34406883
34590660
37572944
37511097
38677743
37514819
36259995
34377780
39747725
37777672
34702556
35463767
37411440
37480026
37986938
37466283
33264084
36586853
37261749
35791622
35823528
34268961
31509321
35022419
33387740
31340778
34970609
31224366
31689555
34301998
31832487
27931026
33913016
32986319
29860369
34175080
32095645
32592779
28485437
29912536
33526349
32537503
28450699
31739935
35534752
36813452
22440168
27932813
28926426
32397880
25564016
27566276
28895972
26971378
25858594
32104999
24545986
25256025
29252596
28201155
23741330
25527530
28413122
24284835
29081229
23155543
24139890
25912937
26046086
24127410
21035174
24213902
23529581
27085999
25235356
27246533
27139247
24898291
28402545
25140371
25731145
28818722
28952272
27069032
28139859
26261537
23664487
26077242
26528089
16898771
26412809
29623940
26115763
26108501
26271773
20737522
30154939
25000320
30250818
27524853
30857980
26030833
26787419
30185035
27594397
27512737
26724084
30671422
31886285
33640736
29571888
30212008
32690669
32427901
30524713
31585901
23390925
32028381
27535421
15181744
32373662
33712583
30845819
31001697
35778081
34273416
31751140
35408140
35561221
33259927
33522517
33920791
37105577
32896717
21337422
36639650
37234054
36166920
36469337
38109604
38839639
38102189
36534355
38357434
36478386
37707141
38391735
37121329
38081618
39253051
40648758
37375716
37204225
40584775
37848004
38014588
37489654
39524468
37337682
39909025
36869445
38283767
36660768
40467887
37072389
36173291
36517363
34814247
38325428
36239175
36976473
35684818
36196799
14288236
14475602
14956019
14268588
14689660
14421763
14662978
14686372
14628491
14660648
14832995
14569511
14808368
14727854
14722616
14603321
14986272
14645768
14990776
14819401
14849884
14978395
14699413
14713352
14865010
14538497
14828178
14462288
14835247
13843934
14912785
14823460
14594028
14662065
14827663
14663133
14699633
14966906
15116342
15036772
14965274
14914806
14735577
15056280
15250397
14885101
14968868
15160849
14412721
14997903
14658036
15105517
15147120
15185410
14919568
15219856
14719915
14342657
14742654
14978374
14499627
14980146
14527564
14619526
14648652
14390711
14477447
14298362
13984600
14622760
14337516
14541267
14266808
14857150
15282286
14694312
15347708
14849105
14767369
14995227
14932353
15068832
15037098
15296710
15304070
15460697
15073525
14963626
14835184
15142770
14652325
14784985
14931103
14876297
14756912
15023461
14787564
14935525
14722997
14886237
14854502
14923391
14651634
14929449
15060582
14623530
15081576
14646543
14632971
14861088
14102428
14664975
14600963
14861358
13915776
14810840
14580067
14061052
14676065
14200561
14707622
14182254
14393677
14659387
14244553
14053895
14277454
14924170
14562587
12598639
13474841
14215880
13839773
13335359
13649642
13915528
13738909
13011615
14299986
12903762
13104384
13456809
13481033
12627316
13384389
13608047
12779550
13729774
12357883
12107678
13280447
12570101
12691264
11469971
12082326
12089311
13365804
12514822
12976544
12975236
12665442
12757335
12014883
12133235
13733760
13944644
13413730
13266556
13641633
12228657
13048488
13673420
10115735
13602677
14214764
13545499
13308487
13844051
11672679
14447818
13113361
14819999
13257431
14400348
13272598
13223004
13817314
13350173
13855698
13550748
14306254
14087956
14581384
13947683
13676794
14552190
14594068
14446384
14500812
11716813
14533197
13536253
7882822
14087259
14692090
14036423
14287459
14362658
14806197
14190097
14811592
15150348
14435878
14721785
14871211
14285729
15137559
11371927
14411048
14212577
14492104
14220661
14442005
14279325
13960681
14576348
14294894
14216100
14438833
14494189
14526851
14611452
14281710
14172464
14427042
14457827
14223454
14564043
14498029
13970492
13912065
14208270
14165277
14479817
14635682
14560161
14118856
14476595
14658851
14479111
13333155
14284586
14338627
14379582
14296261
14337192
