42166199
39214221
38592208
42320944
40758907
41068267
38464634
38378109
39751192
40293281
37285545
37013896
36992180
39654122
37554399
39020652
38065353
37220721
36475341
37457427
36638957
37636967
34575203
39652287
39424523
39382215
37320011
41324976
38882007
39012078
39671603
37814678
39737566
36977759
35394355
36941871
36557429
38939422
37987352
36847114
33920923
38272779
38226925
33140628
35969630
33833961
32469654
35131760
33660797
34808302
37097771
37431370
35042815
37707222
34683157
37065209
34501849
31389883
32516915
33075897
31252924
35162916
34742223
33422140
33002737
31237055
29159406
30968510
29925554
32288466
31722624
31014603
29129708
34615706
37794280
32001174
34449794
33221339
32520810
35004836
34043339
35993446
35887736
34470271
34650622
37635428
37573994
38716343
37561054
36330216
34465282
39814539
37853811
34781193
35541406
37465963
37554773
38042367
37524800
33352878
36652535
37326271
35861741
35915637
34358195
31611568
35085049
33490921
31436127
35049302
31323277
31789523
34384950
31933599
28054725
33994654
33068229
29970728
34272956
32196768
32680748
28616182
30043388
33618326
32617411
28594811
31841382
35607884
36862893
22601232
28068955
29042994
32508226
25712592
27675509
29015573
27094111
25985777
32207261
24703686
25395045
29382024
28318365
23884091
25699879
28519881
24460376
29203970
23317331
24296906
26048361
26189600
24291022
21217719
24378733
23675998
27235291
25423242
27380610
27307015
25049357
28544161
25298721
25878960
28963847
29099950
27194561
28293135
26436815
23816143
26224588
26675981
17089820
26566249
29727201
26276514
26265161
26446731
20954965
30298384
25170941
30388790
27668752
31002623
26191058
26946524
30326236
27770416
27668503
26878255
30804971
32026320
33748378
29722704
30362343
32836509
32552925
30669636
31719942
23510683
32138975
27692905
15267026
32532668
33831495
30991060
31170299
35892152
34373729
31896526
35530995
35666094
33383108
33643344
34037796
37196020
33036920
21513477
36747914
37331845
36285021
36588102
38230773
38922654
38212182
36649572
38463220
36598712
37822206
38511943
37244167
38186961
39332684
40747691
37481387
37316562
40669581
37952737
38112010
37585181
39640913
37425888
40007936
36998724
38391253
36770328
40557984
37174124
36319209
36634548
34921965
38429592
36365398
37111834
35810959
36301641
14286386
14473697
14956093
14270805
14686791
14417892
14663298
14684233
14630246
14660509
14831715
14565340
14817428
14731322
14722649
14600580
14994347
14651869
14997402
14816033
14849555
14976562
14705010
14713338
14866485
14538682
14830465
14461733
14835121
13839288
14911405
14818200
14591430
14664090
14829246
14667729
14700194
14964680
15117175
15036126
14969322
14914695
14733327
15066545
15257580
14885840
14979507
15168540
14417539
15003162
14661021
15110173
15150789
15184271
14922273
15218828
14727678
14361296
14752290
14988934
14517626
14987617
14535348
14628490
14657762
14405709
14493957
14320725
14000577
14630948
14348427
14552868
14286422
14859515
15279306
14710610
15349056
14855381
14774883
15000072
14938506
15072190
15041020
15302200
15304622
15462368
15072949
14956508
14834792
15148682
14665704
14784017
14937874
14881337
14759502
15019986
14791289
14932113
14722903
14894909
14856225
14925865
14657291
14935157
15070159
14640075
15086172
14655920
14644799
14863708
14118190
14683716
14603258
14880549
13947276
14816050
14593724
14088851
14691648
14218299
14721343
14207679
14419781
14673604
14261273
14091694
14295127
14925427
14564999
12660538
13511702
14242081
13856608
13382223
13677905
13941967
13772036
13049462
14312547
12948408
13147650
13484137
13508182
12676439
13437075
13636488
12834147
13754910
12414621
12157870
13316343
12610888
12747677
11537860
12132468
12136780
13407694
12574939
13014820
13014589
12716646
12790683
12056537
12174184
13765131
13975073
13447683
13303491
13693851
12276148
13088200
13712697
10208300
13646635
14231436
13585217
13357147
13893539
11759644
14479108
13170170
14845195
13297299
14424975
13318158
13262351
13846393
13398298
13897022
13590347
14325012
14109968
14591459
13985115
13709301
14569756
14602101
14479640
14523564
11743003
14546408
13575295
7913067
14113398
14697931
14062036
14317765
14370093
14806467
14216266
14815891
15156599
14448291
14724111
14876165
14286625
15146983
11435483
14407933
14217224
14495055
14223667
14442812
14276061
13968565
14576358
14296207
14220926
14439979
14493160
14530458
14606157
14274508
14169429
14428919
14450819
14212590
14560404
14496118
13965148
13912175
14204452
14163554
14488185
14632904
14555391
14109156
14476488
14661151
14477489
13332503
14284466
14345251
14383848
14296714
14339697
