42111453
39175455
38539011
42272439
40713718
41015827
38417022
38309149
39711231
40244563
37234820
36957123
36920231
39600459
37502175
38983833
37987032
37147635
36415795
37395997
36570954
37580720
34504114
39606587
39367125
39302503
37260605
41276215
38841218
38971453
39605055
37760564
39689182
36927735
35322422
36891282
36511536
38898395
37930852
36800867
33842388
38221747
38171164
33063483
35898414
33768962
32398772
35062796
33578860
34732960
37056577
37376773
34981303
37674397
34618885
37013741
34445561
31303745
32447085
33003893
31181161
35097104
34683949
33340737
32914934
31143131
29065301
30875680
29847600
32223922
31645099
30932325
29045778
34548760
37742426
31924443
34375120
33152501
32451969
34940843
33988774
35940569
35832965
34419677
34588800
37598175
37515119
38674282
37507540
36254628
34383169
39748875
37776614
34723251
35473834
37422694
37501734
37984284
37462786
33263033
36593931
37276107
35802218
35847371
34292057
31524006
35021025
33394073
31348618
35001783
31234085
31701996
34331097
31849601
27940871
33917638
32999398
29871007
34187757
32115386
32605897
28507121
29940787
33546808
32538931
28469123
31761451
35551711
36820918
22487412
27952089
28949141
32425337
25596651
27581876
28944156
26992953
25872369
32106953
24581414
25275861
29295487
28229583
23777297
25570255
28423088
24327603
29101150
23181985
24179164
25938079
26080808
24175551
21073873
24253694
23563457
27120200
25263191
27278504
27191056
24924769
28433818
25181647
25759447
28853986
28992882
27096953
28186907
26302161
23698884
26124900
26554761
16952201
26464425
29663531
26164394
26130819
26326907
20796600
30209552
25051495
30289692
27569170
30906522
26077433
26821662
30235663
27663540
27551465
26769459
30725209
31929851
33672697
29633698
30270280
32752562
32477207
30564933
31634278
23445602
32075831
27565953
15211241
32421259
33759690
30897064
31042917
35826260
34312875
31784846
35464290
35602696
33305811
33551236
33969592
37122423
32962803
21370552
36692927
37279295
36214442
36508164
38164544
38889509
38153333
36593355
38414995
36529001
37768012
38450524
37180396
38131508
39295470
40705086
37430698
37251157
40631128
37898756
38058252
37541445
39583181
37397566
39957086
36939464
38331359
36714626
40519327
37132389
36235124
36579430
34862990
38363365
36288750
37038905
35745380
36248292
14286635
14477960
14960033
14268871
14686793
14420947
14661806
14684422
14628162
14659177
14829384
14565161
14808255
14728664
14722560
14604278
14986528
14644518
14990811
14817581
14845988
14974596
14694497
14717951
14864955
14533782
14834498
14465754
14836203
13843427
14912586
14818567
14591956
14662327
14818274
14664762
14696173
14964120
15117468
15038730
14965759
14914224
14731245
15054422
15253239
14886032
14966992
15164843
14406822
14986217
14657812
15111057
15148915
15182988
14915924
15221829
14720317
14339746
14745139
14979432
14501479
14983209
14526730
14615293
14647847
14389708
14473216
14303925
13983296
14625472
14334335
14541184
14265442
14851687
15279244
14698176
15342929
14849332
14764239
14997647
14938701
15068450
15042263
15299323
15302005
15467744
15072513
14957846
14836392
15140722
14654155
14780899
14935551
14878028
14755190
15021941
14791135
14929898
14725143
14884984
14855958
14925246
14651657
14928738
15064738
14625609
15082114
14648597
14634491
14859365
14104040
14672031
14605654
14870296
13922057
14804524
14581067
14063456
14678072
14204107
14708329
14185787
14404053
14662888
14245439
14064298
14278804
14921284
14562992
12614261
13482012
14219961
13843821
13341557
13654095
13926487
13751341
13017850
14296642
12913212
13112837
13470115
13487104
12635908
13400001
13613145
12792936
13732170
12369282
12118604
13288528
12580233
12704749
11487507
12095624
12095555
13376856
12528507
12987305
12991244
12673681
12769328
12025481
12141432
13740450
13954641
13422947
13279082
13658762
12235763
13058007
13678661
10140687
13620887
14225016
13555738
13317785
13861328
11696273
14463198
13126821
14832117
13271596
14412433
13285225
13232756
13828907
13374614
13861977
13564053
14317669
14102979
14584903
13963234
13692777
14563821
14600434
14461277
14512561
11734181
14544501
13542555
7894751
14092540
14700290
14048312
14297809
14367927
14804939
14197749
14822070
15159019
14448852
14727118
14881431
14287157
15147913
11381891
14418547
14221608
14496077
14225771
14449054
14285564
13965733
14579578
14303201
14220050
14441222
14500865
14537814
14606451
14288108
14176250
14439968
14461115
14224043
14568454
14504169
13972689
13915518
14215471
14172061
14494452
14640173
14566882
14123763
14492961
14666925
14485272
13336803
14290837
14341524
14394448
14307972
14348252
