42204608
39452318
38699531
42336862
40864048
41219789
38632485
38596462
39928667
40417250
37539841
37483732
37361603
39808032
37920148
39200394
38585452
37598550
36909973
37735792
36948423
37952264
35071553
39807732
39592284
39709500
37638957
41471644
39083758
39329917
39856004
38132828
39967964
37379032
35888813
37270719
36875860
39209603
38153328
37113961
34456734
38454107
38545070
33713676
36289430
34370697
33140824
35542908
34203586
35308048
37345230
37633090
35459230
37907632
35081740
37326178
35050898
32049619
33209323
33610596
31983694
35470043
35123418
33884430
33505673
31871544
29923865
31606407
30680471
32777154
32245635
31592131
29829057
34902034
37989970
32527140
34886346
33626312
33021065
35348299
34485934
36284453
36142038
34750422
34984174
37790841
37701149
38803418
37715661
36516734
34886526
39955185
38066940
35163490
35875835
37626347
37768639
38142166
37670307
33800972
36840671
37530984
36066032
36107481
34671876
32097960
35282495
33890985
31830664
35235805
31728106
32254881
34711574
32384943
28809711
34286505
33492809
30488985
34602155
32676073
33103082
29278162
30547138
34028081
33015328
29194064
32255942
35791736
37022578
23528741
28626655
29550806
32829747
26486880
28249924
29504553
27723368
26617273
32485610
25508053
26018578
29801762
28820686
24623560
26393560
28980517
25232108
29684922
24097655
24952277
26632788
26847331
25060874
22114578
24949419
24345158
27745614
26181781
27967675
27925654
25725568
29020603
25983592
26532168
29462293
29517639
27631828
28758912
27004176
24382458
26758440
27173719
18015634
27069615
30014098
26815896
26891544
27024275
21774023
30686160
25825752
30707721
28099075
31374617
26749160
27489412
30720179
28256763
28121419
27369317
31134897
32286861
33920340
30067472
30693011
33053093
32733220
31027928
31998181
23950107
32314160
28050038
15557521
32861182
34059956
31309529
31594168
36042008
34543927
32261030
35658310
35825178
33595227
33883763
34202863
37310459
33249568
22417071
36877412
37489589
36418008
36765061
38283615
38987529
38348020
36780138
38546069
36787655
37947885
38604909
37361194
38289877
39396094
40752064
37599553
37444713
40697728
38087235
38167912
37700312
39655911
37514773
40066102
37117335
38394369
36903766
40583735
37285662
36520768
36809858
34947963
38411125
36532914
37270144
35984798
36447815
14158689
14382717
14819700
14141816
14561284
14310399
14543905
14572278
14529199
14526394
14710484
14524733
14729657
14601377
14646881
14481349
14943140
14594622
14915561
14703614
14770921
14873627
14673653
14592193
14735118
14446551
14720443
14335650
14715776
13781780
14780419
14719328
14484035
14594051
14807066
14588236
14619095
14852434
14990989
14934015
14942644
14779701
14643347
15057151
15157121
14872038
15011762
15083705
14446577
14968191
14579025
14981771
15089837
15059793
14856349
15105410
14737615
14420856
14777889
14974957
14610206
14908230
14497552
14616037
14642887
14480723
14607941
14406243
14105769
14638590
14364362
14601121
14377706
14774827
15171143
14713377
15290692
14812777
14784704
14929950
14901550
14975735
14946994
15223360
15225369
15342467
14960371
14840657
14729766
15049984
14637150
14669484
14844626
14822285
14719254
14912268
14704321
14801468
14644599
14873255
14772350
14846698
14588391
14840452
14996783
14654492
14992869
14631521
14648492
14767610
14115211
14695594
14560444
14884755
14101990
14738300
14573974
14160510
14644999
14264260
14733568
14317763
14468708
14663183
14248292
14190311
14319075
14829021
14465151
12991556
13615845
14304505
13859014
13604058
13787837
14006887
13905489
13212024
14272900
13186450
13310530
13534554
13597221
12897242
13629338
13710351
13070552
13826486
12682584
12347199
13467273
12768680
12977885
11863584
12292964
12339423
13512634
12785943
13147788
13158414
12895283
12892948
12251069
12353859
13838964
14009912
13540118
13388964
13837402
12432639
13215046
13818088
10626356
13751309
14232068
13693872
13498995
14030326
12073283
14499861
13353206
14837250
13386860
14429044
13449954
13395152
13886562
13513014
13964466
13683527
14327825
14102577
14545919
13996231
13716672
14514333
14548228
14488761
14503800
11820356
14492226
13616462
7984121
14107959
14644595
14066634
14339672
14300688
14748756
14221857
14729456
15084439
14402771
14671937
14800678
14229505
15086792
11761679
14330727
14153011
14424964
14163642
14351811
14188262
13901900
14494298
14217179
14177967
14357635
14422649
14446519
14519906
14190435
14075067
14353526
14374392
14126248
14485554
14408389
13901064
13821273
14121060
14088177
14412196
14530811
14476291
14027351
14409192
14591246
14419303
13248296
14180452
14293707
14324380
14233417
14266181
