42260242
39354151
38702183
42428921
40886353
41193661
38596717
38515072
39904527
40422619
37444371
37231579
37169357
39790469
37749143
39173225
38283747
37386704
36662977
37609581
36803593
37801507
34783249
39789072
39553812
39550669
37491370
41457880
39022599
39187091
39820530
37979664
39888481
37164827
35616295
37089134
36714850
39088630
38107046
36986447
34095106
38407298
38385942
33308332
36101919
34010337
32694238
35284929
33823083
34997994
37235293
37545922
35190562
37832169
34820928
37197574
34665153
31539126
32683257
33227525
31435113
35260728
34864754
33545022
33133387
31385843
29322996
31084029
30092606
32414941
31836254
31130899
29254503
34717571
37882646
32093336
34552192
33329059
32631231
35098939
34153020
36089739
35978713
34553894
34744324
37718572
37646599
38798000
37635511
36398329
34543969
39886566
37924624
34861917
35621317
37529864
37625300
38101132
37610664
33429399
36721635
37418007
35920875
35983622
34426887
31662544
35136822
33547571
31480662
35119145
31366732
31830543
34440524
31967389
28062904
34044647
33119071
29967383
34323734
32240931
32715981
28620706
30035881
33643485
32628303
28561531
31851340
35663321
36924405
22548457
28048801
29028029
32521696
25661002
27663772
29015189
27049722
25948250
32225269
24644512
25317163
29352867
28307906
23808035
25591146
28484619
24347515
29170367
23214688
24191659
25984310
26125040
24184454
21068735
24309545
23567818
27173754
25283602
27321597
27215910
24956813
28497314
25212554
25790905
28914193
29057821
27158504
28246454
26342039
23722712
26156283
26599128
16855360
26506852
29775212
26183324
26121083
26350826
20725971
30296238
25045331
30406230
27636966
31010797
26125282
26835853
30325362
27694704
27625672
26815621
30849879
32074858
33840073
29726096
30402496
32910586
32662662
30665934
31781490
23885584
32316836
27339019
15327705
32580689
33983176
31069486
31175014
36086265
34554418
31963026
35729971
35860281
33551783
33795399
34235396
37462310
33193768
21322575
36999504
37603668
36544271
36807576
38542177
39269459
38515480
36922461
38771384
36830660
38130809
38816831
37538153
38516885
39733742
41163343
37826297
37669224
41103188
38265751
38489025
37972244
40079669
37851984
40319728
37037534
38594349
37111634
41008935
37565882
36620777
36987467
35109754
38508647
36706114
37522047
36161507
36716212
14272598
14470077
14941792
14254108
14674760
14409042
14657665
14681405
14633600
14649979
14834327
14583618
14816561
14722584
14732842
14600889
15004281
14659168
15004578
14819691
14862752
14980784
14724606
14710057
14867723
14540454
14833864
14449569
14835176
13855846
14907793
14824552
14596904
14671312
14859480
14675405
14712279
14970567
15113255
15045461
14990253
14915925
14736297
15088491
15264583
14916904
15018268
15180357
14445353
15024500
14668877
15111369
15166800
15185384
14935934
15229458
14754315
14385937
14778357
15010058
14560571
14996514
14552170
14648704
14677034
14441007
14533621
14347389
14038175
14661237
14373618
14581686
14316161
14877762
15288503
14726755
15363220
14873164
14802058
15015179
14962034
15080566
15056307
15316791
15314130
15476387
15079114
14968448
14850133
15159702
14680969
14795843
14951058
14894873
14776947
15034450
14801845
14946654
14743640
14911620
14873399
14950476
14678431
14946980
15089435
14660425
15099839
14676261
14660681
14881832
14133971
14706445
14628330
14896131
13957816
14838909
14610849
14092585
14708905
14239160
14738847
14220524
14435701
14691424
14273649
14089228
14308389
14952677
14589559
12639654
13510339
14247567
13873053
13369196
13680877
13957446
13775655
13047476
14333564
12936300
13130042
13494545
13513919
12656578
13409637
13639147
12801894
13762023
12387606
12132153
13312439
12601585
12715275
11483356
12114918
12106966
13406699
12542150
13009827
13010052
12698459
12797495
12037360
12157889
13774132
13994945
13453514
13309450
13679002
12256930
13084717
13714594
10094443
13648907
14287383
13586604
13331959
13885245
11670569
14512409
13139471
14896231
13312228
14475943
13314040
13256352
13883061
13396785
13913048
13600648
14386593
14171731
14658664
14025676
13763247
14653066
14695005
14526227
14589351
11943195
14655077
13493291
7971831
14176969
14801619
14135926
14374034
14473751
14916104
14288537
14939644
15272226
14556028
14843811
15003694
14400610
15273221
11367083
14531421
14332021
14618535
14332566
14573250
14409432
14084077
14712315
14416502
14333842
14573550
14622642
14670733
14747488
14417354
14308060
14571793
14609117
14355424
14704056
14641812
14111652
14059357
14366988
14289775
14566020
14743959
14720242
14255646
14634319
14815719
14632727
13450118
14368023
14489684
14552723
14458140
14506834
