42140935
39222784
38592566
42284250
40755825
41076762
38460700
38379595
39763556
40295742
37303215
37049580
37017224
39667946
37609666
39048116
38134644
37259369
36523597
37489318
36674871
37664146
34618113
39676184
39441872
39415310
37371349
41331672
38905732
39076498
39694472
37835679
39765017
37042249
35468919
36991194
36609521
38968312
38008043
36881317
33974558
38292654
38260501
33174425
36000367
33886820
32560272
35170899
33722680
34865713
37136290
37445179
35074332
37738216
34698906
37089129
34549708
31438797
32554193
33119753
31305307
35175838
34781236
33442589
33025959
31276780
29216670
30968342
29977936
32318083
31740709
31036660
29164950
34615385
37815331
32006704
34470885
33240908
32542397
35018183
34061624
36010937
35892255
34478012
34683301
37645909
37589858
38729907
37563519
36333546
34461655
39808905
37856564
34786428
35546791
37454128
37564293
38039381
37530652
33348973
36670715
37334013
35855606
35906501
34366655
31580700
35082277
33474393
31422911
35068181
31304202
31773189
34380443
31923217
28017795
33995318
33054933
29931437
34275227
32179177
32668426
28588117
29983606
33611253
32613273
28529035
31822446
35620985
36894776
22533297
28019960
29022315
32498132
25652981
27633690
28996567
27041367
25929808
32207694
24641478
25305724
29358814
28295633
23808060
25600324
28494462
24366112
29155814
23225932
24217538
25999250
26140882
24216161
21102200
24320590
23610516
27179624
25315302
27338614
27252134
25003670
28511629
25237115
25842095
28953994
29101071
27198865
28287376
26393820
23773431
26207623
26647689
16926958
26563014
29793818
26231422
26199300
26407246
20798700
30327367
25110795
30449804
27689951
31052511
26182775
26916095
30371940
27769845
27688453
26880770
30908112
32120806
33874032
29795994
30456742
32969539
32721260
30728202
31841053
23972408
32361777
27394036
15382011
32642595
34054210
31141315
31262565
36135029
34606659
32040260
35764369
35918236
33590167
33864141
34283182
37493934
33252157
21380406
37065103
37651778
36602710
36880167
38584278
39306802
38565806
36990335
38826773
36910834
38170294
38865357
37615444
38586094
39782873
41191742
37873499
37719144
41139817
38329839
38536487
38000234
40126641
37917169
40361072
37100391
38625126
37177177
41059674
37621563
36695306
37077149
35160697
38521091
36760441
37581521
36237668
36770622
14264620
14463818
14934361
14247556
14667193
14410279
14645129
14665474
14619788
14640914
14820474
14562561
14804343
14716338
14719326
14590577
14990191
14646460
14989149
14811738
14844790
14968956
14699510
14702701
14854905
14533822
14820861
14445581
14820456
13847346
14899518
14812872
14587720
14663360
14836763
14664395
14700832
14954471
15108812
15029690
14975636
14906713
14727916
15067552
15252200
14891862
14989265
15166048
14425212
15000577
14658463
15098788
15144306
15176251
14914653
15220100
14733195
14363203
14757065
14993291
14528955
14981848
14535759
14630184
14660042
14410355
14497793
14323853
14012205
14637184
14349189
14557664
14287988
14854456
15278721
14710117
15353653
14856305
14778188
14998946
14941310
15072190
15039957
15305232
15307644
15463125
15069695
14956522
14832081
15149515
14668117
14784416
14937956
14886146
14762702
15022235
14796212
14938524
14733009
14892188
14862995
14928834
14658944
14937479
15070660
14639452
15091747
14659404
14649449
14867608
14120364
14689255
14611226
14887220
13943346
14825889
14597991
14080064
14696986
14223031
14727256
14209365
14418387
14680139
14268052
14077976
14300295
14942327
14584398
12634572
13497120
14244352
13865506
13365366
13668197
13942965
13769201
13037446
14325869
12937654
13126525
13489513
13508018
12652299
13412665
13638275
12807102
13756377
12383023
12137102
13316402
12605097
12723832
11498561
12118643
12121332
13403929
12547139
13009933
13018812
12710371
12796467
12044875
12175348
13785579
14002480
13468915
13317864
13699216
12277331
13100764
13721078
10128129
13666063
14286517
13598214
13352452
13906582
11698197
14513044
13157146
14902496
13323011
14477410
13339992
13274931
13885125
13418155
13928821
13614812
14394696
14176003
14661652
14040470
13769104
14657335
14694563
14537433
14594472
11964142
14651270
13502188
7989521
14180185
14806175
14142489
14389419
14473892
14913082
14298174
14930474
15271958
14556967
14842471
14998264
14395870
15266907
11389615
14531105
14325890
14618043
14333885
14563752
14406709
14080319
14707697
14414561
14337527
14569802
14617571
14665341
14738037
14412313
14298865
14563841
14597331
14345989
14694030
14638812
14104927
14046012
14357725
14280003
14561050
14730843
14714611
14248429
14630753
14812393
14633677
13444176
14353268
14486362
14547867
14458818
14496975
