42115393
39182356
38557074
42269823
40730022
41054721
38445736
38372015
39747552
40259883
37277394
37050929
37012437
39651261
37572600
39023029
38104524
37229758
36506041
37466663
36657132
37638661
34592751
39664520
39419130
39394740
37345484
41338350
38908815
39058278
39681386
37828266
39746636
37010768
35440706
36965188
36588118
38961944
37993784
36871764
33945435
38274535
38246791
33159960
35990757
33871374
32538491
35166799
33694303
34847952
37112998
37445587
35067025
37729492
34696432
37090499
34539452
31409339
32555303
33112628
31308082
35169129
34771515
33445114
33031154
31273392
29197127
30995138
29971067
32324250
31745968
31042232
29166988
34624759
37810706
32024830
34457412
33249960
32545283
35021600
34077837
36026719
35906183
34491445
34697903
37649992
37603632
38741785
37582341
36331684
34475927
39815076
37871165
34815975
35564369
37481235
37566846
38054996
37562980
33380564
36682799
37377665
35877106
35934925
34391733
31634354
35102012
33499857
31457884
35097836
31340469
31810546
34406143
31962107
28068602
34031003
33096921
29971190
34315687
32216570
32705641
28629392
30054206
33654033
32640974
28572149
31871178
35654657
36919241
22600458
28067417
29068432
32553878
25718012
27708052
29068225
27105078
26000523
32245227
24717005
25386328
29397824
28370275
23888930
25675834
28551436
24449363
29234988
23319813
24304458
26084698
26210096
24300046
21194935
24384373
23688663
27277266
25412765
27433979
27346731
25089966
28591681
25352503
25933552
29041019
29183763
27278983
28375046
26484522
23854184
26314258
26741460
17044005
26645547
29875621
26336911
26314211
26524605
20941102
30427954
25245658
30552310
27791222
31157799
26291674
27016804
30476875
27871023
27802066
26985829
30980274
32234082
33955655
29911856
30540975
33068052
32792297
30836890
31940781
24066377
32446917
27508810
15449702
32766812
34155725
31238946
31383728
36229527
34690020
32155591
35873650
35997378
33699966
33956770
34384857
37594523
33344259
21504086
37157700
37742296
36704324
36966404
38665891
39402060
38654382
37077276
38914643
36996863
38266299
38959477
37708360
38658132
39840462
41282963
37962511
37792052
41224064
38435184
38614752
38105427
40191757
37982020
40415429
37180772
38692387
37256720
41121574
37708155
36802756
37165704
35226683
38602433
36873410
37688224
36332699
36859246
14268891
14457230
14933920
14250721
14670759
14407485
14647637
14672993
14619648
14643051
14819801
14562471
14807343
14716481
14715302
14591221
14991242
14646301
14989389
14807929
14843081
14966477
14697163
14703412
14854801
14534300
14824524
14450102
14827347
13848132
14901874
14811138
14586022
14659482
14832083
14665362
14700771
14959629
15108324
15036403
14975322
14904005
14725871
15062911
15254130
14893827
14987909
15165981
14422090
14998056
14657188
15101931
15147433
15180373
14917856
15216933
14731171
14362742
14757380
14988610
14529876
14982870
14536452
14632884
14660182
14416395
14503826
14323359
14012743
14639659
14354943
14561036
14292824
14859074
15282147
14713194
15347114
14854986
14780203
15002441
14950940
15081576
15041173
15305943
15309737
15460884
15075397
14957244
14839935
15147111
14667255
14785906
14940282
14886695
14766401
15027871
14794458
14937547
14735165
14899252
14866167
14935671
14663096
14942269
15080913
14647807
15091681
14664784
14656833
14877458
14126336
14695425
14614503
14891997
13957108
14831662
14604008
14089406
14699682
14227206
14736925
14225288
14433421
14686514
14268616
14091212
14308372
14945486
14582854
12663472
13518130
14256685
13875085
13386753
13694923
13960555
13786639
13059913
14334209
12961023
13157954
13504125
13531319
12682941
13438353
13654122
12837274
13769998
12422272
12167800
13340572
12628230
12755537
11531548
12141917
12151453
13428205
12575793
13040062
13039547
12739496
12817112
12078463
12198689
13803135
14023176
13490276
13346799
13727115
12302472
13130423
13752079
10181930
13693256
14302183
13625559
13385759
13937629
11758712
14537295
13203441
14919054
13352413
14495776
13368120
13307749
13912340
13449524
13958479
13644260
14407637
14192202
14668229
14064102
13787004
14669888
14705482
14552793
14613840
11987084
14666980
13534032
8011997
14206623
14820335
14163106
14413704
14477044
14923750
14311023
14938529
15270569
14568286
14854032
15006802
14409096
15279004
11435299
14533847
14336354
14623719
14337565
14574065
14404290
14084174
14714361
14419690
14346595
14574306
14623436
14665525
14739386
14409584
14296991
14569991
14597563
14351004
14698868
14637964
14111040
14049935
14355265
14279465
14567250
14722161
14709803
14247076
14631751
14817998
14637327
13447172
14352043
14499925
14553015
14459857
14500300
