42194484
39403998
38685739
42339577
40862081
41202929
38596005
38567935
39917948
40422265
37508554
37409779
37311715
39816177
37872788
39180644
38512170
37554151
36847647
37690682
36921606
37925232
35009259
39818405
39587108
39669713
37604890
41468144
39076166
39301189
39834219
38095194
39956603
37322156
35831268
37248164
36837639
39178414
38142349
37081876
34378639
38438316
38515429
33603166
36263787
34271473
33058449
35472946
34117640
35243062
37312064
37618859
35404739
37907716
35004855
37309665
34956977
31917371
33071937
33517213
31841281
35442817
35062731
33805380
33440272
31766984
29766955
31485821
30526304
32698810
32150082
31479243
29676876
34864176
37974759
32419611
34798780
33543924
32910416
35295170
34403698
36247334
36099582
34705515
34955709
37798375
37703691
38821126
37700731
36508365
34804721
39934375
38035004
35100645
35822910
37604209
37726692
38150070
37674581
33698661
36836807
37528156
36043087
36096745
34626954
31963865
35257885
33808459
31760611
35231187
31629896
32141756
34646219
32289822
28584791
34241343
33399028
30345184
34547953
32540877
33014530
29093122
30414829
33925417
32904999
29041271
32146395
35769647
37023361
23242935
28479078
29406456
32761756
26242386
28099292
29381314
27523046
26425322
32429568
25234468
25819074
29684709
28675259
24381540
26146149
28861289
24983929
29543287
23830183
24741414
26469188
26647687
24810777
21784352
24780773
24140976
27600963
25947048
27810340
27741698
25522003
28914640
25767475
26336681
29348908
29446153
27545909
28656140
26839323
24215709
26628193
27068201
17639031
26963558
30019662
26677572
26705932
26857935
21474538
30626739
25631694
30713762
28039982
31360372
26622746
27365752
30715057
28191980
28047821
27266879
31147833
32343709
34040342
30075171
30705979
33170356
32868833
31025622
32053416
24248558
32495843
27743471
15594790
32920211
34219629
31390213
31597343
36248470
34736636
32324849
35892311
36039914
33763418
34049348
34410252
37575590
33423260
22077695
37159016
37744718
36678648
37007544
38598869
39343229
38605446
37075834
38882298
37034716
38245976
38923955
37677418
38617924
39744583
41169687
37923268
37766094
41097674
38398409
38537975
38036797
40078594
37905232
40339511
37174064
38593215
37210669
40989073
37624309
36792033
37121129
35158059
38509494
36844784
37624563
36292705
36772874
14181624
14400563
14847517
14166181
14588166
14331629
14569649
14595362
14552785
14555028
14740484
14539470
14753454
14634300
14671739
14511031
14957291
14611796
14944176
14733431
14791549
14902053
14688849
14623219
14765513
14469949
14751013
14365468
14748071
13806706
14818287
14751665
14516505
14617314
14820111
14619055
14647198
14887840
15024148
14964414
14962008
14814853
14673821
15072732
15190240
14887465
15026587
15114796
14455218
14984906
14601167
15018593
15117963
15100294
14884548
15143679
14748548
14412177
14787149
14988023
14603004
14939047
14516302
14631942
14657891
14472864
14591404
14401366
14093206
14651950
14367811
14596928
14367168
14807330
15206249
14721323
15313464
14830988
14790064
14961419
14921884
15008935
14982770
15255136
15259610
15379495
14998332
14876494
14769889
15085814
14655829
14709514
14884783
14849298
14743228
14955991
14737814
14848406
14677824
14889902
14812515
14885243
14623031
14878688
15028172
14657969
15032112
14649052
14662080
14806718
14129220
14702675
14584340
14901274
14066633
14783003
14594869
14147589
14672637
14264098
14747619
14295870
14467660
14676846
14264165
14172561
14321386
14877777
14516535
12894290
13595506
14293974
13871631
13541140
13769037
14002073
13877412
13165643
14305503
13114735
13267828
13528877
13581630
12834587
13565093
13707947
12997849
13819475
12598468
12291789
13438163
12735235
12910560
11752675
12251909
12281383
13496337
12732770
13124525
13128576
12851350
12884734
12194784
12311624
13843619
14039256
13545088
13389882
13808700
12405247
13200511
13817652
10453524
13751779
14282832
13697207
13478137
14019701
11964214
14539016
13312919
14902478
13399389
14490530
13441931
13386659
13932658
13522685
13985351
13695203
14396377
14171764
14636819
14056228
13777133
14618716
14654733
14550128
14581058
11995216
14612595
13560449
8040112
14185250
14762959
14150116
14410498
14418439
14868938
14300623
14865031
15214066
14523056
14800507
14934505
14346806
15218234
11646923
14464550
14278335
14550005
14288518
14490236
14322552
14022131
14635680
14349580
14293488
14497380
14548518
14593165
14660869
14328244
14216821
14492070
14520939
14264682
14619581
14552532
14037599
13968252
14276858
14200954
14500449
14641341
14626526
14169933
14556001
14734882
14561674
13367935
14265877
14428977
14470480
14382242
14421097
