42098570
39343792
38590446
42236363
40755479
41115093
38515267
38463946
39816380
40332139
37431115
37344975
37242662
39700631
37784837
39094738
38454191
37485603
36791422
37620779
36846012
37845471
34929675
39727298
39485313
39591095
37531204
41394938
38984976
39221746
39753862
38025545
39864185
37256984
35775257
37174283
36771823
39102078
38068363
37013842
34349083
38369638
38430443
33591166
36200861
34256822
33017772
35441731
34077916
35211948
37261878
37551738
35373112
37833337
34986141
37240105
34931245
31932434
33081322
33510554
31865668
35384490
35047863
33795801
33415056
31770130
29829947
31515137
30579252
32681632
32158560
31496085
29732139
34840612
37918677
32457793
34809874
33546791
32933006
35265954
34403282
36224140
36062260
34674799
34917636
37735505
37641641
38737021
37642698
36449944
34811012
39895931
38020683
35084233
35819049
37564050
37700567
38083320
37620274
33737202
36789267
37493388
36027709
36055906
34633274
32038010
35241446
33840523
31786928
35194507
31696108
32196878
34653721
32341254
28760317
34233999
33454949
30419088
34561606
32638427
33081625
29232855
30508071
33988686
32968590
29165397
32232383
35747270
36974139
23511574
28601319
29519725
32796730
26466805
28221504
29472975
27674623
26600110
32460352
25490705
26008964
29775368
28799334
24629249
26372470
28964412
25240125
29674141
24084719
24947934
26620672
26856116
25068951
22129060
24956266
24364641
27751071
26180999
27963910
27946535
25728323
29032237
25984153
26562837
29483393
29529128
27651648
28771694
27016293
24396067
26779894
27191970
18067096
27077521
30000870
26840350
26913968
27036310
21827422
30694596
25860857
30704405
28124116
31390049
26782695
27531686
30739793
28294292
28130923
27386652
31139271
32291335
33929674
30075104
30704631
33048804
32729948
31044242
31987576
23918232
32316875
28111808
15563635
32859599
34035232
31306229
31604614
36044037
34508008
32282850
35648114
35802040
33592958
33884790
34171962
37264146
33237933
22436309
36849565
37443297
36378379
36739812
38250472
38942605
38263803
36760388
38513372
36759140
37897746
38557853
37332610
38218731
39324467
40685792
37531121
37380926
40601987
38022654
38078111
37608626
39563073
37427049
39967656
37086841
38334789
36822745
40475779
37185856
36415981
36703150
34884331
38360988
36433421
37149885
35896315
36324165
14159517
14382412
14813990
14141786
14558482
14305504
14536553
14565928
14521721
14527574
14709007
14515371
14725020
14603614
14638538
14478006
14937999
14586999
14915539
14698238
14762389
14867977
14658572
14592305
14732451
14438843
14712847
14335637
14714828
13773058
14779675
14715106
14484740
14581625
14791976
14583307
14609663
14848962
14987605
14927277
14930434
14777850
14632432
15042903
15149500
14858292
14992305
15079577
14426751
14956965
14567726
14976056
15084870
15054445
14845445
15096587
14719205
14394941
14761830
14957952
14596163
14895978
14486395
14601068
14628414
14453605
14583948
14390522
14087282
14625888
14351193
14582859
14354510
14764970
15161733
14702041
15276951
14802534
14766697
14923238
14890063
14972448
14934872
15213084
15217635
15334260
14955820
14833562
14719517
15042654
14620589
14662290
14839951
14808422
14708422
14902821
14694554
14796492
14636890
14861354
14766547
14842901
14580273
14832317
14987484
14642644
14981393
14623686
14637397
14756656
14103991
14680927
14549312
14873774
14084535
14727954
14560603
14140692
14634845
14254491
14726732
14301732
14455949
14647502
14237717
14178235
14309660
14812542
14453722
12984738
13606411
14292022
13844235
13595030
13776574
13994636
13893693
13204169
14267155
13182574
13306811
13519356
13586382
12897418
13621273
13703888
13070340
13818607
12678707
12342955
13454758
12769579
12977179
11870647
12295788
12342115
13507480
12785324
13144772
13156690
12894745
12894116
12249221
12361279
13839882
14009892
13536598
13384697
13833694
12433080
13212816
13823018
10643595
13751295
14212624
13697166
13504406
14031185
12094460
14494268
13361700
14828139
13391785
14418930
13455729
13402716
13884935
13521203
13957083
13681498
14317416
14093596
14541287
13993158
13705265
14498913
14533858
14486458
14491507
11795693
14476173
13626199
7983567
14096526
14626966
14060156
14333964
14289129
14731012
14212682
14713432
15063215
14392625
14655795
14777878
14206643
15067640
11765972
14311318
14135775
14398633
14148340
14333195
14165641
13876708
14473390
14196724
14152283
14332229
14396719
14424813
14488952
14161922
14048358
14325103
14342553
14097701
14455841
14373530
13869658
13793274
14084020
14047884
14387201
14505372
14438281
13993784
14368578
14552790
14381149
13216166
14157446
14253705
14280913
14193144
14222063
