42121992
39350050
38619241
42272787
40773122
41130331
38538789
38495063
39848353
40354693
37440385
37336319
37239571
39738143
37793856
39137421
38432306
37477934
36773535
37630668
36864736
37858874
34932669
39749697
39510173
39585047
37542862
41403906
38999948
39226649
39781541
38014408
39853259
37248522
35756624
37164263
36768292
39118330
38077494
37010086
34287781
38384866
38438578
33516911
36177869
34216591
32984505
35408625
34042677
35177177
37253791
37559427
35340461
37826883
34947410
37235111
34875529
31841598
32983776
33439213
31753540
35370034
35009701
33732795
33369553
31702998
29698121
31405999
30438389
32636156
32086262
31412189
29606756
34781277
37906303
32342309
34715974
33481958
32843078
35212280
34337184
36157535
36027375
34636063
34892309
37721006
37644844
38741609
37642429
36422381
34728844
39870073
37967552
35014526
35759555
37541225
37667576
38084010
37601083
33636969
36754217
37457341
35982070
36025366
34550111
31903111
35188659
33725573
31671386
35158243
31569884
32070723
34588693
32208489
28502417
34150109
33320710
30274557
34465707
32454808
32930166
29005260
30329577
33862455
32838252
28947891
32075819
35703106
36931050
23134150
28384583
29326973
32679776
26153414
27998606
29290156
27437056
26324598
32357020
25150080
25730394
29607663
28571946
24277350
26064174
28772205
24865886
29456567
23724603
24652927
26368436
26559385
24714306
21675655
24681094
24056365
27506809
25826820
27717357
27638408
25410749
28818654
25667511
26227584
29254743
29357535
27449929
28564054
26742450
24105491
26521084
26980000
17532207
26855923
29936697
26579463
26612148
26763363
21348524
30560549
25516987
30623440
27934088
31262958
26524840
27233330
30595410
28068752
27946428
27150792
31043012
32273546
33939256
29978691
30613893
33077040
32785376
30915938
31971995
24146438
32393035
27659804
15519164
32816557
34112645
31261602
31485675
36156112
34616003
32198845
35790802
35924730
33656295
33930278
34291613
37477975
33311610
21949371
37031615
37639115
36573884
36890352
38490400
39234041
38507978
36954974
38766109
36922351
38148909
38812544
37566137
38522886
39653370
41069053
37810213
37665712
41003311
38280534
38425241
37928753
39968160
37801182
40220099
37062676
38514249
37097906
40883256
37521658
36669805
37001027
35068839
38418524
36715204
37517147
36176025
36670094
14178089
14398247
14841058
14157792
14584365
14323060
14563539
14586740
14544827
14550813
14731231
14530711
14742516
14624674
14661117
14504443
14947625
14600959
14935356
14723988
14785402
14899780
14676717
14617142
14764490
14462415
14748325
14362071
14744172
13794114
14810943
14742252
14511493
14609543
14810526
14605236
14638123
14877686
15018063
14957283
14946365
14809522
14665276
15053746
15177112
14878789
15008738
15103764
14438541
14972802
14595002
15009975
15107689
15083079
14871661
15135260
14731160
14399056
14765673
14976824
14583675
14929284
14506115
14616981
14643984
14455598
14575726
14383241
14071956
14637695
14361711
14583506
14349776
14789736
15199927
14705625
15298593
14820612
14779184
14949605
14910785
14997291
14973502
15242300
15251586
15371404
14990849
14872450
14760433
15071732
14639010
14700303
14875132
14837027
14735100
14941117
14731082
14845504
14670347
14875046
14793800
14874298
14610964
14869888
15018879
14643065
15019974
14638422
14642726
14798709
14113884
14692903
14575764
14887668
14042777
14761872
14579972
14128577
14660325
14242235
14732136
14277327
14446523
14662546
14250454
14152466
14307553
14866563
14504467
12855262
13571947
14274968
13855742
13511651
13738640
13981050
13848165
13138702
14293766
13091762
13241150
13511703
13556797
12798077
13543537
13682942
12961827
13792442
12561940
12263514
13403280
12705873
12875156
11710043
12216933
12254590
13469002
12694011
13098665
13097323
12819008
12856974
12165852
12277978
13823196
14018695
13515552
13364499
13782028
12364530
13169447
13789078
10406535
13718974
14264135
13664963
13448992
13983033
11916837
14520993
13277005
14877584
13370865
14469558
13415958
13348163
13905850
13485034
13957821
13662550
14371428
14155908
14617753
14030360
13754984
14608064
14640074
14527409
14568071
11962707
14592530
13538377
8012884
14164053
14746024
14121040
14384835
14404956
14851823
14275553
14852783
15196175
14503186
14784152
14918134
14334630
15196986
11602154
14448503
14262873
14543643
14270559
14479312
14314866
14013778
14622541
14344091
14279956
14486613
14543407
14580520
14652325
14321015
14207576
14485949
14507322
14260603
14612848
14545080
14023987
13959159
14263402
14193904
14489652
14636594
14614695
14155842
14540019
14722618
14546887
13357228
14263708
14415199
14462082
14367744
14406231
