41811111
38937320
38262651
41965911
40425710
40764740
38176010
38104135
39468199
39998988
37027147
36848674
36789042
39378298
37356356
38760807
37911894
37006452
36316882
37209794
36419004
37433846
34436500
39403640
39154129
39152992
37112373
41048232
38629313
38810569
39404129
37603205
39480459
36788562
35269905
36759845
36359922
38721254
37742243
36643035
33799554
38035402
38028365
33027783
35763583
33712307
32426359
34964046
33550501
34686383
36888607
37216541
34892890
37479428
34516212
36865862
34390696
31305343
32440702
32942046
31216727
34967665
34574355
33276321
32887253
31155276
29135495
30891527
29891093
32178425
31632121
30923845
29072682
34425396
37570770
31877038
34307059
33069084
32388878
34820920
33887964
35795951
35681350
34281958
34486855
37413071
37327355
38463338
37319624
36082247
34308279
39551931
37630813
34614648
35356408
37218183
37316884
37778848
37283319
33195670
36434814
37117163
35655777
35684852
34168538
31462631
34862523
33324693
31258910
34840194
31145433
31636187
34223526
31775680
27972130
33819973
32915324
29830953
34097955
32052484
32546428
28508119
29895030
33475483
32458623
28477387
31686087
35413547
36656701
22573443
27955680
28921431
32323754
25657206
27576622
28897515
26992210
25898477
32054872
24640168
25287674
29246272
28204638
23828968
25586456
28404383
24361400
29094888
23256223
24207420
25976918
26105704
24238212
21168269
24273993
23611141
27117764
25340284
27296079
27231092
24982759
28449724
25238521
25828267
28894657
29025401
27120133
28207360
26358836
23750598
26165286
26629473
17072273
26515838
29662193
26232536
26239674
26405312
20903445
30263028
25143856
30334109
27645369
30955115
26193907
26910276
30304023
27743003
27639647
26849164
30789254
32013356
33719828
29710523
30355418
32837714
32552823
30639133
31727196
23901266
32194722
27368491
15343829
32556734
33875011
31021011
31192075
35961345
34429569
31930197
35578561
35732330
33448012
33727674
34099354
37289847
33089783
21488434
36857415
37448676
36392455
36683224
38349724
39052913
38357105
36765411
38593012
36712523
37960802
38644739
37394828
38352433
39499067
40929850
37649916
37493527
40867243
38132591
38275051
37778602
39843857
37644885
40076720
36889965
38363587
36943033
40760832
37372235
36492269
36846713
34938775
38260922
36555880
37357012
36012111
36519381
14188416
14382583
14843512
14173756
14582392
14328511
14555241
14582655
14536092
14557779
14729154
14492625
14718307
14628670
14634036
14500923
14916933
14564830
14911001
14721716
14758112
14884069
14623047
14617432
14765126
14453726
14737125
14369157
14740685
13769677
14811674
14729600
14507541
14581532
14756482
14582256
14611967
14877977
15017289
14944569
14889781
14814105
14653068
14992132
15157127
14816009
14920917
15076027
14358041
14922166
14576660
15007142
15066117
15083045
14835444
15123620
14663707
14300242
14689551
14908136
14477301
14892121
14455066
14552781
14585766
14354368
14453135
14274568
13960151
14565999
14282856
14494268
14232748
14767692
15192021
14635754
15268798
14773890
14702636
14912855
14865245
14981961
14947162
15214838
15215420
15371467
14980069
14870138
14745831
15057326
14591667
14703408
14860472
14804158
14690345
14937200
14711845
14841216
14651155
14821454
14776865
14852196
14583842
14852213
14989067
14573099
14999262
14590992
14573190
14778575
14042395
14617940
14539665
14813009
13906802
14742623
14530270
14026557
14621119
14169550
14667525
14158653
14361066
14611743
14198375
14037925
14234228
14853625
14496338
12649065
13464053
14183584
13794318
13353897
13632168
13890702
13725879
13013216
14251512
12924223
13105522
13434161
13462002
12647152
13393319
13590279
12797536
13711114
12390007
12124304
13291959
12579228
12720558
11520009
12088370
12107586
13365893
12547074
12980536
12987115
12685636
12762503
12038072
12159248
13739246
13945326
13422645
13275121
13667705
12252889
13068923
13695952
10195536
13626750
14211542
13568520
13343220
13880216
11740917
14467452
13154723
14828040
13289625
14414877
13318166
13259957
13844279
13396817
13885050
13583659
14328035
14118086
14587327
13983308
13707458
14579999
14610433
14475182
14533002
11905790
14571368
13467486
7952036
14123043
14723583
14075919
14333730
14392250
14830155
14232841
14846704
15183471
14480190
14766798
14908139
14321763
15178511
11427805
14446116
14252218
14535400
14257329
14479286
14316173
14003781
14620922
14335847
14263534
14481248
14536903
14577950
14653192
14322236
14215314
14479224
14512271
14260254
14615969
14546111
14022450
13966416
14266990
14198769
14479124
14643105
14617173
14162336
14541178
14720351
14545504
13358438
14264779
14409926
14456943
14365860
14408443
