42151944
39323316
38623089
42288400
40779893
41115563
38532702
38457083
39826983
40329860
37422753
37285798
37182775
39722332
37759990
39094161
38352094
37422863
36726957
37596231
36795452
37812655
34865488
39726918
39483056
39555470
37495780
41376434
38990784
39183486
39750244
37989611
39855201
37210748
35701359
37112129
36741808
39088077
38057960
36976579
34245405
38377060
38404864
33492292
36163696
34173341
32900030
35382356
33990148
35132191
37241894
37547761
35317352
37824579
34945810
37221763
34863027
31812920
32969965
33429496
31750740
35365237
35008646
33717440
33346569
31659594
29682073
31399296
30449453
32612891
32078073
31406536
29614076
34810742
37921305
32359404
34768696
33509730
32871224
35237925
34359967
36214661
36056629
34670919
34899740
37747898
37677357
38779762
37687194
36462428
34774151
39926238
38014401
35075073
35796594
37593599
37722575
38132929
37643218
33689279
36810135
37496616
36034066
36080732
34624707
31997317
35260998
33816879
31747044
35216128
31651913
32151240
34656781
32298902
28631126
34236242
33419545
30368251
34546791
32591483
33030446
29139519
30459834
33959748
32950399
29090345
32185751
35768816
37026007
23321267
28537939
29465398
32794939
26332644
28160889
29443727
27602139
26501818
32463303
25347977
25920612
29756522
28739176
24501997
26286086
28918841
25110622
29626448
23948131
24865161
26546854
26771776
24943178
21972934
24884901
24260444
27693500
26068653
27893885
27864996
25611713
28972094
25879590
26463265
29430483
29489412
27618860
28713856
26944673
24331959
26710615
27141730
17878311
27033422
30002839
26780347
26830744
26975868
21688974
30664170
25764788
30705266
28072963
31385208
26720170
27457017
30723700
28245860
28112320
27354151
31140541
32309164
33967520
30077153
30699034
33089372
32774456
31056373
32028222
23944442
32360156
28065035
15502476
32877948
34073850
31315793
31580858
36079974
34554687
32268800
35699978
35842641
33628763
33908903
34230392
37357276
33267682
22284356
36907213
37506291
36442603
36793830
38310431
39025086
38352230
36809333
38578706
36810905
37968032
38624222
37381826
38306181
39397533
40775541
37591597
37473646
40706921
38101999
38184034
37684389
39666297
37505200
40032952
37131080
38428655
36917805
40577088
37277825
36491232
36785465
34952055
38451349
36496400
37219164
35952532
36402565
14197614
14412069
14859326
14178194
14599765
14340455
14576064
14603402
14558513
14566342
14744922
14533813
14750375
14639345
14668499
14517835
14950451
14603881
14938985
14733415
14790415
14902571
14678034
14628314
14772146
14470710
14752757
14371555
14750575
13794993
14813338
14744696
14515927
14610013
14809820
14604850
14641383
14888444
15024513
14961466
14943359
14819174
14669143
15053161
15183396
14875333
14998826
15109220
14432793
14976217
14598316
15016271
15111995
15094496
14872462
15140214
14731211
14392187
14771606
14976429
14583066
14930495
14508312
14613704
14644935
14454425
14568286
14382148
14074890
14638908
14360178
14584856
14350416
14796695
15197844
14710941
15311245
14830225
14781962
14954470
14914120
15009603
14973826
15251122
15254100
15378723
14992861
14876922
14762933
15078906
14649885
14703149
14877001
14841865
14735386
14950953
14741853
14839506
14667657
14883336
14804900
14876706
14610468
14874723
15026376
14659716
15024029
14648626
14654627
14801321
14125076
14697930
14579703
14897245
14071281
14767065
14588726
14146647
14664219
14265600
14742036
14305093
14467642
14674033
14264759
14173438
14321239
14859909
14503069
12921769
13605555
14301652
13868610
13562536
13776693
14004397
13891972
13189775
14293091
13143812
13286407
13537519
13587822
12869115
13603119
13712829
13039862
13825804
12637439
12326424
13446380
12754329
12947921
11816770
12278001
12319621
13508836
12758863
13138044
13145734
12869747
12886382
12223374
12337402
13842730
14019642
13546346
13386835
13828700
12424901
13206902
13818656
10563952
13754493
14245864
13697974
13493809
14026737
12043182
14511133
13343268
14854203
13390005
14447173
13447753
13394420
13898459
13519584
13973884
13694695
14343898
14122990
14572653
14016330
13729516
14543759
14572715
14513352
14522394
11825317
14518179
13630890
7971267
14124782
14664942
14082367
14353134
14321614
14764005
14237464
14756298
15101268
14425431
14688903
14824381
14242895
15105065
11718516
14346432
14167068
14434225
14183395
14371418
14203026
13912801
14512700
14237621
14188125
14372910
14428949
14460772
14532339
14199891
14089163
14360321
14386219
14137392
14496697
14414136
13907363
13830222
14119033
14084181
14426086
14546959
14487541
14029685
14408193
14594773
14423053
13251458
14199584
14290654
14316882
14230294
14262760
