41841719
38968082
38300393
41998741
40482778
40795111
38218330
38132254
39504217
40025995
37060051
36852914
36811798
39409286
37383142
38789384
37938374
37046115
36328277
37252430
36456125
37451367
34448877
39426207
39187372
39200188
37142064
41075135
38668254
38832788
39425469
37617433
39495202
36805124
35284227
36769536
36394689
38764304
37766309
36663452
33810769
38057455
38049306
33018275
35786829
33717256
32411415
34981490
33543792
34686687
36918238
37221253
34891495
37508339
34524177
36882380
34392476
31307742
32437984
32953932
31203909
34966412
34594336
33287446
32877513
31140477
29113440
30875508
29896657
32174854
31606189
30915254
29056623
34432603
37582541
31867373
34285793
33070156
32371077
34821735
33899506
35784508
35693807
34280718
34497689
37398488
37349817
38481692
37341951
36092719
34294758
39564083
37644502
34609470
35360794
37231748
37333186
37803617
37301394
33182889
36449443
37130110
35647396
35698527
34172607
31449726
34868919
33315954
31251503
34844179
31149332
31615945
34201284
31758243
27928948
33807513
32903160
29821813
34095895
32029781
32512676
28484450
29870356
33463062
32441013
28443015
31664075
35415029
36668095
22510912
27927503
28879553
32317243
25603190
27534487
28861281
26944474
25842324
32035357
24578070
25242842
29214357
28162526
23763287
25519600
28374569
24285421
29037719
23182033
24164090
25918145
26044159
24179113
21071000
24237271
23548332
27072451
25260782
27240479
27165377
24921865
28406789
25185438
25751532
28845602
28963373
27076183
28174857
26300778
23675399
26101272
26567000
16956445
26448187
29628212
26154880
26154345
26332269
20797246
30204189
25051652
30297866
27579280
30891280
26110146
26837431
30235606
27667388
27577009
26784697
30745067
31963508
33682675
29652857
30308387
32780090
32521375
30592675
31649372
23830115
32146691
27315460
15300779
32477188
33835567
30955907
31115064
35917964
34386487
31869395
35546419
35692795
33392033
33653623
34070141
37250948
33042541
21407120
36820892
37410157
36353015
36645286
38330480
39046903
38292331
36744333
38571039
36662632
37938312
38610580
37361465
38327941
39487919
40915646
37620706
37461051
40852126
38080177
38254187
37743407
39828257
37640262
40056925
36839162
38347125
36910660
40743293
37359445
36461187
36801725
34912848
38261118
36519426
37320114
35966660
36483407
14197059
14391389
14861129
14184979
14597269
14339144
14571042
14597816
14550332
14569029
14741206
14492292
14729780
14639007
14643081
14513086
14928341
14576011
14912713
14734760
14776723
14893435
14635041
14632168
14778537
14466795
14749033
14378874
14752545
13775652
14828581
14741113
14518234
14589608
14770234
14590256
14628235
14889628
15030605
14954808
14906579
14828292
14657622
14996371
15171931
14822744
14931528
15093870
14364606
14931941
14585791
15021131
15075632
15100538
14848151
15142048
14674272
14308872
14700142
14920101
14479000
14903456
14463691
14560371
14594501
14355046
14450466
14276514
13968048
14571686
14286906
14499492
14237688
14781164
15200898
14641191
15273044
14783163
14709783
14924475
14875292
14990887
14963232
15226618
15227927
15382623
14992482
14879132
14760654
15066842
14600100
14711374
14868993
14807767
14698897
14947504
14723533
14855609
14656726
14828558
14793129
14860123
14590232
14863359
15000202
14577660
15008016
14595468
14581168
14788361
14057459
14623781
14547110
14820320
13902918
14750876
14531192
14031813
14627090
14165850
14669833
14156281
14359725
14618579
14195838
14033363
14235905
14863622
14507749
12621208
13457646
14180747
13802395
13340424
13623850
13889024
13718690
12997645
14256645
12906073
13090946
13434123
13458575
12627484
13370452
13583658
12768885
13704792
12364320
12108943
13275633
12562727
12702158
11479206
12086072
12088230
13353751
12522568
12972873
12975604
12673140
12754900
12024055
12136820
13731992
13941267
13415578
13270946
13654393
12231959
13049406
13682134
10142269
13610066
14211110
13551655
13318883
13859467
11697304
14459663
13129622
14830997
13276568
14409997
13298297
13241583
13831001
13378516
13873575
13567343
14322218
14109687
14589892
13974403
13701476
14580918
14617204
14472604
14522692
11889045
14572393
13456658
7939441
14117566
14727459
14071195
14327139
14398593
14840437
14231746
14853064
15196134
14480224
14762377
14913927
14326174
15189014
11393601
14452767
14260079
14542581
14262378
14490303
14329013
14009879
14625660
14350631
14265146
14497829
14547550
14587978
14662715
14339739
14228945
14491498
14522169
14273253
14626157
14559956
14029634
13976540
14279173
14206912
14483839
14650583
14626718
14174404
14553951
14735061
14553664
13367654
14275554
14417041
14466943
14373736
14417618
