41886223
39009673
38340629
42022762
40524913
40839892
38250030
38169843
39542595
40069452
37115422
36923554
36858072
39448534
37425927
38837176
38003174
37089638
36391461
37293630
36502213
37495198
34504538
39467843
39238939
39248021
37176683
41125447
38713348
38884891
39466945
37661316
39551231
36856992
35324522
36819702
36420591
38774754
37798401
36711563
33861077
38092755
38074964
33068238
35829657
33787000
32479801
35028077
33599087
34744984
36953043
37265701
34946175
37548564
34575554
36926359
34445498
31379073
32493040
33027630
31269919
35010086
34643421
33341351
32923740
31193154
29179241
30925623
29942729
32210939
31659901
30968122
29116856
34472700
37619895
31916701
34349502
33121215
32439567
34874466
33947402
35822836
35730555
34323113
34546251
37436996
37377233
38515271
37386361
36144737
34355485
39605666
37674143
34657423
35390355
37269708
37380281
37827757
37329227
33253819
36479550
37165353
35684717
35735363
34212058
31485597
34912491
33356507
31297582
34877522
31193049
31669490
34253454
31817141
27987719
33838691
32940973
29870517
34140547
32083256
32569394
28545186
29926321
33490497
32489853
28493580
31708773
35448219
36702033
22574808
27991687
28923428
32361551
25663629
27593187
28925462
26993871
25908056
32066324
24648650
25287992
29260896
28210266
23804089
25597243
28422568
24366137
29105861
23232131
24217226
25967668
26106761
24228728
21135599
24287187
23587603
27123851
25307855
27293297
27219794
24982341
28453239
25232642
25800742
28887045
29012780
27115357
28214603
26337607
23722544
26154962
26603273
17027654
26489467
29675293
26210303
26205630
26386291
20857394
30251338
25115814
30331350
27626293
30939650
26165082
26880926
30270141
27698553
27624748
26821959
30787446
32011438
33729175
29691062
30342426
32824004
32560726
30632334
31701384
23872599
32175168
27341377
15336588
32530279
33872033
31010537
31154532
35963117
34431989
31912843
35582118
35732624
33441185
33699726
34100199
37289773
33091847
21437509
36846849
37440050
36387543
36685245
38352652
39074773
38344574
36781964
38608232
36704378
37966815
38654944
37399580
38350257
39525743
40941437
37652468
37485593
40892146
38114669
38287196
37781397
39861163
37668257
40088933
36873630
38367521
36936937
40779584
37378709
36489683
36840835
34933821
38286578
36543928
37343397
36009460
36535705
14196113
14388228
14852591
14183399
14598901
14337453
14571552
14593669
14549403
14568301
14739231
14504326
14737717
14640702
14646433
14517968
14932027
14583502
14924100
14732507
14776458
14893479
14640598
14627623
14774505
14461903
14749028
14379597
14752958
13785238
14826287
14741356
14520521
14594169
14776000
14596791
14626635
14884540
15028901
14955278
14909263
14824424
14657218
15003297
15170271
14832496
14941534
15097962
14373161
14941412
14586892
15022216
15082644
15101770
14849125
15142172
14681839
14319877
14705842
14929960
14490407
14906456
14474577
14566633
14599708
14365060
14462380
14285325
13976070
14575291
14294129
14509694
14250788
14787778
15205816
14645201
15280727
14792145
14723410
14929435
14878041
14992893
14963089
15229654
15232882
15382672
14996610
14878019
14761264
15075279
14604237
14708958
14870936
14820927
14700288
14950956
14726591
14857716
14659866
14835154
14789753
14870623
14591817
14861714
15002613
14581269
15016980
14597906
14590922
14793098
14064037
14630062
14549707
14827325
13917091
14751251
14539302
14042345
14635119
14174826
14673778
14175135
14372640
14620632
14205267
14044406
14244307
14867361
14513336
12644609
13473083
14192382
13805864
13357043
13636823
13897759
13733269
13018950
14256939
12931977
13105786
13444399
13464647
12644477
13399878
13598240
12800312
13720880
12385085
12127088
13287167
12579114
12723694
11508259
12097130
12104445
13369291
12539112
12979391
12990347
12688592
12764009
12033769
12151524
13741787
13952934
13426039
13279858
13665191
12245382
13069100
13689863
10172445
13622327
14226193
13566912
13335714
13877926
11722812
14468918
13147156
14837093
13286638
14420659
13310061
13250698
13839669
13386337
13886650
13576962
14329764
14116488
14601374
13983674
13713807
14586611
14622485
14477185
14531432
11904970
14578567
13464555
7958566
14126544
14733201
14083582
14335020
14400337
14840092
14238253
14857405
15196330
14488695
14771349
14918574
14336641
15195169
11407992
14454776
14263119
14544960
14266636
14492610
14331254
14012240
14631532
14349029
14270282
14498096
14548280
14590181
14661476
14335349
14226113
14492851
14522301
14275283
14625156
14561273
14031734
13978172
14282954
14208101
14486622
14651030
14630678
14176405
14552826
14734676
14554698
13369646
14278957
14419037
14471154
14379382
14424647
