41701262
38768750
38162701
41866594
40324721
40637744
38040507
37949435
39330651
39856445
36870150
36601473
36577081
39241063
37169259
38611176
37668171
36806004
36084122
37033891
36234814
37244379
34178015
39234921
39017559
38957407
36930199
40891077
38476092
38626911
39265452
37415887
39300946
36576139
35021091
36549773
36157104
38564216
37589992
36468379
33523278
37867380
37819156
32741732
35571388
33457038
32114571
34736344
33261806
34406161
36704530
37041613
34666401
37319440
34284408
36696413
34104445
30989038
32126462
32696913
30894161
34756353
34358922
33027155
32614783
30830697
28786290
30555382
29554731
31913789
31341508
30629983
28746001
34222509
37403365
31591091
34064318
32844596
32135422
34610428
33642026
35589289
35500937
34086578
34278738
37247983
37177395
38340642
37169696
35916653
34045576
39398185
37426901
34378369
35122713
37071758
37138275
37640426
37130390
32945001
36274708
36930215
35458014
35509904
33958604
31173252
34675512
33069279
31012664
34658424
30907140
31364086
33967332
31515736
27591353
33590155
32653869
29525223
33877041
31761726
32272192
28162424
29596770
33212750
32206462
28135704
31420167
35218426
36498534
22129166
27644005
28617036
32092007
25257516
27246877
28621557
26661025
25570464
31819470
24231052
24940961
28962563
27909603
23438692
25219956
28111739
23941506
28772491
22843714
23855496
25628801
25743015
23839496
20712286
23948908
23238666
26806342
24920525
26953575
26855820
24618609
28164723
24871462
25446705
28562258
28722682
26827365
27911501
26013396
23411997
25849404
26308278
16608056
26191966
29444444
25895156
25829883
26041965
20445925
29998440
24769258
30078384
27348248
30652793
25846530
26561252
30001875
27407083
27338015
26519171
30531960
31764359
33522247
29429548
30092071
32587860
32343428
30357434
31461869
23608411
31981370
27055141
15158835
32252775
33652872
30747694
30866058
35749723
34228560
31635962
35383891
35533050
33213465
33457366
33904295
37122207
32858407
21016829
36652407
37236331
36203608
36460570
38197933
38902859
38168184
36578625
38417196
36476757
37777459
38464603
37193305
38172274
39353176
40798293
37457801
37300645
40738916
37942188
38129898
37596724
39708807
37530784
39947868
36700091
38212810
36757332
40636749
37211590
36292480
36642298
34812063
38142084
36356318
37175053
35817361
36369252
14211341
14389314
14868844
14200076
14609228
14347127
14582053
14600548
14557666
14580914
14745562
14478643
14722595
14651901
14642165
14525961
14917990
14563956
14908660
14734658
14761879
14892363
14607475
14636982
14792320
14459900
14745053
14386982
14756975
13770987
14838901
14738377
14523080
14577779
14743348
14583663
14614688
14892137
15035807
14954262
14878384
14830649
14653098
14964956
15165696
14794017
14875499
15078568
14315072
14908931
14573392
15027941
15058458
15096822
14829186
15140026
14633200
14253424
14650316
14888099
14417318
14892897
14441479
14532397
14560617
14298014
14379262
14204308
13897086
14532704
14247561
14446206
14168428
14768442
15207134
14604677
15255829
14757582
14676162
14910626
14844288
14987399
14958042
15213590
15220052
15390486
14994542
14884246
14764328
15067337
14573637
14719760
14860429
14790626
14672132
14950567
14715363
14869896
14652583
14799476
14780412
14855062
14578195
14856400
14985278
14531411
14999872
14567912
14542527
14785637
14014154
14580373
14521838
14777292
13808625
14733643
14502164
13963539
14608860
14112649
14625207
14084504
14305346
14586509
14162879
13957266
14188501
14860780
14503232
12474475
13381620
14124619
13763075
13225694
13548179
13829791
13642731
12913548
14227102
12793446
12996935
13376086
13392666
12515372
13273009
13513595
12654971
13642344
12243401
12008052
13187406
12470836
12586137
11345459
11994271
11988315
13279598
12412901
12889683
12890858
12573594
12691675
11921187
12044263
13664707
13886708
13345056
13203196
13563980
12143367
12973319
13604326
9978670
13539644
14183921
13481573
13226038
13775837
11556688
14418022
13029482
14788032
13209083
14370743
13219594
13158432
13778196
13298155
13814003
13493459
14288242
14077654
14570556
13929015
13666158
14558652
14598898
14432375
14493281
11834667
14553241
13394421
7890215
14083158
14713209
14036595
14280234
14386562
14826553
14192946
14848268
15191544
14459869
14745516
14908764
14320835
15167558
11248429
14449144
14251581
14538385
14249217
14491948
14330501
14005595
14630091
14346562
14250902
14497346
14549900
14589100
14664840
14342046
14235733
14487108
14524712
14286457
14628895
14563771
14031863
13983672
14291804
14216220
14482774
14661600
14637525
14183579
14550387
14734095
14549844
13372087
14286489
14409588
14468877
14373210
14426424
