41664844
38733202
38112498
41804917
40273405
40588317
38015202
37914124
39286323
39810237
36821103
36558940
36526904
39209372
37124233
38573218
37617611
36747633
36026630
36986019
36189525
37188940
34130436
39206959
38979905
38907889
36881383
40856424
38429879
38573223
39203293
37355294
39273124
36534879
34962274
36490319
36120893
38510683
37543098
36437426
33469305
37839294
37781054
32698272
35549771
33408412
32058708
34691446
33227273
34368908
36686452
36994199
34621832
37300968
34251293
36643091
34072737
30952749
32065578
32665767
30857564
34705897
34339175
32999419
32574025
30784029
28736626
30516090
29527380
31872153
31299835
30602105
28709876
34187402
37376451
31548951
34027096
32797727
32077094
34570922
33603531
35567180
35485017
34054653
34245785
37216898
37142626
38298719
37142253
35888255
34004272
39366197
37413659
34342895
35079494
37023605
37109398
37600492
37090802
32907355
36226835
36904162
35432504
35477073
33911271
31133795
34654904
33023982
30978037
34642311
30876800
31327071
33954314
31466715
27538621
33570377
32605886
29515056
33836454
31726141
32246457
28113153
29550079
33179129
32178868
28093231
31387576
35198676
36480816
22084578
27602938
28581253
32064835
25231364
27210397
28590531
26612965
25524161
31799861
24187137
24904787
28937590
27868843
23399131
25156251
28073578
23912355
28748187
22808599
23811458
25607072
25717049
23799427
20657310
23923866
23195633
26768625
24887128
26914724
26819984
24568502
28138522
24832731
25407347
28539434
28690895
26794996
27888889
25975246
23383533
25816210
26265772
16573032
26161081
29415058
25858107
25822027
26002787
20408605
29944385
24720138
30057378
27313986
30631736
25800727
26530347
29971116
27366838
27292526
26484364
30494202
31726922
33506503
29401828
30056327
32565896
32305425
30322228
31416517
23584426
31954199
27032218
15136895
32225626
33631706
30732775
30817064
35711451
34192003
31602209
35356111
35500811
33200748
33419660
33884390
37077779
32831922
20977972
36631729
37226574
36176468
36436950
38169867
38884299
38149680
36545729
38411679
36470744
37751147
38441582
37164706
38149218
39336548
40773772
37441690
37266276
40713894
37938234
38105210
37578613
39691002
37493367
39917382
36655018
38202190
36740817
40606863
37190152
36257940
36619157
34787700
38123539
36317694
37148329
35789582
36323585
14207491
14382740
14864981
14195041
14607506
14343769
14577348
14596924
14550471
14575919
14738705
14472103
14716521
14648547
14630585
14520012
14904896
14560038
14897280
14732608
14757272
14890678
14598029
14633230
14787436
14456256
14741663
14384068
14750289
13772197
14832089
14729971
14518325
14573824
14735567
14572244
14611541
14891856
15031815
14950701
14871251
14834042
14651011
14958623
15161518
14786354
14869509
15077602
14311829
14903176
14574132
15025996
15053246
15103152
14821371
15138108
14625814
14241158
14645470
14877776
14406594
14888868
14444131
14524195
14551357
14283936
14361878
14198461
13887934
14523507
14239167
14440148
14153482
14762364
15204906
14595862
15254027
14752552
14665794
14904098
14843846
14983736
14948374
15211586
15211010
15384076
14993398
14881358
14758751
15060912
14566199
14713936
14864344
14788058
14670530
14945669
14712474
14862274
14649216
14793976
14774053
14850841
14578885
14850407
14973115
14523168
15000496
14556281
14534977
14780031
14012011
14573706
14517359
14766737
13800141
14729477
14489569
13962438
14598744
14104401
14625561
14067307
14295649
14577810
14162217
13944588
14183407
14859287
14505146
12457084
13372282
14114501
13756796
13216951
13537953
13825811
13626461
12901029
14224172
12776518
12983747
13371457
13379678
12499649
13254477
13509043
12646551
13635398
12229851
11993931
13178252
12468609
12571165
11322335
11981823
11972921
13269077
12400575
12874223
12884018
12559063
12682490
11908287
12031386
13662092
13879314
13333307
13193607
13553499
12133345
12964139
13592743
9957877
13527968
14174667
13468580
13223788
13763702
11540368
14406905
13017644
14787552
13198809
14368170
13205322
13151630
13773262
13290919
13797712
13482773
14280382
14071364
14574588
13924029
13657398
14561695
14588335
14422028
14483660
11830484
14556286
13390248
7884788
14077529
14714170
14031153
14268616
14382696
14823051
14183527
14847976
15188098
14461304
14744665
14908800
14317704
15170581
11231316
14446463
14247402
14534015
14245813
14488292
14331317
14004380
14626573
14343554
14253296
14493245
14548913
14588118
14666146
14339896
14241171
14485557
14520001
14285481
14625174
14563379
14030066
13986246
14289333
14213476
14478912
14663205
14634180
14185358
14551727
14732689
14548492
13371386
14288436
14406484
14463388
14373659
14423036
