41589033
38620581
38033161
41744404
40204518
40497832
37913231
37807075
39205745
39739086
36728761
36422611
36411581
39107336
37003567
38491215
37490959
36648218
35937631
36905323
36096971
37100266
34013182
39123192
38881785
38798008
36794422
40756010
38349833
38472224
39128565
37270790
39186457
36436477
34867345
36403466
36022310
38410513
37460360
36342324
33366284
37762150
37681971
32585929
35436219
33298822
31943123
34613288
33126916
34253220
36595873
36921497
34513214
37227510
34136337
36580781
33972875
30838020
31954498
32567605
30749221
34632662
34237527
32908066
32460672
30676366
28614599
30417210
29404383
31779552
31218945
30497365
28589497
34133361
37305273
31447953
33928310
32719442
32008721
34486887
33533762
35493444
35417324
33966871
34158925
37148608
37088640
38248473
37076983
35816888
33922641
39291049
37342913
34254212
35020113
36958078
37042921
37544794
37025021
32822613
36169525
36835814
35361613
35404681
33849242
31060982
34601182
32951907
30910606
34576181
30813197
31247817
33890668
31391011
27475570
33504812
32541957
29443376
33775774
31652389
32171099
28047234
29502093
33114300
32132017
28028069
31322859
35144221
36430336
22023419
27547332
28527502
32016442
25180517
27151533
28528854
26570651
25474839
31751549
24148901
24853697
28901450
27822755
23349376
25111186
28052130
23865106
28692259
22762484
23775345
25565567
25685547
23772646
20631325
23889588
23169900
26725059
24853932
26902062
26791568
24548026
28105426
24816476
25402236
28517246
28673557
26767362
27853848
25965669
23365598
25796292
26256981
16555507
26147528
29387691
25833868
25778621
26022223
20399088
29957444
24714980
30045253
27310751
30629217
25796214
26527705
29959342
27370082
27297524
26491255
30487684
31720434
33484891
29401624
30056395
32548044
32304447
30324395
31425981
23560763
31950053
27065651
15140115
32220870
33630285
30723572
30833733
35716252
34193282
31599607
35345609
35495167
33184758
33418186
33868315
37071037
32833126
20960296
36624803
37209577
36173297
36433721
38161032
38863516
38122105
36547811
38394244
36467759
37733913
38426268
37165305
38139813
39325903
40757928
37431482
37257288
40694417
37905207
38100858
37574429
39666497
37481969
39940371
36700329
38213547
36726693
40601822
37191155
36256468
36614668
34789025
38109650
36327186
37142080
35800421
36333173
14213631
14377348
14868923
14200458
14608756
14344465
14575661
14597848
14553157
14583105
14739763
14459388
14711242
14649757
14622363
14521987
14899023
14545160
14895884
14733744
14756727
14888048
14587839
14637047
14791180
14449174
14741226
14386299
14754300
13762240
14840849
14728313
14522714
14566911
14718936
14568822
14605875
14888021
15033422
14947186
14859296
14833130
14645038
14938254
15155499
14772174
14847737
15069532
14294947
14886578
14565564
15022277
15039210
15102332
14812983
15135516
14608923
14213725
14622082
14865678
14381263
14883358
14428522
14506848
14535137
14260414
14334493
14172802
13861051
14507645
14220979
14417829
14125239
14764890
15198526
14578571
15241097
14740853
14647223
14890897
14832173
14978804
14944805
15196455
15201365
15383682
14991563
14879870
14753226
15051309
14554621
14708172
14853989
14776392
14659692
14939973
14707393
14856892
14636714
14772287
14769982
14840237
14564594
14839106
14964259
14507764
14991014
14547154
14520116
14770391
13995511
14554305
14505501
14751138
13777431
14718846
14482504
13941175
14585231
14089592
14608219
14050538
14283710
14563051
14145968
13927383
14165182
14851256
14492862
12430684
13353374
14094500
13746652
13200708
13519635
13803212
13613028
12884549
14213385
12758881
12967617
13356108
13367712
12483605
13238738
13497881
12625908
13622465
12210024
11980490
13167592
12451840
12562279
11312931
11968239
11959908
13255612
12386033
12868359
12873696
12549594
12670755
11903479
12026572
13650942
13875120
13324796
13185470
13547435
12125640
12957771
13587371
9952485
13518409
14164447
13457660
13208005
13765662
11534778
14404005
13017930
14775753
13198874
14359315
13201157
13143753
13764316
13284610
13797302
13485441
14273525
14064383
14564580
13917810
13649159
14550214
14585851
14412587
14479033
11815543
14543958
13393413
7881121
14070598
14699870
14024630
14267940
14375836
14814968
14175951
14833866
15176959
14449005
14732370
14892723
14307541
15161122
11221627
14438211
14238310
14528985
14239017
14480213
14321289
13992098
14617730
14336530
14242960
14479305
14536805
14574943
14659553
14329079
14227850
14478694
14506490
14270783
14612892
14553684
14020864
13971422
14278184
14207744
14486955
14651972
14620855
14171342
14540101
14718265
14538967
13360457
14277580
14394085
14456471
14361343
14414440
