41717386
38792931
38183457
41880154
40335712
40642373
38044526
37967388
39348666
39877958
36878252
36615575
36586063
39244754
37168716
38626933
37669108
36812400
36102669
37046560
36242547
37245890
34187176
39243653
39013960
38969781
36946789
40905197
38477905
38633346
39256969
37411614
39309619
36589205
35022047
36551325
36167828
38526669
37580839
36459104
33521215
37878392
37820920
32747561
35565105
33449099
32127237
34741165
33280588
34414510
36715471
37039277
34663347
37333494
34283427
36696758
34119976
30995033
32117370
32695907
30901263
34727192
34359296
33024633
32595081
30837211
28777503
30564342
29568829
31902011
31322567
30618998
28742914
34215870
37394807
31581296
34058633
32824918
32113598
34591516
33636364
35578780
35486372
34061421
34257502
37233170
37158628
38325841
37151232
35916409
34021272
39363220
37424379
34334687
35099678
37036997
37119991
37615190
37098970
32915176
36242829
36908469
35426843
35480990
33925895
31131916
34656617
33032731
30994563
34629304
30871051
31339168
33955786
31475136
27559057
33562306
32603822
29504648
33831105
31732054
32230875
28119953
29559687
33183003
32164905
28087744
31392134
35191286
36456553
22073022
27596665
28572962
32069317
25213351
27208829
28583710
26612675
25510129
31784546
24180853
24878856
28928661
27860350
23396803
25154090
28062133
23879703
28717595
22776787
23787445
25592501
25687273
23782613
20649095
23910918
23185617
26749812
24847607
26898855
26807430
24538889
28115202
24820850
25394890
28501308
28655023
26784045
27846600
25940402
23350109
25789382
26245970
16531670
26127591
29381199
25811960
25762463
25978878
20360991
29907671
24694055
30022041
27280814
30584356
25755912
26483692
29939375
27319880
27252573
26439951
30442829
31688873
33438984
29352601
30024658
32520471
32268457
30268285
31382016
23535984
31910401
27002211
15101379
32173484
33576730
30672877
30761180
35685076
34139287
31553682
35314516
35462651
33132072
33382874
33833230
37022380
32784340
20937324
36580779
37171944
36123215
36368504
38116269
38837954
38086120
36508836
38341377
36405025
37687967
38373002
37111901
38086517
39287873
40705139
37374712
37212996
40645322
37867601
38040757
37526318
39638520
37469213
39909116
36637995
38158642
36664773
40567620
37140981
36192477
36555163
34750221
38068473
36265265
37097955
35735191
36275042
14211294
14388603
14872917
14198829
14608130
14344994
14575512
14596915
14551584
14583784
14742191
14480133
14724363
14645433
14638853
14524557
14909037
14562907
14901725
14733382
14763377
14894091
14606690
14637348
14784850
14457735
14743286
14384567
14755604
13772219
14836398
14737359
14520028
14578394
14741088
14581160
14615706
14885781
15030074
14949027
14876776
14832326
14651267
14960756
15166807
14791673
14882349
15077206
14319605
14907233
14576020
15024624
15056502
15106099
14825767
15138623
14633188
14246593
14649086
14883009
14414709
14887769
14442450
14528835
14554366
14294872
14373192
14204912
13892552
14527513
14240671
14440470
14164538
14767008
15201130
14600363
15253286
14751303
14666249
14902837
14840635
14983785
14955222
15208365
15210556
15381851
14990324
14881315
14758828
15064278
14566951
14711828
14859377
14782700
14669599
14943758
14711303
14859649
14641962
14788414
14775043
14844513
14568213
14850979
14971789
14518352
14993313
14555224
14534884
14775433
14007292
14570487
14516960
14766615
13801411
14723177
14489850
13955287
14593912
14105916
14614430
14069040
14290116
14572687
14150837
13940373
14180244
14853781
14490807
12456314
13367459
14110011
13751914
13206799
13534032
13814457
13626483
12890238
14216641
12768278
12972599
13366699
13374505
12498526
13253005
13499711
12634707
13630868
12211565
11984597
13170186
12453046
12562232
11319529
11975153
11968403
13262834
12384009
12871869
12874114
12549264
12673532
11900142
12024811
13647061
13868903
13323927
13182252
13539148
12119773
12951252
13578099
9938735
13514552
14161085
13451496
13201784
13753999
11521292
14395775
13007359
14772965
13184145
14354350
13188288
13135548
13758844
13272764
13784977
13469329
14264189
14059081
14554913
13901961
13646891
14545920
14580495
14405266
14471989
11810723
14538849
13380482
7868033
14066635
14694866
14016460
14255061
14373026
14806130
14167025
14839024
15178070
14447533
14731397
14898370
14303927
15154164
11215231
14433476
14240460
14524389
14230927
14484803
14324986
13993006
14620628
14334500
14237505
14482036
14537600
14578710
14659120
14331683
14228963
14474726
14510009
14271675
14617318
14554894
14017768
13976861
14284701
14216224
14478336
14653069
14622291
14177912
14543103
14716967
14535313
13367832
14278310
14392041
14459312
14361979
14411361
