41568747
38598475
38020284
41732342
40169719
40473667
37890417
37786919
39169907
39713079
36698283
36374146
36381079
39083596
36964425
38462574
37443810
36594067
35882720
36864737
36054520
37057846
33959215
39093176
38859271
38769579
36757609
40758258
38321596
38447365
39099499
37210918
39145729
36370818
34803268
36356110
35988057
38379457
37429023
36309432
33322619
37725795
37646831
32516020
35388133
33247947
31883880
34544697
33063804
34202052
36568071
36866371
34478990
37178303
34098602
36535670
33909231
30782232
31882413
32502866
30670807
34583398
34180563
32844663
32423360
30615233
28549840
30347964
29337381
31730912
31138612
30433351
28527140
34075844
37264229
31395874
33881148
32667313
31940781
34432115
33467241
35417230
35357734
33928657
34111933
37112854
37047294
38228065
37042637
35786417
33859443
39261576
37302770
34190664
34960544
36917347
36988691
37505743
36978758
32771516
36139517
36793941
35332341
35361871
33795288
30999128
34550927
32902051
30850316
34535179
30754183
31189917
33830773
31340109
27383115
33446889
32483869
29380357
33718753
31609247
32125456
27980102
29422307
33057681
32051872
27943390
31266171
35091579
36370444
21927350
27483784
28456587
31965244
25079991
27084497
28462591
26481818
25392505
31681602
24039669
24762539
28834920
27755474
23278229
25024334
27973228
23743358
28623761
22678634
23707695
25479280
25590890
23668642
20540106
23808034
23066394
26650267
24732935
26792771
26709170
24459886
28035429
24722843
25306368
28419094
28595234
26700200
27777828
25879356
23286375
25704722
26170707
16448456
26077295
29331268
25754858
25680581
25922509
20285717
29866549
24627983
29976755
27242091
30541823
25731515
26446692
29875739
27286513
27210198
26421694
30432219
31662836
33436026
29321689
29987715
32489929
32251211
30259478
31354122
23498860
31881129
26982543
15084479
32138198
33563969
30650137
30746798
35659175
34137880
31535900
35296292
35439295
33109539
33376920
33813539
36995427
32769251
20867178
36565917
37164236
36108809
36370184
38108144
38823068
38070514
36489261
38330521
36407095
37675929
38366918
37104269
38079460
39272263
40709153
37373720
37209185
40639597
37829529
38043076
37523262
39619219
37445326
39890188
36639394
38159916
36673075
40539907
37136001
36190479
36567519
34734327
38073593
36251571
37088863
35732421
36258091
14211272
14379596
14877438
14205730
14612103
14347154
14575927
14596373
14549636
14585043
14739731
14457571
14709655
14653656
14625045
14523462
14893971
14546228
14890392
14733572
14748475
14884890
14579329
14634215
14792185
14454136
14736180
14390351
14755777
13761139
14838058
14727020
14519341
14564880
14716639
14565643
14600708
14887631
15035039
14949477
14854914
14834908
14644724
14928876
15151801
14765753
14839092
15062635
14286173
14879601
14568135
15017949
15039710
15100903
14806337
15134411
14599985
14204521
14616207
14854807
14362161
14880428
14418174
14497110
14532837
14251640
14317936
14159124
13844643
14498140
14211835
14404042
14114664
14755511
15198478
14567443
15234814
14732961
14635399
14889497
14830940
14977386
14945030
15197641
15198119
15384115
14986348
14882718
14755530
15054210
14547997
14710052
14850748
14768569
14651877
14940450
14705654
14858715
14636243
14771291
14769498
14836533
14563801
14836801
14961078
14496469
14994855
14540648
14508511
14766833
13988980
14542485
14502405
14741125
13756708
14719180
14472702
13925551
14579395
14079623
14599497
14033417
14266641
14557501
14137707
13910478
14156950
14846297
14490805
12394213
13342424
14083041
13736437
13162203
13500910
13793984
13588851
12856903
14199810
12723073
12939473
13345676
13349939
12456247
13209346
13478936
12587337
13604266
12175871
11958785
13135863
12425006
12524678
11273712
11940538
11926266
13236069
12349460
12838343
12848957
12519099
12650023
11874675
12000430
13629006
13855524
13303496
13163686
13522628
12099023
12930697
13563118
9904486
13499332
14158898
13436739
13175066
13736365
11489027
14386374
12985033
14764380
13176709
14347216
13184467
13120760
13743805
13266784
13777135
13465310
14261611
14056112
14558822
13904518
13635779
14546283
14581943
14406113
14471290
11796752
14538238
13373187
7865104
14058136
14699437
14012753
14249809
14374526
14810245
14165011
14838042
15172463
14439806
14732397
14889913
14302832
15153184
11185618
14434684
14236200
14520271
14236995
14480549
14325506
13991581
14614608
14335826
14238665
14488176
14532221
14576758
14655541
14329347
14230271
14474026
14515643
14272043
14612322
14554521
14020296
13971700
14283438
14213241
14482655
14654058
14620632
14178559
14538556
14718768
14536346
13365827
14276762
14397606
14456367
14362095
14409093
