41354624
38283372
37754486
41528934
39926898
40208307
37617321
37500727
38893236
39461913
36401248
35966884
36007766
38808515
36610318
38199465
37018991
36239811
35511799
36543856
35724563
36702310
33537285
38817037
38561700
38413829
36402424
40475228
38047021
38116485
38827854
36887796
38830405
36013585
34376615
36013809
35668927
38067239
37170986
36018481
32885765
37450164
37313664
32085877
35077696
32811145
31375761
34175208
32642994
33774185
36284787
36580691
34096389
36915638
33720300
36234386
33483324
30307125
31380362
32087210
30190134
34251295
33840088
32453168
31990821
30145992
28032633
29880002
28832325
31338295
30721143
30012472
28032113
33776415
37002736
30970107
33484018
32308312
31536478
34095677
33080689
35106650
35082329
33623423
33772411
36857783
36802340
38003847
36778736
35506636
33484925
38993022
37029904
33833677
34606800
36665235
36703984
37265761
36728543
32354277
35872979
36497045
35034021
35083808
33447130
30581796
34281339
32503800
30493997
34256609
30372045
30793757
33502194
30951104
26854567
33119033
32077024
28955204
33380943
31200992
31725784
27481040
28984184
32681510
31695053
27468521
30889282
34829013
36113701
21325227
27016685
28040776
31622800
24547755
26651438
28055520
26012412
24938638
31367726
23513594
24301856
28475470
27342687
22748648
24511053
27587523
23219068
28205089
22148816
23196064
25028140
25095223
23144044
19949654
23367807
22595506
26226593
24213804
26347597
26225621
23972404
27623175
24253248
24826318
28002963
28179572
26320033
27377890
25422165
22850889
25290266
25734647
15878111
25656139
29029625
25292461
25240419
25456868
19724180
29497656
24127911
29614304
26830665
30157096
25263179
26000635
29487750
26845009
26808759
25991581
30065526
31316545
33157221
28954292
29645463
32185900
31950060
29870381
31013182
23114301
31613191
26614327
14836696
31766925
33243881
30289611
30322489
35355134
33839499
31128092
34990132
35168292
32812564
33019529
33520987
36736993
32429010
20273176
36287098
36872829
35841188
36041241
37859186
38575833
37803579
36206518
38067692
36077221
37403883
38114952
36844542
37825688
39051277
40506160
37122833
36950516
40447837
37578345
37821147
37272589
39428118
37220038
39701979
36365632
37976971
36404554
40350979
36882353
35868171
36298501
34550193
37870462
35978600
36816335
35439095
36022424
14241879
14382252
14898538
14230139
14632457
14362827
14592609
14610032
14559572
14613935
14756945
14422590
14697362
14669378
14612336
14539482
14870934
14526924
14875398
14736467
14738285
14885677
14533800
14650025
14810541
14445989
14740901
14413302
14767892
13750485
14859383
14725274
14526767
14547237
14669566
14554651
14586780
14890446
15047778
14950207
14806377
14850513
14637981
14870886
15148729
14709353
14749017
15047844
14217215
14838266
14564909
15031978
15009154
15119519
14785113
15142842
14546016
14118181
14536418
14804848
14261339
14861535
14391109
14456875
14479977
14159869
14194995
14060564
13735673
14435457
14139268
14330514
14005704
14745351
15206915
14507576
15212832
14699611
14575541
14867549
14787522
14970226
14942588
15178376
15180421
15395568
14997531
14899250
14757754
15054407
14510267
14724302
14853366
14745129
14621881
14948560
14695168
14879281
14632975
14721425
14764151
14826016
14547329
14835853
14934693
14424806
14982173
14490823
14451838
14767304
13928488
14483557
14472187
14680519
13611816
14698169
14418648
13827600
14545694
13998651
14532245
13909334
14173415
14506755
14085361
13783876
14087060
14848352
14493477
12151131
13215465
13986532
13684536
12989799
13384032
13698368
13458440
12716837
14166210
12545526
12789244
13268122
13241788
12273137
13039031
13384394
12403994
13506644
11977993
11790377
13000777
12282857
12347025
11043790
11803574
11760602
13114953
12182985
12714816
12710197
12369125
12546480
11725676
11850888
13531151
13769739
13191822
13065520
13377514
11960378
12811021
13434403
9630332
13382646
14100810
13306264
13045604
13596248
11253518
14316049
12815385
14700872
13058531
14279142
13042266
12992228
13660734
13132268
13674958
13346831
14200389
13998484
14527190
13822602
13575460
14515932
14547245
14329448
14419660
11698767
14513240
13288184
7776822
13998210
14670050
13945327
14170881
14358093
14786266
14093998
14828187
15166715
14416979
14703795
14878325
14290633
15124639
10954149
14434103
14224288
14515309
14211856
14487346
14332307
13987692
14616808
14332000
14217050
14485120
14535681
14579663
14660919
14341605
14247810
14481723
14518118
14290231
14617861
14563436
14013798
13990592
14293130
14232270
14476792
14674939
14636233
14192427
14545600
14713958
14532047
13376453
14299389
14388372
14453192
14357536
14416097
