41468936
38440241
37895839
41649822
40053350
40338576
37757040
37635227
39025527
39593104
36558824
36170684
36162489
38949965
36762587
38327688
37198032
36399263
35662355
36683771
35856392
36856287
33712601
38968294
38709993
38567682
36545224
40618516
38174688
38253176
38963811
37033840
38974599
36161947
34532268
36157383
35809315
38196776
37283920
36151910
33054924
37581835
37450570
32255543
35211301
32969755
31568558
34318692
32791704
33926571
36394106
36712600
34243656
37025329
33881636
36357809
33641670
30474938
31545510
32233666
30352112
34370160
33966342
32580913
32124721
30288528
28196664
30035923
28999055
31467201
30859101
30134352
28185267
33870800
37101461
31098424
33613633
32424036
31671507
34217487
33197436
35215229
35162032
33709380
33864431
36954650
36880897
38063168
36875812
35590515
33593712
39076513
37116480
33949663
34701501
36743702
36775785
37347392
36814502
32462089
35953162
36581148
35105067
35163536
33540105
30679669
34342014
32607450
30571550
34337678
30446592
30865148
33576502
31018327
26947225
33206585
32162496
29028070
33450475
31279098
31813649
27574722
29057528
32745704
31755888
27537901
30948999
34879050
36183418
21397657
27069714
28098637
31683699
24594141
26684200
28109707
26056841
24992574
31407285
23566103
24331854
28501490
27384577
22803736
24561728
27611407
23255774
28237295
22171866
23219148
25048553
25125058
23159430
19950525
23378038
22595037
26225537
24197284
26348642
26224003
23967737
27627877
24247537
24812474
27994117
28180676
26306059
27369725
25391922
22828861
25271238
25700851
15849400
25612239
29001522
25248832
25154863
25404714
19674260
29469755
24085894
29580841
26803106
30106339
25233175
25939639
29454826
26792113
26764948
25932597
29999279
31278510
33107712
28902761
29582807
32131915
31918926
29799275
30957941
23049230
31555463
26535273
14804679
31698868
33200634
30219324
30228421
35312004
33792541
31045059
34954370
35122685
32735969
32948784
33463235
36696807
32353055
20247282
36222121
36821939
35787150
35987608
37811817
38519868
37752202
36121526
38009710
35997402
37336475
38041615
36763960
37767080
38989705
40467360
37063174
36874853
40398454
37519881
37767008
37202085
39363808
37160303
39635865
36281041
37930819
36332799
40301026
36812061
35791862
36205139
34487535
37804440
35890801
36736849
35360532
35953997
14240944
14389782
14901383
14232045
14633351
14362958
14593823
14615390
14564184
14609429
14761476
14444017
14715018
14671064
14623820
14543608
14881172
14542723
14890571
14745055
14751144
14892011
14562497
14660293
14812164
14458758
14752407
14414047
14770555
13758843
14863641
14739893
14532768
14562694
14694098
14567708
14600545
14897532
15049203
14957206
14833656
14858296
14651079
14902562
15162870
14735984
14788566
15062802
14243343
14861675
14575654
15040468
15028836
15125203
14805662
15150011
14568260
14153076
14564629
14829536
14302109
14874484
14406204
14469956
14501285
14192682
14236520
14097746
13771879
14465089
14166890
14355767
14040484
14756363
15214359
14528012
15226718
14720471
14608083
14883085
14803098
14981565
14943260
15191231
15189632
15401104
15000355
14899379
14766759
15063448
14526746
14731351
14861095
14759715
14640002
14951901
14701364
14884456
14638166
14737163
14778131
14834829
14553014
14844088
14951892
14440639
14990167
14510014
14464999
14774618
13944367
14496124
14483166
14693158
13640298
14711332
14433301
13844287
14560489
14018191
14552259
13934763
14191585
14515704
14097872
13807548
14095534
14854730
14497836
12183004
13232276
13999357
13694123
13005520
13396257
13714906
13473109
12733920
14169461
12564077
12800842
13273352
13258716
12295128
13054279
13388396
12418486
13516888
11984524
11799613
13008291
12290910
12349585
11044817
11805838
11766748
13114110
12177536
12715044
12710088
12364348
12547738
11720147
11849485
13527575
13767744
13192183
13060715
13371212
11951086
12801363
13424466
9615268
13364511
14099189
13292499
13019775
13578231
11235778
14307730
12804462
14694768
13053780
14267052
13033109
12972252
13653881
13116122
13662726
13326143
14186176
13992560
14517755
13814901
13561452
14512154
14546156
14316201
14406920
11682632
14502739
13260975
7765890
13984577
14665393
13940585
14157585
14354619
14787066
14081688
14828928
15164645
14405914
14698063
14879051
14289038
15121951
10949711
14431344
14230565
14518788
14214153
14489508
14337268
13984325
14614443
14330768
14210309
14485625
14538119
14577218
14663483
14343647
14256707
14479584
14519972
14295517
14620683
14570512
14021075
13997170
14298319
14239044
14470237
14683352
14637576
14200041
14547272
14715526
14529172
13380947
14303025
14384181
14457810
14362968
14421664
