42312353
39525885
38798699
42454966
40965613
41310741
38724015
38660085
40023638
40536181
37616947
37528582
37419037
39924029
37984160
39304846
38615569
37665009
36956504
37814033
37009121
38026825
35103374
39922899
39694144
39786315
37726460
41586471
39186518
39411627
39950373
38205592
40068997
37445027
35930820
37344802
36949893
39307526
38263265
37191722
34480108
38564030
38617900
33722773
36367243
34399795
33137619
35594005
34214126
35346248
37414288
37729147
35502394
37985478
35156223
37400953
35061570
32020185
33171469
33630666
31937057
35519242
35153788
33909864
33534469
31853152
29873361
31581437
30639856
32789405
32249139
31575268
29782084
34982333
38077479
32537294
34909087
33660934
33021957
35400372
34509902
36357134
36204660
34814198
35048727
37894482
37813040
38916579
37811056
36611217
34910173
40069694
38173060
35210245
35939427
37718879
37867677
38262267
37780432
33812047
36948757
37617613
36160340
36206177
34740435
32108245
35378818
33928262
31857363
35335117
31751978
32263649
34768528
32389508
28722733
34354314
33515866
30452461
34658568
32674312
33129762
29207658
30523253
34046669
33035588
29156976
32266172
35904174
37145974
23330617
28578363
29529380
32874302
26371341
28204481
29495307
27636373
26523947
32551741
25358834
25944756
29792001
28799322
24491847
26283546
28958977
25074142
29646301
23946871
24848091
26579111
26759095
24934427
21902146
24880714
24251684
27719962
26044447
27923655
27881450
25630461
29026400
25876670
26452916
29474422
29563645
27656581
28777857
26955737
24333619
26758831
27170612
17748099
27073268
30131184
26794978
26831505
27002188
21576165
30753303
25756487
30822461
28141931
31491478
26724977
27468803
30830680
28299509
28177431
27388164
31283734
32464202
34149817
30201583
30843936
33296340
32998680
31161542
32189347
24376124
32606925
27862247
15678475
33047161
34341954
31504707
31742417
36381480
34828602
32457363
36014671
36138635
33886572
34188473
34535541
37719264
33550367
22189816
37278417
37866082
36804010
37124507
38740219
39468448
38759483
37192829
38995006
37165679
38382128
39045180
37811624
38748703
39889162
41283260
38063712
37886028
41228630
38526488
38650625
38159534
40211043
38026276
40449339
37291584
38725558
37343515
41120331
37747131
36923901
37236202
35261513
38642785
36951048
37735219
36426467
36903921
14200522
14423743
14863086
14183344
14602897
14345946
14593365
14617406
14571854
14574153
14763705
14561979
14770586
14651114
14690286
14535446
14982189
14637157
14966262
14756262
14819020
14922778
14715268
14641817
14788033
14490551
14776955
14386448
14771013
13822207
14834955
14769891
14535888
14639575
14843627
14639177
14665703
14908812
15049992
14986702
14989377
14842963
14692216
15098143
15210164
14915283
15050975
15136956
14476447
15012383
14627049
15038331
15138259
15115737
14910106
15166344
14772902
14441863
14810149
15016200
14631499
14957292
14537516
14651948
14685503
14501923
14615877
14424828
14126094
14673754
14398460
14624878
14399618
14834096
15224778
14751291
15334549
14862214
14816288
14985073
14947034
15033491
14998631
15280587
15286333
15407105
15021689
14903178
14790039
15107276
14676594
14731906
14903576
14879993
14767131
14975149
14761502
14868832
14699595
14923021
14833518
14905434
14646425
14902065
15058517
14691046
15059457
14681402
14691684
14835682
14158442
14736693
14615239
14924094
14102633
14803383
14622498
14179775
14696336
14289809
14771999
14331804
14496990
14707631
14295461
14205263
14354196
14902647
14537846
12927384
13621507
14333165
13898542
13582532
13799154
14037342
13913356
13202191
14334442
13159394
13311203
13562289
13618960
12877711
13612775
13737173
13034173
13847274
12640574
12328465
13475400
12766633
12954078
11798810
12288494
12321449
13539530
12763648
13156675
13167546
12890096
12912324
12230042
12346838
13879406
14077235
13575901
13424343
13851919
12443135
13242760
13854334
10506142
13794961
14318450
13736297
13521440
14062744
12006395
14572348
13356695
14936472
13431819
14525427
13478277
13419457
13961944
13556820
14030329
13732232
14428112
14203967
14662682
14093896
13810888
14645871
14683463
14584957
14616850
12033945
14638923
13599346
8075408
14215058
14791793
14181203
14442908
14444331
14893575
14336194
14888757
15236978
14543564
14826689
14965859
14374814
15248155
11685550
14482358
14295437
14577688
14311196
14510808
14346501
14043039
14659904
14371007
14314934
14518775
14571235
14614882
14680542
14349996
14228078
14512992
14541307
14283865
14644118
14575806
14059342
13984210
14294208
14216037
14517594
14666054
14645768
14183256
14568447
14760861
14581864
13385092
14291588
14453121
14492679
14405598
14442787
