41381933
38309000
37783017
41543409
39947280
40228023
37644433
37506606
38917825
39479309
36425200
36005304
36036866
38840501
36629830
38221341
37036189
36257776
35528764
36572962
35746522
36735828
33572404
38847839
38601459
38438331
36431723
40506705
38063679
38134761
38847431
36910174
38864586
36034226
34400667
36039044
35690959
38080513
37185768
36038740
32917478
37464293
37324833
32111508
35084285
32829638
31405937
34195963
32666242
33792473
36293925
36608223
34116258
36934440
33734170
36267911
33524852
30332296
31402841
32105217
30207064
34266531
33851117
32473617
32017715
30174135
28054794
29907840
28853402
31353105
30733960
30024341
28055800
33781338
37013521
30975746
33516990
32311393
31556089
34106318
33099938
35122841
35079589
33634674
33778570
36871081
36821477
38009098
36795423
35510954
33499337
38998936
37036744
33843105
34614885
36668075
36703484
37288252
36721775
32369342
35887115
36516514
35043953
35085187
33464228
30598780
34278097
32526117
30491664
34265576
30372210
30789109
33492872
30936628
26854317
33149145
32098033
28958461
33383335
31188276
31729240
27484983
28992375
32676518
31689519
27423936
30887333
34838802
36120362
21307236
27013121
28017026
31618446
24521143
26638474
28054309
26003528
24931105
31378861
23494808
24287862
28460660
27340510
22739119
24496831
27566007
23191337
28192673
22102574
23198662
25017835
25079989
23118931
19924702
23344034
22567016
26203567
24168332
26312278
26195984
23942296
27616102
24225979
24802331
27967919
28164021
26299855
27350889
25390589
22833737
25251658
25687882
15829544
25611633
29018302
25253874
25193710
25408198
19671680
29472548
24083913
29590079
26805457
30118038
25228282
25962919
29450880
26796633
26771971
25946091
30037251
31300416
33128639
28928936
29603053
32139101
31920214
29825044
30987186
23092315
31582955
26531897
14810831
31731040
33207423
30248086
30259124
35328913
33833836
31087132
34974659
35132383
32772874
32985640
33488174
36723945
32399115
20219079
36256772
36834885
35814585
36023783
37841535
38563384
37780119
36178603
38035654
36033075
37378032
38082273
36803964
37812267
39048724
40493758
37092542
36928815
40423432
37549066
37791295
37232641
39389863
37209002
39672945
36318536
37938358
36359774
40332585
36853203
35830894
36251645
34518385
37829283
35944419
36791659
35396601
35998129
14242383
14379326
14896652
14232227
14633511
14361900
14594901
14605478
14561831
14612346
14752577
14425041
14703353
14671353
14612307
14538483
14867850
14522730
14877926
14742906
14738818
14888817
14540242
14651860
14810058
14451348
14744684
14414960
14766690
13750385
14858755
14730507
14530564
14550440
14674293
14557182
14597655
14895496
15052643
14946906
14813738
14848640
14640363
14881083
15150430
14715687
14761419
15049301
14221792
14840557
14568062
15035318
15012749
15117249
14788702
15144047
14547433
14123976
14538544
14805453
14267458
14861684
14392508
14454104
14484295
14163919
14203950
14065811
13736610
14443774
14144369
14329345
14009378
14749847
15203043
14509834
15216052
14698516
14584966
14870212
14791328
14973213
14942365
15181420
15178017
15401299
14997247
14899309
14761544
15055426
14511062
14724284
14851767
14748180
14623198
14951250
14695781
14882716
14632453
14725550
14770230
14832995
14550289
14833250
14942715
14431626
14983571
14494099
14446557
14763840
13930935
14482314
14472250
14680682
13612069
14705057
14419517
13829443
14551463
13999975
14532553
13909129
14174021
14506581
14085235
13777781
14084748
14850976
14495027
12143900
13216835
13981384
13682762
12982772
13384591
13697999
13456910
12715049
14171576
12538314
12784308
13265017
13244532
12266819
13036794
13378638
12393566
13506875
11965496
11788913
12997252
12281287
12336776
11030625
11792393
11751812
13108280
12167632
12705344
12705506
12358480
12545860
11715096
11844081
13516956
13765640
13191598
13057214
13368468
11954478
12794532
13418059
9610587
13367309
14102454
13295406
13035584
13579719
11233588
14306246
12804186
14702310
13055371
14267861
13031816
12980703
13653483
13119455
13661432
13331442
14197159
13997839
14523072
13823422
13569040
14507286
14547186
14326440
14411612
11694784
14507796
13260590
7769593
13995624
14667289
13943858
14165436
14358132
14792632
14090576
14833251
15168407
14411665
14701564
14880689
14292506
15125933
10934861
14435879
14227936
14521060
14215690
14491436
14335452
13986973
14616648
14338369
14214107
14491191
14539361
14579531
14671174
14345008
14256355
14482037
14522942
14294249
14619855
14570565
14018633
13996368
14302131
14233471
14475561
14679187
14639427
14197794
14556832
14715858
14532661
13381461
14296802
14386711
14459417
14360365
14420020
