41915102
39079553
38398129
42067704
40562229
40896915
38304527
38249491
39597145
40116069
37191866
37028760
36943941
39522686
37514490
38893944
38104412
37187351
36489663
37375345
36576783
37605348
34619700
39530514
39300201
39339809
37275398
41177670
38778712
38976234
39563992
37778403
39653719
36982503
35458520
36935650
36527163
38875784
37877923
36787157
34001843
38178173
38181754
33246510
35945807
33931582
32622754
35145635
33743196
34875480
37028772
37343521
35081867
37622945
34721368
37001834
34597691
31552056
32670541
33183408
31466243
35144486
34768714
33488785
33083506
31393553
29393390
31127294
30157577
32369662
31824574
31134406
29325911
34577413
37710415
32098424
34493362
33250432
32609270
35009750
34104141
35970921
35824796
34442484
34652050
37546578
37455352
38585459
37453248
36245345
34509206
39699906
37783432
34789482
35532459
37366156
37485176
37916193
37443676
33410471
36587213
37273893
35800873
35841484
34350444
31690836
35022421
33525892
31463503
34982059
31364563
31865957
34382006
32006813
28261708
33996831
33120129
30065697
34291786
32288090
32743969
28783944
30137757
33677530
32659474
28741362
31910230
35546436
36809674
22909466
28201818
29140334
32544676
25954302
27819576
29132864
27257244
26163665
32209191
24947915
25570689
29458810
28447683
24115311
25900516
28629452
24693857
29299530
23569466
24489801
26215891
26410506
24560918
21544458
24562612
23900840
27379048
25659640
27574012
27526462
25285973
28703303
25552595
26114704
29134479
29242174
27354638
28469737
26643904
24029179
26444638
26883528
17429797
26777036
29850031
26500054
26532053
26691259
21260337
30460782
25455345
30550113
27868475
31189952
26453035
27191702
30525225
28006172
27891751
27099666
30996096
32197757
33886622
29921201
30562311
33006376
32718516
30889599
31906955
24123877
32339533
27612102
15509430
32765726
34063853
31229084
31444797
36111517
34575841
32173021
35763050
35888131
33624516
33915976
34264017
37433937
33266614
21845067
36986366
37613006
36539486
36845564
38471618
39199867
38478860
36923821
38728570
36897634
38103399
38778796
37526611
38470592
39613022
41036494
37773324
37614651
40960090
38260149
38406988
37890408
39959133
37771292
40209035
37054205
38463263
37083256
40847341
37497617
36631648
36987449
35020814
38376895
36696795
37477040
36164845
36647547
14180583
14382800
14836379
14166113
14579870
14323206
14551069
14584326
14535187
14549446
14724184
14503526
14721011
14622635
14642820
14502644
14925091
14571045
14910285
14717605
14763819
14886190
14642412
14609790
14762315
14453271
14735617
14360429
14730571
13776125
14805642
14730312
14500199
14586654
14775961
14587091
14618566
14870802
15011456
14940188
14910405
14804785
14648959
15012698
15158685
14838831
14950725
15085184
14389168
14941556
14574404
15000631
15080096
15078985
14844433
15118111
14690598
14342010
14717796
14936202
14521624
14904913
14476179
14577649
14605285
14401026
14502707
14322130
14010189
14593562
14314806
14525071
14285082
14774254
15185660
14666588
15272222
14787495
14735316
14923698
14880113
14983442
14948791
15219621
15224353
15361973
14974603
14861408
14737987
15056447
14612984
14687968
14853031
14809863
14703660
14928726
14712245
14831964
14651956
14840091
14780049
14852557
14590368
14851537
14989958
14603300
14995609
14606270
14602602
14777849
14075805
14651913
14545775
14839994
13976933
14744446
14542779
14076389
14633109
14204342
14693134
14219390
14403071
14632816
14217148
14098772
14269726
14846776
14488093
12769340
13518637
14230773
13829110
13446555
13692121
13937768
13798020
13086333
14261442
13019820
13184756
13478732
13520555
12741259
13487555
13642479
12906155
13754685
12501220
12210474
13353626
12663419
12825440
11662540
12175163
12203197
13433685
12640460
13055936
13064669
12780087
12823233
12127077
12242453
13790286
13986580
13483054
13334643
13748683
12333103
13142205
13759046
10359390
13697502
14235501
13638692
13423204
13965331
11878265
14492106
13252826
14860920
13347331
14445934
13390411
13328441
13885021
13464729
13946015
13648778
14353230
14138532
14599737
14014202
13740432
14582490
14623270
14515052
14547965
11954243
14575018
13522086
8003428
14150982
14734115
14110965
14367269
14389299
14834462
14263931
14835005
15186491
14483794
14762925
14902555
14316706
15186603
11560846
14437387
14250113
14525886
14259358
14465212
14296606
13996032
14610689
14328111
14264079
14473041
14527058
14564941
14640748
14307563
14194801
14469185
14490959
14249095
14598026
14530985
14014526
13943883
14254723
14181156
14475851
14618088
14599849
14142259
14527124
14710867
14537725
13338627
14245859
14403290
14447879
14353197
14394082
