46215
10543
13672
11935
25363
11401
11494
11760
10957
11480
15660
11918
11771
483685
16893
32353
2326646
19354
508145
13468
12415
42943
10986
362989
16503
12643
11987
12140
12346
12694
89173
12788
14564
558177
15423
40295
12501
54662
12538
82639
12084
12907
12692
25333
19641
11920
12696
11747
11302
14629
13300
14928
407034
298650
16523
1034705
578854
686837
21515
15307
1247775
25328
177269
44061
12302
11577
18526
993525
20733
17442
11629
13737
11906
18974
682449
17602
688316
33596
18112
12862
14152
12334
12462
12782
15866
934066
21393
13051
12519
12575
12568
16396
513621
18153
14863
15242
21450
16043
267452
585167
19635
31529
13674
13099
18555
12925
15698
92059
12749
23695
13626
13109
13092
14050
11889
11738
12190
17146
1205373
23138
1533787
39756
17774
1592702
22276
91912
14139
434872
29826
32493
12947
12313
19802
1268027
20597
21191
412323
189520
1074660
19122
10974
12553
10579
11229
13066
156845
495258
1013272
20250
109668
11263
11388
42333
12798
10661
11378
11684
13666
78647
12733
267420
21278
1253578
53538
90516
12503
84124
13985
11251
11422
11312
10865
10757
81418
11739
12064
269059
198631
12384
2779678
21687
21950
29036
17575
872139
1196973
32663
311891
17566
28364
12586
14967
1642557
12126
13530
13251
12856
1298847
95803
23822
150085
15486
11999
42032
11471
14297
11928
13349
448943
14938
11864
1876772
295868
16569
334680
12873
11620
11684
11906
14455
11250
11780
12057
11830
15695
18285
21983
12200
55522
1163427
21828
11621
51809
13107
11373
12611
15103
782960
17979
24583
12948
203256
990520
713195
12974
11889
10322
11495
28928
33499
10683
10149
154556
14630
12228
9854
8443
1973
2573
2140
4607
2106
2132
2191
2001
2128
2977
2185
2227
88503
3117
5943
428035
3567
93772
2489
2337
7955
2083
65376
2995
2268
2223
2173
2214
2267
16649
2321
2579
104335
2874
7375
2323
9849
2307
15481
2246
2303
2300
4769
3620
2185
2376
2132
2118
2691
2392
2715
75924
53636
3000
191314
103338
128367
3996
2882
229872
4594
32953
8247
2283
2173
3545
183742
3853
3270
2190
2558
2204
3506
125094
3276
124878
6300
3425
2374
2580
2247
2322
2405
3024
175445
3842
2354
2311
2356
2357
2875
93851
3282
2698
2725
3859
2864
47665
110219
3603
5776
2510
2383
3406
2392
2911
16833
2397
4330
2537
2458
2399
2625
2238
2127
2242
3187
222021
4279
283819
7204
3398
292284
4064
17182
2640
81510
5265
6177
2403
2343
3642
240382
3912
3958
82697
35999
193645
3715
2107
2340
2022
2101
2535
30680
95137
186006
3841
20257
2222
2146
7974
2413
2050
2211
2216
2499
14950
2343
50116
3860
236329
10101
17192
2303
16084
2626
2223
2140
2142
2085
2107
15337
2273
2276
50371
38547
2369
520121
4208
4234
5426
3284
168316
224456
5963
57546
3393
5440
2354
2744
310182
2254
2540
2411
2431
240674
18747
4346
28035
2936
2245
7839
2128
2663
2216
2389
84420
2758
2205
351744
54900
3124
63349
2367
2249
2162
2181
2579
2070
2107
2189
2137
2776
3396
4031
2206
10253
220348
4022
2151
9619
2296
2140
2356
2730
146346
3324
4474
2383
38045
184309
134641
2493
2209
1879
2208
5485
6227
1970
1894
28934
2727
2331
1840
