48233
10744
13185
12469
26051
11578
11228
11672
11554
11894
15927
11487
11629
481350
15481
32969
2315601
19247
508796
13536
12272
42679
11448
365829
14755
12479
12569
12622
11630
13137
90038
12510
14109
561742
15369
42413
13186
56377
12653
81432
11854
12522
12740
24669
19585
11728
11912
12396
11728
13921
12911
14474
404426
301065
16807
1039249
573398
695273
22114
15310
1246824
26034
178994
44624
12674
12047
17913
994558
21411
17976
11456
14002
11447
19274
687895
17952
683864
33128
18369
13187
13929
12706
12536
13477
16003
937175
20681
13169
13081
13762
12937
17192
512053
17424
14034
14637
21259
15076
264961
584415
20700
30464
12628
13637
18881
13096
15095
90421
12597
23889
13612
12993
12786
13665
11873
12004
12613
17488
1212869
23682
1543139
40009
18707
1594448
21999
90117
13655
437712
29501
32363
12325
12328
19582
1276089
20499
19581
411265
190456
1069496
20365
11813
12653
11153
10533
12755
157966
497539
1012893
19885
108958
11351
11756
42164
12840
10616
11164
11417
13374
80261
13807
271113
21649
1259456
53290
89397
12221
82977
14989
11070
11103
10619
11151
11076
81680
12143
12238
271618
197782
13037
2786595
22187
21420
29295
17562
877442
1201939
32530
311188
17326
27307
12915
15916
1644037
12128
12929
12710
12770
1294748
94952
23918
151091
15720
12340
40563
12032
13296
11635
13844
454584
14780
12060
1883514
290645
16740
335255
12622
11258
10993
11850
14738
11470
11497
11920
12222
15335
18063
21036
11965
54593
1159511
22378
12191
51486
11942
11349
12503
15584
784107
18606
25231
13032
202901
994311
717450
13727
12399
10842
12566
28684
34040
11155
10082
155132
14902
12483
9473
8776
1986
2510
2291
4732
2116
2092
2154
2161
2209
3022
2142
2174
88207
2858
6024
426173
3542
94188
2469
2302
7847
2174
65746
2713
2239
2290
2234
2144
2325
16771
2305
2533
105066
2848
7686
2446
10154
2320
15383
2203
2235
2263
4666
3647
2170
2235
2225
2188
2536
2333
2631
75435
54080
3066
192062
102646
130104
4086
2848
229465
4684
33249
8385
2289
2266
3409
184205
3970
3379
2096
2596
2153
3570
125961
3327
124194
6197
3415
2402
2553
2294
2376
2519
2998
175855
3736
2381
2357
2518
2401
3014
93730
3175
2570
2649
3800
2675
47290
110066
3771
5624
2356
2435
3421
2428
2762
16659
2410
4378
2532
2419
2332
2566
2243
2170
2279
3311
223225
4382
284888
7229
3522
292409
3993
16816
2521
81861
5216
6185
2267
2313
3569
241445
3895
3626
82376
36109
192585
3913
2260
2382
2081
2032
2456
30612
95451
186154
3725
20041
2158
2187
7961
2400
2050
2149
2161
2453
15159
2520
50605
3962
237294
10028
16835
2268
15906
2757
2136
2099
2047
2141
2178
15340
2355
2323
50629
38273
2501
521077
4274
4079
5463
3311
169061
225096
5989
57581
3329
5232
2403
2910
310644
2262
2416
2339
2369
240456
18524
4387
28273
3018
2313
7511
2218
2545
2171
2473
85166
2736
2222
352167
53937
3129
63446
2319
2176
2070
2177
2621
2107
2083
2175
2199
2728
3318
3894
2173
10126
219453
4127
2251
9554
2118
2150
2321
2786
146488
3417
4564
2374
38084
184592
135114
2595
2321
1988
2364
5406
6311
2031
1874
29132
2751
2375
1800
