47256
11217
13163
12290
24916
11506
10640
11550
11365
11958
15355
12038
12011
479503
17153
32667
2314227
18510
511879
14081
12123
42715
11494
366509
15255
13539
12247
13142
11635
13185
90240
12195
14857
561418
15654
41681
12286
55461
12564
82527
12013
12860
13413
25185
20336
11309
12222
11711
11790
14238
13328
14220
406020
298667
16871
1034512
575446
689911
21927
14925
1255708
25068
178793
45556
11894
11298
17308
998619
20867
17591
11687
14052
10880
18945
686356
17750
684832
32506
18519
12874
14109
12480
12494
13565
15762
932275
20478
12721
12405
12694
12938
16394
512900
17810
14318
15113
20730
15045
263952
584804
20484
30832
12865
13656
18930
13482
16090
91264
13200
23751
13593
13117
12815
13396
12032
11508
12511
16191
1206572
23804
1550969
39493
17898
1596888
21789
91972
13260
433863
28525
32387
12571
11970
18932
1266709
20468
20878
413397
190358
1078527
20009
11614
12011
10433
11020
13789
159299
493773
1012511
18659
111016
11156
12159
42642
12982
10981
11670
11721
13428
79783
13375
268335
20887
1254777
53839
89601
12821
84820
14409
10739
11309
11672
10500
11396
81789
11323
11649
269294
200453
12214
2789781
21599
20616
29074
18971
873894
1199386
32349
312047
18261
27872
12174
15287
1646040
11827
12653
12917
12910
1301602
93643
23745
151971
16189
12439
40724
11099
13806
11608
14191
456751
14710
11816
1880153
296191
16882
333233
12463
11332
10965
12416
14064
11363
12012
12111
11482
14632
18182
21247
12437
56737
1163174
23259
12236
52164
12138
11967
12532
15398
795080
18976
25259
12988
204306
998503
713774
13921
12014
10375
11971
28591
33063
10768
9806
154586
14301
12750
9931
8582
2067
2501
2203
4503
2116
2002
2158
2113
2202
2893
2258
2256
87981
3170
5957
426134
3427
94671
2578
2252
7846
2181
65919
2787
2445
2235
2335
2106
2334
16860
2225
2636
104744
2900
7582
2302
9950
2317
15508
2270
2284
2396
4738
3721
2103
2282
2119
2231
2593
2430
2597
75593
53588
3086
191343
103111
128955
4032
2798
231118
4569
33199
8468
2227
2128
3329
184949
3886
3290
2173
2631
2062
3527
125664
3317
124147
6140
3464
2315
2602
2271
2308
2547
2948
175399
3680
2306
2267
2344
2381
2867
93691
3235
2639
2722
3762
2686
47087
109945
3737
5740
2380
2451
3483
2481
2983
16737
2528
4326
2515
2451
2343
2557
2293
2125
2255
3039
222543
4356
286394
7216
3380
292471
3946
17185
2419
81256
5064
6093
2365
2306
3465
240110
3895
3799
82872
36082
194249
3842
2231
2245
1949
2063
2621
30955
94876
186095
3606
20439
2147
2276
8112
2441
2138
2228
2230
2434
15097
2444
50034
3831
236728
10127
17022
2367
16191
2682
2076
2103
2231
2038
2189
15334
2212
2214
50401
38861
2340
521420
4165
3937
5384
3462
168594
224908
5942
57657
3506
5425
2280
2820
310966
2225
2359
2340
2399
241586
18274
4363
28552
3072
2323
7636
2055
2572
2159
2593
85832
2741
2161
351906
54749
3116
63212
2291
2202
2037
2277
2538
2117
2144
2199
2093
2613
3371
3944
2249
10511
220279
4273
2233
9698
2113
2229
2305
2769
148401
3544
4592
2398
38363
185416
134640
2633
2258
1890
2285
5394
6134
1963
1839
28928
2676
2365
1851
