48136
12021
13395
12409
25282
11319
10755
11062
11148
11884
15658
11775
11830
479442
16791
31285
2328697
19568
506885
13689
12355
43523
11264
366808
15376
12380
12593
12554
11857
13057
89471
12240
14808
562978
15508
41801
12866
55673
13427
81780
11852
12992
13254
26365
19182
11062
12081
11933
11281
13891
12826
14590
408379
301743
17213
1040130
579922
693060
22116
14484
1246145
24624
179182
44766
12706
11593
17281
999883
20646
18502
11610
13573
11541
18735
689622
17250
690699
32996
17965
13118
14645
12560
12887
13413
16245
930143
21337
13376
12971
13544
12787
15976
514588
17390
15319
15023
20678
14284
262815
587373
20143
31151
13241
13344
19042
12068
15924
91477
12836
24296
13721
13098
12371
12966
11858
11319
12465
16828
1214730
22861
1550302
40836
18720
1604861
21694
91803
13918
439820
29666
32202
13094
12623
19158
1275546
21254
20263
411683
189733
1067463
19660
11967
12745
10457
11362
13275
158860
495398
1008918
20307
109536
11461
11496
42119
12963
11054
11370
12298
13046
78493
13027
269462
21329
1259196
54279
90223
12016
84138
14627
11222
11435
11446
11038
10727
82560
11672
12225
269884
199877
11965
2791639
22748
21338
28934
16949
877378
1200112
32384
311257
17944
28470
12324
14943
1644895
12283
13035
13279
13203
1300627
94210
23232
150840
15367
13271
42261
11743
13848
11988
12763
455318
15401
12459
1882935
290816
17478
333605
13282
10556
11411
12352
14504
10710
12295
11771
11556
15024
18323
21541
12104
56872
1165178
22629
11406
51604
12398
11051
13034
14821
789957
18799
26683
12570
204044
992677
711157
13999
12188
10640
12114
27876
34009
10587
10095
152454
14724
12876
9539
8756
2212
2500
2292
4572
2073
2008
2094
2073
2162
2966
2170
2203
87820
3147
5790
428100
3626
94005
2483
2312
7968
2134
66118
2806
2252
2298
2209
2193
2351
16745
2236
2656
105040
2869
7646
2375
10079
2391
15383
2206
2329
2374
4964
3551
2047
2249
2150
2135
2542
2307
2637
76093
54206
3131
192355
103879
129192
4050
2735
229168
4457
33351
8371
2331
2171
3339
185058
3854
3447
2137
2538
2158
3510
126204
3219
125168
6259
3390
2389
2655
2275
2422
2508
3054
174957
3818
2417
2376
2492
2370
2805
94418
3199
2753
2724
3699
2574
46867
110806
3749
5743
2428
2438
3435
2237
2951
16787
2406
4408
2537
2471
2239
2446
2217
2051
2278
3182
223723
4208
286451
7468
3566
294229
3904
17215
2570
82318
5253
6171
2418
2363
3469
241877
4009
3782
82504
36172
192436
3824
2257
2392
1948
2172
2566
30828
95242
185269
3843
20250
2224
2164
7973
2432
2087
2168
2322
2387
14976
2419
50371
3874
237036
10205
17103
2250
16055
2704
2175
2145
2186
2127
2087
15611
2266
2332
50592
38725
2301
522231
4381
4084
5420
3122
169568
225556
5988
57580
3429
5475
2296
2764
310803
2308
2451
2403
2460
241352
18422
4254
28290
2915
2451
7897
2147
2568
2246
2288
85729
2817
2280
352167
53969
3253
63156
2393
2053
2139
2250
2595
2005
2207
2142
2051
2703
3398
3949
2195
10491
220486
4149
2130
9559
2184
2050
2419
2671
147739
3512
4842
2331
38427
184627
134263
2618
2282
1972
2292
5339
6293
1964
1877
28685
2705
2418
1823
