47616
11711
13857
12269
25709
11081
11452
11783
11496
12260
16048
11656
12014
481695
17124
31770
2323037
18721
508881
14195
12518
43313
10836
365638
15034
12945
12465
12599
11290
12979
90568
12944
14167
558359
15673
41175
12740
56391
13076
83376
11669
12957
13073
25984
19790
11097
11629
12068
11066
14250
13411
15585
407712
296337
16761
1040797
575501
694478
21899
15383
1243592
24042
181313
45367
13504
11634
18798
1003111
21146
18809
10915
14522
11746
18654
684470
18129
687995
31164
18399
12312
13734
12283
13253
13890
15993
936532
19678
13145
13302
13251
12864
15928
511224
17963
15610
15253
20868
14703
262236
586548
20107
31640
12818
13124
18912
12036
15063
89134
12415
23726
13473
13188
12314
13391
11654
11796
12348
16486
1206215
23098
1547439
40849
17834
1604092
21539
90838
13445
435720
28852
33282
12738
12393
19476
1275483
20879
19728
414354
193003
1071368
19915
10850
12662
11011
11297
13363
158414
495053
1012073
19878
109716
11089
11763
42175
13342
10976
11323
11394
13746
79595
13856
272228
21130
1256462
54565
90798
12214
83836
14629
10913
11373
11004
10519
11130
83359
12188
12393
270783
199503
12196
2782540
21920
21907
29048
17965
874856
1200645
32194
311252
17660
27926
11959
15359
1645647
12374
13057
13105
13245
1301676
95983
23388
149584
15732
12926
40466
11803
14236
11552
13349
451537
15625
12105
1882928
294956
17135
338486
13174
10981
11430
12053
14748
10835
11611
11928
11114
14492
18541
21487
12552
55036
1161720
22609
10985
52454
11768
11839
12097
15377
787045
17801
24317
13098
204249
995675
714531
13112
11785
10595
11727
28989
33537
10836
10190
152281
14219
11923
9536
8602
2177
2619
2233
4634
2032
2158
2224
2109
2261
3062
2158
2241
88476
3184
5838
428166
3475
94267
2585
2317
7994
2060
65905
2752
2336
2252
2198
2103
2278
16954
2352
2554
104532
2904
7541
2338
10163
2398
15628
2163
2317
2366
4834
3619
2068
2192
2155
2102
2596
2415
2832
76022
53396
3037
192476
102824
129797
4025
2858
229174
4391
33688
8540
2489
2153
3554
185846
3957
3494
2035
2713
2199
3450
125345
3380
124786
5887
3470
2251
2544
2265
2473
2615
2997
175907
3566
2356
2414
2419
2357
2816
93591
3249
2844
2707
3786
2629
46955
110414
3668
5744
2348
2395
3484
2229
2787
16399
2367
4370
2521
2482
2241
2537
2167
2151
2249
3106
222745
4254
285863
7470
3390
294106
3949
17038
2495
81826
5182
6363
2365
2335
3532
242046
3990
3691
83257
36688
193234
3852
2098
2369
2070
2136
2577
30984
95206
185585
3799
20265
2169
2193
7977
2510
2113
2157
2172
2515
15149
2556
50820
3867
237288
10280
17274
2305
16040
2725
2160
2164
2112
2014
2150
15659
2380
2377
50686
38705
2330
521148
4226
4172
5436
3292
169320
225090
5937
57600
3364
5383
2238
2836
311254
2290
2472
2375
2487
241893
18725
4329
28049
2978
2414
7476
2171
2629
2149
2379
85025
2900
2233
352747
54755
3220
63993
2391
2165
2150
2231
2652
2026
2066
2172
2041
2633
3437
3997
2291
10237
220142
4125
2041
9758
2063
2188
2228
2778
147511
3340
4433
2389
38477
185367
134965
2477
2219
1938
2259
5457
6283
1977
1894
28702
2672
2244
1787
