48629
11099
13792
12533
25926
11927
10830
11309
11071
12060
16071
11608
11997
477687
16697
31793
2322929
19322
512069
14075
12325
42309
11311
363216
15260
12481
13125
12678
11850
13357
90679
12761
14508
562636
15341
41189
12419
55708
13039
83252
11690
13464
12868
24955
20622
11463
12214
11865
11649
14478
13571
14860
406638
300246
17137
1041182
573434
691590
21795
14806
1244883
24859
179582
44787
12399
11505
17507
996407
20671
17660
11370
13477
11137
18372
689042
17666
679944
30913
18163
13040
14578
12421
12855
12978
14850
934674
20294
12669
12869
13495
13264
15734
509114
17614
15317
14464
20791
14814
262019
589019
20051
30695
13366
13284
20080
12541
15274
92945
13461
23059
13625
12846
12673
12903
12054
11882
12351
17359
1209477
23176
1551142
40801
18043
1602625
21888
91538
13664
435135
29700
32232
12511
12537
18939
1273527
20411
20566
412237
191887
1067738
20120
11484
12105
10650
10179
12942
158616
498446
1014051
19364
111398
11651
11618
41508
13427
10728
11854
11558
12937
78257
13798
268777
20246
1253534
53268
91281
12270
84655
14548
11052
10777
11173
10618
10594
81558
11577
12086
268200
196975
12320
2799665
22332
20824
29161
17587
879106
1207968
32238
311288
18653
28082
12462
14882
1646875
11910
13623
13094
12513
1302008
95980
24052
149089
15265
13015
42121
12141
14343
11720
13737
454636
15450
11384
1876796
294600
16797
335928
13548
11566
11553
12448
14613
11142
11058
12393
12077
14824
17917
21104
12368
55268
1163854
22470
11566
51163
11745
11090
12652
15374
792384
18810
24771
13050
205094
1000277
713081
13433
11507
10527
12465
29044
32546
10135
10086
154287
14188
12101
9399
8865
2079
2617
2286
4697
2206
2015
2128
2034
2215
3012
2156
2237
87847
3135
5845
427592
3575
94803
2573
2314
7734
2137
65410
2812
2256
2424
2243
2193
2371
16961
2352
2575
105385
2866
7554
2284
10044
2391
15628
2190
2366
2276
4694
3751
2139
2292
2139
2197
2664
2445
2699
75920
53999
3133
192968
102972
129389
4019
2810
229528
4559
33393
8356
2273
2178
3371
184476
3878
3322
2092
2520
2080
3448
126428
3328
123763
5923
3426
2399
2678
2235
2430
2436
2831
175690
3708
2295
2339
2502
2412
2844
93106
3165
2773
2634
3736
2639
46932
111110
3677
5628
2426
2396
3615
2320
2785
17005
2539
4238
2507
2393
2296
2467
2283
2149
2251
3281
223268
4255
286926
7471
3452
294069
4022
17150
2552
81455
5231
6131
2317
2418
3436
241612
3914
3804
82912
36476
193098
3851
2216
2284
1994
1945
2536
30889
95841
186132
3721
20511
2222
2159
7886
2553
2064
2281
2158
2368
14714
2543
50492
3740
236954
10053
17304
2311
16220
2695
2156
2043
2140
2050
2070
15463
2250
2269
50185
38419
2348
523762
4291
4035
5477
3224
169806
226486
5906
57498
3536
5384
2297
2760
311490
2220
2533
2375
2326
241848
18668
4415
28004
2918
2427
7846
2195
2661
2164
2485
85410
2879
2129
351820
54622
3149
63356
2490
2229
2167
2277
2623
2070
2009
2256
2173
2672
3301
3896
2286
10307
220556
4159
2124
9478
2043
2080
2319
2735
148187
3473
4522
2394
38599
186074
134801
2581
2177
1935
2341
5513
5969
1845
1839
28806
2682
2296
1772
