47560
11395
13649
11803
25118
11947
10732
10948
11350
11599
14921
11414
11752
477953
16217
32300
2330320
18649
509612
13762
12356
44918
11956
365212
15572
13042
12712
12064
11617
13353
88308
12635
15206
561817
15489
41833
12213
55411
12691
83835
12074
13265
13922
25759
19594
12056
12141
12229
11983
14981
12980
14242
407704
295558
16668
1043578
574804
695579
22331
15128
1241582
25328
178809
43812
13549
12155
17910
1000985
21404
17954
11110
14463
11568
18983
686321
17357
685660
30923
18667
12996
13746
12660
12949
13260
14960
933047
20260
13681
13600
13661
13186
16320
507830
17905
15339
15277
20634
14945
263061
581955
19807
31333
12869
13124
18485
12200
15133
91267
12759
23010
13520
13181
12284
13398
11730
11475
12978
17138
1210814
23090
1547092
39581
17650
1600076
22047
90057
14127
438238
28279
32450
12382
12602
19436
1276274
20353
20039
414886
192787
1072906
20023
11177
12332
10587
10630
12959
158491
494655
1013362
19508
108682
11476
11807
41424
13225
11396
11373
11283
13156
79509
13538
271014
21066
1252110
55248
93090
13170
84065
14916
10659
11058
12126
10830
11196
82059
12050
11559
271498
198496
12667
2789937
22160
21544
28490
17091
875317
1203095
31945
311364
17706
28516
12520
15144
1650656
12506
13344
13359
13106
1309367
95058
23536
150205
15941
12503
41971
11622
13603
12074
13490
451125
15730
11986
1881269
295631
16803
336093
13008
11446
11915
11973
15342
11275
11232
12705
11667
14977
17714
21582
12680
56263
1163781
22282
11935
52132
12416
11153
12274
15216
788075
18140
26017
13162
205244
999180
712209
13231
12165
10713
12029
29336
32942
11185
10438
153789
14806
11553
9511
8605
2119
2595
2147
4566
2181
2019
2035
2096
2126
2837
2134
2217
87711
3014
5981
429608
3448
94411
2520
2308
8223
2268
65650
2839
2372
2328
2152
2117
2351
16419
2331
2698
105010
2903
7686
2268
10043
2328
15768
2295
2350
2482
4850
3593
2250
2269
2202
2222
2725
2359
2599
76008
53328
3026
193257
102872
129935
4098
2827
229044
4619
33250
8216
2503
2255
3387
185456
3968
3307
2073
2703
2170
3512
125909
3248
124498
5883
3499
2361
2526
2292
2400
2465
2842
175324
3685
2437
2465
2486
2414
2857
92877
3243
2803
2754
3712
2658
47148
109806
3656
5742
2350
2338
3407
2261
2784
16817
2405
4193
2518
2430
2253
2535
2207
2104
2344
3230
223800
4249
286314
7240
3394
293509
3989
16980
2631
82222
5051
6192
2325
2395
3542
242556
3893
3698
83198
36695
193990
3847
2143
2307
1954
2032
2536
30843
95187
186351
3749
20066
2211
2204
7872
2486
2177
2194
2126
2424
15028
2507
50720
3846
236511
10349
17639
2430
16087
2799
2031
2092
2307
2062
2177
15513
2319
2210
50687
38553
2421
522348
4320
4135
5317
3195
169296
225658
5870
57792
3410
5449
2339
2806
311980
2334
2461
2442
2460
242901
18587
4305
28177
3011
2326
7869
2139
2547
2220
2453
84848
2912
2197
353212
54757
3138
63585
2373
2250
2246
2224
2722
2060
2047
2311
2118
2713
3259
3973
2321
10362
220676
4098
2189
9654
2188
2106
2238
2742
147597
3363
4770
2409
38695
185945
134498
2527
2285
1959
2288
5496
6144
2044
1934
28878
2767
2221
1794
