47787
10995
13342
12048
26274
11440
10725
11590
10737
11837
15690
11429
11946
482584
16735
32398
2327851
18017
512942
13757
12653
43663
11493
363970
15583
13047
12280
11974
10969
12996
89512
12739
14497
560320
15665
41440
13000
56133
12391
81903
11807
12468
12776
25696
19541
11632
12225
11719
11807
14512
13641
13667
406838
300134
16166
1038594
573099
695382
21542
14396
1246442
24806
177917
44439
12899
11466
18446
1002389
20014
17591
11129
13704
11670
19390
687297
17989
685128
32036
17701
13275
13934
12909
13148
13726
15551
929788
20104
13276
13078
13249
13581
16775
511384
16974
15493
14750
20712
15019
265680
587619
20344
31013
12973
12917
18502
12533
15573
90313
12346
23764
13392
12868
12374
13003
11343
10800
12498
17049
1209179
23239
1547046
40314
17599
1593932
21982
92135
13559
435618
28793
32416
12484
11984
19469
1273659
21672
20338
413137
194154
1066886
19597
11431
12619
11646
10987
12582
156836
496303
1013918
19645
109371
11262
12186
40659
12492
10922
11982
11389
12749
79874
13991
267528
21979
1249404
53115
91611
12594
83257
14109
10847
11998
11437
10392
11347
80146
11824
12162
269188
199568
12055
2788690
22645
20985
29406
17503
877818
1202136
31703
311013
17698
28248
12265
15405
1644628
12600
13033
13396
12601
1303737
95826
23407
149938
15631
12950
40439
12301
13501
11676
13113
454004
15061
12415
1882777
295334
17446
335337
12854
10885
11426
12264
14584
11039
12031
11772
11532
15001
18554
21603
12129
55688
1164343
22709
11599
52144
12142
11247
12253
15407
792374
18505
26531
12852
202651
994838
711960
13946
12086
10234
12037
28836
33516
10499
9086
153696
15314
12454
9302
8676
2066
2483
2170
4752
2104
2016
2208
2001
2192
2975
2124
2230
88460
3073
5911
428858
3347
95152
2517
2346
8086
2146
65725
2846
2352
2234
2133
2021
2327
16777
2325
2568
104889
2944
7599
2393
10163
2264
15383
2202
2231
2308
4809
3547
2161
2251
2123
2217
2668
2475
2514
76078
54016
2951
192812
102711
130162
3984
2744
229857
4549
33227
8304
2365
2152
3571
185701
3750
3323
2061
2568
2204
3628
125817
3376
124320
6053
3327
2427
2583
2342
2408
2556
2948
175021
3652
2398
2373
2451
2508
2919
93911
3101
2817
2648
3725
2684
47513
110894
3747
5714
2392
2342
3428
2327
2851
16640
2343
4359
2488
2379
2258
2461
2149
1969
2292
3222
223560
4297
286252
7364
3322
292971
3979
17180
2540
81610
5148
6219
2313
2234
3543
241696
4145
3763
83068
37007
192660
3790
2216
2349
2177
2054
2434
30484
95460
186453
3734
20184
2177
2271
7797
2376
2109
2298
2159
2368
15159
2603
50032
3982
236399
10028
17406
2363
15926
2641
2082
2220
2167
2046
2216
15197
2272
2337
50387
38648
2319
522374
4328
4099
5528
3236
169824
225271
5907
57546
3388
5444
2306
2873
310996
2383
2440
2426
2363
242020
18708
4281
28183
2982
2424
7591
2241
2525
2178
2370
85595
2807
2256
353210
54739
3265
63474
2332
2119
2151
2265
2627
2035
2156
2165
2095
2696
3387
3978
2201
10268
220420
4174
2155
9647
2111
2081
2280
2771
148120
3423
4808
2396
38295
185457
134568
2676
2258
1861
2285
5448
6217
1937
1670
28833
2829
2349
1759
