47927
11450
13565
11492
25635
11541
10843
11817
11237
11731
15322
11701
12208
483135
16856
32036
2320571
19206
508088
13564
12187
42740
11877
363665
15281
13080
12354
12244
11205
12812
88762
12744
14431
565170
15859
42040
12253
56156
13116
83678
11464
13048
12958
25453
19258
11537
11183
11905
11257
14713
13309
14416
405328
302235
17663
1038609
575886
693029
22130
14834
1247558
25722
180537
45015
12867
12133
18128
1002386
20443
18536
11218
14174
11621
18338
687781
17060
683841
32216
18098
13073
14443
12844
12779
13182
15510
936194
20619
12745
13142
13587
13079
16608
508266
18612
15204
14558
21976
14779
263094
590051
19350
30204
13372
13097
19602
12350
15916
91787
12685
24295
13173
12987
12401
13290
11726
11719
12296
17460
1210718
22797
1539428
39619
17382
1601396
22173
90201
13418
438192
29813
31819
11784
12812
18839
1274728
20714
20427
414529
189565
1066984
21131
11436
12852
10956
10594
13800
157752
494916
1018809
19737
109771
11244
12179
40889
13148
11256
11458
11585
13865
78898
12867
270654
20967
1251483
54033
89950
12885
83537
13830
11367
10926
11575
10888
11189
80863
11834
12291
270271
198871
12587
2793623
23122
20724
29719
18069
872577
1200954
31794
308828
17717
27545
12353
15264
1647030
11789
12819
13563
12977
1302203
93877
23995
150771
15582
12384
40111
11812
13810
12433
13302
458679
15453
12429
1874020
295888
16782
336005
12304
11576
10948
11975
15290
11001
11615
11495
11898
15229
18374
21289
12165
55457
1165862
23167
11816
51794
11797
11307
12760
15294
789712
19136
25017
12370
205214
990760
711031
13330
12418
10892
12368
29151
33569
11004
9946
154878
14704
12530
9151
8739
2106
2578
2094
4608
2119
2038
2228
2069
2170
2950
2158
2267
88725
3114
5879
427861
3503
94214
2512
2306
7892
2225
65811
2794
2352
2239
2187
2065
2303
16606
2340
2625
105363
2990
7686
2311
10111
2388
15640
2136
2303
2350
4814
3563
2155
2100
2143
2128
2705
2446
2639
75762
54178
3209
192413
103246
129720
4075
2769
230061
4679
33659
8472
2348
2259
3489
185581
3795
3483
2074
2650
2191
3431
126199
3217
124085
6100
3422
2385
2657
2300
2390
2462
2921
176191
3709
2331
2409
2509
2410
2950
93226
3345
2749
2623
3955
2640
47095
111125
3576
5589
2443
2394
3594
2295
2923
16944
2427
4477
2458
2433
2253
2521
2233
2129
2223
3268
223443
4231
285523
7282
3302
293977
4077
16888
2513
82069
5337
6104
2182
2395
3397
242368
3933
3769
83406
36120
193002
4081
2197
2462
2065
2003
2655
30560
95310
187266
3756
20344
2180
2288
7791
2490
2158
2207
2189
2539
14951
2336
50581
3863
236270
10185
17030
2397
16035
2606
2213
2045
2187
2078
2174
15326
2286
2351
50527
38545
2438
522944
4466
4005
5594
3356
168783
225695
5885
57076
3370
5301
2310
2807
312252
2232
2443
2449
2453
242267
18472
4403
28304
2948
2282
7477
2185
2581
2331
2415
86355
2841
2306
351846
54962
3128
63740
2214
2272
2071
2199
2712
2047
2114
2071
2193
2751
3400
3905
2212
10345
221031
4240
2178
9585
2082
2106
2341
2731
148125
3525
4587
2316
38586
184497
134574
2512
2306
1986
2356
5511
6259
2024
1851
29135
2745
2367
1772
