47323
11193
12951
11584
25928
11732
11364
11221
11366
12759
16041
11324
11831
480900
17497
32306
2326547
19203
508909
13900
11963
43731
11789
365997
14872
13109
12124
13122
11211
13113
89474
12299
14362
563732
15945
42328
12868
56792
12922
84659
11890
12685
13012
25236
20007
11474
11970
11263
11544
14080
13015
14204
405371
298996
17473
1041848
571272
694734
21501
14652
1247465
25660
178822
46002
12633
11053
17648
1005958
20806
17755
10694
14238
11633
18532
686473
17175
685053
31950
18363
13350
14525
12293
12669
12588
15563
939965
20224
12744
13057
13439
12259
16194
511006
18358
14924
15481
20411
15677
261912
587502
20197
31374
12513
12704
19150
12313
15530
90232
13277
24075
13114
12882
11960
13468
11635
11342
12313
15967
1206779
23315
1546448
40349
18029
1596782
21706
90087
13928
432503
30016
32568
12558
12762
20554
1276154
20805
19569
415165
191563
1068557
19746
11687
12707
10627
10929
12653
158032
495544
1018452
19155
108497
11205
12119
42212
13104
10783
11880
10825
12822
79138
13540
268523
20553
1258427
55045
89390
12497
85509
14493
10765
11148
11279
10982
10763
80705
11678
11314
272187
199596
12459
2796676
22013
21744
29007
17686
873048
1199686
32903
310201
17906
29024
12543
15130
1653671
12415
12959
12566
12720
1296949
96940
23650
149405
15924
12237
42141
11761
13723
11847
13630
453144
15503
12437
1887706
295366
17172
334520
13036
11342
11659
11487
14676
11676
11548
12102
11476
15544
18933
21559
11766
54595
1162844
23381
11744
51547
11818
11795
11859
15270
793744
19276
25485
12941
206008
993283
715888
12966
11455
10329
12322
28051
33730
10747
10138
151500
14184
11729
9910
8628
2041
2467
2147
4716
2156
2130
2064
2115
2323
3055
2099
2197
88139
3240
5985
429031
3562
94245
2576
2223
8050
2232
66125
2771
2370
2217
2327
2067
2336
16700
2289
2563
105361
2977
7791
2345
10330
2367
15915
2250
2267
2350
4813
3632
2132
2244
2034
2166
2634
2379
2581
75887
53880
3190
192693
102351
129986
3946
2774
229804
4660
33346
8586
2351
2113
3387
186675
3908
3360
1992
2676
2140
3436
126052
3237
124340
6004
3469
2439
2653
2239
2373
2370
2978
176697
3700
2296
2371
2470
2261
2852
93615
3303
2751
2820
3677
2777
46864
110825
3670
5760
2313
2321
3478
2309
2853
16604
2535
4387
2452
2375
2179
2536
2197
2085
2256
3027
223107
4286
286001
7341
3391
293199
3985
16921
2595
81191
5268
6216
2328
2408
3702
242371
3951
3632
83458
36459
193249
3772
2240
2367
1995
2097
2466
30760
95365
187088
3657
20063
2151
2257
8025
2494
2041
2282
2050
2379
15064
2479
50378
3780
237978
10416
16960
2348
16350
2676
2116
2119
2137
2126
2099
15207
2251
2194
50841
38675
2385
523646
4261
4203
5446
3298
168825
225556
6036
57229
3439
5579
2339
2792
312978
2305
2421
2309
2396
240799
19018
4310
28085
3043
2286
7813
2171
2597
2221
2436
85297
2839
2291
354204
54930
3214
63315
2391
2204
2176
2086
2646
2181
2069
2216
2063
2767
3520
3967
2168
10149
220562
4329
2164
9593
2100
2204
2184
2749
148340
3548
4668
2370
38774
184970
135214
2471
2146
1889
2371
5298
6276
2002
1860
28375
2666
2247
1864
