46721
10978
13661
11994
25760
11735
11146
11972
11361
11779
15523
11238
11773
485735
16510
31249
2334939
19246
512366
13879
12937
43223
11276
364264
15255
12821
12315
12470
11773
12965
90114
12069
14307
563166
15969
41075
12742
55580
13123
83850
12112
13202
13064
23881
19732
11442
12510
12081
11836
13804
13492
14493
404454
296790
16430
1045203
570782
699047
21348
14920
1253139
25196
178962
44063
12288
11928
18187
999209
19946
18228
10970
13864
11549
18362
686871
17337
688036
31892
18248
13390
13936
11798
13119
13420
15766
936108
20772
12996
12839
12939
12728
16141
514526
18238
14987
13747
20070
14609
264882
584926
19863
30755
13679
13563
19163
13017
15580
90438
12506
23211
13402
12806
12324
13355
11423
10850
12623
17682
1205698
22555
1544570
41024
18211
1606337
21516
90037
13723
437471
30102
33329
12472
12645
19422
1270734
21146
19818
414926
191527
1063484
18731
11358
11659
10754
10979
13732
156622
496624
1013274
19668
110654
10683
11944
42537
12993
11200
11228
11240
12615
79453
13183
270500
21450
1263792
54730
91410
12347
84012
13964
10531
10777
10985
10789
11118
82682
11798
11577
273119
200001
12224
2796974
22191
21027
29973
17344
877604
1204701
31615
312076
17296
28058
12442
15503
1650700
12033
13273
13335
12630
1302970
95607
23967
150993
15699
12273
41271
11381
14345
12033
13796
452144
14873
12069
1878979
295180
17408
336234
13092
11908
11453
11639
14256
10683
11227
12213
11508
14964
18575
21186
12013
55151
1158822
23264
11704
52021
12149
10997
12224
15151
792754
18009
25993
13339
203353
994170
711109
13671
12441
10413
12080
29752
33634
10674
9942
154636
14378
11820
9639
8482
2083
2618
2175
4649
2188
2060
2201
2103
2163
2967
2087
2211
89151
3088
5760
430345
3584
94892
2509
2412
7966
2099
65714
2777
2315
2223
2239
2188
2309
16875
2199
2520
105230
2966
7563
2345
10101
2396
15702
2277
2350
2376
4525
3650
2098
2287
2186
2233
2547
2441
2624
75476
53567
2988
193356
102423
130489
3962
2824
230693
4565
33408
8290
2293
2232
3460
185629
3709
3418
2043
2620
2187
3442
126079
3267
125070
6019
3469
2449
2565
2150
2429
2532
2974
176004
3766
2360
2350
2380
2330
2819
94287
3322
2741
2509
3594
2578
47327
110721
3679
5656
2490
2442
3504
2419
2870
16568
2383
4258
2524
2350
2247
2518
2151
1975
2283
3335
223044
4194
286316
7453
3470
295154
3905
16940
2545
82048
5353
6347
2311
2344
3498
241226
3984
3740
83201
36393
192563
3611
2185
2222
2006
2067
2605
30599
95703
186282
3716
20375
2070
2248
8103
2457
2136
2189
2128
2317
15046
2401
50384
3914
238473
10361
17455
2324
16114
2655
2067
2061
2128
2078
2168
15656
2281
2223
50917
38837
2357
523860
4288
4009
5603
3202
169474
226206
5781
57774
3347
5412
2337
2883
312390
2274
2497
2416
2369
242456
18716
4404
28386
3026
2278
7702
2117
2703
2251
2471
85268
2757
2226
352350
54553
3256
63575
2388
2324
2215
2126
2543
1997
2050
2240
2110
2682
3460
3844
2205
10255
220144
4300
2163
9587
2131
2041
2273
2725
148351
3291
4730
2458
38407
185125
134486
2595
2321
1886
2292
5576
6247
1942
1855
29078
2694
2208
1837
