49017
11412
13714
12581
25725
11699
11071
11639
11152
11890
15749
11913
11846
477795
16712
32313
2323464
19120
506873
13573
12066
43728
11367
362262
15088
12274
12612
12749
11297
13470
89892
12803
14575
560132
15679
40820
12098
54310
13158
82764
11426
13397
13066
25610
19411
11971
11783
11893
11162
13643
12815
13936
402849
299512
16498
1037164
571710
689536
21411
14663
1247704
25118
179724
44599
12304
11049
18224
995183
21198
18195
11366
14261
11409
18400
677609
17291
684366
33137
17828
12945
13570
12234
13122
13118
14957
928112
20112
12634
13377
13499
12778
16454
506302
17941
14702
15198
21076
15385
258307
580024
19650
30210
12921
13188
19202
12256
15306
91382
11481
23543
12665
12664
12318
13427
11112
11529
12269
17333
1200009
22896
1542001
40491
17624
1601210
21326
91528
14028
434704
29492
31320
12305
12318
19691
1265868
20949
19409
411916
191617
1074656
20367
12061
12567
11316
10401
13663
157834
496276
1007878
19260
110505
11383
11412
40090
12351
10710
11896
11437
13333
80444
13371
268214
20883
1252892
53119
91323
13188
81864
13945
10916
11425
10453
10371
10665
82266
11988
11358
271879
198642
11650
2778127
21945
21443
28714
16789
876449
1194119
31454
307481
18096
27605
11971
15097
1644061
12298
13183
13219
12822
1299671
94404
23322
152432
16020
12425
40756
11730
14360
11490
12545
450892
15347
11621
1882062
292922
16621
335443
13466
11537
11605
11668
15201
11426
11859
11484
11590
15250
18026
21787
11712
55722
1163671
21864
11833
51689
11765
11263
11943
15287
787910
18425
25388
13173
202051
997960
715605
13071
12180
10858
11439
28579
33002
11007
10090
154818
14569
12465
9649
8885
2120
2615
2284
4648
2139
2055
2183
2087
2205
2987
2190
2226
87448
3119
5928
427469
3513
93959
2495
2255
8050
2155
65154
2749
2232
2283
2292
2071
2379
16831
2363
2599
104438
2918
7575
2264
9839
2415
15506
2147
2392
2343
4840
3542
2235
2189
2144
2126
2515
2325
2540
75161
53839
3004
191641
102074
128833
3995
2747
229327
4572
33432
8345
2248
2037
3460
184315
3904
3391
2102
2623
2138
3437
124193
3212
123939
6262
3376
2372
2484
2193
2437
2454
2828
174348
3663
2305
2404
2477
2369
2854
92510
3256
2677
2748
3781
2738
46185
109235
3643
5508
2386
2384
3504
2282
2839
16802
2204
4329
2377
2356
2267
2560
2114
2069
2256
3267
221336
4226
284639
7372
3382
292873
3860
17080
2591
81408
5270
6008
2272
2320
3528
239755
4001
3557
82548
36345
193324
3905
2325
2376
2096
1968
2648
30552
95389
185391
3693
20365
2214
2118
7660
2339
2062
2266
2154
2458
15159
2439
49962
3833
236114
9969
17309
2462
15688
2588
2080
2167
2024
1975
2082
15503
2299
2172
50788
38466
2219
519821
4235
4097
5358
3100
168949
224052
5822
56960
3450
5379
2226
2760
310091
2306
2472
2395
2409
240670
18418
4250
28483
3041
2325
7531
2162
2644
2118
2258
84746
2857
2192
352322
54405
3130
63565
2435
2263
2163
2167
2718
2123
2128
2105
2099
2732
3336
4027
2136
10243
219979
4001
2169
9509
2069
2065
2232
2744
147216
3404
4624
2390
38058
185202
134945
2497
2257
1946
2178
5331
6107
2006
1884
28946
2701
2370
1821
