46626
11220
13928
11894
26432
11234
10760
11081
11131
12242
15531
12070
12140
480432
16947
31502
2336729
19155
511387
14026
12347
43617
11303
363769
14742
12128
12325
12761
11165
12758
89691
12732
14798
558877
15629
41361
12603
56143
13446
82520
11693
13527
13527
24870
19728
11169
12091
11753
11701
13687
13317
14771
405472
296897
17099
1038151
576632
691436
21245
14592
1246820
24566
178875
44449
12779
11591
17924
1002811
20753
17029
11158
13923
11436
18827
685108
17154
688196
30917
18174
12813
14290
12827
12430
13567
15763
937032
21231
12990
12727
13781
12773
16632
510764
17745
15209
15121
21624
14813
263368
586230
20799
31719
13724
12680
18963
12984
15137
90993
12208
22851
13537
12745
12458
13037
11699
11356
12796
17741
1208927
23229
1539167
41177
17741
1599457
21960
90514
13128
436692
28689
32707
12826
12443
19968
1274071
20276
20363
415450
193113
1065625
19621
11613
12426
11169
10040
13362
155949
497615
1015129
19517
109988
11604
12255
41559
13321
10834
11330
11281
13279
77873
12695
269651
20774
1257938
55872
92607
12972
84206
13920
11398
11417
11138
11083
11230
80898
11878
11558
271931
200176
12527
2795894
22734
21955
29272
17465
878286
1205089
32884
309554
17840
28254
12537
15328
1657748
12469
12904
13111
12592
1301369
93694
23810
151899
16140
12337
41971
11711
13566
12179
13881
458694
15412
12167
1885598
296689
17118
336248
13376
11432
11754
12405
14962
11022
11874
12046
11710
14956
18166
21584
12868
55915
1165215
22548
11576
49888
12058
11459
12059
15036
783496
18624
26266
13331
204174
998830
715946
12988
11578
10805
12531
29024
33476
11167
10027
153707
15114
11811
9759
8475
2076
2590
2173
4758
2076
2030
2064
2046
2286
2945
2242
2280
88116
3128
5836
430464
3559
94648
2575
2323
8043
2123
65646
2707
2205
2236
2262
2062
2302
16774
2330
2647
104690
2918
7569
2347
10164
2462
15467
2190
2407
2410
4718
3587
2095
2269
2151
2221
2530
2408
2712
75746
53551
3121
192350
103177
129284
3900
2749
229904
4476
33288
8395
2345
2176
3411
186108
3868
3201
2058
2605
2127
3512
125831
3220
124873
5817
3435
2337
2657
2332
2323
2535
3000
176132
3838
2315
2321
2528
2380
2932
93739
3204
2795
2721
3858
2641
46967
110477
3833
5827
2522
2285
3447
2421
2759
16773
2312
4150
2516
2377
2271
2495
2170
2063
2326
3352
223442
4280
285224
7529
3381
293808
3990
16925
2450
82117
5067
6265
2401
2338
3638
241847
3890
3805
83347
36691
192524
3804
2233
2326
2080
1904
2574
30334
95576
186255
3749
20325
2198
2285
7900
2510
2070
2193
2128
2450
14694
2364
50513
3788
236952
10573
17598
2382
16179
2642
2206
2137
2113
2130
2171
15305
2313
2253
50834
38914
2378
523185
4375
4190
5475
3231
169701
226331
6054
57434
3470
5361
2369
2822
313288
2324
2417
2394
2345
241399
18344
4353
28498
3073
2322
7800
2179
2561
2249
2533
86195
2849
2242
353583
55045
3216
63647
2424
2230
2187
2248
2679
2053
2130
2192
2114
2702
3353
4006
2357
10335
220956
4166
2116
9370
2150
2145
2246
2692
146886
3437
4763
2428
38444
185804
135213
2453
2188
1967
2386
5520
6225
2040
1883
28805
2805
2241
1873
