47605
11191
13917
12494
26285
12075
10924
11634
11174
11851
14833
11564
12047
482626
16427
32227
2323424
18755
511146
13370
12321
44089
11428
364578
15346
13515
12881
11644
12003
12793
91054
12688
14829
561850
15236
41847
12299
54028
12459
82194
11992
13430
12938
24874
19135
12033
12223
11738
10883
14322
12847
14695
407947
300399
16449
1047538
576148
696662
22201
14864
1249885
25246
179304
44698
13609
11558
18411
1002703
20764
18037
11554
14223
11541
19344
688187
17100
681292
31633
19012
12945
13459
12646
13369
13432
15163
935888
21087
12457
13554
13388
12620
16633
515104
17718
15151
15458
20661
14656
260745
585898
20013
29912
12540
12041
18849
13021
15293
92037
12272
23609
13530
13366
12387
13555
11924
11873
12818
17342
1212818
23163
1547978
41258
18375
1599425
21738
89853
13615
436299
29979
32594
12275
12650
19040
1277455
20676
20713
415779
192845
1065747
21028
11554
12570
10859
10723
13266
154767
496863
1018543
19806
110265
12068
11752
42846
13300
10756
11159
11654
13094
80754
13407
275928
21530
1255703
54187
92446
12737
84926
14871
11367
10706
11306
10796
11124
82217
12074
12164
275302
200666
12156
2790443
22667
20723
29118
18223
874719
1200033
32881
312045
17892
29659
12199
14299
1647654
12849
13232
12934
12869
1307029
96801
23772
151155
15866
11763
41005
11467
13859
12218
13477
454873
15018
11939
1885855
298394
16969
338815
13297
11547
11496
12047
15014
11102
11622
11674
12114
15439
18321
21406
12250
54942
1163882
22843
11514
53094
11749
11189
12725
15230
787159
18771
26249
13274
206280
998785
709901
13192
12314
10870
12106
29667
33200
10496
9537
154184
15110
12412
9829
8685
2051
2634
2261
4765
2223
2043
2158
2074
2210
2842
2151
2277
88474
3067
5978
428124
3452
94542
2468
2270
8093
2147
65785
2794
2412
2354
2086
2187
2277
16972
2333
2662
105179
2778
7660
2278
9784
2297
15480
2241
2403
2332
4704
3498
2244
2265
2112
2054
2664
2368
2658
76141
54071
2986
193466
103396
130135
4101
2803
230016
4593
33369
8342
2481
2163
3485
185855
3880
3386
2146
2646
2153
3613
126078
3235
123737
5981
3582
2359
2504
2321
2487
2518
2883
176350
3817
2255
2462
2472
2330
2892
94300
3206
2775
2806
3724
2658
46896
110229
3716
5500
2302
2202
3447
2403
2808
16946
2335
4337
2511
2512
2273
2561
2263
2156
2345
3252
224338
4248
286571
7529
3478
293645
3929
16799
2528
81842
5310
6261
2304
2404
3466
242341
3931
3828
83425
36615
192475
4048
2231
2382
2021
2021
2555
30254
95413
187087
3780
20365
2348
2226
8171
2496
2085
2151
2216
2408
15300
2472
51599
3957
237092
10315
17573
2359
16234
2737
2227
2041
2152
2110
2167
15540
2344
2321
51480
38919
2329
522500
4375
3982
5491
3376
169105
225427
6059
57709
3397
5736
2332
2634
311695
2388
2489
2345
2384
242752
19011
4362
28409
2990
2213
7655
2104
2570
2319
2460
85464
2786
2208
353383
55225
3150
64032
2448
2277
2153
2202
2709
2075
2072
2136
2201
2780
3425
3948
2240
10272
220888
4215
2125
9796
2100
2083
2354
2741
147541
3444
4764
2427
38845
185815
133761
2492
2295
1975
2294
5646
6150
1952
1765
28850
2837
2375
1870
