47009
11537
13764
12535
26127
11697
11596
11938
11208
12682
15894
11904
11938
484499
16704
31864
2329330
19725
509665
14153
12018
43791
11159
366762
15645
12969
12670
13103
11062
13149
89796
12047
15432
559950
15486
41120
12742
56268
13157
81992
11939
13132
12599
25701
19272
11551
12198
11844
11311
14303
13121
14604
409120
297443
16379
1040652
584413
694667
21370
14235
1247905
25842
177961
46270
12843
12439
18045
1004358
21189
17662
11455
13843
11664
19540
687073
17408
683067
31565
18243
12516
13178
12341
12210
13361
14716
933656
20646
12817
12085
13667
13074
16038
509571
18017
14835
14600
20885
15129
263781
586813
20746
30809
13610
13288
18755
13249
15800
91165
12612
24503
13664
12714
12315
12774
11761
11152
12633
16601
1214152
22966
1551862
40464
18686
1603341
22266
89124
13621
439079
28997
32066
12803
12772
18836
1272761
21087
19730
414578
192626
1065044
19808
11666
12478
10795
10035
13718
157084
497407
1017916
20386
108600
11212
11309
41370
12508
10492
12266
11812
13193
78588
13541
274889
20817
1257426
54146
89568
12919
83959
14712
11087
10648
11639
11527
11071
80994
12149
11703
268968
198457
12366
2792106
21981
21578
28761
17597
874871
1201671
31706
314642
18053
27823
12304
15067
1654186
11703
12914
13284
12250
1305594
96110
23784
151491
15680
11964
40752
11493
13394
12143
13086
453808
15587
12041
1885858
292899
16815
334368
12202
11532
11679
12548
14771
11166
11518
11434
12181
15466
18697
22459
12133
56228
1165131
22722
11929
49480
11490
11798
12338
15125
787730
18465
26295
13293
203529
993304
715683
13572
12175
10250
12569
29456
33820
10522
9553
154275
13968
12300
9259
8546
2133
2609
2302
4698
2150
2163
2222
2048
2317
3006
2237
2259
88737
3142
5863
429324
3619
94221
2588
2245
8046
2104
66284
2834
2364
2290
2328
2048
2335
16725
2242
2727
104676
2882
7511
2377
10222
2416
15368
2239
2356
2264
4851
3530
2157
2266
2120
2157
2640
2396
2677
76499
53687
2992
192380
104524
129773
3947
2714
229984
4684
33088
8599
2385
2343
3442
186395
3915
3298
2105
2613
2148
3613
125841
3260
123979
5964
3403
2295
2483
2262
2303
2470
2801
175717
3779
2298
2243
2519
2425
2839
93423
3258
2693
2610
3758
2679
47181
110724
3808
5678
2483
2448
3450
2442
2922
16872
2392
4472
2522
2401
2266
2408
2219
2017
2291
3157
224367
4236
286717
7437
3508
294463
4019
16641
2545
82153
5156
6091
2382
2392
3489
241428
4023
3680
83286
36585
192390
3839
2245
2345
2029
1917
2639
30583
95934
187123
3836
20048
2148
2124
7828
2385
2053
2340
2246
2383
14877
2500
51346
3823
237663
10204
17085
2407
16045
2746
2192
2021
2191
2208
2155
15350
2359
2263
50444
38500
2375
523176
4269
4131
5385
3230
168932
225312
5831
58079
3466
5374
2304
2772
312981
2193
2421
2461
2306
242252
18615
4328
28516
3021
2242
7608
2123
2512
2271
2361
85345
2883
2224
353907
54338
3135
63261
2230
2256
2180
2321
2639
2080
2084
2102
2210
2767
3450
4162
2203
10440
220685
4200
2199
9185
2047
2209
2268
2725
147578
3461
4803
2428
38312
184827
135223
2566
2283
1881
2397
5573
6248
1953
1778
29033
2604
2321
1767
