49075
11671
14347
12056
26426
11532
11334
11590
11398
11901
15557
11707
12225
481205
16797
31967
2328931
19065
510608
13643
13016
44387
11206
365699
16265
12878
12714
12712
11641
12958
89720
12461
14679
559989
15931
41433
12332
55654
13097
82389
11295
13065
12252
24658
19606
11877
11801
11401
12191
14256
13063
14623
410123
297126
16680
1040215
577673
694738
22067
15044
1242532
25403
176432
45091
12540
11947
17710
997914
19485
18579
10684
14576
11053
19562
691731
17359
683394
32151
18658
13074
14500
12663
12727
13415
16030
928256
21437
12956
12897
13743
13296
15960
514523
17954
14502
15237
20825
15191
262242
584827
20374
31532
13360
13113
18753
12607
15919
92011
13165
23911
13475
13465
12329
12569
12509
11462
12713
16268
1205391
22665
1542556
40019
17683
1607671
20836
91338
13767
438810
28822
31918
12171
11939
19810
1276799
21594
20245
417073
193158
1070167
20433
11509
12346
10850
11173
13727
157683
496695
1018810
19891
108705
11988
11992
40995
12698
10662
11366
11648
12696
80385
13840
271095
21221
1256539
56000
91112
12143
83719
14293
10646
11315
11414
11128
10907
82139
11516
11051
272026
198817
12137
2790238
21991
21949
27856
18022
872363
1205815
33154
310140
18170
28586
12214
15764
1653702
12494
12389
13060
12817
1300104
94687
24498
151912
16553
12276
40352
11548
13472
12266
12609
453125
15326
11513
1883053
292718
16653
335123
13094
11562
11113
12188
14864
11315
11737
11696
12002
14886
17923
21536
12745
56798
1167444
22407
11349
52076
11860
11342
11567
16149
792514
17530
25157
13284
204486
993016
715686
13783
12075
10433
12327
29665
33813
10121
9664
154183
15070
12216
9731
8906
2142
2720
2207
4806
2115
2113
2161
2118
2209
2998
2153
2268
88384
3101
5924
429214
3520
94558
2521
2438
8138
2096
66066
2964
2310
2323
2250
2158
2312
16821
2260
2615
104636
2985
7554
2318
10105
2401
15445
2103
2318
2204
4707
3598
2182
2238
2072
2270
2634
2371
2664
76740
53488
3041
192573
103281
129943
4031
2805
229060
4628
32880
8463
2329
2242
3429
185018
3652
3479
1972
2734
2042
3616
126976
3281
124158
5994
3488
2392
2688
2315
2366
2463
3053
174800
3851
2342
2377
2511
2437
2796
94153
3275
2637
2755
3761
2726
46853
110536
3780
5785
2454
2357
3417
2337
2932
16880
2496
4348
2511
2505
2275
2396
2316
2083
2297
3079
222869
4230
285830
7253
3338
294921
3794
17164
2553
82004
5197
6138
2260
2281
3506
241955
4147
3788
83734
36733
193067
3924
2176
2304
2025
2105
2649
30647
95508
187212
3795
20189
2305
2243
7778
2419
2033
2159
2185
2366
15224
2514
50776
3891
236865
10613
17367
2273
16098
2678
2062
2122
2166
2172
2108
15512
2228
2103
50773
38545
2364
522961
4266
4222
5241
3331
168649
226159
6082
57379
3464
5548
2265
2900
312651
2319
2348
2413
2413
241181
18474
4482
28468
3188
2317
7553
2110
2558
2263
2270
85101
2826
2125
352944
54290
3100
63314
2392
2247
2081
2231
2678
2070
2097
2115
2141
2669
3365
3990
2307
10581
220792
4124
2097
9681
2085
2126
2159
2923
148291
3290
4575
2436
38538
185127
135084
2599
2257
1925
2326
5578
6250
1873
1822
28940
2805
2344
1837
