46533
10891
13353
11857
25912
11858
12056
12025
11205
12262
15481
11766
11728
480345
16154
31586
2340486
18012
511246
13504
12274
42581
11333
364909
14879
13219
12632
12542
11149
13011
89046
12171
15096
561365
15646
41885
12894
55331
13235
82850
11638
13038
12940
26005
19882
11831
11823
11911
11405
14661
13543
13723
408236
298231
17240
1044421
576560
692777
21780
14506
1248187
24515
180822
45171
13254
11781
18009
1000345
21449
17625
11479
14283
10982
18688
689616
17968
684952
32132
18783
12925
14074
12794
12963
13280
15303
934685
21130
12284
12642
13016
13421
15677
512473
16991
14845
14725
20673
15043
264888
588051
20662
31019
13089
12944
19172
13318
15889
90769
12275
24893
14039
13476
12265
13863
11259
11224
13371
17078
1212546
22907
1550217
40830
17984
1603283
21844
90134
14048
436394
29363
33425
12643
12155
18864
1273345
20984
20694
411941
191815
1072324
19819
10997
12325
10937
11215
13128
156006
495134
1015702
20101
108794
11323
11840
42413
13438
11015
11173
10994
13361
79243
12787
271414
21698
1265661
55437
90935
12301
84538
15131
10822
11302
11394
10529
11267
81706
11843
12177
270191
197658
13279
2782102
22030
21352
28914
17281
878622
1202467
32438
311294
17541
27830
12264
15182
1649233
12173
13125
13254
12689
1305610
95333
23658
150989
15416
12716
41575
11464
13353
12014
14101
455867
14837
12416
1878965
294888
16857
337008
12881
11380
11251
11782
15089
10939
11576
12424
12179
15785
18442
21540
12593
55497
1167060
22631
12115
50664
11607
11950
12413
16038
788778
19195
25008
12804
204086
995905
713801
13463
12431
10571
11922
28225
32872
10381
9811
155256
14329
12277
9691
8477
2017
2518
2148
4665
2150
2211
2225
2079
2263
2966
2209
2221
88201
3009
5813
431193
3376
94757
2533
2277
7850
2161
65860
2761
2385
2305
2255
2021
2308
16570
2253
2689
104891
2951
7663
2429
9979
2399
15606
2171
2316
2358
4883
3680
2187
2225
2161
2153
2676
2447
2546
76220
53701
3114
192976
103039
129740
4003
2718
229679
4482
33592
8438
2466
2205
3471
185356
4006
3302
2134
2664
2044
3478
126528
3366
124525
6090
3510
2378
2606
2335
2402
2479
2859
175827
3823
2218
2328
2398
2483
2781
93928
3107
2716
2692
3679
2685
47499
110851
3832
5657
2403
2375
3514
2481
2914
16796
2321
4478
2607
2494
2223
2606
2140
2045
2434
3208
223642
4270
286546
7377
3390
294163
3976
16846
2626
81814
5255
6369
2354
2295
3418
241689
3984
3817
82755
36520
193725
3783
2123
2284
2029
2115
2527
30538
95397
186550
3817
20118
2202
2229
8016
2563
2131
2142
2103
2474
14976
2359
50773
3933
238496
10420
17293
2301
16190
2767
2091
2151
2157
2097
2197
15439
2272
2347
50512
38340
2538
521580
4247
4082
5385
3193
169625
225539
5982
57731
3339
5326
2285
2783
312064
2282
2463
2422
2400
242391
18634
4303
28336
2946
2349
7767
2098
2513
2240
2529
85530
2755
2296
352687
54668
3176
63879
2348
2263
2121
2186
2683
2018
2078
2250
2201
2850
3398
3962
2270
10197
221246
4170
2256
9405
2044
2203
2310
2916
147772
3507
4545
2348
38462
185585
134880
2557
2308
1945
2310
5315
6136
1907
1826
29161
2677
2299
1821
