47788
11017
13513
12228
26029
11469
11173
11513
11020
11634
16037
11318
11795
487433
16895
32248
2319577
18620
512002
14084
12843
43413
11169
365234
15143
12904
12418
12308
11584
13208
91070
12968
14292
564780
15546
42382
11912
56473
12908
83434
11857
13133
12874
25669
19766
11325
11569
11906
11596
14723
13141
13704
408230
296634
16982
1038835
577367
694405
21286
14603
1248178
26041
180678
45567
12594
11636
17347
1005037
20251
17491
11256
14442
11401
19080
687258
17709
685304
31579
18218
13035
13983
11914
12500
13252
15822
942259
20667
12890
13312
13462
12347
16578
514313
18052
14571
15112
21618
15137
262946
585515
20675
30993
12777
12435
19445
12821
15572
91486
12872
23551
13022
12935
12485
13048
11438
11178
13219
18064
1212250
23054
1543984
39465
18654
1599166
20968
90264
13723
435752
29437
31853
12603
12680
19603
1281329
20984
21145
414416
191110
1069330
19915
11323
13151
10516
11012
13031
158730
499584
1014369
19989
110191
11409
11867
42738
13162
10702
12123
11871
13395
81125
13166
270376
20402
1259958
54501
90197
12741
83590
14720
11291
10529
11308
10523
10471
82564
11647
12155
270675
197358
11641
2799962
22653
21052
28676
17732
880009
1197324
31814
314083
17535
28322
11714
14501
1651288
11591
12762
13604
12293
1310445
93369
24103
153550
15440
12838
40726
11883
13894
12178
13602
460415
15300
11614
1886739
295142
16843
335994
13131
11682
12152
11946
15033
11355
11519
12248
12267
15078
18122
21594
12511
55971
1166295
21634
11397
52295
12019
11697
12934
14983
787358
18570
25746
13152
204600
994583
715235
12953
11978
10601
12152
28340
34300
10318
10092
154147
15026
12286
9575
8680
2027
2578
2233
4727
2085
2118
2135
2060
2133
3038
2105
2203
89223
3123
5910
427720
3470
94889
2601
2369
8015
2096
65805
2783
2328
2298
2174
2159
2372
17067
2365
2582
105689
2877
7768
2234
10194
2376
15686
2233
2347
2325
4828
3664
2087
2201
2181
2157
2704
2354
2478
76445
53343
3077
192211
103404
129945
3949
2768
230060
4747
33573
8510
2331
2135
3350
186275
3777
3250
2116
2697
2135
3554
126046
3325
124727
5951
3397
2372
2546
2162
2333
2483
2949
177382
3705
2323
2434
2482
2263
2925
94173
3218
2645
2719
3859
2738
47011
110347
3829
5675
2369
2255
3525
2383
2872
16840
2447
4308
2407
2428
2285
2477
2158
2053
2355
3364
224166
4255
285976
7256
3554
293529
3882
16828
2548
81557
5194
6030
2341
2400
3546
242879
4009
3905
82992
36296
193344
3866
2174
2472
1959
2115
2527
30766
96238
186653
3823
20332
2200
2257
8155
2473
2076
2323
2250
2447
15381
2452
50601
3763
237799
10278
17080
2400
16043
2748
2195
2000
2148
2031
2038
15613
2267
2331
50683
38377
2229
524513
4359
4047
5460
3267
169693
225093
5802
58098
3337
5458
2204
2669
311695
2181
2436
2456
2340
242990
18299
4420
28754
2979
2393
7631
2179
2565
2268
2456
86431
2831
2174
353832
54764
3140
63586
2413
2265
2277
2177
2712
2107
2110
2221
2204
2733
3370
4005
2267
10364
221331
3992
2096
9765
2146
2191
2359
2710
147216
3424
4717
2432
38614
185084
134805
2464
2266
1968
2358
5370
6358
1895
1836
28933
2839
2338
1834
