46678
11911
13725
12354
25998
11655
10418
11539
11049
11824
15309
11485
11104
481986
16731
31996
2326432
19095
509968
13799
12011
43557
11521
366162
15240
13035
12313
11950
11385
12634
89609
12678
14641
560339
14981
40758
12356
55115
12599
82053
11702
12938
11920
24527
19667
11328
12035
11817
11245
14331
12697
14026
402961
299097
16837
1038852
575410
694520
22231
14249
1243497
25347
178906
45539
13470
11282
18460
994643
20865
17579
11300
13693
11334
18560
680722
18076
683405
32670
18964
13057
14522
12956
12866
13756
15466
933024
19822
12827
12571
13084
12926
15707
509723
18491
14597
15167
22047
15048
263512
584766
19625
31448
13147
13300
19114
12792
15378
91104
13115
23138
13061
13154
12478
13746
11184
11690
12135
18102
1204844
23876
1551034
40611
17220
1595562
21814
90771
14221
437548
28784
31873
12254
12475
19142
1269031
20124
19708
414208
191261
1069678
20475
11386
12254
10760
10551
12744
155343
496671
1013160
18837
110297
11647
11730
41155
13064
10847
11747
11311
12498
78044
12604
268945
21242
1252163
55560
90973
12446
82623
15398
10878
11343
10926
10812
10871
81349
12178
12202
269103
198035
11884
2784903
22685
20339
29000
17831
872295
1197819
32219
307058
18290
27912
12199
15430
1649983
11829
13165
13672
12834
1298910
95855
23969
149090
15685
12525
40143
11381
14307
11873
13098
452717
14632
12309
1883591
293103
16599
334487
12918
11173
11718
11905
14803
11451
12093
11463
11877
14656
18663
21426
12191
55075
1159867
23296
11373
51184
11900
10589
12543
14755
778441
18646
25936
12455
202003
993976
714001
13315
11278
10465
11884
28552
33828
10827
9374
153743
14943
12369
9836
8498
2211
2584
2266
4682
2120
1962
2158
2022
2146
2934
2139
2100
88278
3095
5863
427437
3528
94544
2529
2246
8031
2138
66052
2813
2336
2267
2118
2075
2234
16763
2357
2626
104486
2804
7447
2309
9923
2320
15369
2192
2323
2165
4659
3597
2137
2249
2154
2139
2625
2330
2551
75204
53610
3065
192010
102942
129550
4110
2656
228614
4648
33224
8551
2474
2131
3478
183873
3895
3274
2112
2565
2161
3410
124685
3344
123874
6157
3530
2368
2632
2330
2374
2577
2929
174980
3611
2314
2247
2384
2371
2771
93165
3354
2628
2739
3925
2687
47029
110026
3595
5713
2433
2418
3478
2380
2858
16762
2459
4228
2439
2448
2269
2598
2121
2107
2199
3439
222080
4413
286119
7370
3299
292396
3975
16980
2647
81884
5152
6088
2306
2373
3448
240221
3809
3648
83017
36295
192614
3912
2194
2329
1985
2019
2477
30151
95523
185953
3587
20207
2235
2185
7840
2476
2085
2230
2132
2286
14770
2314
50296
3904
235883
10475
17271
2321
15778
2841
2121
2129
2076
2094
2110
15407
2316
2282
50337
38384
2285
520389
4391
3928
5422
3300
168276
224292
5963
56643
3471
5341
2282
2848
311447
2207
2464
2472
2441
240440
18689
4340
27920
2975
2361
7466
2133
2662
2212
2350
84937
2708
2255
352180
54390
3129
63207
2331
2198
2164
2190
2707
2145
2157
2077
2135
2625
3473
3981
2214
10211
219531
4318
2093
9406
2125
2013
2328
2679
145505
3436
4684
2290
37913
184788
134601
2516
2106
1954
2265
5380
6314
1981
1735
28796
2781
2287
1871
