48706
11052
13650
12922
26597
11706
11708
10784
11355
12279
15780
11589
12313
484866
16473
32158
2330688
18622
511120
13840
12186
43294
11555
365302
14895
12878
12219
12402
11237
12785
90549
12965
14375
559073
15161
40737
12503
56168
12912
82359
11699
13496
12513
24846
19575
11437
12017
12414
11341
13543
13206
14512
409430
299548
17035
1045293
573844
696277
22188
15025
1251594
25403
178514
44565
13055
11719
17895
1000825
20894
18777
11936
14615
11057
17868
686819
17247
685368
32359
18227
13283
13288
12740
11842
13072
15522
934702
20223
13333
13052
13210
12578
16434
510316
17316
15632
14948
21554
14801
263861
585676
19768
31123
13651
12479
19070
12512
16002
91642
13172
22984
13738
12497
12662
13065
11534
11120
12283
16599
1206573
22581
1549518
40550
17680
1595469
21227
91340
13624
437028
29858
33724
12531
12286
18579
1283298
20303
19818
414021
192890
1062703
20115
11391
12273
11067
10821
13167
158754
496014
1009250
19932
111718
11006
11488
41478
12430
11113
11794
11393
12934
79404
13504
270102
21091
1256631
53772
90613
12514
83502
14833
10355
11680
11338
10472
10825
80441
11734
12122
271449
200925
12409
2784537
22536
20606
28950
17534
874876
1204030
32057
309755
18310
28450
12420
15451
1652757
12245
13170
12783
12799
1306916
95143
23734
150602
15306
12646
40834
11748
14179
12131
13117
454646
15893
12494
1890989
297138
16308
335473
12668
11496
11452
11849
15508
11437
12163
12069
11711
14702
17868
21408
11999
56662
1168196
21850
11797
52198
11932
11873
12365
15269
791326
18304
25451
12845
204220
993186
716933
13824
12149
10550
11962
28724
32480
11534
10346
154070
14906
11971
9044
8791
2062
2603
2367
4825
2133
2208
2009
2082
2255
2985
2151
2318
89037
3060
5916
429538
3442
94670
2568
2278
7983
2201
65943
2721
2315
2204
2213
2059
2295
16914
2365
2599
104688
2844
7510
2339
10127
2394
15499
2219
2413
2241
4673
3586
2119
2237
2228
2163
2534
2445
2660
76338
54087
3094
193330
102822
130312
4043
2791
230756
4623
33112
8421
2401
2174
3456
185915
3892
3480
2228
2746
2055
3323
126077
3237
124679
6126
3387
2418
2434
2314
2231
2458
2938
176048
3686
2365
2362
2447
2335
2847
93501
3121
2840
2716
3842
2697
47282
110484
3631
5721
2501
2299
3452
2340
2945
16919
2518
4257
2578
2340
2335
2485
2175
2038
2233
3127
223033
4160
286659
7420
3358
293336
3900
17141
2579
81955
5308
6474
2352
2313
3381
243733
3872
3668
83184
36531
192459
3866
2196
2319
2039
2036
2547
30881
95523
185935
3833
20612
2153
2109
7904
2393
2116
2230
2152
2379
15044
2488
50607
3873
237388
10148
17248
2349
15993
2761
2016
2195
2186
2043
2091
15297
2230
2333
50881
38887
2374
521686
4419
4002
5421
3252
169220
226174
5934
57371
3501
5442
2347
2897
312631
2309
2447
2320
2380
242662
18508
4346
28303
2964
2344
7654
2167
2635
2273
2355
85727
2967
2307
354622
54957
3043
63404
2307
2226
2132
2159
2775
2085
2224
2178
2145
2637
3297
3953
2181
10498
221451
4066
2181
9641
2143
2184
2273
2748
148107
3407
4657
2376
38540
185034
135532
2624
2269
1967
2269
5367
6027
2082
1910
28921
2779
2297
1714
