47881
11187
13197
11759
25722
11741
10702
11695
11224
13051
15650
11555
12027
484260
16654
32007
2334550
18987
510370
13416
12045
42634
11131
368032
15389
13146
12097
12683
11107
13665
88996
12317
14667
558119
15849
41941
12424
54986
13294
82014
11758
12921
13272
25358
20081
11444
12701
12067
11518
14066
13042
14248
409962
297016
16905
1036202
572448
688305
21280
14885
1247167
25283
177422
44391
12636
11689
18407
1000699
20300
18716
11224
14230
11593
19001
691780
16845
685885
31010
18701
12898
14058
12379
12664
12489
15609
935217
20528
13437
13116
13363
12442
15889
518288
17831
15101
14375
19771
15725
267378
583753
19867
31333
13428
13841
19392
13047
15347
90920
12677
23763
13146
13127
12837
13424
11975
11491
12303
16820
1207420
22957
1554642
40277
17916
1594296
21443
90230
13536
437199
30202
31768
12398
12141
19673
1280513
20630
19515
417091
192187
1070395
20114
11077
13165
11219
10553
13424
159181
493945
1017485
20638
111314
11092
12146
42968
13359
10403
11621
11158
13518
78426
13300
270259
21826
1262968
54169
91759
12641
83430
14915
10507
11132
11143
11178
11208
81628
12294
12012
270536
204084
11242
2792083
22473
20767
28775
18198
879625
1207854
32438
307730
17361
28401
12426
15406
1655980
12158
12814
12999
12554
1304902
95517
23492
150916
16628
12429
41500
11673
13607
12085
14097
456303
15075
11739
1882223
294765
16695
335720
13269
11329
11242
11997
14694
11501
11753
11709
11710
14699
18320
21688
11931
55693
1165056
23063
11915
52799
12931
12028
12661
14814
795012
18835
26123
13155
202511
996707
715226
13075
11887
10762
11681
29217
33837
10740
10100
155128
14322
12286
9558
8682
2085
2482
2149
4677
2182
2002
2171
2086
2370
2973
2132
2248
88874
3084
5902
430177
3545
94709
2484
2250
7902
2113
66446
2854
2381
2195
2263
2040
2419
16654
2248
2645
104661
2923
7692
2308
9995
2436
15491
2198
2308
2399
4819
3633
2115
2346
2159
2178
2588
2374
2616
76513
53604
3084
191978
102808
128852
3982
2797
229972
4607
33140
8298
2340
2183
3515
186027
3758
3468
2108
2639
2152
3570
127154
3154
124786
5801
3498
2340
2584
2243
2392
2344
2950
176022
3712
2402
2356
2460
2295
2800
94878
3248
2746
2629
3509
2804
47701
110258
3648
5701
2464
2513
3547
2442
2844
16772
2415
4382
2444
2449
2336
2536
2276
2085
2254
3226
223390
4251
287811
7368
3419
292746
3915
16917
2516
81886
5352
6123
2272
2305
3572
243204
3936
3668
83612
36630
193461
3861
2152
2457
2089
2011
2618
30940
95003
187162
3925
20470
2158
2266
8219
2511
1990
2211
2123
2446
14833
2460
50657
3985
238594
10255
17453
2343
16096
2769
2052
2104
2117
2189
2190
15409
2353
2243
50855
39420
2152
523689
4351
3991
5433
3355
170084
226723
6010
57011
3357
5432
2337
2864
313580
2271
2425
2374
2377
242315
18748
4322
28390
3158
2326
7687
2175
2589
2298
2501
85833
2775
2162
353204
54664
3130
63574
2400
2196
2107
2181
2648
2111
2111
2134
2102
2642
3393
4019
2200
10258
221110
4249
2189
9815
2257
2239
2360
2717
148660
3506
4724
2444
38231
185685
135248
2473
2231
1979
2230
5532
6266
2005
1887
29108
2680
2337
1821
