46690
11730
13869
12327
26173
11372
11241
11375
11545
11435
15324
11800
12430
485535
16209
32067
2332001
18366
513385
13593
11892
43424
11318
361123
15260
12504
12264
12191
11957
12906
87573
12326
14413
559654
15139
41422
12379
56429
12253
81549
11920
13225
13055
26136
19237
12096
12543
11487
11507
13808
13209
14587
411510
298008
16503
1037355
578578
690729
22275
15006
1243240
25708
180056
44509
13419
11232
18499
1003020
20831
17976
11141
13980
11462
19352
691170
18159
688757
32221
18321
13583
13660
12241
12459
12651
15938
931696
20756
13681
12236
13364
12994
16586
511870
17825
15248
14715
21319
15169
259921
583276
19452
31204
13019
12922
18510
13138
15534
91091
12479
23090
12987
13656
12772
12966
11164
11517
12099
16689
1207379
22716
1548664
39876
17952
1591889
22077
90860
13651
441111
28475
32997
11999
12331
19373
1278324
21023
20415
417097
193720
1072858
19622
10924
12659
10619
10996
12780
155724
493257
1015660
19068
112019
11140
11819
41956
13372
10580
11344
11481
12206
78430
13977
271338
21240
1253325
53652
91858
12080
83519
14044
11231
11148
10745
11056
11596
81393
11917
11708
269114
197987
12114
2810880
21892
21505
28635
18001
875224
1206770
32879
310493
17877
28580
12431
15505
1657181
12125
12878
12931
11729
1305517
94760
23911
150226
15420
12780
41429
12060
13375
11381
13744
455396
15050
12174
1886093
294941
17819
336429
13018
11733
11786
12079
15132
11126
11748
12154
12220
15483
17756
21562
12300
55677
1161979
22171
11260
51932
12381
11181
12534
15230
788912
18170
25848
13173
205656
998870
710423
13753
11861
10333
12654
28438
33139
10488
9750
156910
14590
12700
9650
8568
2171
2643
2255
4749
2086
2095
2139
2145
2111
2935
2227
2341
89267
2998
5950
430390
3415
95193
2499
2241
8012
2134
65372
2751
2271
2258
2218
2200
2303
16446
2277
2594
104938
2842
7661
2339
10148
2255
15327
2243
2354
2361
4958
3549
2260
2333
2097
2185
2566
2427
2657
76878
53691
3058
192035
103805
129527
4118
2805
229148
4673
33561
8490
2428
2119
3574
185917
3886
3348
2049
2616
2150
3584
126857
3393
125190
6048
3465
2485
2516
2221
2345
2335
2993
175435
3746
2456
2225
2458
2400
2899
93800
3236
2782
2687
3800
2773
46451
110314
3582
5748
2411
2313
3367
2443
2897
16740
2383
4265
2434
2594
2338
2491
2140
2118
2206
3135
223514
4217
287180
7294
3370
292506
4018
16997
2522
82742
5108
6313
2274
2326
3492
242824
3982
3768
83849
36865
193782
3776
2102
2406
1988
2061
2498
30301
94970
186934
3616
20701
2206
2229
8040
2523
2033
2158
2179
2275
14812
2567
50835
3904
237018
10181
17450
2260
16044
2622
2204
2115
2050
2102
2243
15414
2295
2268
50530
38633
2340
527361
4274
4112
5374
3372
169357
226478
6077
57424
3434
5509
2311
2828
313838
2248
2417
2339
2233
242350
18638
4387
28270
2947
2372
7721
2191
2502
2122
2496
85618
2763
2254
354198
54837
3306
63704
2378
2228
2192
2233
2702
2058
2161
2223
2211
2809
3362
3985
2238
10344
220891
4081
2064
9655
2186
2095
2348
2742
147910
3403
4703
2427
38643
186028
134625
2621
2239
1904
2402
5353
6107
1948
1829
29380
2713
2395
1837
