48359
11500
13358
11871
26453
11387
10820
11733
11420
11780
15029
11410
12463
484732
16306
31994
2326512
18811
508168
13158
12759
43532
11479
362831
15513
13452
13618
12748
11345
12790
89610
12906
14433
558689
15184
41704
12773
54589
13594
83243
12039
13252
13107
25330
20670
11616
11403
11661
11626
13998
13753
14325
408282
300139
16886
1038924
578279
695620
21441
14674
1248992
26272
177830
44575
12092
12089
18341
1006561
21065
17940
10406
14207
11006
18364
685402
17253
686283
32720
18721
13238
13733
12140
12482
13087
15763
936877
21194
13088
12680
13487
12559
16454
512674
18314
14884
14658
20331
15040
264141
591305
19620
31005
12954
12537
19809
12586
15676
91439
12328
23942
13186
12901
12808
12967
12174
11219
12430
17246
1210177
22207
1546598
39031
18100
1597231
21487
89355
13123
438194
30175
32888
12409
12051
20099
1275932
20683
20928
414420
192069
1063900
20328
11623
12791
11106
10863
13359
158047
493897
1019329
19211
110183
11481
12417
41438
12624
10712
11418
11604
13464
79394
12746
268155
21343
1258947
54829
91543
12669
85131
14397
11444
11406
11030
10252
11317
81353
11795
12297
271067
197334
11897
2793021
21368
21728
29314
18606
876301
1209300
32167
310664
18925
28266
12255
15591
1655280
12078
12831
13143
13164
1302236
93400
24029
152407
15242
11951
40826
11558
13944
12620
12453
454049
15188
12324
1883909
293727
15727
333122
13222
10804
11648
11907
14926
11648
11591
11264
11505
15235
18376
20999
12243
55465
1159883
22711
12252
50645
11936
11690
12422
15104
788613
18387
25718
12832
204801
995339
712045
13307
12556
10373
12513
30063
33088
10785
9886
156655
14505
12574
9626
8805
2139
2551
2204
4749
2113
2006
2144
2136
2164
2917
2127
2340
89031
3077
5886
428984
3481
94254
2422
2350
8048
2176
65785
2849
2452
2444
2262
2069
2257
16833
2364
2588
104600
2826
7656
2402
9874
2498
15731
2257
2361
2346
4774
3792
2129
2175
2149
2211
2591
2515
2644
76499
53888
3066
192610
103701
130068
3968
2765
230216
4712
33175
8330
2244
2270
3507
186887
3922
3348
1957
2648
2055
3442
125936
3217
124845
6164
3535
2409
2538
2190
2317
2486
2961
176221
3827
2370
2322
2458
2315
2883
94160
3343
2723
2654
3608
2700
47287
111591
3565
5670
2374
2275
3575
2330
2882
16899
2365
4399
2431
2393
2346
2483
2266
2051
2282
3254
223969
4123
286461
7141
3422
293497
3891
16822
2473
82219
5354
6317
2344
2246
3621
242794
3988
3878
83081
36547
192809
3924
2252
2390
2046
2050
2548
30781
95020
187687
3701
20348
2246
2283
7891
2393
2056
2162
2189
2483
15049
2324
50311
3931
238033
10445
17455
2365
16300
2704
2236
2123
2112
2010
2179
15366
2254
2364
50795
38444
2306
524671
4147
4185
5457
3435
169628
227169
5959
57656
3589
5364
2319
2875
313660
2272
2402
2366
2497
242201
18384
4416
28617
2944
2283
7619
2133
2614
2320
2236
85482
2833
2294
354004
54696
2987
63211
2371
2123
2166
2183
2647
2167
2130
2057
2100
2695
3422
3890
2257
10246
219988
4157
2243
9417
2127
2157
2301
2703
147785
3419
4678
2359
38640
185632
134909
2536
2337
1922
2372
5672
6140
1970
1868
29510
2708
2379
1830
