47951
11433
13415
11760
25662
11685
10422
11640
10963
12308
16176
11661
12986
484386
17142
32150
2331400
18408
512615
13854
11928
43491
10917
364087
15613
12363
12380
11883
11006
12373
89098
12904
14000
559927
15638
40391
12429
56542
12943
84269
11737
12726
13371
25207
19899
10928
12168
11778
11351
14403
13257
14271
407913
298079
15978
1042325
574681
695966
21046
14572
1247908
25444
179693
44114
12454
12413
17924
1008886
21697
17897
11039
13910
11589
18737
689220
18367
684820
32632
17998
12742
14080
12417
12841
13321
15892
936063
20023
12734
13049
13474
12802
17047
509265
17471
15000
14392
21826
15464
265213
583819
20482
30477
13265
13595
19339
13370
16169
91165
12363
23945
12855
12320
12324
13468
11265
11788
12880
16303
1217233
23300
1544628
40613
17395
1598515
21163
91929
13559
436007
29437
31536
12476
12203
19332
1277681
21228
19685
414345
193470
1063228
20686
11992
12360
10373
10876
13394
157574
495489
1011153
20593
109177
11116
11477
41190
11992
10754
11517
11588
12804
78875
13573
272508
21038
1262346
55129
91085
12476
83306
14682
11240
11375
10914
10506
10058
79141
12154
12379
273818
198404
12179
2798003
22415
21606
29710
18439
878306
1202504
31999
310818
16957
27207
12143
14760
1650157
12278
12903
12522
12800
1305530
93552
23519
149158
16458
12966
41344
11401
14196
12057
13766
457245
15184
12108
1890101
294439
16175
333837
12956
11665
11262
12215
14503
11182
11457
11854
11433
14992
17551
21668
12309
54875
1158772
22848
11663
50401
11967
11318
12030
14699
789583
18496
25510
13012
204020
992736
715898
13494
12835
10750
12142
28670
33537
10386
9869
154956
15321
12559
9042
8746
2104
2515
2156
4637
2156
1965
2157
2034
2258
3054
2162
2465
88990
3208
5902
430741
3444
95145
2548
2229
8063
2106
65810
2855
2258
2249
2143
2045
2251
16745
2376
2537
104929
2944
7444
2301
10285
2391
15849
2204
2261
2404
4818
3638
2060
2237
2131
2150
2653
2420
2604
76438
53743
2931
193294
103103
130557
3881
2722
229648
4638
33516
8286
2290
2297
3441
186984
4013
3330
2039
2586
2193
3479
126693
3417
124653
6152
3404
2323
2544
2277
2409
2486
2990
176552
3671
2313
2338
2489
2351
2989
93649
3172
2715
2611
3862
2743
47485
110289
3710
5629
2469
2475
3542
2484
2971
16792
2372
4461
2399
2309
2284
2548
2123
2133
2349
3094
224738
4320
286487
7422
3316
294478
3830
17272
2559
81843
5268
6079
2312
2302
3523
242523
4043
3673
83495
36908
192563
3984
2295
2363
1977
2061
2594
30756
95654
186073
3938
20162
2152
2148
7855
2321
2058
2202
2210
2368
14918
2496
50944
3851
238517
10427
17206
2344
15986
2749
2192
2143
2092
2047
1988
15066
2360
2356
51343
38605
2348
524740
4316
4161
5612
3377
170345
226350
5923
57521
3232
5235
2296
2770
312775
2292
2407
2283
2407
242955
18310
4287
27984
3169
2413
7747
2111
2655
2279
2519
85989
2824
2244
355212
54824
3032
63465
2384
2279
2118
2258
2648
2101
2106
2129
2085
2693
3293
3994
2233
10189
220077
4212
2157
9382
2135
2109
2224
2633
147987
3441
4619
2411
38391
185039
135580
2594
2398
1958
2365
5396
6234
1859
1848
29036
2839
2387
1741
