47002
10908
13644
11903
25886
11513
10779
11078
10627
11400
16074
12082
12363
476683
15723
31698
2318736
18966
509311
13990
12037
43219
11525
364101
15288
12828
12976
12960
12034
13526
91427
12969
14528
559387
15369
41367
12725
55402
13124
81376
11731
12736
12985
24755
19523
11951
11556
12412
12116
14686
12884
14202
406090
299357
17150
1037775
573965
691272
22595
14655
1250843
25303
177015
43879
13447
11686
17690
995630
21284
17997
11089
14166
11540
18721
682232
17886
683031
32901
17861
12896
13565
12407
12871
12913
15213
929415
20803
13301
12559
13289
12966
16691
509385
17665
14699
14828
20259
15048
263200
586126
20158
30705
12700
12386
18549
13094
15399
89880
12795
23737
13705
12853
12609
12801
11608
11149
12962
17300
1208063
22730
1543078
40064
17663
1602173
21754
91870
14164
440793
28746
31400
11948
12349
19293
1272737
20990
20525
412881
191336
1069672
20051
11292
12654
10923
10714
12721
158849
496875
1011889
20056
109429
11160
11135
42646
13187
10425
11510
11869
13222
78371
13356
269959
21588
1253479
53740
91855
12295
85138
14144
10764
10695
10704
10923
10752
80793
11579
11599
269846
196435
11691
2790589
21362
21185
28988
17185
873509
1204081
32563
311697
18279
28419
12718
15206
1644185
12168
12618
12440
12851
1296920
95743
23830
152574
15664
12444
40521
11504
13769
11910
12940
448847
15169
11977
1873248
290753
16997
333642
13527
11346
11777
12037
15521
11545
11523
11401
11895
14481
18522
21075
12536
55612
1162284
22848
11315
51158
11582
11252
12415
15527
792301
18531
26008
13277
203373
990696
713257
13597
12080
10191
11642
29754
32722
10396
10186
155189
14580
12186
9325
8522
2021
2607
2168
4688
2107
2024
2044
1975
2076
3061
2255
2311
87401
2941
5799
426673
3531
94024
2590
2250
7963
2144
65743
2774
2307
2340
2302
2197
2379
16971
2382
2614
104223
2867
7553
2345
10004
2402
15338
2185
2273
2326
4662
3589
2210
2178
2194
2268
2655
2329
2607
75467
53808
3139
192028
102666
128928
4171
2737
230169
4542
32834
8252
2492
2163
3349
184399
3933
3392
2043
2612
2148
3460
124867
3354
123920
6208
3344
2358
2492
2285
2414
2429
2862
174309
3783
2408
2269
2431
2420
2916
93252
3215
2651
2690
3589
2654
46940
110065
3702
5664
2327
2278
3385
2409
2844
16546
2432
4355
2575
2373
2294
2457
2162
2046
2330
3293
222547
4217
284907
7307
3339
293161
3958
17100
2633
82299
5091
6003
2249
2308
3476
241186
3999
3798
82643
36336
192747
3883
2162
2360
2026
2017
2469
30713
95337
185885
3831
20220
2180
2097
8099
2488
2021
2196
2258
2377
14935
2494
50388
3940
235943
10118
17355
2304
16340
2621
2114
2035
2047
2108
2102
15183
2211
2212
50532
38012
2266
521291
4121
4042
5465
3183
168509
225410
6033
57488
3478
5442
2387
2794
310603
2243
2379
2256
2387
240508
18622
4311
28545
2995
2334
7562
2128
2569
2234
2338
84406
2809
2188
350516
53916
3140
62959
2442
2225
2203
2235
2748
2113
2046
2047
2138
2573
3432
3868
2279
10237
220090
4183
2079
9528
2050
2113
2303
2766
147612
3407
4768
2408
38286
183972
134567
2562
2238
1901
2227
5566
6065
1908
1892
28968
2726
2333
1758
