49124
11810
13240
11968
25746
11313
10532
11673
11809
12277
15903
11681
12259
479808
15861
32705
2325718
18905
510762
14058
11727
42060
11598
365738
15436
12518
12946
12153
11167
13350
89940
12283
14989
563253
15976
40895
12079
55410
13053
82968
11913
13374
12902
25535
19999
11043
12213
12587
11245
14480
13528
13608
410522
296676
16423
1039291
574560
689562
21688
14845
1250122
25899
179135
44694
14003
12133
17936
1005428
20646
17622
10766
14438
11242
18553
688884
17922
682710
32350
18269
13425
13772
12398
13184
13040
16002
937834
21151
13339
12920
13799
12867
16568
515969
18376
15474
14866
20280
15035
264385
585756
21276
31064
12999
12583
18752
12637
16295
90505
12579
24829
13132
12648
12004
12909
12100
11588
12338
16584
1211811
22894
1546352
41016
18434
1599883
21931
90254
13814
434681
28848
32312
12150
11888
19935
1274510
21504
19883
416650
194999
1069567
19611
11457
12486
10952
11335
12936
158189
491657
1015872
19424
111230
10728
11713
41002
12708
10452
11631
11522
13736
78989
13215
269927
21117
1258061
53536
92334
12517
84518
14694
11283
10589
10732
11068
10800
81594
12066
11550
271752
198098
11663
2797274
22177
20557
29188
16869
877296
1200968
33209
311179
17661
28091
12385
15411
1648399
12259
12832
13088
12640
1308136
94352
24584
151140
15524
11866
41704
11798
13808
11501
13412
456992
15297
12790
1882859
295180
17357
335700
12690
11480
11233
12340
14930
10988
11581
11937
11675
14839
18524
21905
12351
56156
1163603
22823
11803
50888
12113
11620
11921
14819
794282
18424
25552
12328
202265
994479
716933
13273
12314
10132
11993
28125
33687
11002
9528
155787
14074
12372
9539
8948
2153
2513
2191
4652
2047
1979
2178
2194
2235
3053
2176
2329
88378
2970
6047
429702
3492
94824
2571
2212
7829
2193
66128
2837
2304
2348
2153
2052
2353
16873
2280
2654
105687
2993
7480
2258
10071
2394
15524
2212
2388
2349
4845
3667
2026
2282
2298
2129
2683
2435
2511
76798
53446
3015
192571
103313
129210
4016
2829
230558
4725
33437
8427
2556
2284
3414
186761
3853
3315
2000
2704
2112
3441
126469
3355
124366
6062
3450
2452
2554
2236
2467
2480
2991
176975
3799
2417
2342
2539
2373
2893
94558
3336
2789
2691
3638
2697
47424
110778
3938
5778
2396
2275
3422
2352
3006
16659
2397
4548
2458
2371
2206
2475
2273
2103
2268
3153
224046
4233
286673
7501
3513
294514
4018
16933
2600
81707
5098
6196
2288
2270
3600
242177
4112
3701
83729
37052
193658
3800
2224
2351
2064
2133
2529
30898
94873
187019
3737
20674
2073
2207
7844
2443
1985
2240
2210
2523
15068
2466
50689
3835
238252
10141
17470
2360
16322
2718
2208
2008
2054
2124
2087
15457
2317
2187
50887
38617
2256
525280
4309
3977
5496
3147
169918
225786
6176
57683
3348
5424
2324
2820
312443
2287
2402
2398
2365
242889
18507
4461
28351
2955
2204
7791
2186
2573
2148
2404
86142
2838
2373
353880
54898
3246
63671
2334
2229
2120
2262
2677
2059
2098
2161
2131
2695
3482
4059
2226
10346
221129
4174
2209
9499
2130
2202
2212
2704
148907
3421
4681
2268
38145
185368
135651
2534
2291
1856
2290
5344
6267
2030
1797
29275
2654
2365
1825
