48228
11702
13033
11964
26115
11056
10729
11263
10933
11303
14819
11600
11980
476524
16925
31106
2319696
18251
508579
14013
11950
42943
11538
363292
15136
12956
12740
11952
12113
12775
88887
12391
14361
557651
14389
40520
12275
55098
12374
81021
11397
13221
12828
25330
19823
11873
11970
11935
12278
14348
12639
14224
403635
300402
16928
1034879
569914
688449
22227
14528
1241009
25488
178205
44363
12371
10899
17785
998166
20551
17349
11408
13578
11233
18454
683877
17484
690005
34096
17623
13578
13891
12707
12381
12917
15836
932226
20379
12800
12869
12684
12660
16894
508899
17931
14001
15044
21229
15632
263384
589277
21129
30638
12404
12330
18887
12989
15267
91416
12485
24030
13273
13389
12321
13176
11838
11413
13386
16969
1208994
22675
1547955
39963
18046
1593086
21427
90053
12643
437043
28301
32382
12326
12063
19389
1270226
20951
19965
414836
190359
1066661
19623
11876
12548
10526
10843
13367
158612
495903
1005290
20249
110162
11191
11977
41189
12506
10772
11813
11727
13133
78715
13615
269219
21183
1256278
53754
90731
13004
84329
14611
11258
10788
10928
10149
11205
80573
11348
12011
272381
198723
12376
2783486
22724
21428
29578
17604
874500
1202582
33596
308700
17570
28646
12067
15405
1645624
11611
12780
13015
12840
1305574
93845
23959
150245
15656
12868
40882
11826
14340
11886
13250
447860
15656
12434
1870653
293818
16815
333272
12661
11560
11313
11822
14518
10626
11955
12289
11911
14566
17791
21645
12184
55297
1167149
22093
11936
52915
11320
11512
12492
14868
787958
19056
25233
13224
205280
995484
706921
13359
12384
10531
11706
30245
32895
10578
9378
152674
14831
12051
9617
8805
2142
2489
2173
4741
2055
2033
2120
2020
2100
2830
2133
2239
87346
3139
5799
426954
3363
94188
2584
2246
7932
2197
65619
2761
2346
2310
2129
2211
2273
16605
2223
2578
104161
2694
7458
2317
9961
2253
15152
2129
2351
2340
4781
3588
2200
2264
2168
2274
2657
2288
2603
75177
54007
3073
191341
102090
128566
4077
2730
228288
4622
33147
8340
2273
2015
3365
184709
3821
3223
2121
2556
2092
3475
125063
3279
125225
6449
3295
2447
2558
2275
2300
2403
2998
174866
3723
2308
2293
2306
2316
2955
92855
3232
2554
2725
3806
2797
47197
110958
3862
5660
2288
2241
3454
2417
2846
16802
2368
4375
2479
2465
2263
2527
2229
2083
2415
3192
222895
4154
285794
7285
3360
291660
3898
16791
2379
81844
5007
6172
2287
2256
3526
240872
3964
3710
83046
36120
192208
3781
2270
2337
1937
2036
2565
30786
95192
184460
3811
20415
2103
2257
7887
2397
2087
2255
2199
2414
14863
2513
50407
3913
236556
10161
17228
2406
16106
2733
2182
2048
2100
1968
2150
15231
2229
2293
50706
38458
2362
520310
4407
4095
5541
3241
168677
225471
6177
57234
3359
5524
2262
2861
310620
2130
2412
2353
2432
241644
18380
4363
28120
2993
2402
7617
2191
2675
2216
2366
84353
2870
2294
350469
54470
3144
62935
2305
2255
2077
2163
2624
1974
2153
2217
2165
2579
3319
3966
2214
10166
220829
4109
2212
9719
1987
2127
2309
2684
147179
3507
4543
2421
38531
184904
133686
2520
2321
1950
2224
5692
6099
1948
1710
28677
2752
2281
1822
