2968894
10333372
18370256
1669851
19467194
15941776
39210558
8108516
846075
2134942
4023051
9822988
13689337
23709052
11926326
13671178
24352775
4694059
3212134
1710703
6598925
8715971
877904
3441854
69201163
6077837
2419888
13624644
34713785
2121791
1825208
3739506
0
0
0
0
0
0
0
0
0
0
0
0
0
0
0
0
0
0
0
0
0
0
0
0
0
0
0
0
0
0
0
0
4160489
2765126
6552319
2297805
32865632
2056186
7669404
10783871
8873904
18055987
14144089
9145050
18169826
3308028
824866
24175391
13427280
15202636
5450947
32728909
1200216
2052276
15054969
15580623
7327530
14505503
1935672
22788130
13477759
30214071
3814745
28324956
0
0
0
0
0
0
0
0
0
0
0
0
0
0
0
0
0
0
0
0
0
0
0
0
0
0
0
0
0
0
0
0
7280529
2200192
5227525
35088736
8181352
3802652
7812602
16602540
8572571
12885205
7842209
57773083
10763180
2258176
4139779
2915051
15908604
4286293
13160618
37801284
15106296
1090275
16239381
2505334
7378630
26264160
14495773
19722741
9907438
5842022
11057826
14932979
0
0
0
0
0
0
0
0
0
0
0
0
0
0
0
0
0
0
0
0
0
0
0
0
0
0
0
0
0
0
0
0
20422210
2420586
9726028
34502583
9255687
1749212
51201912
4596498
7803183
22649828
16455441
36999837
12866571
2961770
3778003
2394153
1760203
2109132
50883602
1059630
4282847
5863462
6224501
2694855
60167587
4521492
4281939
2037223
14903585
7613572
5124906
9887521
0
0
0
0
0
0
0
0
0
0
0
0
0
0
0
0
0
0
0
0
0
0
0
0
0
0
0
0
0
0
0
0
647218
2204166
3883318
361913
3898341
3200399
6898308
1738967
178995
465610
850817
2026496
2881876
4754252
2412328
2859736
4745731
1008725
687795
376187
1478714
2089802
188439
1052086
8883002
1248116
511780
2684875
6340844
436409
393686
794861
674272
4863560
2168715
1642226
713022
584434
1092468
1223802
3434392
1710688
1194342
748853
2370472
5347234
7853855
1968457
1665943
1705535
575113
789511
3364933
316255
5194363
851832
5432638
2562890
3537789
2761522
593865
5612779
254619
377041
904064
605946
1469330
508254
6197056
448091
1633280
2357138
1900567
3721417
2938912
2017226
3707109
741912
183271
5026736
2812340
3141429
1167161
6477170
266459
446462
3229031
3235635
25830897
3107266
418696
4484085
2736010
5862906
838463
5392006
1518748
1083658
2293246
1555042
466140
3503621
3313030
5424296
2934089
775713
354517
4744202
1579776
828461
4485545
1931492
1563832
3175646
892729
688535
2713651
885848
1809752
1108249
2685996
5896290
456907
525243
3634229
2893557
485764
3193548
1512874
489859
1139612
6730151
1756434
830977
1699754
3493642
1918452
3797788
1700469
9875902
2389655
504165
905796
625501
3404821
969345
2771028
6928473
3172372
240683
3532001
544664
1635013
5206288
3092880
4164249
2177824
1270081
2414176
3110884
832575
3279077
715488
3535965
3338320
1152448
2366051
8751387
7282080
4093344
2441833
2051822
4677046
3200886
9229521
408691
829910
1806160
523091
789334
2383796
3132132
616195
2216694
1582294
328897
885848
993058
2777665
3146998
1302164
3866388
4312331
535166
2043271
6392861
2051274
388324
8794319
1008543
1732235
4695580
3484760
6804220
2759271
660647
827666
524295
404387
464326
8389924
237283
924466
1255339
1396839
582956
9842601
982080
936259
439382
3121668
1629172
1092870
2055445
2803750
1335151
1983816
759883
4061878
6602307
1323521
4209910
273446
134896
323763
1184382
2309078
1570906
1567871
909965
2642004
2869442
1723001
596655
1277574
1081738
615011
5268657
2304184
4927758
1923001
5412741
1634613
2266807
6164080
2370395
