3025563
9909535
17446091
1610081
16619561
16463122
38126715
8990050
838922
2152189
3959370
9012876
14475352
24565691
13617092
13487781
23215463
4754101
3115150
1721478
5384556
8880008
892088
3616584
66692804
6114834
2396745
13303712
35056586
2126622
1838950
3807892
0
0
0
0
0
0
0
0
0
0
0
0
0
0
0
0
0
0
0
0
0
0
0
0
0
0
0
0
0
0
0
0
4103816
2795554
6711491
2314710
33721973
2034702
7674703
11593829
7853732
17748408
14412696
9385246
18802158
3317666
743903
24088100
14954242
13083019
3950361
32652370
1211490
2002432
15935588
15236321
7678178
14417207
1925482
20969842
12272789
27130379
3841452
30277066
0
0
0
0
0
0
0
0
0
0
0
0
0
0
0
0
0
0
0
0
0
0
0
0
0
0
0
0
0
0
0
0
7458525
2160696
4883439
35358351
8738341
3809758
7976003
16174633
8586556
12787579
6269400
57893779
10743810
2203340
4322019
3012722
21395296
4443737
12492147
37790912
13924058
1101168
15911732
2624056
7765601
24880813
13870835
20267005
9833061
6155120
11490064
14936789
0
0
0
0
0
0
0
0
0
0
0
0
0
0
0
0
0
0
0
0
0
0
0
0
0
0
0
0
0
0
0
0
18849112
2560731
9264026
0
9377329
1666665
49467134
4589751
7240380
23697996
16253240
36658496
13692350
3021410
3704251
2689077
1804740
2272352
46072297
1031893
4137196
5555513
905393
2882337
59293101
4614145
4866967
2090840
15422175
7538618
5518597
8505615
0
0
0
0
0
0
0
0
0
0
0
0
0
0
0
0
0
0
0
0
0
0
0
0
0
0
0
0
0
0
0
0
658199
2112267
3698358
348663
3362329
3298391
6750600
1919430
177606
468491
835410
1863600
3029146
4905715
2736024
2815446
4549006
1020671
667291
377507
1207397
2125458
191522
1091938
8954986
1252042
506047
2619117
6385588
437102
395533
808133
672463
4742098
2168875
1727200
685532
578531
1089175
1115007
3423107
1765095
955272
715706
2347712
5139367
7798588
1969915
1632862
1806424
735191
791179
3334440
320105
5328196
861528
5123418
2439160
3535664
2683465
583389
5752237
258924
350255
891672
611211
1501795
512930
6324844
443401
1633859
2532274
1684989
3654502
2988117
2065515
3815297
742441
164648
5014681
3112530
2718669
851825
6455968
268912
435300
3401418
3157738
26009010
3085639
415997
4175619
2500545
5336434
841913
5701720
1506849
1060958
2691984
1603456
419350
3512231
2452340
5404490
2933644
755067
355671
4695333
1573206
643696
4298701
1935265
1579643
3162645
869793
569724
2756001
842859
1705115
1112056
2675968
5888917
451570
504687
3529193
2643695
478684
3134506
1547484
480419
1063803
6766775
1871748
830844
1732071
3406202
1917195
3788039
1364332
9880777
2381356
491177
944546
645749
4468751
1005184
2635352
6911978
2934662
242680
3460814
569925
1719012
4962607
2964842
4266124
2159100
1336482
2505079
3107602
838671
3437923
663290
3743624
3649526
1105726
1832905
8635524
7155664
4057993
2449639
2062382
4775036
3328769
9223281
348161
742227
1811320
523289
969631
2836393
3137683
615358
2199275
1491955
283571
1040159
971679
2719571
3232235
1212494
3075417
3998887
565080
1948434
0
2072239
370009
8569810
1006507
1607886
4890157
3441160
6755101
2926267
674066
811090
587566
414648
499336
7913720
230825
893208
1188404
204780
622520
9788287
999301
1063566
449688
3216224
1609776
1176861
1778651
3273174
1417313
1977632
755273
4325019
6445724
1490523
4229335
270290
78683
298689
1171313
2296238
1563379
1544625
909287
2678498
2962321
2000902
637529
1284346
1080365
598391
5566326
2246052
4999441
1827077
5402283
1632840
2219927
6183568
1989472
