2996540
16846277
17817921
1929158
15181750
19039088
36871251
10935467
851209
2173972
3920781
8748706
16307569
24492493
12535284
7087460
23405972
4699557
3141815
1585095
5254719
8876083
899473
3332670
65783864
5945476
2383898
13884185
34710577
2096678
1817104
3751182
0
0
0
0
0
0
0
0
0
0
0
0
0
0
0
0
0
0
0
0
0
0
0
0
0
0
0
0
0
0
0
0
4150127
2741318
7136267
2275657
31215878
2076444
7641918
11046725
7615225
17716275
14726509
9307962
15734480
3297068
740857
24211411
14689158
14085653
4132131
31867735
1125644
2134352
15969930
16190284
7209965
14651723
2012788
18283042
12921097
31708499
3330600
29550926
0
0
0
0
0
0
0
0
0
0
0
0
0
0
0
0
0
0
0
0
0
0
0
0
0
0
0
0
0
0
0
0
7302469
2098615
4803203
35030825
8708086
3855005
7911712
16570093
7523418
12686350
6248792
55868575
10858600
2220460
4253580
3023244
16235378
3898113
13290649
37199350
13181228
1110614
15801530
2624570
7396867
27880844
13994411
19844524
10022883
6408351
9160097
14867472
0
0
0
0
0
0
0
0
0
0
0
0
0
0
0
0
0
0
0
0
0
0
0
0
0
0
0
0
0
0
0
0
19550255
2478865
9757669
0
8915711
1651283
50078514
4614050
7431720
22585839
16542535
33536714
14179926
3019315
3711574
2618482
1759793
2247079
46811304
1032283
4317016
5646747
920371
2921179
60035966
4302979
4427078
2022377
15369489
7561760
5255125
8665771
0
0
0
0
0
0
0
0
0
0
0
0
0
0
0
0
0
0
0
0
0
0
0
0
0
0
0
0
0
0
0
0
650941
3421148
3762663
415828
3081998
3765578
6560269
2310017
179459
471700
825423
1803221
3381047
4874154
2519664
1506353
4568239
1005111
670626
343422
1172923
2110503
192416
1021357
8945002
1214245
501793
2718897
6320593
429058
389761
792800
685237
4717483
2227649
1661036
675814
491800
1090710
1094687
3406662
1740881
1349432
713562
2102426
5255481
7793406
1967616
1608709
1782887
733700
800535
3414858
322488
5235861
849346
5324057
2352107
2341061
2458298
620262
5676805
254408
478812
898587
596935
1591065
501331
5904974
450058
1619533
2400628
1623181
3634878
3038124
2041212
3227868
735537
163135
5008022
3049612
2905222
887726
6293006
249223
462387
3397243
3334143
25724760
3121199
431412
3656625
2616795
6068539
728283
5565494
1516134
1074487
2776005
1542611
395071
3422637
2437023
3065842
3096078
750178
350623
4771236
1568869
649136
4407101
1829603
1530704
3185473
905655
617511
2773414
848368
1789549
1047420
2679032
5393971
424818
576591
3591207
2724056
484789
3276941
1508020
465160
1041420
6695364
1859564
836566
1711774
3468951
1680974
3709596
1354511
9756735
2396292
492260
925063
645104
3447914
876376
2779185
6804780
2769387
243431
3420885
567325
1631494
5456541
2975823
4163619
2190414
1383231
2036747
3079370
845154
2688416
685846
3035159
3599216
1074719
2265131
8657509
7255444
4032996
2456106
2195308
4754980
3202804
9207662
333350
883120
1851224
519837
875123
2311664
3126495
629221
2208261
1605313
270799
989889
1140945
2753779
3229859
1261142
3037932
4122925
545242
2040463
0
1968592
365907
8676817
1007651
1641778
4664479
3479668
6282178
3012850
669434
809439
571095
402150
491938
7976806
230587
928675
1203694
207111
628854
9799812
929984
964172
434241
3195307
1609312
1118161
1804006
3183248
1307425
1974662
758754
4518275
6806637
1412006
4005831
273938
78266
328718
1170375
2310756
1545956
1452684
909941
2413331
2962155
2636611
583457
1266499
1069823
622305
5671474
2267221
4919973
1814231
5218047
1648509
2182682
5939668
2107573
