2978846
10135146
17431305
1959509
17314415
19421097
37674224
11157078
853773
2113368
3936896
9845115
16384417
25451488
21483558
7277702
23628244
4974158
3140954
1969111
5409898
8626390
874047
4075942
65766982
6156048
2406671
15427123
35671605
2112323
1845517
3745623
0
0
0
0
0
0
0
0
0
0
0
0
0
0
0
0
0
0
0
0
0
0
0
0
0
0
0
0
0
0
0
0
4077250
2792579
6891907
2359957
33705588
2065100
7705425
10927561
7664981
17249560
14148288
9595072
18628733
3316021
788365
24098560
12992204
12330172
4046159
32327591
1110417
2090830
16596633
15767326
7499039
14371464
2168730
27954206
13958661
31041340
3518560
28944988
0
0
0
0
0
0
0
0
0
0
0
0
0
0
0
0
0
0
0
0
0
0
0
0
0
0
0
0
0
0
0
0
7547609
2091227
4846462
35306690
8555612
3845331
7779854
17459487
7544341
12130572
6181245
56380821
10843658
2231134
4274291
2959387
16304846
3840702
12609824
37396481
13351478
1106385
15831078
2610126
7649148
23830151
14021066
20698497
9937915
5628793
8502934
16484448
0
0
0
0
0
0
0
0
0
0
0
0
0
0
0
0
0
0
0
0
0
0
0
0
0
0
0
0
0
0
0
0
19638501
2447143
9214224
0
7983869
1650584
47531554
4608499
7949933
26721203
16227333
33802144
13582838
3226480
3749277
2605636
1897307
2293492
45890245
1036172
4105592
5755874
935265
2640862
59116504
4406645
4431717
2005329
15581110
7716368
5346835
7984058
0
0
0
0
0
0
0
0
0
0
0
0
0
0
0
0
0
0
0
0
0
0
0
0
0
0
0
0
0
0
0
0
647662
2157672
3693352
423531
3495674
3845094
6679048
2361804
180457
459367
831228
2026670
3403823
5050993
4188225
1550012
4615627
1066086
671895
429592
1212781
2076687
186987
1180915
8957593
1259638
507861
3017793
6473170
433764
397039
793909
667607
4738111
2150484
1605493
692431
490629
1093835
1072255
3439223
1685429
1345798
747012
2141459
5493543
8017496
2142398
1496000
1811487
733978
800999
3358364
320362
5798654
856570
5110569
2354177
2356294
2622802
612591
5694000
255625
303204
885316
610117
1541199
521636
6319304
448972
1637034
2382467
1645272
3550768
2931721
2107501
3774658
742327
174251
5010088
2716681
2565174
872832
6389988
246560
454342
3529724
3259053
25933287
3070954
466226
5379729
2821047
5977773
771334
5475474
1499897
948011
2819411
1545149
398199
3470256
3170800
3155311
3154523
776634
346132
4773836
1939526
645968
4332161
1847746
1546408
3203270
862252
618400
2773051
846989
1745918
1044701
2701732
5905800
415843
551944
3556691
2694987
485993
3487528
1561333
464681
1053887
6750297
1830288
837080
1686474
3654773
1687951
3665801
1343960
9794746
2400415
495315
931149
633372
3471148
866224
2652807
6845441
2811131
243068
3438349
565650
1689566
4770240
2991204
4335084
2177361
1221588
1893163
3404610
839620
4093751
660387
2830942
3206956
1082181
2307298
8426626
7232233
4045208
2437125
2249789
4834545
3058039
9289089
363665
848041
1763350
507088
902371
2395647
3302953
608385
2197916
1618229
261928
1056811
968905
1209345
3226617
1244709
3012842
4150983
540279
1934478
0
1768407
366491
8404850
1006378
1758033
5410039
3429594
6340037
2897277
716222
819336
567466
434774
503077
7882141
231388
886620
1230553
210957
570272
9772217
954384
966756
431032
3240494
1644431
1139113
1669917
3242941
1308610
1979952
753321
6188364
6752027
1447241
3961342
275496
78468
329279
1188240
2272311
1554491
1466028
918527
2725912
3006970
2641215
663048
1258861
1077446
597795
5508550
2285202
4920574
1849896
5200441
1649450
2176792
5877417
1837865
