32536283
32339933
31771591
33289272
33037598
33286389
32160218
32500571
33113315
33351176
32215384
32687558
32762007
33523367
32926950
33333623
35055435
33217605
33339363
33107715
32805865
33175460
32418231
34035477
33838117
34503370
33540002
34984718
33665292
34060930
34570642
34078259
34866184
34218282
33070569
33723159
33247007
34561987
33767258
33475787
32920651
34221956
34525436
32779358
33264635
33276831
32901338
33788782
33040580
33591947
33678484
33871999
33385927
34082499
33325096
34130342
33596321
33024077
33096612
32795892
33330544
33519676
33454411
33079332
33182881
32730299
31957698
33292688
32507995
32736465
32471067
32343931
32007480
33028016
34699839
32685302
32446392
32083213
32692980
33874260
33448466
33731829
33289503
32840179
33025686
34517717
34143909
34388618
34035680
33736291
33592592
35412168
34773202
33800892
34064290
34188931
34769476
34471537
33846191
33305645
33990602
34315355
33573547
33847363
33590642
32963299
33443723
33289147
32133503
33150233
32405739
32798716
33469322
32602136
32074316
33226970
33445721
32306395
33786150
33065412
33743336
32606134
32143172
33838182
33071376
32035045
32634961
33599271
34128475
31292872
32137573
32026913
33470273
32311464
31645632
32338456
31526694
31619761
33073811
31247239
31052096
32235889
32079936
31185314
31272555
31968268
31840246
32152162
30048212
31550664
31183878
31970791
31198426
31388200
31086476
31210323
31603746
32187430
32361845
32281771
32041889
32678046
32039100
32114536
32327895
32064436
31356955
32480721
31363185
31458157
31481301
31433210
30408203
31350121
31440984
31475808
32128240
31515894
30998848
34016600
31660526
31940103
31598741
32692139
31894518
32493045
32355991
31854666
31514262
29826027
32164083
32651583
32049298
32082978
31966508
32976916
32223822
32670469
32163441
25395455
30485408
29683623
20288569
33251652
33040307
32356597
32808940
33997581
33123384
32963551
33471776
34438401
32966919
32855800
32542955
34048598
32083401
31686327
33793022
34366686
33364665
34064622
33850771
34370223
34171288
33413250
34239437
33735600
33923554
34330071
33485141
33752509
33854670
34899998
33143428
33223816
34306494
33655762
32605510
32266600
31847707
30720757
33004575
32241029
32080910
32263027
33242943
31958638
32267845
31588123
30927322
31777378
31405642
30943794
30633603
30652011
7172004
7248090
7359914
7256356
7343882
7328902
7368604
7399647
7440582
7410451
7440166
7407551
7452495
7493588
7478358
7443312
7776588
7501019
7600637
7452866
7540608
7572884
7558113
7561472
7550175
7489933
7485107
7486813
7543189
7273655
7589704
7588284
7504459
7558137
7625745
7545345
7611266
7617521
7643076
7652464
7628105
7536583
7582624
7725177
7682558
7648374
7709212
7595195
7686676
7632375
7571805
7639445
7745196
7693178
7580906
7769505
7669943
7723456
7618955
7678637
7853118
7639711
7635563
7677508
7627496
7647538
7723127
7790643
7594603
7657524
7534120
7665944
7621683
7604555
7738457
7620369
7559119
7488820
7725735
7676498
7685772
7642855
7684699
7774018
7755183
7897056
7687926
7670023
7643335
7722961
7625604
7591938
7712758
7629708
7663388
7676355
7628504
7597685
7632109
7767056
7668564
7712452
7652964
7658070
7669458
7687916
7714359
7620944
7733823
7658084
7601545
7686803
7614613
7759278
7652391
7564520
7578892
7675857
7725771
7633024
7865736
7651254
7682818
7778967
7512911
7685599
7636511
7643577
7534474
7766501
7608161
7735497
7555911
7836670
7656124
7648646
7735352
7654056
7657810
7695875
7621227
7614617
7595673
7615997
7727037
7644425
7697918
7595357
7446740
7569727
7700096
7537208
7619130
7588364
7591064
7625645
7608347
7512013
7594557
7518294
7630663
7508000
7564096
7536741
7658427
7619694
7726201
7607501
7789253
7645602
7618409
7741623
7688540
7737689
7705713
7677671
7648296
7753979
7696670
8128053
7761241
7789853
7565876
7608518
7817938
7849861
7578784
7635478
7706225
7394051
7634689
7539628
7532221
7608243
7532725
7555647
7631021
7794976
7703355
6210182
7355761
7250148
5116719
7539159
7590513
7633664
7661127
7522338
7768190
7611759
7665643
7945092
7638724
7646835
7718212
7592371
7797492
7606264
7573468
7515175
7603341
7496799
7548218
7504705
7459778
7575319
7581275
7505606
7498088
7686800
7558185
7553238
7523293
7439307
7546949
7509224
7461378
7613055
7409149
7155051
7113764
7061710
7307132
7427720
7466430
7423568
7377732
7472196
7419968
7380432
6981009
7249745
7395449
7189025
7217964
7192348
