33000979
32801358
32239467
33748708
33513979
33748535
32628037
32955199
33564166
33804568
32679764
33141856
33192733
33990333
33378966
33774078
35493395
33677119
33798328
33565242
33262912
33648953
32864580
34467999
34325531
34937446
33999414
35443579
34128162
34502449
35031502
34526084
35309792
34676156
33527578
34179182
33702986
35043656
34220020
33952569
33386455
34711460
34977745
33235396
33719007
33751232
33346117
34276138
33503237
34058016
34152607
34337817
33839533
34550607
33826492
34602186
34074943
33470586
33586104
33284702
33793573
33994122
33958614
33551209
33662442
33202203
32443899
33737058
33001517
33213532
32960792
32831788
32504979
33489018
35169489
33163639
32920089
32566473
33172577
34360257
33908845
34201626
33768331
33342815
33500873
34970174
34613828
34868765
34511450
34214981
34081072
35900862
35254395
34304798
34527913
34684997
35257480
34936359
34300057
33773427
34473254
34813390
34054441
34347346
34069400
33475813
33932951
33760620
32630383
33654520
32868446
33286536
33947507
33099024
32559430
33723376
33938641
32806199
34276969
33566546
34218047
33109790
32652512
34319603
33591968
32532326
33147952
34086149
34621239
31798376
32623620
32531073
33965595
32803777
32148145
32847619
32027303
32101584
33573256
31715846
31570425
32723864
32582799
31700604
31757167
32464769
32336625
32627311
30567289
32059124
31675924
32442542
31700204
31884846
31571976
31684691
32102729
32702123
32858313
32769191
32545871
33165714
32484752
32576866
32812380
32528783
31853128
32958269
31848817
31971850
31985331
31931686
30925865
31860397
31917421
31957617
32634152
32010078
31496712
34464750
32163995
32419705
32107360
33171817
32357084
32947817
32837965
32330936
31993466
30279879
32650228
33131487
32524057
32562517
32453327
33459121
32687050
33119621
32618225
25798661
30966421
30153434
20584689
33746300
33509236
32826071
33285232
34486873
33632411
33467231
33958905
34872201
33442546
33336607
32998478
34503147
32538422
32179323
34239977
34795229
33829492
34541451
34336891
34835257
34644417
33880177
34710488
34225724
34394017
34807886
33949596
34211081
34311241
35338929
33593384
33670465
34776701
34093862
33046526
32706458
32275232
31102092
33452070
32658536
32520171
32719522
33676099
32409351
32713551
32042527
31356098
32215305
31859632
31409455
31066749
31062147
7162125
7240937
7352522
7241866
7329605
7318446
7358561
7387601
7426551
7396482
7427461
7395606
7431548
7479313
7464356
7425076
7747433
7484649
7581992
7436374
7523425
7556407
7537826
7537725
7536579
7471277
7464640
7471750
7524190
7253991
7567198
7568142
7481211
7534918
7607317
7523446
7591515
7597999
7618714
7634750
7609442
7515923
7559534
7702102
7663186
7628256
7684702
7575128
7669448
7611246
7557371
7618447
7720511
7672227
7569411
7749195
7649952
7697423
7601907
7662238
7822775
7617946
7621808
7660535
7610676
7627159
7705686
7761290
7575589
7638759
7515474
7646524
7603961
7585036
7715183
7601970
7539172
7473673
7708028
7656064
7658753
7622476
7663984
7755491
7733392
7869353
7663684
7651290
7624093
7703263
7605840
7570238
7688157
7610168
7641434
7656657
7607179
7574025
7607284
7744899
7646046
7690667
7635659
7638582
7646145
7672370
7691096
7601463
7716894
7643754
7580981
7666956
7598198
7741687
7634415
7546758
7559473
7662463
7707532
7616376
7838959
7632218
7666598
7757035
7496729
7666498
7621141
7621918
7517446
7748681
7591849
7716223
7535980
7815694
7640101
7636306
7722136
7636473
7641973
7676019
7611691
7597685
7583353
7604592
7712949
7629497
7680377
7573480
7440347
7557177
7685059
7520517
7607612
7571410
7575941
7608674
7593469
7497411
7578198
7497704
7615740
7486081
7542529
7519328
7641009
7598177
7713389
7588294
7773476
7632248
7605232
7728209
7678147
7724713
7690399
7658285
7631689
7735244
7678867
8092545
7744817
7769206
7554662
7588922
7794642
7824052
7563961
7616775
7691392
7378088
7618813
7520437
7519293
7592676
7516913
7537756
7611068
7771644
7682151
6204669
7346502
7237280
5110829
7519503
7569888
7609417
7641261
7504531
7756331
7597687
7649289
7914707
7617087
7630234
7696956
7569027
7775310
7589794
7550757
7491863
7587038
7480339
7528470
7484638
7444180
7557149
7562457
7491481
7480640
7669947
7542554
7534751
7505590
7417304
7525993
7485925
7443093
7592056
7389156
7140003
7100780
7038396
7291845
7407996
7452262
7408467
7358785
7457265
7399316
7367769
6967968
7234135
7381739
7179660
7205351
7176086
