32928490
32732621
32172325
33655718
33397172
33636014
32524993
32862175
33467074
33745453
32589054
33026106
33128519
33908750
33302581
33685861
35394995
33597587
33691509
33466879
33167065
33537983
32782825
34387627
34211820
34863256
33902030
35357450
34031248
34396350
34936752
34451458
35231543
34586678
33414525
34085108
33622458
34960137
34144286
33858534
33301428
34605202
34893668
33136144
33636722
33643719
33255363
34177919
33406379
33980886
34052816
34247846
33754411
34455568
33727831
34509166
33970585
33390292
33478504
33178207
33710645
33882713
33858005
33443718
33566088
33118564
32351289
33671765
32892410
33129512
32862997
32752700
32398926
33397712
35073849
33070020
32840479
32486242
33062129
34251474
33840414
34113082
33688002
33226627
33406910
34899341
34506023
34789640
34412699
34118267
33986987
35795728
35162926
34189628
34437413
34579623
35187043
34860738
34218909
33671682
34385985
34722876
33978495
34247679
33978206
33384413
33827796
33669609
32509216
33539424
32780876
33197961
33879778
32991873
32457985
33621157
33836577
32701153
34159707
33463204
34123093
33002202
32554280
34243589
33463222
32420375
33016379
33991512
34540526
31715628
32528265
32421345
33852191
32708787
32045956
32754203
31946093
32008467
33468510
31652461
31473695
32635319
32493399
31599659
31666397
32371250
32235274
32535593
30457396
31961033
31579896
32354596
31612273
31796444
31456848
31607437
32015606
32595545
32781068
32696650
32459096
33075158
32405234
32492689
32745403
32438766
31740838
32874194
31769326
31872318
31875742
31824769
30836624
31757507
31821867
31886115
32515140
31910052
31416579
34363924
32079075
32328368
32026251
33075539
32273744
32882853
32745123
32233285
31905613
30196507
32563122
33032809
32435754
32441238
32361812
33380708
32611489
33025780
32536571
25719907
30855703
30068147
20520523
33643801
33430155
32733540
33209157
34388766
33520789
33358071
33875748
34788955
33358975
33234057
32932222
34432034
32466095
32098636
34152697
34716556
33736112
34448616
34246659
34755797
34552948
33784747
34613367
34124427
34286260
34704825
33852423
34111493
34219379
35276199
33520686
33595704
34697560
34006224
32962203
32601649
32187191
31036095
33359587
32579211
32436176
32637090
33609504
32319926
32630772
31965715
31259428
32124660
31761049
31302082
30977891
31012212
7162006
7238749
7348328
7238128
7321533
7310108
7351436
7382110
7420568
7396180
7424069
7384685
7433265
7476369
7462515
7423643
7746991
7481608
7574293
7430957
7517520
7550924
7537260
7538779
7528292
7469938
7461830
7471465
7521752
7247144
7563175
7568198
7481738
7535964
7599327
7520610
7591503
7597280
7621398
7632567
7606355
7512067
7557385
7700026
7659879
7623214
7682445
7570512
7664990
7609168
7550933
7615623
7718376
7670578
7564199
7745508
7644840
7697638
7593903
7656849
7826727
7612764
7618724
7655116
7605785
7623173
7702510
7762754
7571189
7637172
7514837
7643573
7598417
7578645
7709226
7600644
7537192
7472381
7702887
7650716
7664464
7622697
7666234
7749271
7728640
7870517
7660325
7646126
7615522
7698486
7603246
7564390
7688549
7605789
7639031
7650423
7604977
7575080
7606553
7742335
7643965
7687773
7634333
7635427
7645127
7672688
7688762
7600677
7708839
7637456
7578114
7665729
7598784
7736896
7628483
7541543
7552151
7653456
7700722
7609711
7838070
7624610
7663790
7754497
7490826
7659743
7615829
7618702
7516012
7745452
7584008
7711783
7531947
7811947
7635731
7631444
7721970
7633340
7637211
7678833
7606912
7594198
7580008
7599264
7707903
7625190
7672693
7572689
7432963
7554876
7680565
7517145
7605658
7568187
7570619
7606461
7590262
7492287
7578040
7500729
7613559
7484957
7538771
7516519
7642891
7595227
7704705
7584224
7768899
7626256
7597830
7721503
7671687
7719178
7686059
7657901
7625311
7733746
7676267
8089661
7741213
7765733
7550886
7585730
7791960
7824188
7556729
7611390
7688125
7374746
7615594
7515574
7511963
7579774
7513703
7535512
7610239
7767195
7681618
6198925
7337449
7235603
5104970
7515943
7568745
7608430
7639103
7501412
7744777
7590941
7646112
7911913
7616140
7624171
7693976
7569175
7773452
7585763
7550502
7486763
7582554
7474984
7527769
7484364
7437577
7552068
7559222
7485195
7473186
7666083
7534445
7527309
7502425
7419327
7521688
7488498
7442730
7587954
7386832
7132646
7096702
7035969
7287658
7403442
7449416
7405474
7359702
7451731
7397004
7364159
6963388
7230372
7376929
7172293
7198290
7177056
