32891138
32692984
32138949
33630168
33367591
33594577
32489294
32828878
33446991
33695549
32544745
33021921
33073420
33864639
33272818
33667057
35359347
33547498
33675844
33409185
33140124
33505135
32768975
34355482
34186717
34823759
33872670
35313658
33999436
34376074
34895977
34402882
35188461
34536726
33406950
34047094
33563508
34886268
34115914
33822166
33252891
34575582
34871233
33112242
33606292
33623110
33237400
34140800
33383643
33932041
34023114
34220161
33705754
34433475
33692060
34493033
33947366
33362441
33442019
33150614
33668486
33862277
33825650
33424159
33539781
33085039
32295747
33627935
32870804
33107297
32815734
32710189
32369626
33370130
35024296
33035594
32794566
32440339
33039890
34205715
33781858
34077345
33645944
33199527
33372386
34877559
34491255
34741543
34377093
34083780
33965186
35785092
35126107
34150016
34411168
34553226
35115713
34820006
34194680
33638465
34341001
34680731
33941856
34207207
33942098
33352998
33803579
33624638
32492051
33513666
32752797
33170276
33803392
32974471
32441259
33578901
33804772
32679458
34163758
33437095
34096315
32982007
32519402
34207457
33443336
32391735
32998134
33961514
34485368
31687615
32499751
32400660
33800493
32675272
32015640
32734757
31887463
31961199
33444552
31588581
31430424
32592490
32456028
31558660
31629656
32331970
32217018
32499054
30418079
31923079
31545591
32322493
31569326
31747300
31443069
31569024
31966610
32564959
32735512
32648521
32423262
33029603
32377068
32465689
32692722
32419457
31713463
32805875
31715795
31816209
31843590
31794890
30797035
31719741
31779756
31836149
32496642
31877588
31353539
34339766
32017757
32286528
31990637
33046721
32221045
32832277
32720471
32200770
31876990
30164581
32523642
32997012
32399897
32421948
32324011
33331933
32570773
32997222
32488084
25675895
30835608
30029370
20497212
33621581
33408182
32701782
33156413
34350932
33494020
33329783
33839708
34783267
33333561
33216962
32881204
34386587
32431801
32063911
34128265
34706777
33714939
34417659
34209412
34703385
34512496
33751724
34574731
34114266
34272186
34653682
33816746
34066659
34200380
35234039
33473271
33559200
34664958
33962687
32921767
32565997
32176828
31001171
33331032
32557554
32404958
32590189
33588256
32292958
32600106
31915403
31234791
32106986
31731885
31271257
30966180
30948133
7158230
7234175
7348334
7237424
7323138
7308841
7349692
7381759
7421557
7393567
7419300
7389768
7426877
7475354
7463238
7423252
7743689
7477858
7575675
7426424
7517712
7548252
7534707
7539301
7528183
7466487
7461246
7463780
7519022
7249117
7564100
7564388
7478246
7531082
7602734
7517491
7585112
7589368
7618823
7629829
7601845
7512002
7559494
7697023
7658511
7626391
7682045
7567155
7666745
7605786
7550138
7613931
7714772
7668343
7560880
7746981
7646175
7695581
7591969
7653317
7823295
7615945
7618625
7657140
7605248
7622385
7696883
7759683
7570583
7636067
7510581
7641373
7597644
7580759
7709159
7598349
7535047
7468563
7703095
7647439
7656926
7619480
7661915
7747664
7727937
7869614
7661918
7646895
7614638
7697103
7604341
7568563
7685442
7604115
7638355
7651468
7599113
7571551
7604855
7738799
7642390
7685994
7632270
7632817
7640725
7668252
7688095
7595677
7710744
7635348
7578434
7664961
7589738
7738179
7632292
7541727
7551109
7653488
7705887
7609778
7835407
7627794
7659325
7755169
7490925
7660617
7614338
7616857
7512255
7746503
7585386
7710795
7529311
7809924
7635050
7632514
7716677
7628055
7634783
7670662
7602396
7592007
7574727
7597666
7704729
7622873
7674367
7572324
7428249
7550884
7677759
7516323
7602545
7565305
7568460
7602561
7586196
7488762
7573847
7494972
7611563
7482028
7538644
7513825
7635540
7594509
7701788
7579788
7764956
7621860
7596181
7722039
7671235
7715829
7683262
7654582
7626477
7728333
7668188
8089317
7736483
7766529
7550251
7585529
7786139
7822332
7557656
7611243
7686326
7370833
7612925
7515093
7510479
7581468
7513187
7532050
7606821
7764992
7676478
6196477
7338860
7229482
5103261
7518974
7568585
7607267
7633472
7501525
7747299
7587911
7645612
7916237
7613851
7625626
7691398
7566667
7771362
7585416
7547701
7491538
7584202
7477322
7524508
7480823
7438653
7553312
7555140
7484907
7474323
7661941
7533640
7528391
7503059
7419175
7524492
7481945
7439008
7584345
7386357
7133221
7100133
7037125
7285805
7405130
7443975
7402493
7357701
7453699
7398802
7360358
6962170
7229288
7375730
7170063
7201839
7169138
