32840283
32644280
32101954
33594848
33326876
33553327
32457732
32795297
33392518
33649686
32493652
32983444
33034037
33815187
33231964
33643873
35310183
33505595
33603939
33389943
33089785
33453042
32717842
34316006
34153902
34756472
33835117
35258533
33957621
34330040
34857799
34359086
35143090
34499175
33361167
34009227
33507911
34859694
34069766
33791553
33232806
34523177
34819292
33052743
33563878
33594860
33204302
34114314
33321555
33890960
33960469
34191061
33678213
34390492
33641967
34445718
33913036
33326964
33388525
33098085
33615269
33800127
33772747
33366594
33497920
33029763
32284772
33575399
32823301
33063175
32784725
32665361
32343404
33303640
34996036
32984261
32752552
32401225
33002660
34183305
33752463
34036496
33588773
33166315
33329534
34836880
34452630
34693108
34333925
34055385
33912201
35723613
35102687
34118790
34347709
34507032
35060459
34766014
34125330
33600851
34299000
34622860
33895947
34168978
33886469
33312077
33770059
33584520
32450414
33486064
32686103
33117434
33761153
32928513
32381008
33559826
33766364
32632517
34087163
33380671
34049850
32933442
32461977
34140327
33394854
32359014
32954679
33916436
34429464
31627167
32453632
32336479
33776424
32631762
31992124
32690265
31853447
31924106
33392199
31539936
31390432
32555418
32404655
31516413
31595037
32288359
32154925
32478436
30403240
31884029
31503871
32288999
31536764
31721784
31398933
31522278
31903297
32506071
32670764
32609595
32373427
33006782
32340878
32425296
32668077
32375467
31671167
32797351
31676399
31776130
31773116
31750010
30750997
31676848
31745046
31810345
32459001
31836614
31328802
34289801
31994412
32251949
31935305
33010698
32186252
32803981
32680471
32169150
31833027
30126724
32495782
32948354
32359515
32383451
32267582
33288894
32530058
32969387
32457628
25636793
30783090
29986233
20477306
33586277
33372561
32640108
33113312
34298210
33437221
33276243
33807207
34727049
33293891
33158639
32849931
34354836
32381690
32006289
34078763
34660114
33671068
34361219
34180790
34667755
34475943
33716789
34498911
34070058
34227168
34626473
33788653
34019336
34141496
35202057
33428515
33514407
34614095
33915527
32903188
32558739
32135446
30963145
33292844
32519001
32353511
32574158
33527845
32239442
32523959
31864089
31193767
32063582
31700218
31237536
30933562
30904361
7156821
7235338
7349579
7239921
7321561
7306955
7352460
7383399
7419988
7389675
7420972
7388892
7426741
7475047
7465281
7424327
7746680
7478858
7570774
7429982
7518165
7548076
7535596
7536342
7532686
7463545
7461395
7463427
7518293
7250633
7563413
7562476
7478976
7532230
7602582
7521797
7584275
7592340
7620236
7634260
7602888
7512616
7557918
7697627
7659184
7629182
7684137
7571533
7662122
7603255
7548235
7617758
7715150
7670667
7563306
7745508
7646938
7698827
7592260
7653294
7820924
7615397
7618724
7655984
7607361
7621175
7703470
7758558
7570160
7638681
7515164
7643134
7602656
7577415
7710526
7594178
7534843
7468092
7704513
7651135
7659804
7618953
7659505
7749766
7730512
7870357
7660089
7645099
7618123
7697042
7602452
7570228
7690201
7604328
7635464
7649368
7597293
7575175
7602671
7741672
7641451
7683836
7634632
7632843
7640424
7670322
7690369
7596984
7712431
7639040
7575162
7662490
7587684
7738425
7628302
7544168
7555079
7652877
7701474
7607743
7836697
7625367
7658471
7749799
7489378
7662317
7613782
7617753
7511692
7743949
7585529
7705483
7532111
7811746
7637453
7630289
7713420
7629213
7631155
7670352
7608596
7593968
7577325
7597392
7707225
7623789
7674043
7575000
7434915
7552799
7680026
7517359
7604527
7568030
7571087
7604965
7585089
7486957
7572558
7498086
7609257
7486735
7540550
7516129
7638523
7595712
7704795
7583606
7764436
7620972
7595627
7722101
7671185
7713566
7683650
7655700
7627943
7729171
7672074
8088266
7739813
7763191
7545587
7585258
7788457
7824398
7556696
7612718
7686128
7374576
7615449
7513340
7511593
7583319
7509211
7532577
7611737
7770271
7680636
6194563
7337017
7232549
5104120
7517995
7569007
7602211
7633136
7498827
7741724
7588504
7644700
7915497
7614804
7620917
7696045
7568445
7771083
7585391
7549602
7492761
7585790
7471476
7530310
7483715
7438843
7552958
7551383
7487780
7474128
7663662
7537455
7527502
7499209
7420487
7522399
7485312
7439129
7583482
7390091
7137591
7097335
7035800
7286497
7404416
7446963
7404607
7356711
7452776
7389353
7360192
6960351
7231527
7376651
7170105
7201361
7167236
