42888
10163
11092
11239
22540
10671
9289
10537
10083
10932
12546
9674
11074
436865
15514
30381
2111471
17782
457879
12433
11027
39511
10172
339754
13941
10930
11460
11211
10080
11324
79162
11458
12448
505136
14923
36051
11073
50094
11877
72241
10647
11102
10891
23057
17437
10408
10655
9641
9998
12784
11922
13244
360940
274465
15177
938489
520365
634062
19807
13209
1129943
23994
160569
39063
10614
10570
15188
900063
19628
15482
9890
11900
9994
16538
614424
16381
630199
27168
16385
11558
12723
10409
11125
11974
14333
836893
18616
11807
11074
11979
11801
15523
448383
15758
13552
13002
19101
13699
244355
542051
17890
27303
11800
11665
17371
11035
13923
81202
11363
20712
12384
11946
11125
11113
10069
9889
10964
15599
1100177
21744
1414877
38191
16740
1457556
20958
83633
12431
393259
26547
29733
11202
10863
18182
1157516
19115
18530
369778
166541
987492
18368
9857
10947
9020
9394
11943
142860
459682
925343
17791
100300
9569
10899
37825
11042
9535
10353
10431
12199
70589
12138
241524
19078
1141466
48331
81026
11365
75084
12524
9998
9537
10163
9440
9701
74532
10448
10911
247654
181651
10658
2528890
21144
20448
26669
16124
789663
1079769
29589
282176
16899
26680
11026
14620
1511864
10652
11717
11401
11617
1192914
86495
21117
132271
13889
11124
35616
9998
12443
10349
11537
412518
14367
10978
1699915
274663
14747
311271
11968
10135
10224
10325
12814
9879
10250
11094
10977
13462
16677
19565
10625
48684
1081552
19820
10361
47659
10602
10327
11261
13313
712104
17830
23470
11137
182004
916112
653510
11789
10442
9266
9846
25613
28630
9740
8844
140858
13454
10694
8461
8450
2067
2318
2219
4462
2086
1919
2143
2021
2141
2624
1955
2232
86501
3149
6117
421801
3564
92147
2488
2244
7811
2102
66135
2787
2171
2282
2157
2024
2171
16125
2280
2423
102895
3024
7175
2242
9822
2385
14833
2178
2163
2183
4710
3473
2102
2175
1943
2045
2568
2382
2603
73334
53548
3076
188427
101113
128794
3989
2694
225949
4778
32353
7939
2166
2141
3188
181316
3970
3155
2005
2400
2020
3371
122934
3363
124270
5633
3344
2334
2534
2069
2297
2431
2932
171669
3696
2318
2197
2434
2309
2939
89306
3106
2643
2561
3725
2674
47285
110569
3574
5412
2336
2254
3450
2232
2828
16277
2340
4130
2489
2446
2215
2300
2064
1978
2156
3154
220379
4376
284076
7529
3440
289024
4113
16975
2512
80228
5083
6159
2258
2242
3607
238566
3927
3688
80626
34540
193316
3855
2041
2236
1808
1912
2507
30325
96090
184410
3721
19959
2008
2189
7761
2247
1967
2193
2119
2384
14478
2420
49230
3759
232502
9905
16568
2276
15624
2530
2090
1974
2055
1994
2059
15175
2207
2285
50055
38361
2212
514503
4481
4261
5451
3213
166598
219650
5894
56512
3480
5547
2222
2918
310490
2146
2379
2249
2400
239384
18303
4233
26976
2890
2253
7190
2040
2505
2092
2264
84405
2883
2190
347283
55281
3040
63480
2367
2161
2075
2051
2510
1963
2007
2147
2152
2569
3327
3869
2097
9745
220338
3952
2056
9487
2022
2101
2238
2617
144123
3598
4657
2235
37289
184731
133436
2436
2101
1818
2087
5261
5772
1921
1791
28463
2697
2162
1744
