41313
9914
11854
10266
22869
10045
10268
10311
10043
10727
13347
10149
11111
435237
15229
30946
2106750
17306
457641
12467
10386
39437
10337
334112
13419
11229
11271
11347
9844
11428
79797
10665
13116
506094
14042
36137
10718
49329
11766
71821
10872
11599
11425
22644
17408
10523
11208
10064
9878
12607
12003
12848
360399
279840
15397
935938
517447
628324
20406
13868
1124834
24292
159321
38936
10704
10356
16519
900796
18567
16409
9841
12099
9811
17178
611169
16148
628636
27892
16351
11402
12284
11058
11591
11787
14798
835972
19035
12114
11907
11659
11711
14796
446922
16553
13805
12588
19105
14181
244631
544054
17482
27730
11486
11482
17271
11413
14375
81668
11085
21128
11703
12049
11135
11299
10217
10881
11054
15329
1098813
21487
1408198
36128
16270
1456883
20671
83610
12474
394728
26285
29692
11317
11023
18254
1158010
19047
17911
372818
166974
987462
18876
9628
11400
9067
9772
11477
144352
457086
928336
18536
99447
9883
10324
37044
11674
9181
10445
9908
12274
71524
11553
242869
20136
1136514
48396
80181
11277
75871
12918
9790
9320
10008
9665
9052
75386
10434
11070
248566
179956
10713
2533602
21356
20305
26757
16551
787943
1086076
28206
278591
16538
27538
10796
14705
1499428
10763
11200
10957
10866
1196942
86723
21279
130145
13899
11172
37635
10260
13477
10648
12374
409658
13618
10960
1705802
273676
15371
308637
10816
9993
10689
10692
13112
10264
9937
10078
11013
13372
16061
18810
10853
51064
1077745
19190
10405
45874
11204
10013
10912
13198
709312
17614
23806
11115
180648
916135
658205
12542
10653
9397
10788
25578
29058
9363
9546
139854
13948
10859
8634
8167
2004
2415
2060
4470
1978
2091
2053
1985
2143
2754
2045
2245
86393
3084
6185
421264
3472
92047
2513
2112
7841
2125
65377
2679
2186
2250
2179
1988
2218
16284
2147
2576
102705
2855
7242
2169
9691
2320
14831
2172
2281
2223
4672
3440
2114
2281
1968
2019
2540
2370
2539
73187
54287
3090
187856
100679
127918
4092
2850
225025
4829
32311
7953
2133
2128
3412
181149
3751
3323
1976
2484
2027
3462
122321
3299
123935
5734
3301
2274
2456
2200
2352
2386
2992
171272
3750
2336
2318
2326
2339
2808
88916
3254
2695
2446
3737
2742
47633
110753
3513
5522
2335
2240
3355
2304
2898
16263
2269
4177
2341
2408
2240
2380
2095
2169
2142
3121
220369
4323
282843
7237
3410
289135
4054
17014
2512
80404
5042
6109
2284
2274
3550
239331
3901
3622
81127
34616
193223
3886
2028
2355
1844
2011
2417
30713
95819
185165
3859
19819
2081
2103
7586
2374
1946
2179
2017
2409
14659
2307
49436
3960
232016
9821
16552
2268
15771
2616
2072
1954
2074
2019
1952
15465
2158
2280
50417
38063
2255
515575
4457
4235
5497
3299
166148
220605
5634
56091
3447
5737
2188
2903
308505
2185
2263
2213
2228
240188
18400
4226
26536
2895
2240
7531
2048
2748
2132
2403
84155
2699
2261
348643
55176
3158
63275
2162
2098
2152
2151
2524
2063
1946
1972
2125
2603
3199
3775
2180
10227
219825
3873
2104
9177
2168
2020
2218
2583
143667
3537
4694
2172
37210
184644
134295
2555
2157
1844
2252
5275
5909
1861
1894
28197
2813
2208
1773
