43823
11065
12705
12030
23510
10671
10957
11031
10903
11580
14575
10697
11332
441672
16062
32368
2104014
17735
458269
12872
11171
40316
11245
340323
15592
11652
11262
11274
11380
12180
78417
11974
14037
508348
15464
37327
11091
50276
12275
71942
10441
12134
11925
22522
18217
10354
11263
9767
10925
12565
11867
13159
361556
275549
15256
936941
520326
629780
20122
13915
1133635
24374
159583
39067
11649
10358
15901
902194
19757
15561
9533
12614
10279
17426
611738
16275
632908
27787
15977
11379
13122
10967
10638
11854
14045
843069
19144
11845
11786
11569
11060
14693
449398
15870
13667
13557
19516
13728
245685
542787
18069
27012
11884
11630
16558
11691
14094
81997
11398
21807
12460
11884
10708
12197
10256
10339
11035
16072
1098602
21028
1406459
37692
15953
1458153
20691
82910
12485
393113
26084
29929
10713
11194
17762
1156823
19433
19096
370109
166189
991292
18958
9809
11237
9304
9376
11925
142258
454227
930360
17422
99871
10074
10762
36456
11909
9747
10748
10212
11803
71051
12528
240322
18716
1144792
48074
80075
10891
75763
12929
9375
9600
9424
9446
9111
73513
10368
10987
248556
181515
11383
2544426
20712
19675
26240
15992
793944
1088837
29491
279574
16728
26413
10815
14034
1505204
10350
11591
11255
10394
1195670
86314
22174
132857
14034
10862
37274
9901
12821
10235
11533
409643
13470
10438
1703992
272062
15067
312761
11936
10112
9766
10510
13430
10496
10625
10640
10371
12969
16067
19270
10557
52183
1082539
20304
10804
47372
10348
10794
11161
13306
710901
17827
23233
11421
183284
911028
651922
12139
10762
9758
11435
25574
29304
9913
8372
140240
13386
10666
8335
8664
2235
2668
2400
4615
2123
2233
2218
2212
2321
3021
2155
2310
87395
3246
6476
420682
3551
92242
2605
2262
8023
2294
66491
3067
2304
2208
2186
2266
2317
16027
2386
2742
103087
3120
7418
2232
9773
2432
14779
2145
2337
2354
4662
3583
2115
2312
1947
2184
2515
2368
2618
73407
53758
3028
187931
101234
128046
4032
2856
226339
4800
32139
7992
2358
2115
3322
181393
3993
3166
1971
2565
2074
3495
122772
3320
124981
5756
3279
2305
2613
2156
2140
2389
2890
173008
3820
2354
2321
2324
2208
2847
89506
3165
2681
2665
3774
2669
47643
110764
3646
5400
2355
2309
3304
2347
2803
16411
2335
4331
2494
2416
2116
2508
2081
2049
2178
3315
220448
4236
282630
7530
3288
289280
4083
16791
2534
79995
5023
6192
2169
2304
3488
238705
3998
3796
80682
34430
193888
3996
2034
2283
1888
1924
2514
30140
95268
185498
3590
19955
2113
2189
7518
2425
2024
2240
2084
2359
14461
2494
48987
3766
233086
9838
16436
2234
15589
2638
1959
2010
1945
1994
1947
15029
2183
2277
50402
38296
2316
518143
4364
4096
5358
3210
167370
221455
5835
56285
3440
5577
2191
2811
309736
2128
2328
2285
2113
239641
18383
4372
26973
2932
2191
7512
2013
2642
2157
2321
84067
2659
2109
347839
54857
3086
63776
2332
2098
1984
2128
2608
2087
2079
2124
2043
2525
3220
3878
2130
10445
220954
4059
2173
9370
1995
2170
2224
2580
143857
3557
4593
2284
37547
183592
133066
2498
2206
1907
2329
5293
5862
1987
1750
28473
2713
2210
1751
