41847
10247
11663
11024
21711
10196
9651
9648
10187
10795
13995
10284
10513
437028
15086
30355
2107187
17513
457024
12723
10217
38981
10415
337731
14182
11282
10812
11126
10239
11372
78106
10750
12559
502201
14771
35844
10804
48355
11539
71533
10423
11252
11937
22878
17703
9981
10257
9757
10270
12019
11694
12719
357448
275681
15630
943484
519138
633648
20798
13149
1132944
24718
158500
37487
11819
10181
15282
905779
19712
15919
9325
12464
10325
17476
614395
16133
630018
27964
15796
12057
12389
10829
11398
11617
13664
835860
18591
11634
11761
11711
10979
14556
444724
15636
13448
13917
18544
14026
241911
543330
17567
27476
10858
11612
16845
11194
13324
81382
10663
21428
11456
11454
11448
11425
10067
9539
11164
15177
1095807
21635
1407850
38433
16958
1454235
21287
83735
12734
394391
26889
29809
10750
10777
18867
1149793
20199
17329
367820
166457
987448
18193
9855
11178
9319
9722
11616
141752
457968
926825
18071
99414
10284
10028
36726
11327
9157
10518
9544
11817
70766
12168
241057
19428
1136930
48920
81001
10381
75379
12518
9617
9919
9202
9449
9677
74697
10309
10614
246730
181303
10948
2538197
20632
19670
27817
15951
786076
1086546
30127
280924
16021
27309
11027
14282
1509719
11053
11314
11852
11244
1197595
86111
21323
135149
14020
11146
36577
10425
12085
10333
11413
407751
13908
11325
1694393
273121
15411
310665
11044
9189
10121
10689
13325
10488
10531
11061
10477
13124
16521
19064
11003
49847
1081244
21001
10219
46640
10326
10260
11049
13372
714002
17063
23512
12296
180969
915097
649242
12042
10907
9447
10973
25684
29247
9395
9284
138034
13587
10857
8090
8238
2037
2408
2171
4299
2048
1966
1970
2034
2158
2884
2070
2110
86475
3055
6065
421280
3558
91954
2567
2101
7724
2123
65972
2814
2202
2163
2148
2037
2174
15922
2149
2440
102179
2957
7132
2176
9504
2307
14760
2135
2203
2330
4688
3498
2000
2090
1944
2082
2398
2324
2575
72626
53679
3128
189015
100931
128794
4149
2662
226422
4890
32011
7675
2360
2064
3192
182507
3967
3208
1898
2538
2118
3536
123196
3274
124164
5797
3243
2395
2471
2102
2297
2403
2793
171441
3653
2278
2305
2373
2194
2786
88349
3061
2651
2764
3581
2676
47052
111144
3518
5466
2180
2297
3344
2261
2674
16299
2240
4230
2317
2329
2249
2377
2082
1919
2217
3105
219792
4325
283224
7622
3463
288726
4218
16909
2563
80230
5160
6182
2197
2187
3684
237526
4105
3532
80258
34528
193477
3794
2075
2282
1910
1967
2443
30047
95744
184968
3794
19862
2159
2038
7606
2330
1891
2203
1977
2353
14573
2370
49296
3815
231665
9925
16593
2124
15600
2516
2043
2041
1925
1978
2043
15206
2184
2209
49862
38255
2254
516359
4316
4160
5696
3210
165687
220907
5963
56572
3316
5746
2219
2888
310410
2228
2282
2317
2295
240263
18300
4226
27437
2907
2289
7352
2105
2436
2083
2277
83502
2762
2223
346609
55084
3147
63380
2211
1976
2030
2149
2617
2123
2062
2170
2024
2565
3316
3793
2154
10014
220723
4171
2042
9278
2001
2085
2208
2661
144254
3430
4624
2411
37213
184477
132882
2461
2221
1877
2235
5296
5838
1875
1868
27803
2727
2217
1686
