43000
9837
11696
10458
22413
10272
9133
10066
9556
10678
13687
10148
10643
437743
15065
31002
2113479
17487
457516
12712
11288
39789
10524
338953
13652
10978
10732
10859
10543
10909
79096
11437
13678
509938
14913
35899
10986
49876
11816
71721
9808
11202
11422
22751
17591
10355
10772
9614
10160
11759
11683
12570
361559
276152
15087
935780
519108
630216
20694
12819
1124251
24198
157178
39271
11094
10763
16705
905298
19869
16000
9893
12591
9846
17437
612009
15206
631100
28072
16528
11516
12937
10936
11218
11579
13385
839426
20069
11473
11570
11437
11844
15338
446345
16150
13870
12541
18524
13007
244238
540703
17874
27416
11270
11363
16979
11121
13446
80818
10433
21489
11858
12448
10036
11966
10684
10382
11035
16236
1096191
21778
1413746
37701
16110
1454827
19518
82775
12414
394527
26677
29136
10592
11369
18225
1155383
19383
16881
368844
168114
992095
19054
10212
10839
9686
9902
11409
142378
456627
924098
18060
99746
10169
10574
37795
11518
9185
10203
10402
12127
70923
12105
239310
18887
1143760
47773
81227
11066
75424
12824
9841
10159
9355
10298
10298
72412
10505
10826
246888
180352
11261
2535336
21074
19601
27179
16575
793434
1078044
29359
279650
16667
26869
10553
13921
1505187
10826
11376
11877
10418
1202323
85751
22020
131427
13723
10772
37241
10158
12785
10541
12014
411049
13902
11223
1688351
270051
15405
307331
11377
9889
10113
10862
13907
9739
10267
10386
10667
12053
15287
18355
11140
49935
1081009
20591
10211
46913
10574
10135
10887
13890
716932
17152
23173
11214
180517
911438
652383
11954
10425
9450
11074
25440
28410
9410
8631
139947
13946
10939
8626
8407
1979
2408
2087
4412
2045
1881
2047
1935
2159
2824
2032
2132
86635
3037
6175
421690
3506
92091
2551
2309
7926
2167
66135
2713
2153
2146
2138
2099
2086
16045
2283
2673
103633
3006
7148
2210
9808
2358
14813
2033
2168
2204
4673
3528
2131
2197
1926
2081
2345
2327
2523
73240
53736
2994
187806
100946
128118
4085
2624
224562
4750
31801
7959
2232
2187
3459
181950
4005
3226
2010
2546
2045
3494
122577
3152
124429
5758
3431
2339
2574
2142
2265
2341
2767
171944
3875
2263
2258
2291
2370
2897
88847
3155
2737
2476
3594
2541
47364
110611
3606
5414
2218
2263
3376
2267
2730
16219
2167
4269
2412
2516
2037
2447
2209
2038
2156
3319
220150
4370
284209
7473
3305
289097
3829
16810
2493
80290
5068
6035
2167
2332
3575
238501
3967
3455
80510
34992
194282
3955
2085
2216
1941
2029
2376
30254
95671
184201
3787
19937
2136
2132
7749
2341
1932
2126
2130
2375
14589
2417
48713
3745
233279
9712
16657
2203
15578
2592
2046
2051
1922
2113
2171
14782
2188
2231
50041
38179
2336
515530
4412
4098
5516
3341
166893
219257
5864
56171
3429
5543
2134
2765
309385
2192
2345
2349
2115
240745
18115
4367
26772
2877
2172
7450
2055
2604
2141
2345
84319
2758
2257
345615
54566
3129
63022
2271
2104
2019
2149
2675
1969
1997
2049
2084
2410
3077
3649
2160
10028
220737
4119
2039
9355
2020
2031
2194
2738
144761
3475
4600
2245
37112
183850
133386
2491
2140
1890
2265
5204
5678
1861
1750
28168
2823
2259
1790
