41351
9852
12096
10625
22136
10503
10002
10869
9869
10590
12999
9449
10733
438762
15874
29700
2113788
17274
454694
12696
10716
40185
10075
335077
13974
11375
11534
11037
9815
11114
79224
11220
13493
506940
14760
35492
10910
49205
11680
72529
10899
11173
11441
22512
16821
10633
10593
10127
9970
13426
11906
12328
361350
274423
15432
941691
517298
631078
19506
13089
1130088
23472
159512
38354
11260
10097
15930
907653
18963
16377
9863
12672
9517
16946
613156
16492
632294
27421
16225
11112
12524
11172
11716
11747
14215
831674
19185
11799
11240
11701
11533
15128
447528
16293
12377
12960
17939
14212
241660
542060
18045
26807
11517
11405
17627
11883
13783
82350
11472
21203
12447
11151
11059
11799
10389
10408
11779
15963
1099645
22339
1416012
38378
16760
1459229
19924
83078
12195
392359
27337
28336
11689
10623
17383
1157236
19917
17537
367249
164963
988141
18295
10026
11021
9855
9846
11659
142471
458569
922877
17930
100586
9383
10245
37498
11524
9764
10299
10375
11618
71365
12338
243201
19159
1138576
48306
80892
11550
75761
12767
9305
9682
9591
9211
9573
73923
9971
10728
245953
179888
11074
2535873
20588
20154
27051
16398
791344
1085208
29581
279905
16444
26551
10748
14274
1511144
11081
11674
11832
10328
1199714
84508
20916
134093
13915
11441
35762
10226
12685
10818
12032
404507
13254
10472
1706248
272999
15549
308305
10928
9907
10238
11036
13400
10029
10011
11112
9817
12819
15632
18331
10802
49101
1078975
20504
10373
46532
10614
10160
11295
13704
713523
17786
22180
11974
181334
910633
655537
12066
10369
10250
10503
26668
29485
9647
8710
139419
13483
11018
8459
8115
2010
2503
2108
4390
2084
2007
2149
1969
2090
2684
1943
2175
86933
3195
5978
422103
3476
91635
2554
2173
7981
2027
65305
2774
2218
2232
2155
1942
2151
16101
2228
2614
103006
2982
7077
2205
9634
2327
14845
2230
2194
2186
4635
3338
2089
2171
2039
2051
2610
2414
2453
73322
53390
3070
189149
100981
128136
3904
2689
225580
4688
32222
7832
2263
2067
3374
182434
3767
3327
2003
2567
1953
3450
123074
3343
124582
5669
3286
2217
2512
2182
2341
2433
2908
171117
3765
2299
2219
2351
2272
2871
89077
3207
2472
2581
3504
2753
47138
110660
3595
5326
2302
2250
3501
2395
2751
16465
2375
4168
2503
2281
2180
2419
2126
2071
2309
3262
220750
4463
284450
7628
3485
289536
3964
16773
2444
79938
5232
5905
2348
2207
3459
238547
4085
3548
79938
34242
194087
3783
2053
2246
2024
2019
2481
30259
96103
183860
3711
19989
1990
2082
7731
2435
2024
2170
2095
2338
14692
2442
49646
3846
232182
9748
16562
2329
15699
2575
1979
1994
1998
1920
2023
15114
2078
2252
49981
38190
2297
516159
4372
4244
5508
3281
166637
220464
5896
56094
3406
5522
2144
2842
310425
2237
2361
2373
2104
239977
17923
4178
27187
2870
2315
7209
2071
2577
2199
2305
82796
2677
2115
348961
55118
3137
63214
2168
2100
2082
2197
2586
1997
1985
2177
1929
2451
3113
3685
2157
9922
220160
4060
2075
9355
2051
2061
2240
2695
144273
3574
4393
2374
37149
183716
133983
2505
2060
2016
2151
5430
5900
1905
1787
28146
2748
2304
1750
