1564052
394228
3243025
1964106
140086
302614
3737013
410390
621856
2119691
2892061
1350071
11059189
38958539
27887775
5434557
25434897
715764
1552648
1064359
728934
736680
396867
719204
22316411
918869
2368032
4600494
32954143
2243892
381668
3808177
2807156
731187
6795077
731042
971883
8728282
2414109
2055664
3535500
1361418
4014821
667215
1624064
17818825
5374793
564966
377565
3080714
1856202
4497627
14012969
459500
21758652
2297267
1124997
10772801
2419122
1406486
961523
2038386
763048
103164
1096493
4327966
791012
1562943
21824033
632365
132326
9246433
519285
4538719
10325758
1116220
11374719
2793140
501620
23860490
2040145
14189897
3744581
22021557
800358
344898
2574356
2191791
224647
1077100
359199
3398479
4091188
12406822
958143
486835
416920
645314
7810531
4618989
507737
16420088
16530708
25860166
2439060
1812701
401790
30462155
4735627
2886775
1428401
6022816
4597838
13116963
7045270
1207219
28405764
1186227
7860936
3080673
3202069
11557099
832744
1714827
13968257
15025852
2762401
14080828
873569
1515385
1539269
43425328
3901886
1414078
4530725
18084069
6772454
13446044
6673409
69074359
4336659
307856
479997
1092905
4243506
1246178
1784183
328878
1824469
794252
486571
324976
6737407
32047972
7468655
22135297
2355485
382177
9306073
879775
1604583
736171
3919075
10469757
25713670
687917
15040121
946215
34993021
18629024
710661
15662632
14426204
8797389
5736122
439300
3004400
7027698
1014937
638263
2102984
9656000
2510132
12245354
1727292
419650
1352918
4960241
5294588
1173817
5266972
1424173
3391864
3805960
8226550
34119111
2279000
575455
906586
3288429
8319682
29388284
1008445
259121
4217537
6999869
2993855
1130922
2709947
1465879
597558
246602
770694
3889802
319968
3711759
826581
5866626
451918
819879
3332784
3595124
6294861
1389949
13940870
2148629
890844
450490
26878387
18031612
3251104
2439322
321336
545871
7729325
1291364
6956340
3804137
4226202
425562
2293763
14531996
4286002
1110190
5300596
2140303
1219057
29875138
9204274
19830625
9983297
19114356
5427500
8843390
896058
1372908
315114
80242
664533
396969
28538
60030
764236
85363
123523
432506
573840
271249
2175622
6693795
4935726
1093730
4630888
145276
313483
218980
149428
176426
79806
174510
4184997
178236
465286
878677
5690146
428899
76650
751520
554755
146412
1290666
143573
196814
1770522
505148
429363
721172
277882
785615
139104
334121
3443368
1077692
115220
77644
643363
381733
896641
2799720
94093
4032221
473864
225455
2105699
473564
287214
206303
404017
154685
21178
225142
876628
165615
322208
4056041
128653
26984
1894092
107802
898836
2035644
234073
2214902
588927
104858
4673226
414066
2758659
759948
4345410
166264
70744
532465
450056
45742
223388
72146
678400
813635
2414109
193229
98472
86696
130265
1571551
947198
106025
3095292
3310905
4831205
519742
373089
85564
5613054
972881
596469
294923
1213915
952391
2569160
1489552
252011
5527561
245356
1649253
610013
673851
2260672
170725
340386
2779842
2970527
569443
2737876
175082
320646
317115
7459659
799383
292812
932325
3579356
1428306
3868138
1367176
9509968
927977
64563
100145
221204
895315
263936
368560
67783
374661
165194
104016
66440
1406018
5841151
1549742
4356997
498033
78220
1916485
180875
335095
157082
824593
2079952
4856798
139864
3140412
202311
6356479
3685634
149775
2997037
2789141
1821299
1206586
92096
622685
1404659
213480
135087
433217
1969155
532482
2524030
356689
87082
269875
981517
1108073
243407
1115558
297754
720924
777025
1634389
5993616
487110
119400
190531
677758
1727906
5522853
211391
53326
873250
1449833
615005
230195
587763
303981
122972
51927
163577
778863
67635
746528
179317
1186055
92348
168193
689220
737939
1254623
279749
2649136
435960
181667
93346
4889517
3566946
665510
504437
66254
111988
1559322
263776
1433016
758436
855722
86156
470106
2828011
878730
229104
1075101
437722
240783
5409527
1828266
3913594
1966394
3537729
1098817
1782596
188373
289074
