1811854
2537962
3279401
1417801
634694
22493289
3914323
1023546
752989
1715141
3146789
1688412
14716894
40064243
14981806
6581607
21396242
5101691
1899991
1019693
1557703
7715502
692056
1699811
26777543
991131
2337620
18886707
43061890
2109483
721736
5825019
2959188
16258837
5072753
809440
1674489
5031924
2824196
6046530
3590187
1616822
4584639
2812028
1946951
15597822
4324621
598464
476511
4881409
2548483
4890492
21172617
643318
20056249
3784691
6420447
12417858
4200961
1462512
1331354
4640567
928244
206339
1115688
2388746
778705
1555012
20993855
720369
174892
9882813
3810210
4688741
15991850
2749345
11256176
3471564
500401
24102793
3708646
11083570
4731250
25815465
887252
780527
7924066
2139139
291141
6738837
492317
3571568
3134277
12794054
892360
561140
693318
2093846
7726348
4901238
730570
15067556
8590906
21117660
2510371
1856766
482776
20653956
5505290
3882528
1965216
6787545
6833833
21735742
7054345
2745327
28895398
1515923
7980001
4918361
3887883
13538887
1104189
3744688
14417704
14507335
5329883
17898686
1184394
1587217
2932112
43582657
4441789
1196244
4704178
18754302
5991605
17545981
6874266
68419598
3535605
1491809
623775
2306628
4502012
1670961
4290246
391897
2174204
776704
506018
373333
7363175
33033724
28923892
23054223
6917084
6119476
13728999
13507584
2504419
769187
8571236
11004348
19482586
3791438
17328530
1123967
30276474
17153142
1422307
14769128
16725698
10024920
5970105
519106
3033985
7165552
429531
915609
2276685
4764745
2588890
10281881
4050640
766852
3353903
5575388
5254954
2029948
5809979
2107940
3385474
4194467
8177234
36232965
2323365
1013520
47328068
3595538
11422589
29693989
1267619
415379
13371128
5298916
3122693
1445799
2830395
1329693
1334277
808437
33099622
4306150
5778079
3642853
813108
5307015
468270
786983
16155396
3881434
7489377
1627579
14449855
2453748
26750676
2495891
32449775
12050336
4171208
6263719
478720
529181
2340897
3882028
7410566
3476533
5318344
479780
2388133
17134586
4512645
2589589
5231716
3474459
1950843
24048070
10262560
19153038
9494705
19377181
6162390
10354759
990683
12993029
377289
534108
692263
294042
133868
4263226
823513
216436
153450
360487
640048
348680
2956094
7004851
2867985
1363649
4064222
1049459
393289
214755
332273
1731982
143059
638388
5068489
197411
472961
3474875
7181703
414138
148004
1174947
601970
3126383
998380
164292
347162
1057075
606334
1270671
747022
339360
923742
610762
409129
3130950
891330
125990
100264
1023219
534478
1001002
4239525
136278
3837446
784073
1313464
2477848
841605
307342
293380
943606
193559
43920
235366
497873
167862
330481
4007049
150506
36994
2076494
789733
953173
3174665
581046
2245768
747757
106860
4835798
763730
2229966
976327
5130225
189989
164565
1666531
450875
60718
1421497
101679
733308
640231
2547299
187498
116849
147166
421295
1599031
1032108
155782
2925470
1798381
4167139
549376
392284
105947
4044268
1159224
815453
419057
1401060
1435782
4302983
1528445
581199
5728028
321358
1712567
1017545
836159
2697717
232025
756838
2931044
2954384
1118752
3503525
242056
343129
619905
7640543
929374
254503
994363
3787975
1297640
4343954
1441387
9602005
773573
320356
133050
473788
972326
361633
902085
82873
456152
165317
111036
77900
1573363
6095759
5556983
4614151
1482037
1295297
2841704
2737669
527784
168254
1796418
2233501
3894955
811399
3681435
245753
5764758
3495242
305644
2912763
3277937
2115666
1283318
111942
643145
1464766
92705
197812
479726
1013286
562109
2175229
883577
162261
682026
1124791
1128968
433035
1255237
450474
735803
876503
1661807
6422123
507720
217854
8136368
759258
2405395
5704495
272141
87182
2752312
1134361
657599
301875
628749
282959
281214
174044
6168514
890387
1248694
750288
180009
1102982
98054
163596
3192852
813782
1513838
337705
2800127
508361
5070025
520597
5881042
2484759
871511
1300046
101351
110958
488440
791107
1556574
710125
1100607
99227
499812
3379533
945296
540618
1086705
721748
391636
4586391
2076468
3863870
1919846
3670404
1275366
2117812
211902
2701989
