1569817
393311
3368989
1854792
139192
307819
3770400
416071
628297
1910298
2875743
1523799
10970644
38813360
27293566
5533777
22301306
731715
1523201
1137060
813883
779002
408899
774973
25528863
971509
2146861
4603600
34177327
2218482
397383
3820666
2853340
730577
6657712
718992
955911
6188639
2428859
5471353
3528829
1374392
4093026
679235
1586490
16749650
5534671
592174
418195
3144649
1874368
4118994
14732916
478206
22439956
2334250
1071829
10683862
2415457
1410227
891979
2521033
767153
103674
1114164
4344212
789551
1672586
22156539
639268
133511
9781192
451361
4641281
15337129
1161240
12260237
2812163
439852
23669450
2078399
14021258
3804642
25030128
840998
385113
7511078
2221140
216348
1086941
369618
3437501
3980139
12237606
959088
504454
431023
648192
9531556
4625868
531282
21185561
16421282
23273229
2429383
1778521
389104
26012327
4687244
2949891
1458983
6147214
4623829
13004321
6779363
1218115
29207003
1182212
7487504
3267699
3269313
12138116
831007
1650359
13942957
15030787
2836768
14077362
864359
1589625
1545318
43915896
3888062
1401373
5136896
17991618
6332823
13598285
6517291
69456666
4198053
305592
493898
1092936
4296137
1229002
2262426
365376
1840601
818755
484332
328853
7200442
33555364
29763129
26827384
2378522
388851
10141954
883464
1524640
732516
3972448
10288600
28547783
608868
12457190
952275
30277960
17928847
709609
19089082
14142813
10145387
5796279
458079
3163931
6602996
1033790
671387
2100772
9769071
2462733
10815103
1382063
454296
1360372
3807771
4795502
1339941
5284469
1395485
3094177
3787887
8349168
35444811
2238358
588396
933077
3386097
7540927
29631949
1149033
303221
3443321
6450580
2972213
1206410
2693749
1446131
602299
580685
692480
3919471
336056
3531987
801856
5056172
455213
842510
3036371
3484029
6379426
1427814
13307352
2154212
790439
434254
31268955
17867778
4819237
2461059
377335
526838
5487692
1370859
6768670
3757706
4060375
458057
2180485
14052706
4323294
1243594
5333677
2144642
1248916
33022867
9101830
25816963
10274074
18959293
4987361
8922740
914366
1487551
316799
80473
691589
375403
28368
61242
772710
86195
124996
391415
570586
306052
2163566
6691025
4860248
1115044
4105487
148877
308065
233986
168101
187493
82248
187960
4731932
188473
423042
880795
5869633
424814
80168
755591
565341
146374
1269981
142003
194149
1263831
508915
1134526
720346
281559
802304
142164
326627
3253981
1111120
120930
85952
657815
386402
823569
2941652
97770
4148549
481515
214862
2093499
473459
288094
192212
496755
155923
21294
228517
881642
165786
345698
4132105
130279
27408
2003519
94066
919745
2981009
243335
2385320
594303
91824
4656229
421721
2732755
772722
4880893
174747
79347
1539405
457177
44175
226145
74682
687720
792399
2386729
193599
102145
89924
130690
1911043
950973
110867
3929974
3296046
4430210
519274
367015
83176
4891258
965078
608401
301590
1240827
959190
2550292
1437980
255235
5662652
244655
1573676
648122
688744
2371007
170848
328025
2775911
2976940
585215
2740715
173120
335390
319229
7526435
797666
290537
1060172
3570144
1338916
3866126
1337565
9494294
899006
64289
102863
221758
908058
260565
466166
75582
378208
170929
103977
67277
1503782
6062772
5574295
5164103
503053
79663
2086051
181742
319438
156835
836773
2050659
5324591
124177
2634912
204004
5650786
3566971
149437
3612780
2742300
2094043
1221277
95903
654981
1324577
218594
142288
433612
1998680
523729
2240235
286346
94369
271993
763149
1007549
280353
1122606
292529
657359
774459
1661360
6199099
479520
122206
196562
697839
1572494
5570263
241513
62069
714057
1340818
611456
245935
585904
300722
123972
122964
147290
785789
70994
711001
173847
1026554
93313
173389
629932
717022
1273018
288235
2540706
438848
161718
90218
5570693
3548260
982444
509313
78110
107953
1114818
280398
1401128
750346
824880
92959
447429
2745261
887704
258224
1085429
439546
247005
5888582
1808342
4981564
2027049
3519393
1013678
1797722
192042
314094
