1898372
2595142
3291809
1502254
607250
12095837
4036781
6878254
770777
1592927
3312375
1564683
14828697
39838212
12128532
6295421
22194015
5628297
1807275
1049698
2732511
9241986
628912
1773371
23584251
1408840
2339146
12825117
41491301
2206735
609700
6349276
3059067
18934807
7058967
716428
1907915
4815543
2849846
5046753
3506523
1662735
4809808
3003375
16569797
16317184
33004695
929912
527308
4925787
2563117
4822889
19893709
828039
21513787
3317638
7289004
11783835
4151661
3815082
1283818
4547986
1028845
218157
954897
2576935
782406
2535254
20195982
801396
223420
11375698
3619661
14662918
16133564
2860315
9812835
3405618
516402
24137432
3468659
13151418
6412952
25205743
995063
756523
7839985
2180643
371085
6736227
1388318
3976324
3306225
12859292
1027356
545529
764466
1957733
8032998
5057209
732384
17105543
11335865
25834777
2572605
3627207
2907034
21006959
5328428
3764889
1595606
7276689
8239993
21615223
7743265
2234420
39736883
1620437
6317761
4966575
7678439
14769221
1125815
1730377
14517654
14440211
5379340
18487527
1304934
2325135
2733428
43906576
4676480
1214892
4912573
20522950
6148096
18195972
6721216
69250935
11164627
1206393
638285
2365701
4572759
1620595
4542415
615905
2343990
820207
567195
1346868
7344954
28529974
29085707
25181690
7174055
5659851
13499060
20199678
2586888
821480
8862169
12448675
19530750
3725886
16478512
1202415
29917564
17848230
2109595
11372960
17913756
10392742
54605140
699466
3386358
7168608
500661
1235764
2394408
5033421
2506955
10648762
5093670
765097
3272928
5238290
5074580
2122235
4828932
25205309
4385410
4633780
9787036
35440270
2808459
1195886
46123462
3558761
10668346
30562882
1181835
436710
12237549
5759872
3160938
2971052
2993104
1980644
1456255
830325
33231090
4470617
5691811
3796874
900619
6141358
349503
1362663
17438280
4888900
7425823
1919083
15525207
2410456
31203096
2547593
24924843
17341459
5229689
5333182
545296
545044
1420190
6331454
7807179
3556574
5334293
2654970
19393869
17469529
4615994
3055554
5494181
3511737
2059587
21027920
9859184
25221267
8362376
19863458
6199927
9841996
1423731
10823186
401163
552833
705274
316698
129937
2404179
861464
1439888
159552
339865
682610
327207
3021215
7084646
2380283
1322385
4278383
1173704
379944
224631
600444
2102351
131689
749659
4598603
286478
481377
2455292
7079053
440236
127468
1298472
631875
3668115
1404240
147835
400751
1029186
621251
1086462
741327
355097
980627
663032
3379821
3315616
6176025
198693
113059
1050111
547109
1001818
4055511
178385
4157328
701812
1506433
2396340
844656
820878
286963
939543
218126
47078
204341
546462
171489
544646
3933966
169659
47955
2414070
760005
2979640
3247235
614296
2005960
744713
112120
4902261
724880
2669915
1335140
5092922
215847
162641
1672187
466271
78613
1443620
299877
827792
686096
2600301
219299
115176
164627
401903
1685536
1081904
158377
3343303
2402851
5058963
570715
765316
630642
4170149
1140022
799732
344633
1521300
1748792
4343647
1702505
480460
7609947
348491
1383247
1041959
1659939
2967166
239818
357788
2996687
2984121
1148481
3663819
270704
503227
586263
7792452
992715
262314
1053752
4171032
1352189
4502184
1431229
9663174
2427355
262641
138613
493409
1001969
355993
968686
132065
500447
177815
126309
282414
1594806
5486604
5661082
5049430
1561564
1216895
2840661
4051387
553841
182181
1884112
2560129
3963031
808854
3564090
266889
5778703
3684145
457844
2301970
3550497
2220658
8784565
152436
725736
1491170
109869
273821
512412
1086415
553185
2285366
1112788
164296
674727
1074267
1109183
459931
1059054
4826777
967588
984638
2012198
6395003
622761
260451
8128424
762690
2281672
5934735
257221
93067
2564255
1250358
676315
637105
674861
428685
312206
182114
6275240
938398
1250925
795572
202752
1303135
74372
288383
3477300
1034818
1528595
403803
3043248
507393
5964041
540059
4743370
3571307
1105062
1126063
116755
116207
301691
1303735
1660132
736762
1118979
553595
3790750
3491502
982092
646750
1156263
739721
419662
4128793
2022274
5045182
1722482
3804979
1301534
2042935
306806
2301083
