2352023
2606763
3349295
1617194
16445905
12636353
4089005
6847313
792392
1615511
3330702
1491474
14005391
30707282
12457755
6294414
21625182
5410940
1997336
1220602
2233128
8891630
675749
1772358
23209662
1676732
2356160
13156310
42644147
2290239
827203
6180002
3068300
33085609
11181471
760664
2832643
5254064
3131653
5352494
3517838
2110290
4633870
3249101
7499225
16689139
46109270
1049959
5603778
5303816
2502296
4936361
21729009
1296008
23232312
3951425
6698297
11205447
4276059
3676464
1327380
3938133
966416
386360
1308181
2639387
803755
2574818
23521132
833654
3216217
10781780
5224535
14691896
16680818
2837692
12687420
3383039
416227
24085513
3569673
13283919
9394018
30541898
1003040
757064
6918922
2313017
347831
6702790
1396379
4021974
3765408
12836181
1021132
583245
2729083
2048068
18406288
5114814
733926
16622943
3767978
28642534
7687390
3667902
2887934
20389105
6523369
4016768
1679202
7233668
7412593
20673095
7239068
2268474
31174911
1571738
6304523
5038101
7072246
13113430
1163144
1774205
14634896
13823144
5399317
16462923
4597541
2292526
2799759
44179110
4654385
1219052
7077905
19125908
7293477
13713013
6937538
67195516
11131865
953374
734450
2351759
4764884
1717902
10099386
711586
2382044
825364
608459
1377360
7449674
29184946
31994463
32259413
7415957
5926393
13549820
23671924
2608270
1086129
8709862
12523964
28788258
3972228
15824881
1304005
28403817
17661753
2254515
13861978
15967055
10615830
55720415
946360
8113316
6161483
1815194
1363307
2412538
4809558
2584011
10847186
4924363
1003936
9302040
6359575
5268865
18136707
4331000
35705884
4095491
4570201
10006744
34087318
2913389
1130338
46094911
3586041
7236508
30260893
1122647
386466
11371070
6648057
4708485
3061227
3129274
1720606
1439991
1008183
34224759
4978387
6002075
3804177
922834
6054116
381843
1371919
16112069
5458992
7424551
1996019
15279665
5295032
26474782
2731200
27524571
17986926
4504740
5482350
490257
546098
1193096
7807614
7657166
3593726
5619778
2722452
20132644
16611653
6560895
2434403
5573280
3552784
2269813
20755770
11022074
31753188
9371588
19334589
6665027
9536166
12768224
10953672
502094
560392
723061
342556
3232851
2520365
877680
1444975
165023
347438
691589
314969
2889369
5827651
2458485
1332089
4205208
1136604
422618
263069
491671
2045168
142311
736985
4553535
342231
488866
2531442
7263955
458955
173567
1273831
638647
5965167
2255499
158314
596316
1130010
686953
1154796
748751
451751
952690
720617
1583317
3409712
7993872
225600
1170545
1132881
536778
1032955
4426349
279156
4488928
835371
1393548
2296055
875156
796865
299187
817550
206183
82725
281431
563208
177064
556936
4529060
178037
682089
2305949
1102346
3005067
3370978
612864
2573293
743056
90774
4931561
752783
2714783
1945763
6004384
218741
163548
1490331
497885
74205
1446713
303368
843261
788814
2615154
219296
124035
588731
423955
3752171
1100633
159814
3284622
818448
5553812
1650828
778518
631438
4083009
1405442
857764
364879
1521907
1587399
4200322
1600886
489325
6282640
340908
1388453
1064568
1540581
2667151
249591
369294
3027927
2881170
1160362
3316155
955562
500568
604346
7868577
995250
264898
1522267
3940434
1609190
3976092
1487614
9888241
2438945
209091
160554
494885
1051361
380444
2123134
153923
512753
180344
136362
291101
1627963
5630550
6148709
6265633
1623668
1284286
2872286
4692036
562635
241933
1865542
2594350
5630930
868537
3458181
291237
5581310
3680178
492309
2811050
3216531
2287935
8911743
209554
1695996
1294888
400197
304424
520525
1048395
574852
2347970
1081379
216841
1912853
1304285
1159020
3712576
958434
6158990
907929
976917
2068970
6240994
648155
247881
8170824
773692
1585579
5922224
247309
83289
2412543
1446166
1002950
660683
708931
374378
309687
222785
6459968
1053195
1329850
802100
209176
1289608
81940
292929
3263969
1160700
1537938
423351
3016444
1115052
5208106
583251
5203657
3722555
959801
1167284
106100
117249
255286
1611473
1642914
750643
1189798
572148
3948767
3357756
1382878
521861
1180874
753087
465714
4110940
2272905
6188428
1941546
3741507
1408286
1997979
2572744
2347495
