2392222
2611735
3399547
1681823
21585527
12557762
4100873
7136374
803257
1654071
3425366
1494503
16583105
29877522
12282985
6225460
21205355
5642714
1889482
1165172
5649679
9394689
718738
1958606
25918022
1726911
2386530
14193740
37274321
2319645
838619
6172739
3133066
30111584
14939278
849361
3022252
6476625
3090780
5367182
4149753
2130193
5122887
3230218
7750150
16649738
30305748
914456
5112433
5319392
2543783
4889761
18254650
1161797
19543923
3946123
6901597
11343676
4250567
3762419
875851
6463900
978824
395444
1805221
2733242
808787
2568635
22095415
827089
3242810
10909891
4760158
13847269
16139852
2990614
10073089
3402818
535878
24077430
3640918
13501511
6833528
30331889
1017751
760126
7018916
2321638
351736
6759567
1499962
4037147
3941963
13073595
1026194
578670
1674163
2064554
18414460
5129255
744539
16926439
3786576
27323041
8019028
3674917
2902441
20667654
5330996
3892279
1697770
7446594
7507399
21520617
7372074
2393012
30833231
1589012
6849556
5010633
7118230
13432187
1382272
1811375
16581933
14100801
5439186
16868342
4427787
2300312
2782584
44169947
4657454
1227641
7141076
20940334
7514671
13699750
5926440
68123457
11091963
950679
726785
2312676
4688723
3508707
10513763
741034
2991637
830845
604656
1386440
8406638
31551455
31537907
32597782
7451205
5615756
13475975
23461737
2628534
1063333
8523272
12284460
28946243
3867914
15628719
26066244
29377646
17534253
2389260
13788205
18897828
9790709
56531216
1256643
7306910
6226756
1821445
1411984
2474066
30876039
2785785
11325354
5066730
1034496
9151038
6347888
4755367
18106666
4444780
33573119
4539557
4534889
9688743
35026826
2915927
1110484
53091034
4917348
6466287
30455416
916590
391729
11583906
5462739
4719504
2938157
2980435
1966668
2899490
1005787
33774246
4956528
6164323
3766856
887948
6247350
488859
1420582
16254887
5375063
7074923
1972500
15999888
4951564
25372081
2714048
26719723
18374700
4359106
5632262
567513
555629
1196439
7943280
7704131
3652842
7151893
2716798
19713935
17257146
9182135
2961052
5440732
3571954
2525639
21844473
10813836
32790356
8993090
19574076
6684875
9764287
13004450
11750327
513709
563184
737271
357935
4180456
2521304
884242
1509763
168108
356731
713240
316705
3414654
5715516
2436199
1322206
4146057
1188258
402232
252204
1255861
2167523
151676
788491
5049830
354228
496144
2734259
6592974
467378
176263
1277470
654958
5551263
3003449
177441
637811
1393605
680859
1162038
884739
458258
1058106
719267
1642371
3418362
5804156
197569
1074708
1141086
548699
1028354
3789583
251247
3856585
837839
1443406
2332086
874593
820058
198256
1344099
210086
84828
388352
586278
179120
558115
4308504
177134
690651
2346494
1012740
2849488
3282265
649646
2079177
751125
117536
4947034
770755
2770808
1435954
5997470
223217
165161
1519229
502681
75512
1465281
326381
851079
829992
2674249
221536
123678
364480
428830
3770769
1108596
162926
3354682
826740
5393741
1727923
783860
638007
4152932
1154758
835610
370769
1574226
1614714
4380442
1637998
518766
6249081
346484
1518558
1065750
1558208
2747053
297767
379668
3408693
2952634
1175930
3406807
925546
504781
604343
7910542
1001828
268747
1544076
4306516
1663726
3972097
1282660
9881667
2443067
209488
159696
489110
1041287
794359
2219356
161360
651306
182418
136463
294754
1843383
6042300
6134563
6353380
1640398
1223675
2872174
4686916
569855
237928
1839050
2561798
5687619
850699
3434844
5129181
5777137
3677907
524767
2803893
3783531
2129013
9023412
281660
1541226
1316268
403800
316530
536683
5942307
623139
2461138
1119131
224759
1887643
1309327
1053878
3723876
989533
5977265
1014462
975923
2018488
6416755
652555
245012
8876141
1068573
1428972
5990469
202763
84919
2468788
1204071
1010610
639580
680911
430369
621739
223839
6432621
1055440
1372650
799025
202351
1337564
105410
304828
3312026
1148706
1473884
421333
3177631
1047885
5031816
583174
5103060
3817867
934567
1203073
123453
119893
257661
1646610
1661220
766404
1514405
574065
3893390
3496021
1917992
634870
1159767
761307
519163
4326260
2242830
6310505
1875826
3798778
1419770
2052510
2636070
2524241
