2402122
2661643
3387262
1617020
20614804
12535840
4115430
8400267
817978
1615626
3292811
1449249
13893454
29277007
13922123
6380039
21834886
5600330
2041847
1274762
5835830
8749213
681218
1812525
24890874
3665793
2445469
15444268
38022169
2275551
869545
6126738
3038334
29787506
16639253
866527
2808125
6611751
3120976
5425067
3662612
2117049
4464140
3119736
7774505
16236511
30898057
929222
6582883
6189419
2549410
4881261
18312425
1182803
21298289
3808481
7063372
11640468
4218675
3694117
1253797
6706395
982511
392927
1487015
2712181
811402
2561314
21545497
815465
3202325
10582271
4784472
14213428
16811135
3091511
11347514
3407671
562766
24031947
24793658
12962933
6968712
31681325
1029967
770631
8627268
2036721
388319
6713192
1476217
4031885
3608703
12891342
997466
494041
1694572
2000391
18563576
5165754
757292
16872144
4334152
28433792
8173715
3748149
2943811
20872103
6563369
4089058
1629632
7451669
7509912
21312992
7589061
2274216
30744015
1586969
7107064
5226645
7147850
13117474
1301139
1777249
14720437
14587031
5439884
21060003
4713024
2336999
2848302
43750600
4673443
1204245
7151054
18404110
7776322
13535674
6217487
67074096
11013367
938671
726514
2327749
4606777
1922650
9316205
787475
2991816
818785
606231
1370375
7366773
28160332
31833746
32231978
7457455
5640004
13676022
22565966
2710528
1349406
8743739
12373771
22755699
3691486
22987536
27144230
27648527
17544039
2304290
11428633
16069432
10140288
56447609
2679902
8415597
6162818
1813449
1509953
2462061
23158313
2691049
11481741
4349488
1047082
9085025
6404029
5152833
26613972
4803219
30248564
4177227
4862506
10049625
36327992
2897285
1060995
52775995
4555346
6953157
28006290
1073559
432997
11488461
6607491
4710693
2891164
3113639
1971038
2416932
1009287
34160365
4862113
6107353
3804576
1046767
6420464
428277
1423924
16677237
5148277
7198823
1982280
16913081
4847837
28244982
2729923
24680762
16833745
3811865
5592495
509884
560014
1418786
7371094
7760150
3613420
5664925
2693716
20234674
17000554
8225802
2719716
5399484
3575122
2366428
22608990
10452464
24874883
9154827
19789034
6649692
9959724
12910859
12456669
515634
574097
733956
343802
4016230
2512137
888096
1769127
171234
348339
686849
306616
2879078
5623270
2744176
1354880
4258626
1180289
434393
276046
1296628
2022886
143857
735757
4873097
737758
509215
2957789
6702042
458070
182738
1267880
635461
5508677
3334211
181065
593084
1424545
687848
1175757
781628
455836
924600
696172
1648360
3337912
5909749
200678
1377640
1320938
549851
1026904
3800629
256066
4171598
810686
1475337
2390251
868648
805539
283616
1396563
210686
84417
320218
581476
179602
556477
4224611
174777
680916
2278928
1015095
2922845
3410304
670364
2328882
751643
123830
4950023
4909507
2664866
1461060
6214744
225887
167490
1857741
440643
83044
1456475
321759
849884
759663
2640802
215890
105571
368942
415797
3799268
1115818
165180
3343490
944962
5582940
1759378
799791
646766
4194205
1421191
877270
356080
1577084
1615455
4337790
1682670
492561
6236008
345830
1572992
1108109
1564440
2681546
280514
372578
3060440
3047900
1174809
4186773
984604
512395
618361
7857889
1004798
263612
1546462
3812236
1720166
3966513
1342856
9928854
2424258
206909
159112
491910
1022039
429628
1976877
171433
650136
179796
136775
291220
1620808
5485021
6162310
6292631
1640113
1228459
2913474
4522377
587780
301197
1885353
2577354
4606259
811051
4895636
5318572
5469219
3677282
506581
2342306
3249014
2200227
9016707
600577
1767023
1304182
401973
339067
533053
4646665
600798
2492355
960426
227328
1874367
1320656
1139642
5279111
1068580
5524190
932118
1043607
2090154
6610146
647749
233569
8824469
988617
1532352
5567808
237150
93956
2444950
1445090
1009375
629283
711206
431443
520189
224392
6485821
1035561
1357918
806009
238041
1373770
92424
304670
3388856
1102743
1496776
422524
3344797
1025686
5543558
585951
4756742
3515512
817871
1193490
110891
120920
304744
1530195
1670190
758088
1205122
568315
3992291
3444243
1727265
583798
1150686
760077
487520
4462588
2172444
5031172
1904420
3835494
1412808
2091516
2617414
2667867
