2381872
2658806
3441674
1680966
21104572
14508524
4154003
8214792
910468
1642436
3323146
1490425
13945061
31264022
14083058
6573798
21246070
5665686
1886123
1270847
5594452
9245948
691243
2647540
23484494
2776985
2486993
15305698
37689383
2076311
1347573
6105806
3108881
30183892
12234103
839423
2961639
5578083
3115470
5305602
3753627
2146231
5098240
3177675
7615869
15845753
32578967
948000
6136641
6460281
3221517
4780856
18225692
1152417
20240582
3819156
6872844
11906800
4290688
3720485
1537832
5866729
987730
422188
1517945
2883637
830086
1788427
21051435
823761
3255997
11119218
5417643
14351907
16317573
3016628
12429756
3474763
559441
24001084
16713979
13039985
3822211
31711846
1022419
767125
8746151
2004868
387886
6717790
1507737
4037275
3622032
12812182
1156666
556330
1702219
3403044
18473478
5227149
733670
16575113
6442906
28201468
8074582
3730772
2966053
26022890
6042167
4031625
1576831
7461895
7505459
20119986
7428590
2099871
31730371
1616259
6968462
5137870
7197672
14129603
1268448
1819947
14685044
14250060
5456835
19633404
4729529
2508820
2673999
44171378
4790811
1313208
7886048
20845854
7529762
13714329
6675768
67280752
10860884
942892
747847
2361620
4545686
1921895
9741736
914317
2656613
814075
608614
1388061
7425394
28454308
31662120
32042977
7412629
5836402
13855595
22361324
2639241
1092153
9070165
12611694
22744253
3673126
26524350
19591091
28057042
17516293
2297258
12936255
18197582
9826634
55546587
1632809
8632183
6251084
1842112
1551774
2648920
20145229
2681326
11479494
4548397
1059659
9214929
6343212
5045170
26189921
4959175
28464638
4430154
4692792
10036338
36418189
2951279
1040470
53210904
4647508
6418385
31270883
968170
26118012
15547061
6671497
4904697
3064869
2901306
1825222
2629669
1032386
33259975
4979798
6014736
3827700
997360
6096366
494907
1502376
24462030
5484517
7742092
1970947
14860850
4787536
20044458
2700841
29895809
33546416
3503416
5615168
581454
574968
1475221
7389321
7837781
3662447
7672211
2722628
19782897
17585788
12167042
2645771
5543497
3586797
2169175
21507885
11113828
24386193
9329967
18768031
6777282
10023158
12776862
11909470
513082
575628
748103
359478
4144654
2897634
900602
1736164
190892
356043
696204
316522
2900711
5960673
2784799
1400048
4166025
1198602
402680
276324
1248827
2158567
146060
908120
4638735
564756
519098
2951297
6675287
420821
285805
1268846
652191
5586458
2484856
176110
628009
1209160
688747
1153835
803587
463928
1058627
711480
1619934
3273237
6099998
205780
1291284
1381428
699280
1009673
3798155
250812
3999154
816023
1443738
2451933
886684
814918
348879
1225098
212354
91085
327889
621264
184365
391361
4152375
176961
694465
2399734
1148377
2966884
3327635
657697
2546508
770576
123500
4957122
3423908
2688310
823025
6238090
225064
167495
1888798
436214
83309
1461312
330355
854082
765473
2632356
250963
119595
371464
712326
3798782
1132863
161385
3300585
1394312
5566597
1747210
799233
653324
5119674
1313927
868342
346068
1582663
1618893
4133343
1654514
457611
6427574
353877
1548214
1093824
1579187
2893355
274576
383122
3065314
2992805
1183720
3942091
992195
551117
582159
7937780
1034314
288096
1709780
4303052
1674110
4029539
1444224
9942595
2400945
208570
164488
501364
1012893
430644
2070850
199475
578388
179509
137735
296014
1639317
5561712
6172888
6283269
1636526
1274412
2957196
4501784
574362
245456
1961588
2636519
4621139
810037
5589236
3999422
5554567
3687956
506860
2656752
3664425
2142928
8963393
367225
1818681
1328412
409431
350007
575639
4110640
601793
2500083
1006018
230760
1911973
1314995
1122286
5228108
1108770
5297284
993036
1012675
2096274
6641076
662951
230498
8905461
1013442
1422680
6141607
215386
5082237
3264905
1463720
1054618
668361
666048
400810
568141
230467
6378114
1060779
1343552
815212
227401
1311822
107187
323179
4914775
1177908
1616781
422628
2963054
1017658
4105603
582021
5643091
6420585
756114
1204159
126942
124655
318098
1539425
1696287
771829
1627445
577226
3918270
3571247
2515698
570780
1184756
766262
449757
4287208
2310583
4966621
1949044
3666502
1444997
2110811
2598111
2563553
