2516616
2643473
3498796
1600310
23149910
14380461
4177525
6591708
939049
1809144
3350235
1620214
14122217
23354565
12430469
8288634
26826837
5810361
1900889
779425
4599216
9433433
864634
2991343
25918358
2455742
2232657
19267029
38322023
2411784
1510853
5810245
3098124
29445428
14453605
848105
3208922
6015021
3110871
5641040
3974176
2138926
5097297
3227069
8103975
28401933
29212730
1108689
6266110
6674204
3387448
4059341
18698760
1213397
20163682
3763451
6951391
12309623
4283736
3772821
1521579
5254804
1008439
1029222
2142217
2755170
1137863
1897942
20914281
808188
3310977
11528952
4406921
13828027
17029507
3979255
10615791
3486796
564996
23727289
13539276
14352002
4600580
33240195
1069002
759153
6968007
2025059
387558
6784294
1385161
4120636
18264398
13158394
1191469
721743
1904413
2702638
18498665
6037301
825248
17127875
6506958
28708403
9359034
3808589
2880578
25560633
5419583
4897265
1709379
7647938
7459357
21401309
7328607
2406050
31481365
1622636
7209960
5074814
7247414
13645728
1379770
1763476
15096831
14073115
5247886
16452037
4521361
2369122
4164348
43892930
5189165
1353327
7432270
18147056
7797034
13395127
6926413
67726639
10776000
1017121
776180
2616313
4961944
2707757
10467027
933329
2691802
864571
1671207
1488423
8273698
28722086
31623380
26296311
7524973
6817229
12138679
24049811
3308108
1596618
8975540
13105538
22003028
3749192
36007578
23415208
44028361
17661721
1865576
12599481
17148938
10729901
54986457
2501148
8718740
8151016
1855971
1799521
2744483
21484927
2983585
10200471
4339080
1068803
9428101
5317587
4745193
25213158
4721028
21120140
3958664
4828528
9470917
36803423
2986511
1119153
52910950
4646483
6798880
28123290
1071744
28568076
18193118
6595092
4969202
2946412
3120795
1903438
3614247
1044059
33113616
5282252
5972874
3831900
1060450
5845002
3389365
1585101
31202172
5778357
7364467
1979986
13161351
4734500
27460511
2830139
29211461
37488898
3935453
5580712
528270
560367
2303748
7426819
14295468
3714092
6867106
2714585
19722206
16894199
7559158
2906623
5542755
3590198
2345806
21174726
10856044
25585074
9472978
25534178
6618203
9779516
13136520
12820682
545673
575452
765055
343863
4534720
2896856
909988
1408042
197144
393556
705922
345794
2951171
4647392
2486288
1762463
5150320
1235435
407912
169068
1034606
2217819
184223
983787
5089999
503269
467808
3677065
6800875
490936
320388
1216576
654613
5503452
2935874
178391
683659
1310639
692389
1233617
856214
465318
1062632
726142
1731754
5512038
5679148
241614
1322425
1434886
739400
862015
3910131
264974
4009287
809752
1468962
2544111
890325
830034
347050
1107876
218340
224484
462510
595737
252246
417325
4146311
175102
709617
2500496
946637
2876004
3481669
875886
2213166
776617
125330
4923546
2825865
2961253
989894
6501211
236839
166726
1522218
443453
83578
1484622
304643
875921
3583842
2714809
259313
155605
417976
567819
3823340
1316290
182422
3419925
1414842
5675655
2021792
819925
638883
5065356
1184284
1058165
376912
1630498
1617192
4385360
1643365
525791
6409406
356712
1610549
1087746
1600178
2811368
300255
373055
3164200
2971846
1142239
3359683
953752
524387
911290
7938332
1126043
298677
1617135
3799216
1738346
4050006
1507591
10006542
2398398
226465
171709
560780
1110743
615954
2230342
204370
588747
191527
378336
319094
1831810
5636470
6202419
5350019
1668480
1495604
2627925
4832765
720038
359107
1951995
2749092
4510560
831296
7171410
4709839
7979828
3741499
415252
2604051
3489806
2352532
8984893
557671
1845770
1749368
415498
404146
599845
4384035
673176
2236422
966436
234135
1970711
1117753
1063132
5082738
1059256
4331883
891867
1047855
1992978
6731224
675000
248956
8929153
1020832
1514718
5643835
239528
5536709
3815770
1455540
1073144
647194
719803
419713
780694
234178
6381987
1132221
1339127
820290
243218
1267424
742730
342374
6128395
1248178
1546596
426622
2646733
1011846
5466179
612233
5540441
7023884
852876
1203601
115852
122211
501248
1556009
2978541
786341
1467105
578842
3927460
3461560
1606703
627996
1190636
772196
486864
4249171
2271405
5207208
1989119
4865516
1417486
2073472
2682710
2766093
