2536052
2640683
3432614
1688669
20354682
12393661
4176295
6805203
959286
1878920
3487684
1735494
13577028
23811291
14325004
8504987
27838741
5812904
1942601
1553966
4782668
8910029
738553
2791542
26216975
2347261
2220902
18253503
36684454
2393157
1690723
5184579
3087248
30236571
13209168
865736
4766327
6914006
3258899
5464672
3687074
2214716
5227270
3235392
9121128
26344045
29658459
983571
5632574
6209558
3363732
4093297
18800398
1219735
19988820
3799923
6795263
11557101
4244592
4124693
1544646
5399669
1145892
1000605
1729485
3116852
1179038
1942611
21940119
802112
1196534
10524726
5030219
13974086
17075030
3672603
13358635
3478201
558674
23752383
11682650
13572251
4564045
31912304
1061508
759586
7382457
2081712
861857
6775183
1469170
4224826
16189065
32440359
1241158
722341
1884759
2461537
18595550
6297614
1186258
17041570
7100158
28853225
10807828
4317594
2887739
25749303
5487280
3550219
1840497
7621216
7538624
20811500
7385172
2723421
30767310
1853907
7870812
5485532
7408042
12474398
1427008
1868427
14788048
14192048
5271150
16116037
4507572
2345340
4431255
43921097
5153660
1348470
7111328
17611916
7754955
13334867
7212805
65214214
10938532
1058513
2895429
2532089
5039513
2765263
9454103
61198302
3101340
871590
1695972
1429000
8628701
29491980
29124437
30762087
7500959
6842169
14883428
21485778
3412028
1319869
8996200
12658417
23588097
3656913
36631740
20857110
40556756
18031878
1557960
12223814
16601413
11787295
55954020
2174846
4314908
8064183
1888336
1716828
3618926
22576556
3017862
10413230
4394531
1046339
9556672
6573383
5052461
25144363
4604510
20951926
4540572
4699011
10471905
36852563
2980570
1183963
55483471
4722975
6428667
28613346
1042062
29980026
15992377
6668058
5035788
3015519
3146692
2075353
3853821
1051480
33858468
5049146
6053934
3845835
1089867
5749088
3662231
1613326
29255467
5439035
7239255
1964605
12698862
4810506
28955742
2829288
30183979
33439292
4658350
5688873
686168
2765126
1762588
7108791
11911506
3722044
6741796
2707417
19107273
17094458
12252258
2567939
5799979
3586671
1953665
21287966
10773321
25582106
9530567
26776401
6573557
9941730
13243849
13399919
550136
575725
751133
363202
4036847
2510733
910257
1454534
202079
409244
733897
371787
2846204
4730508
2849158
1810419
5317365
1236535
417403
338815
1075012
2102017
157879
924654
5140407
481883
465494
3496342
6586660
486403
360537
1089579
653402
5634599
2688923
182619
1018142
1503998
724938
1196411
794532
481918
1091163
727575
1945126
5169179
5767035
214461
1192925
1340945
735563
869357
3936495
266559
3980647
817945
1437462
2399188
882742
907320
352526
1137369
247904
218660
375322
678443
261626
427982
4334692
173563
258124
2292088
1077057
2909772
3493563
811660
2754912
776091
124275
4934310
2456160
2810535
983095
6308586
235218
166629
1613803
456901
185093
1484402
324033
899066
3222460
6201205
271471
155890
414104
517603
3842712
1374072
261654
3404949
1539997
5706458
2326265
928012
641289
5107275
1199661
771522
406938
1627300
1637005
4287701
1657849
595832
6295147
405918
1759342
1176267
1637269
2587612
310284
395441
3107798
2999652
1150203
3301530
953309
520267
969468
7946493
1119793
298030
1551750
3701735
1732164
4068477
1570093
10060441
2435511
235769
635730
541194
1130268
629629
2028239
9005937
679993
193590
384815
306465
1909702
5763947
5809075
6107733
1667393
1503039
3217801
4371424
744422
298231
1960158
2663920
4808203
812061
7337560
4262234
7540254
3819635
346985
2540403
3390999
2575039
9053604
485269
937897
1731896
423570
385802
789651
4591440
682262
2284824
982072
229796
1998183
1372374
1132116
5078700
1034467
4311101
1024702
1021680
2197141
6749856
672725
263895
9111203
1038620
1434256
5743015
233205
5775690
3378769
1474070
1090565
663318
725018
459177
834282
236357
6514508
1083931
1362286
824143
250042
1247542
803644
349168
5822480
1175372
1522795
423373
2566312
1030092
5723572
613261
5715745
6442366
1010168
1229835
151611
594134
383964
1489673
2523199
789228
1445088
578695
3829621
3508672
2548307
561303
1249459
772644
407757
4274448
2260268
5217258
2004981
5086664
1408906
2113850
2709706
2889128
