2653601
2680096
3409330
1656971
19230185
12376220
4178499
7480930
1307056
1826016
3553169
10838686
14372033
25499455
15064369
7076878
28230030
5953497
1925906
1374802
4470687
8859733
629308
3231897
66331117
2602384
2307386
20126360
38670699
2180904
1181474
5163844
3106100
29471443
13497798
826648
3339739
6800791
3567096
5498921
3786730
9143818
5319906
3351046
9226733
26930605
45795953
1109661
5858186
6167741
3385043
4182697
18138096
1230272
19651298
3814448
6747359
14094977
4329206
4128604
1682580
23984602
1156919
1484762
1755889
3334842
1252697
2005241
20790328
814796
1231744
11602292
4129640
14206467
16491080
3484840
13570736
3539933
574709
23695318
11747077
16730688
4309786
30623389
1057395
769068
7279038
2103549
2204958
8787519
1431989
4121331
14874291
27751426
1444046
717994
1344900
11396676
18868806
6292867
1277936
16947675
7191587
28229200
10109691
4312911
2971493
25153843
6745103
3440627
1882477
7775889
7627365
19759856
8423634
2817158
30660016
1743151
7957110
5610001
7224520
42788684
2146476
2947725
15147297
14029787
5396871
16444445
4447305
2323518
4569275
44339947
5128441
1259427
7102552
17755707
8110869
13368187
6834220
65315410
11046386
1068465
2643490
2631105
28305893
3219808
10497564
35789762
2905079
900198
1816147
1438734
8403060
29954072
29231054
23564800
7517264
6862795
17529233
21954152
3446211
1571033
8993547
12893411
23101988
3941693
30303989
26638554
41840353
18074553
1622669
11999681
24614380
12452835
55627774
2171616
3510411
8140470
1900305
1839614
3805424
20585490
3065815
10416558
4320991
1062119
11750157
5505685
4809345
25813384
4372890
20270566
3603113
5040121
10774441
36527789
3272954
1137145
53173762
4758680
7267913
30724752
1518490
28890869
15475832
7227918
4989424
3120248
3295348
2121183
3968595
1054880
32360359
5174885
6034396
3823321
1037631
5753908
3675584
1502842
20422690
5872723
7551428
2000472
16823790
4730425
31099854
2908018
32792917
37209073
3717592
5619294
628555
596555
1624022
7104414
11921414
3688807
5502653
2744661
19635738
16417220
12244742
2351322
5844993
3595087
2248909
22419817
10276365
33170018
9679061
27042068
6440554
9931339
11490868
12507317
580723
589591
751755
358744
3861290
2526998
918261
1605957
275688
400689
752646
2237337
3024995
5062141
3011052
1522880
5423735
1275387
416800
301147
1012414
2127311
135375
1027369
8941668
538591
488151
3862365
6900935
448852
254028
1092916
661841
5555354
2780842
175519
719859
1490256
796379
1213550
821622
1956496
1118609
760286
1984026
5314828
8128657
244317
1251188
1342626
745868
897008
3833680
270829
3948899
827965
1437788
2912832
908092
915130
387156
4855989
251973
327031
384274
732617
279825
445933
4158499
178042
268383
2536210
895186
2979291
3406855
778229
2818658
795616
128583
4961021
2488783
3442220
936048
6138317
236054
170107
1602192
464540
474580
1936435
317647
885108
2997059
5466493
317905
156114
299131
2387396
3923341
1383124
283405
3413894
1570396
5643028
2199971
933409
664570
5036306
1483714
753572
418717
1670783
1668446
4122062
1900178
621362
6319092
383548
1791402
1211215
1610456
7748792
468424
627592
3201110
2986028
1184710
3384446
945622
519104
1007604
8052388
1121183
280338
1561337
3755299
1822784
4374172
1500286
10145818
2476796
239885
583795
565973
5790596
737688
2255018
6689343
641011
200935
413618
310958
1874875
5882992
5857845
4889713
1682647
1516033
3796271
4487360
756418
357038
1971561
2728434
4741628
878622
6324176
5309889
7757737
3853688
363241
2506336
4861707
2724817
9110050
488073
774542
1761922
428239
415938
834844
4250779
697491
2301109
971157
234527
2452120
1164654
1084091
5237756
989497
4211503
817272
1102179
2274498
6737579
744535
255164
9013395
1052336
1630173
6136265
340821
5619659
3293500
1605033
1086385
690156
761423
471053
864153
238711
6306167
1118791
1365909
824435
239939
1255622
810701
326794
4197631
1276648
1599450
433879
3382210
1017420
6114639
635354
6145444
7038673
812788
1222243
139958
131034
354867
1498211
2541740
787961
1190654
589163
3943430
3392960
2562340
516664
1262997
777311
471001
4504591
2169932
6540700
2046571
5155116
1389789
2119998
2376901
2717214
