2617425
2657944
3230685
1836643
18698949
12408673
4484987
6884860
1344429
1849538
3721782
11876652
14583224
24042402
14977846
9187534
27666659
5881307
1908581
1041444
4472052
9105142
628465
3332702
68026295
2694409
2539146
16676432
37855903
2402797
1220020
5170351
3133809
29870681
11191508
903647
3544325
5881994
3482654
5285410
3694378
9195725
5487853
3342441
9191067
27092624
41885960
1090054
5769615
6276990
3377051
4203222
18365804
1218948
21344891
3851609
6779993
12683766
4278859
4136637
1671500
29931826
1165939
1009806
1921983
3382361
1245532
2154744
21770095
829616
1225728
11397578
5721347
14010066
18788146
3964763
13073521
3527892
579353
23698506
12701463
16016879
4557350
31388594
1057954
779973
8122470
2112265
2233872
8992511
1506016
4153214
16614700
26744844
1244994
731137
1148263
10373542
18362010
6175238
1223307
16983454
6310154
27999755
10779291
4247245
3004074
23791782
9134953
3959511
1892337
7770553
7653888
20877008
7768441
2866579
30800063
1713333
7479959
5696156
7248737
44733430
2136231
2641616
15051745
14042089
5414677
15953944
5592554
2343832
4582236
43616243
5218701
1329694
7645994
18890965
8345897
13347124
7210409
65896261
11046957
1065711
2630555
2672944
13448493
3594066
9405508
35170822
38844815
1136796
2064042
1428075
7902666
26846080
29216109
29216648
31677835
6923090
17411951
22289588
3428598
2115738
9115928
12935822
22288085
3825086
28932739
26962068
40024989
18228372
1616613
12147684
24693785
12401295
56145024
2154157
4651671
8130736
1901527
3163679
17749572
21579452
3039269
10339322
4326611
1080064
14614310
6072228
4942833
24719634
4591576
20110820
3919748
5310409
10889004
36758391
3349936
1174937
56750916
4750764
6338622
32351145
1422636
28911802
15823057
3919268
5037417
3136148
3288976
2100062
3772662
1049865
29039128
5011895
5975486
3896187
1026331
5543855
3736275
1227543
24046447
6085259
7660511
1942822
19010493
4818447
23821387
2813867
31603548
40896700
3845224
5728573
645505
589549
1648717
7342301
12156601
3738733
6201511
2714850
19325397
16787530
12290933
3752670
5839368
3665425
2220263
21336876
10422214
25237026
8934750
25878952
6508806
9823024
11514855
12915995
573916
586289
716471
398674
3773336
2543543
988275
1487069
283859
407135
792228
2452786
3074404
4821314
3007662
1970889
5347968
1263881
414005
228244
1017252
2189138
135532
1057454
8905956
559561
537422
3255701
6813968
495447
263467
1099259
670875
5630241
2310303
192469
765484
1294482
782084
1175032
805876
1974796
1158415
761734
1982131
5361079
7550795
240629
1236561
1369735
747400
903994
3895063
269802
4272308
839001
1450387
2649176
900223
919549
385777
5805059
255099
222626
422548
744687
279576
481052
4349404
182338
267901
2502446
1242184
2951523
3862015
886434
2733751
797350
130358
4977701
2692801
3319669
993613
6296812
237328
173139
1792497
469150
484001
1989664
335441
894954
3333326
5320794
275290
159277
256556
2180921
3841017
1363215
272285
3436002
1386187
5631358
2348171
924012
674486
4810505
2030717
865970
423178
1676618
1679306
4347618
1763058
634321
6357951
379077
1692273
1233890
1622206
8024611
467891
565162
3195537
3003493
1192386
3309041
1193136
525493
1015310
7998503
1146352
296704
1685348
3987680
1886692
4231435
1586016
10164107
2486060
240046
584577
577916
2930110
826907
2040240
6618072
7334094
254355
471651
310351
1773749
5374000
5881496
5907609
6480188
1534650
3787886
4568330
756439
484101
2004785
2751024
4616063
857700
6111415
5387314
7547585
3902712
363737
2551960
4895520
2730312
9149393
485827
1020244
1767541
430579
711748
3718496
4443642
694503
2292944
978652
239416
3033639
1286395
1119467
5062724
1043506
4201110
893340
1166169
2308887
6786834
766170
264441
9258281
1056302
1429583
6443628
321232
5642243
3381495
880928
1103686
696426
763695
468360
827819
238577
5787870
1087413
1358851
844919
238221
1216300
827722
268752
4891548
1327651
1628563
423519
3800304
1041048
4850551
616772
5987407
7557744
843186
1249744
143946
129996
362239
1551649
2597873
800996
1345134
584879
3900097
3480323
2580540
822208
1268564
796312
467324
4326678
2206706
5197848
1900245
4982127
1409983
2105099
2388837
2812063
