1582812
403756
3364153
1748760
137227
519256
3763643
455951
663033
1834073
2866622
1505681
11307040
39295027
18629729
5906370
20197216
5811268
1674018
1142603
795224
775388
436377
1328705
24680809
981419
2227826
4551140
33152578
2144154
392633
3862156
2836262
711288
3962055
681847
1195751
4449798
2577785
3903492
3523891
1396513
4196738
780911
1614385
16121773
4658822
592455
395856
3168337
2293935
4187543
21391803
480761
21999719
2343546
852990
11265956
3892900
1431728
820807
2131160
774089
104058
1024899
4310677
785267
1709740
22664905
646784
138073
9909341
529434
4733340
14489207
1134398
10859092
2801276
490367
23643410
2076705
13683494
3652474
24504755
766904
404974
8793472
2026309
232235
1084886
372997
3501473
3973696
12290326
1069692
525718
398135
632159
6233234
4702330
610447
23373525
16674170
21432668
2438379
1817742
433787
26184905
4736947
3224172
1375065
6167588
4593853
12451808
7967943
1206419
28748841
1612317
7492613
3403197
3400622
12396504
875428
1821310
13877416
16891486
2814023
20934921
900175
1591986
1619321
44119227
3859050
1323430
5480547
19711079
6111648
13432397
6347662
66931871
4029314
319267
463040
1114190
4215486
1814146
3403004
357437
2093131
731763
486546
344097
7000546
32983882
25536551
27352771
2375260
397417
9983797
4392377
1539235
858714
4270225
10870165
25574129
627608
16603632
851985
30188969
16748883
916389
19679415
13899538
10149133
5739340
421140
2258250
6685941
347314
679588
2103064
4939845
2408241
10881963
1284032
421287
1377316
3800595
5497871
1284121
5351895
1401117
3619609
3786671
8658872
35834316
2226263
618518
901675
3493771
8893479
28491535
1025885
330599
2974535
6551302
2972695
1136164
2974855
1404116
640142
582623
703034
4731455
337560
3468372
820886
4638810
481248
731104
3037794
3572951
6448349
1439424
15384307
2017363
896052
466504
33200763
18312088
3589207
2446382
374001
543065
7052865
1149422
6671720
3799695
4337717
479201
2243583
15069414
4348966
1992956
5329487
2146965
1186134
27228892
9955707
30081123
9381176
19128081
5070826
9520223
852661
1490736
320173
82338
689822
353748
28035
101631
770858
94657
131830
375717
568748
302397
2227928
6758260
3430162
1187805
3749742
1162615
337408
234502
164019
194360
87990
304999
4593100
190717
438785
870528
5718537
409935
78949
763572
561006
142327
762545
134145
241214
910470
539758
812567
719166
285679
822967
161626
332559
3139803
932465
120876
81218
662395
468752
834807
4167232
98634
4078277
484693
171933
2202023
759556
292836
176613
421835
157182
21307
210615
873671
164776
352836
4201168
131517
28301
2027912
109756
937680
2818603
237460
2117066
591921
102383
4650617
421566
2669363
740317
4779722
159216
83342
1794427
416696
47306
224987
75024
699517
790304
2395453
215795
106440
82786
127333
1259966
965079
127262
4297106
3340014
4108800
519893
374639
92848
4909040
974224
662925
284339
1244181
951084
2443663
1680931
252319
5590267
333658
1572040
675925
713371
2419857
179702
361522
2764052
3323593
580046
3961482
180239
335908
334051
7540001
790968
274439
1126710
3885887
1291177
3813913
1301901
9567957
862480
66865
96100
225354
890089
386112
697077
73806
429937
152407
104081
70054
1460463
5964692
4871717
5240680
501735
81438
2049004
897526
321927
183329
897507
2157789
4829647
127975
3446844
181726
5619352
3342410
191444
3716868
2689291
2090843
1206363
88909
473610
1337763
73122
143807
433802
1026601
511125
2248823
266012
87344
274880
760091
1150992
267025
1135083
293418
767990
771442
1717931
6244348
475936
128029
189881
719062
1843112
5378882
214484
67502
617974
1359646
610489
231532
645971
292120
131828
122868
149537
955700
71484
698465
177800
941145
98476
149435
628813
734040
1284436
290124
2913923
411075
182989
96837
5873463
3625743
734557
505748
77539
111252
1423382
234396
1377561
757854
878824
96844
459133
2927816
891686
406408
1082144
439693
234630
5007524
1971564
5668188
1855927
3549509
1028853
1915097
179563
314625
