2770493
2765991
3474480
1720403
19216274
12741576
4401140
7473213
987457
1882742
3981178
16847537
14980943
24792744
14943408
8809481
29409187
5914898
3190181
2054039
4630866
9153851
720477
3418823
63427935
2779490
2552050
18198371
38673500
2530608
2268983
5307562
3182544
29994512
14394683
35889766
3617805
4742244
4004794
5432690
3762705
8962777
5523140
3254109
9175835
24187853
46120475
1220164
6121134
6370025
3468199
4289389
18786731
1272959
27052097
3999604
27313281
12683673
4634468
4279381
1270245
18482057
1226570
1250332
1794530
3580702
1282312
2131216
21652060
815034
1273618
10689765
4930624
14003615
18329100
3738514
11789342
3624744
612557
23661524
15470298
14250759
4491375
32347721
1160208
801127
7469426
2246966
4263219
8588836
1400845
5080425
25506366
27554908
1269228
869941
1610568
10527372
17917381
7162205
2213668
17232664
8042652
28923582
12993367
4324002
2990094
24127418
7716580
4079086
21152349
7906314
9172561
19941388
8345318
3265593
31158360
4725559
7819566
5512778
7237932
40320313
2204080
2757719
15526021
14691405
5448540
17390791
8526813
2428497
5610439
43879658
5201131
1550986
7656430
17151685
7284572
14197217
7082789
65825611
10808800
1157545
2600814
3388765
19461707
3706898
9837222
35402120
12372495
1106279
2078663
1519303
8126308
24394309
31093249
30365231
12238604
6647200
12155110
22574714
3558711
29346001
9327165
20869199
23450987
9029436
29392897
21906301
40171210
18044065
2339696
11656303
28792670
12730902
55840822
2296193
3526770
8114334
1950138
3822721
9460312
19819385
2997817
10373095
4404206
1470564
10779665
7862523
4503112
15563413
4271776
22683561
5337606
5148774
9785564
36615144
4564660
1170714
50638353
5053694
7099135
30043336
33583770
32128243
16052859
2366262
5002978
3054945
3342669
1962924
4025632
1061707
31602613
5027287
7310594
5225328
1143475
6133417
3330388
2313969
20654583
6297875
7884209
2020442
16318697
4745211
16378042
3335340
34594319
36393531
4092789
5769581
1152558
601992
1904946
4352193
13430961
3789819
6148415
4338623
20239262
16802220
10241540
3123240
5902747
3357377
2140827
22172730
10892813
25379821
9669685
32819005
6151730
10051116
11058426
13645098
613324
613450
775075
375934
3897764
2629170
976393
1622286
211639
417024
852979
3436675
3179426
5003796
3027396
1902426
5669066
1280657
693589
456673
1061339
2223450
156355
1092422
8993857
581982
544819
3552226
6969124
524030
491531
1134437
686343
5691450
2986309
6894361
789076
1054458
902526
1214750
825689
1942651
1174260
748099
1992353
4899171
8232568
271311
1324179
1400465
773099
929683
4007987
283579
5351277
878843
5469714
2668517
983814
958395
296041
3856973
269239
275372
395906
792925
289962
479015
4364862
180172
280030
2369973
1083668
2968877
3802678
843869
2501567
824408
137998
5005030
3277247
2996123
982515
6500558
261559
179305
1661463
501659
923999
1914896
314969
1099205
4957096
5497091
282995
191228
361995
2228029
3785795
1582820
494050
3508049
1768163
5825309
2827143
946277
676591
4904830
1726996
898356
4495857
1717167
2024088
4207305
1900343
726396
6461974
1026531
1779542
1204464
1629290
7483332
485807
592773
3309196
3154154
1208841
3600632
1800812
546535
1248205
8074290
1148354
348633
1697235
3671420
1662768
4377219
1568006
10206391
2451436
262155
581218
741839
4174034
859194
2139639
6695659
2667000
248816
477074
331466
1834206
4979163
6245358
6150353
2717564
1482833
2697252
4647398
789566
5994942
2062504
4338984
4851163
2009882
6212800
4504610
7619285
3889016
519982
2466267
5619770
2815114
9213588
522763
786654
1775203
443744
867438
2053260
4144210
689775
2313357
1000983
328952
2281291
1652592
1027187
3327633
978391
4712429
1227453
1138934
2092576
6815399
1048103
264737
8873904
1128290
1607157
6096288
6665590
6204199
3439205
539431
1102480
683214
782079
440735
885445
243075
6241837
1095773
1668572
1133309
267212
1353355
742182
505028
4286884
1376159
1688340
442307
3323803
1031549
3479534
739011
6465413
6979008
901252
1265500
256913
133347
421046
933184
2849523
815446
1342937
930650
4091873
3500684
2183970
692582
1288773
734593
454200
4498104
2313301
5247464
2063872
6222867
1340490
2167173
2312062
2982574
