3065985
2860931
19925891
1921209
23125848
12809354
4432059
7136375
954169
1942864
4271872
18736090
15052200
24224340
14459232
8894608
29453066
5823472
3805640
1176394
4363279
9541234
722374
3212829
69252895
6552683
2558119
18593459
36966707
2667445
2008620
6221907
3144076
29743916
13849034
28096531
3684776
4723559
5545056
5500385
16938619
8809627
5680480
3379285
8981502
24613194
55377946
1194933
6056707
6333008
3432165
4160055
17817249
1270108
28607662
4108733
27867497
11637161
4625630
4058292
1248067
18290102
1259958
1333409
1798510
3365047
1330636
2526878
20604557
1676171
1258623
11985625
4989178
13981743
16585499
4354434
11440192
3705239
576246
23429344
14643264
17142610
4675807
32780617
1214666
809719
9178487
2308522
4141686
8702630
1424444
5089004
17990063
26844316
1223560
972915
12551842
11391381
17982882
7213451
3806629
17626481
8293395
28310582
13676167
4445538
2988186
24016003
8238146
4034678
20612501
8047665
9001352
19662122
8481818
3145968
31203921
4029712
7410407
5402411
7244879
40602814
2219061
2894678
15870468
14615455
5476592
17820214
7732976
2402135
5427538
45542857
5310538
1565885
8651732
18151577
7758256
14271900
7017436
66496816
10654846
1134454
2741643
3352797
16102802
3273497
9471460
35686984
13258179
1126947
2009337
1551767
8386920
25310522
23516771
27739146
12333033
6541077
13567043
22829589
3648272
44428293
9148866
23184709
23529222
6493818
30068878
28137072
41732313
18208860
10421549
10755122
27716614
12810663
56804977
2139590
5736372
8627904
1969537
3953764
13503406
22032072
3125489
10201871
4065855
1517314
10795463
6480727
4766737
15127836
4475862
22653192
4842102
5217366
11679578
32951325
4902746
1206351
49397306
5133282
6889581
29724051
30323248
32881117
18926202
3454637
5098846
3040271
3053810
1965108
3753502
1081221
35588706
5066237
6353768
5028959
1157124
6548174
3536420
2339275
26182464
6479654
8180919
2049152
13831909
5010815
15549013
3229483
39877186
40398270
7761928
32731038
1271835
619073
1935924
4530071
14692305
3829448
7012851
4371809
20671536
16767491
9131575
2808654
5915683
3388478
2187349
21530544
11209486
25039691
9822404
32433877
6257515
10321336
11292871
12349354
683873
639472
4258861
424884
4643480
2663753
991231
1566796
206381
433124
922184
3830223
3218557
4940043
2960242
1935344
5721281
1272498
830677
262135
1008533
2322740
158052
1062174
8996632
1371341
551984
3653188
6798067
558110
440650
1338711
685259
5689876
2891912
5692523
810687
1058563
1248296
1244696
3647214
1923697
1217912
781323
1968974
5006192
9210308
267944
1318520
1405705
771555
909463
3848432
285459
5650369
908277
5612008
2483302
988571
916496
293809
3854290
279141
296381
400240
753593
303344
572432
4213684
375236
278986
2667086
1108174
2989875
3491960
986063
2453500
849097
131099
5008265
3134190
3593145
1033075
6628107
276569
183266
2052230
519246
904605
1954318
322557
1109144
3662220
5413819
275019
215679
2721103
2428115
3831335
1607105
854187
3612541
1837353
5763135
2990490
980275
682594
4925454
1859093
896409
4427199
1761642
2003659
4189996
1950716
704712
6507968
885411
1705529
1191943
1645637
7605216
493257
628012
3405302
3168169
1224834
3714667
1648397
546308
1218932
8333840
1183920
355129
1930415
3903116
1784628
4501519
1566487
10273222
2437764
259645
618261
738770
3540738
765848
2082241
6790536
2874093
255209
465197
341988
1909685
5187994
4935515
5757712
2762827
1474573
3012421
4731869
817643
8357769
2043653
4818892
4906704
1470413
6387688
5671039
7881370
3958058
2244681
2300877
5480040
2862357
9359429
490231
1267600
1905339
452767
905634
2907443
4603869
724629
2292858
935924
342880
2306746
1385726
1096736
3266806
1034101
4753315
1123247
1165914
2499841
6301858
1121572
276447
8796338
1156239
1573363
6082502
6193246
6370192
4039239
789987
1132186
685975
721987
444136
834365
249674
6901305
1113640
1466215
1101677
272474
1452279
796390
515219
5377982
1429445
1760060
453181
2860421
1097965
3339917
721888
7256199
7579418
1688070
6273698
285695
138681
431570
980473
3119839
830735
1539815
945478
4208467
3520720
1976166
627820
1301172
747142
467597
4421297
2395675
5225205
2110532
6218662
1376084
2242809
2376701
2735065
