3046825
2897385
20044796
1919017
21889090
12775353
4462016
6801910
941770
2193902
4275970
15766015
18703285
24119949
14955449
9113431
29251503
5953947
3730927
1562998
4909094
9552366
736683
3180538
64348446
6865359
2726913
18690907
37983623
2651596
2069500
6253865
3158381
29563741
13435212
28073152
3753430
5138747
4949662
5590355
19677500
8829184
4850288
3327835
8968295
26557101
51085624
1121259
6094947
6390847
3803526
4139228
17732825
1280982
27016248
4135698
29671907
12025940
4736364
4073533
1253055
18001511
1262628
1650953
1649858
3147051
1321909
2333417
21205847
1689685
1260889
12134871
4846472
14955603
15675375
3568312
12369230
3691047
638338
23525096
14612921
16095088
4708273
32897242
1220820
2106019
7542900
2196018
4181886
9861221
1523971
16428566
16332196
29851728
1303919
999152
13272587
10903310
18027243
7122102
3383380
17574454
7729807
28271583
14446088
4434426
3009258
24311911
7750299
3937728
23329221
8015212
8934249
19822652
8026044
3185628
31678786
3706220
7630929
5443208
7332505
41119245
2163461
2695708
15636497
15435839
5802317
18593866
4839397
2420113
5622276
46190207
6631545
1599678
8792164
18947929
7750278
14220915
7176506
66925766
10996414
1144563
2763510
3452502
15595966
3426613
9417252
35569971
13312677
1133327
2076339
1519821
8314944
28158856
23614416
24628177
12999711
6538513
14857558
23574150
3647248
44082849
9353438
18992424
23079348
5340962
15229712
25879405
41005343
25577720
10683606
12777239
28227117
13271616
56493825
2308689
5954728
8216464
1955696
3982213
9515180
21038671
3087282
10240951
4328206
1547090
11092429
7599091
4948795
15312154
6650374
22558594
6372395
5065507
10114896
36186495
4988231
1348877
52167230
4921106
7507615
33149158
31538801
33962053
18981536
3643605
5107843
3263305
3160083
2274630
68364454
1087159
35753898
5002700
6277317
4696390
1175099
5858856
3388400
2062606
22194840
6891724
8353558
1961746
14899805
5257776
16467686
3179923
34801786
38105707
5438529
30069965
1310809
621819
1945440
4495338
15192290
3851702
7012060
4369349
20414305
16998758
7681478
2898832
5822608
3405689
2208442
22314246
11138008
31535021
9770318
32824454
6638271
9728815
37929837
12329736
682802
650084
4295815
424733
4434354
2669803
1002649
1503029
204415
489810
926527
3274562
3974330
4945723
3066554
1989351
5708585
1305908
817336
351738
1138157
2334157
161907
1059596
9091214
1440518
591153
3682681
6962287
556565
455742
1351096
691582
5681944
2810072
5702244
828356
1154698
1122884
1268493
4202644
1934949
1045761
772666
1974100
5369661
8868597
252185
1333042
1423619
857699
907202
3846376
289561
5398365
918218
5933184
2570899
1016934
923500
295567
3808612
280972
366224
368118
708934
302198
531535
4337565
380058
281266
2711081
1081093
3202698
3324465
811245
2651615
848731
145571
5035523
3145696
3402472
1045845
6673414
278660
466819
1702810
496720
917475
2215355
344997
3431321
3355296
5959286
294508
222381
2881199
2332990
3856320
1594922
763450
3617653
1721882
5780059
3162900
982015
690016
5003639
1759493
879727
4982145
1763115
1999496
4238935
1854747
717266
6619125
818657
1758389
1206093
1672893
7697822
484405
588123
3368295
3352601
1301344
3882874
1050636
552005
1266975
8435852
1471115
364463
1970535
4084035
1789897
4521912
1608209
10293649
2521586
263436
626837
763705
3452573
804939
2079379
6805375
2894749
258686
482734
336303
1902425
5703100
4978096
5220713
2917998
1481103
3289295
4884644
819930
8346266
2099193
4031346
4847355
1220455
3491745
5296218
7814051
5407457
2310355
2726082
5602958
2972337
9377577
533261
1320716
1822088
451826
916629
2093720
4439367
720063
2314271
998215
350825
2374541
1623637
1142496
3322636
1519356
4760486
1478961
1137322
2187980
6827896
1146348
311500
9053032
1114033
1722420
6695670
6424176
6578853
4072797
837103
1140929
740293
750329
516417
9220148
251911
6966974
1107203
1456195
1035387
278192
1306714
766437
457851
4628074
1528737
1809221
434909
3084997
1156131
3546189
714310
6583523
7307074
1201595
5878725
296486
139890
435969
978216
3237569
840090
1550087
951229
4181568
3586373
1686367
652388
1288405
755949
475029
4588085
2399256
6400389
2113444
6301405
1467531
2129678
7359088
2746742
