3061425
2892954
19679280
1918764
23154269
12746244
4435129
6772738
941249
2180310
4594723
16096718
18831602
24018570
15067753
8991958
29517917
5875659
3874615
1551282
4353047
9082925
971471
3470443
69391013
7109673
2798600
20160296
36982237
2603940
2125710
6247841
3119195
29649751
15246449
33762587
3787205
5692937
4992132
5671032
19466198
8693004
7242184
3400483
9038000
24708006
59174135
1250274
6247426
12205885
3891357
4204472
17426209
1279409
27268717
4133926
27484675
11815062
4583179
4091904
1100023
18851105
1336422
1303250
1721427
3181568
1340096
2429791
22198332
1805001
1270307
12214377
5544815
14283255
15968885
3122767
18023786
3728410
645888
23389209
14363317
15991905
4688936
37580215
1250471
1729276
7543460
2826287
4337429
9601581
1543960
16165738
16488971
27199974
1252168
1049289
11180482
12135540
18036331
7484153
3719998
17799587
8515929
28155480
14222967
4464173
3076017
25712859
8140436
3903900
22314433
8032016
8968305
19756697
7792356
3434643
31270698
3884880
7469360
5457290
10392355
39038292
2114346
2820312
17708872
15514374
3186376
16822534
4746806
2410868
5625776
45507759
6629860
1648892
8986863
19424934
8053400
14178965
6948040
67747482
10763505
1145782
2925003
3438125
16003533
3511750
10546361
37663888
13811281
1158061
2040299
1524022
8503257
24031548
23661171
24652376
12674539
6437141
14690086
22914199
3729430
45152528
9151284
17959370
22610999
5491391
15957415
26048292
40676377
25142951
10854387
12891429
28400305
12710526
55433050
2342402
6483658
8930370
1986082
10211038
17815153
21343293
3015207
10194417
4383354
1550953
9581463
7673379
4528787
14322864
7223764
21648057
21177639
5881904
10703691
35830642
5098275
1291322
51082955
4988331
6609578
30582398
38280032
33856863
19634015
3540758
5106762
3347074
3314390
2283023
68273602
1161987
32433944
5055275
5945496
5284960
1160078
6179192
3408174
1954206
23334870
6181760
8948694
1958085
16409139
5327641
9168866
3299368
35616163
39714334
5314876
30092367
1244652
625111
1938176
4538756
12822136
3799211
7682525
4363399
20902971
16801699
7627287
2729328
6013413
3391625
2375369
20584128
11131180
25975409
9895966
33498655
6397240
10237874
45013557
13114283
686891
651196
4244087
426185
4671415
2667418
999751
1500972
205213
488181
999098
3344097
4009442
4937749
3101202
1969353
5765746
1292174
851320
349893
1012599
2243632
215173
1109776
9036618
1496485
608042
3966748
6834550
548501
469630
1352036
685439
5714418
3185813
6665226
837796
1281357
1135453
1289024
4170384
1912369
1550749
792926
1996114
5056077
9462369
282062
1369605
2630400
880624
923760
3796416
290059
5461378
920972
5576158
2534857
987349
930325
260208
3986966
298646
291253
385311
719154
307427
554127
4533235
407407
284112
2736144
1236707
3073824
3399204
712573
3779604
859863
147943
5034287
3100058
3390098
1044469
7431803
286552
385406
1707625
640718
954366
2168028
350954
3385850
3397040
5517992
283978
234198
2455475
2598282
3865063
1679493
841283
3670123
1899656
5776290
3125015
992106
706015
5280505
1851395
874441
4803280
1771809
2011342
4239368
1808043
775118
6575222
860568
1729892
1212834
2369318
7437727
474773
616959
3793981
3379713
721535
3547423
1034632
552531
1271563
8391400
1477002
377814
2020778
4189454
1865325
4546804
1565928
10278407
2480732
263919
665699
763234
3547767
828207
2324334
7126339
3010873
264015
475757
338036
1951484
4996318
5001313
5242780
2859777
1464385
3265195
4777634
841652
8505981
2061513
3838801
4776249
1258921
3661507
5352284
7799673
5349097
2354210
2758700
5657666
2862475
9309814
543392
1439498
1987434
460356
2290245
3822558
4512272
705630
2315995
1014270
353332
2067352
1644328
1050585
3132605
1653134
4605531
4581545
1327368
2319798
6803677
1174979
299374
9034048
1133711
1523636
6287048
7520173
6575057
4213446
816540
1144004
760597
789900
520204
9251762
270982
6399449
1121449
1382628
1167962
276139
1385115
773298
435165
4861683
1375095
1940129
435773
3397403
1173891
2028840
744958
6724056
7554674
1180038
5904383
282259
141400
436423
990577
2778118
831037
1697889
952697
4285458
3558149
1679395
617284
1333376
755481
511396
4280269
2403110
5437927
2144619
6429737
1419285
2243461
8228437
2921120
