3024631
2869216
19860767
1852175
22933686
12702767
4442813
7041545
940425
2133837
4561527
14440664
15006422
24346979
14847309
8845700
29603637
6090974
3847060
1583395
4508355
9517224
848272
3332375
70255357
7177179
2863881
15966925
36301090
2699842
2074690
5593891
3164716
29937942
14554972
9002833
3838283
5271240
4940439
5436236
23016614
8316237
7366434
3416242
8962007
30578993
49222470
1171251
6102916
12481765
3899970
4109466
17527629
1254189
28068085
4181929
27786326
11412807
4646867
4085310
2617513
18651019
1381669
1320809
1897929
3515528
1345897
2336361
20100879
1762420
1270442
13331735
5142129
14679675
15661014
3127553
16780181
3767422
639750
23401797
14206814
15031175
4748594
33241910
1244519
3890626
11700425
2793691
4258777
9177670
1574667
16593390
14505184
27619043
1496568
1020283
8543110
11361910
17971981
7488752
3776652
17473831
7747585
28317068
14067244
4466219
3046087
25308785
7343766
4145087
22149494
8030535
8977564
19809989
7611850
3455330
30883729
4121078
8077284
5539587
10692211
39280896
2058616
2847421
16001695
14254174
3201717
22869363
4555206
2422933
5864199
45968133
6658083
1687304
9797523
17158153
7881028
13693560
7173740
66438378
10911404
1634441
2973479
3390800
17429629
3796389
9875344
38108855
13720504
1162479
2086544
1476964
8487108
24166848
23845751
28899020
12633161
6445891
14346028
23874334
3649629
44039371
9319496
17710386
22375509
5690350
14077765
28278767
42430196
24936975
10808715
12084330
28726174
13224517
56887571
2107029
6606873
8814984
1988248
8183414
9567174
20352522
3038232
10170020
3974591
1552954
11025907
7602966
4485938
17202058
7750436
21303675
24206654
5238792
10591928
36064061
5133125
1309009
51587050
4981188
6735545
29248191
40390021
34241348
19625843
3431468
3957490
3248045
3214670
2209184
46609656
1013124
11719617
5185244
6408592
5188076
1237209
6198517
3426268
2011380
36072764
6471589
8904486
14205373
13840748
8201800
9344660
3248133
35792580
38037510
5310705
29903512
1342140
635794
3211830
4953900
13156898
3766475
7550317
4386808
20921061
17147946
9732153
3108174
6009019
3393941
2216999
21489069
10899282
25403374
9598187
33664549
6309404
9435540
34394984
13043774
678558
646080
4276837
411980
4635646
2652607
1001458
1557741
204513
477519
991228
3018123
3227710
4993204
3052387
1937281
5780510
1338248
843622
356572
1046821
2332144
186838
1081138
8992205
1508608
621496
3193773
6732568
566989
457335
1213053
693089
5752226
3054265
1959367
847520
1185845
1123696
1234267
4870602
1831640
1573085
795011
1976834
6036408
8698803
264334
1336392
2687234
881002
902211
3810024
283691
5584723
929606
5621403
2451085
1000309
928803
616349
3943231
307873
295230
425191
791276
307890
532549
4143109
397777
283452
2970737
1147617
3149064
3332214
712304
3533123
869038
145933
5030422
3060552
3196702
1055879
6733458
285067
874015
2607926
633103
936496
2071840
358094
3461935
3011757
5583171
338177
227704
1889016
2431711
3851813
1678660
852434
3604373
1728174
5796042
3088840
989854
698834
5198555
1667759
928293
4766441
1768551
2009370
4242164
1765276
778076
6500733
910303
1868998
1228962
2431953
7454311
461194
621998
3453024
3117520
723691
4727370
990460
554129
1323669
8433682
1481335
385440
2193477
3726713
1823894
4374271
1613829
10314435
2508588
376297
674854
752153
3828890
891756
2180611
7180343
2989969
265431
486204
327314
1944869
5016189
5026974
6000198
2848985
1463799
3187643
4947260
824023
8362255
2094860
3794349
4727664
1301582
3249767
5742843
8039240
5307630
2342440
2591732
5705711
2967822
9407368
486336
1463667
1958435
461246
1851339
2108570
4314422
710454
2308151
923789
353242
2365660
1629143
1038937
3718357
1766789
4529777
5181134
1179959
2292972
6839811
1183229
302614
9046277
1129831
1551477
6033823
7815355
6630083
4207099
791197
891852
738634
764565
503337
8128698
235706
2570387
1147495
1487883
1145935
293728
1387750
777488
447288
7034190
1437942
1926575
2987093
2882354
1782637
2065736
732962
6736787
7331100
1178429
5865052
304078
143644
715325
1078043
2842029
823878
1666882
956482
4278839
3619990
2113273
700155
1330719
754658
477542
4442622
2354403
5326608
2078173
6454959
1398183
2070789
6724006
2902212
