1590932
406393
3408029
1577308
518094
525581
3766442
435692
652119
1859919
2937526
1391727
10705407
39266356
26457724
5661752
19875404
5510579
1599235
1142180
785238
795258
393550
1214200
24569554
930477
2192761
4655074
33147525
2156106
407656
3863242
2866537
715369
5227139
675752
1002633
4446462
2574253
4039792
3577517
1398351
4306030
813059
1628462
17397105
4505211
589553
377508
3186793
2346159
4100520
24122930
493715
21315336
2382337
859757
11759104
3850036
1427343
811464
2482996
782862
105119
1009474
4168747
787734
1688307
22004171
672113
147709
9275331
524176
4643906
15831156
1118417
11536469
2811270
554170
23764494
2076288
13992677
4880550
22680911
762516
422663
10976827
2085846
231451
1088797
374449
3525638
4014092
12581226
1144923
532379
398336
646586
6508511
4694268
610218
23386247
16020835
27215558
2466155
1747083
429667
25888580
4763341
3349861
1367055
6201645
5118440
16131944
6882187
1198119
28633913
1610844
7906660
3332755
3359198
12527385
878824
1704827
14529262
16716595
2866341
18260919
882794
1588935
1602834
44140829
4028962
1382652
5342721
16780343
5770740
13500605
6048090
68328476
4145972
317176
492302
1139334
4445883
1454073
3397528
367569
2095873
744465
482181
344844
6759508
29309001
31395438
27027129
2375992
359509
10108224
4328141
1602526
858148
4271494
10876719
25170034
674896
16666646
964815
30827114
16677427
919783
15415102
15741309
9937814
5925368
438520
2949499
6661546
341911
681538
2103940
4960194
2454470
10988449
1286911
466842
1372820
3751729
5467685
1303956
5368616
1401223
3411427
3817512
7410174
35727834
2228262
605989
1012668
3442151
8605115
28756732
1141109
325426
6329522
6535645
3002213
1212773
2781775
1456478
604617
585668
707474
4628752
345742
3566660
824446
4536169
482735
689717
4869350
3712209
5823791
1436329
13933559
2019528
773594
499490
36269625
18687231
4822561
2488299
467429
527065
4084197
1092500
6668146
3774773
4742113
537298
2397672
15316808
4375497
2022024
5298768
2148429
979106
26981665
10147069
19279893
9295811
18707116
5181166
8893194
852566
1492740
322333
83162
700786
319723
106947
103191
773864
90932
129758
381507
582851
281094
2116707
6760367
4740267
1143113
3703638
1106091
324101
234830
162763
196023
79615
281660
4587065
181090
432930
891454
5731643
413204
82317
765422
568037
143878
1003495
133408
203601
911748
539787
839310
731836
286673
846060
168582
335660
3382064
904352
120885
77880
667599
481405
821154
4657824
101435
3968367
493445
173536
2298998
754816
293196
174911
487052
159275
21611
207856
848346
165779
349639
4104225
137164
30447
1906283
109035
923304
3078704
234883
2250692
596003
116313
4675501
421982
2733677
984123
4465188
158827
87123
2232630
430471
47181
226722
75158
706946
800312
2456744
231928
107971
82885
130650
1317600
966990
127596
4310396
3228318
5074661
527690
361419
92270
4870313
982246
690326
283645
1254026
1058550
3144547
1460578
251643
5579352
334216
1662774
666012
707512
2450984
180766
339461
2892257
3298393
592016
3501908
177069
336112
330993
7563806
826398
287118
1103468
3347496
1224574
3814211
1245798
9544870
887586
66777
102338
230809
941036
308097
697870
76094
432145
155704
103550
70649
1416468
5416955
5851441
5201207
502750
73766
2077568
887587
336118
183624
900924
2165122
4778125
137887
3473351
206991
5739021
3339325
193133
2967533
3032113
2054888
1248250
92761
613674
1339134
72406
144748
434749
1033006
521689
2274565
266989
97533
275378
752772
1148328
271808
1141055
293578
725796
780836
1480102
6238552
477024
125665
213683
710356
1785734
5439647
239763
66991
1309837
1360295
618739
247463
605608
303069
124594
123962
151075
937774
73294
719381
179128
924493
99168
140710
1015762
764309
1165828
289476
2657780
411884
158340
104226
6305436
3703169
985428
515503
96797
108300
830962
223101
1380499
754292
961591
108929
491264
2981045
898414
412938
1077121
440826
194832
4978707
2012920
3816983
1845562
3486005
1052699
1795617
179821
315576
