1660156
398271
3268648
1546237
530736
524272
3782591
447808
658488
1720935
2952304
1457077
11426349
40680579
18599740
6393580
20317880
5209027
1541146
638673
806051
791567
439087
1296494
24397712
891193
2236115
4575659
33368373
2112991
396256
3851550
2787497
733435
5374456
676284
1085302
4394460
2586040
4029597
3511592
1411315
4664577
2707454
1650910
18872324
4102598
578129
458726
3186891
2361350
4125989
24311410
485352
20705112
2355664
858549
11833704
3919140
1432338
812067
1740359
938169
106736
735058
4353919
796667
1601797
21226993
678396
160574
9419909
528418
4636346
15619921
1184935
10806623
2856637
557888
23660466
2380073
13679628
4940463
21840127
738294
404460
7906537
2107907
220258
1087587
497690
3541964
4214792
13406117
1167391
466939
401209
2209337
6298392
4686517
610298
22915134
19451560
26768305
2448734
1846521
442245
25583497
6351457
3215408
1423795
6203751
8038973
15914167
7435653
1209316
28639952
1557789
7853260
5077570
3366742
13405534
879226
1660182
14017268
15053951
2791930
18799899
913837
1581130
1584882
44221401
4111421
1479173
5479610
18162374
5963459
13434035
6688412
68039148
3805295
478956
490541
1137478
4203675
1573645
2051947
380132
2100325
738203
485813
347586
7036597
29517601
26495541
30408248
2389372
360207
9923457
4277714
2416592
833328
4168239
10802865
25574408
677316
16693176
1327003
30100079
17124273
930246
16339085
15885578
9869258
5834244
434849
2703494
6558463
365781
714041
2111732
4804362
2449293
11012706
1363811
779523
2927710
3760393
5373763
1303268
5589247
1412293
3949401
3889333
7645491
35826418
2195055
602564
920288
3457325
9258156
30110044
1207941
315391
5115719
6458483
2991035
1266781
2829803
1534972
654930
880779
46870447
4642133
10497587
3516628
809373
4668697
490440
725352
3705732
3592185
7127641
1452237
13851140
2031527
795752
1349779
34616679
16893179
3738262
2476091
425343
517368
3460758
1136404
6855373
3796740
4233234
494176
2257677
15007966
4415696
2145729
5269826
2153504
936808
24509772
9799334
19895695
8734445
19732972
5828123
9573092
857572
1502950
336599
81408
673892
314039
109597
102800
776880
93169
131264
353375
586418
294188
2258376
6955966
3435675
1295003
3783868
1046035
312755
130825
166814
197089
88482
299126
4563205
173677
441416
878272
5777636
405879
80092
764726
553569
147514
1033431
133681
221649
902498
542639
837224
720211
289735
916631
574245
340564
3660994
828482
118382
94564
668525
484492
827416
4696812
99794
3866336
488553
173429
2313473
768503
294454
175189
345425
191235
21884
151478
885131
167484
331535
3976830
138356
33310
1936466
110357
922855
3040883
249734
2116939
605877
116867
4674741
486243
2676586
994522
4316159
154207
83298
1626984
435976
44971
226685
99840
709991
841477
2607317
236413
94920
83658
436216
1277742
967331
127442
4238382
3872828
5000083
524845
382163
95094
4826841
1310229
663686
295558
1257007
1648778
3111536
1578104
253683
5589418
323545
1653630
1024672
709948
2619539
181172
331373
2799452
2996248
576985
3607723
183774
334834
327889
7579679
844867
307827
1132769
3612111
1264375
3812615
1376728
9566231
819027
101107
102534
231074
891500
334037
425357
78948
433833
154465
104655
71283
1473924
5458981
5052970
5763505
507193
73954
2047766
878141
500282
178812
880878
2152502
4855454
138427
3483898
284985
5626380
3433309
195270
3139399
3065305
2044671
1229788
92137
565390
1320099
77314
151652
436910
1003397
521939
2282257
283902
162722
585730
755814
1130223
272093
1184523
297117
843017
796517
1529130
6266651
471353
125038
194612
714945
1925467
5669281
253916
65121
1065674
1346788
618201
259278
616991
320498
134985
186980
7734793
940659
2186570
710400
176383
952969
100962
148015
771972
742219
1421042
294264
2646725
415071
163083
277098
6086761
3374215
767542
514364
88447
106691
705762
232751
1420289
760536
861673
100160
463603
2933262
909136
437666
1075293
443140
186873
4584490
1951493
3938717
1743483
3669269
1185672
1932809
181174
318442
