33185621
32958668
32345843
33931838
33650685
33931786
32750046
33067875
33717314
34010592
32801122
33318203
33347678
34167168
33570077
33960386
35706449
33848486
33935157
33702695
33410941
33818233
32993704
34686516
34516473
35147315
34159845
35658076
34325226
34758115
35207734
34698703
35511745
34826016
33690740
34343732
33841600
35225355
34368483
34109279
33518562
34842688
35146658
33329018
33849037
33837211
33435810
34355114
33617074
34182242
34286705
34473000
33972075
34689236
33921760
34748305
34214872
33546602
33666578
33357831
33887445
34061089
34055171
33624767
33702251
33288279
32457001
33816488
33025485
33233630
32996380
32858698
32477669
33554238
35259959
33189836
32998315
32573456
33211224
34418838
33977357
34268184
33859537
33377480
33567970
35075709
34670575
34966811
34600066
34275047
34148315
36025462
35376806
34311424
34603086
34751135
35317800
35027738
34409197
33800184
34548293
34882191
34115557
34382698
34076112
33448792
33933124
33813242
32607484
33668326
32904295
33282464
33992831
33093947
32517788
33745701
33950705
32776769
34320698
33601121
34206316
33040287
32586673
34376252
33564036
32504551
33113379
34121818
34666006
31667059
32572970
32439811
33917339
32754318
32076836
32738253
31958754
32046814
33503218
31659101
31474700
32688714
32504108
31571222
31660148
32392064
32244799
32580627
30376738
31944958
31583057
32389784
31580127
31775266
31447923
31597174
31992384
32629858
32794135
32694086
32453094
33124156
32428486
32518574
32780196
32450793
31776020
32892534
31732734
31827107
31868533
31825763
30725522
31732516
31839926
31849923
32523936
31901337
31334837
34440942
32047962
32358301
31986482
33123417
32286592
32906112
32778367
32245322
31889325
30198423
32589689
33075356
32411395
32467187
32406768
33422388
32630562
33084068
32615755
25880695
30910829
29968795
20576056
33679384
33438789
32767952
33247409
34500069
33574915
33416501
33957970
34868853
33396575
33300012
32992227
34543951
32530673
32063264
34293456
34877247
33881050
34579480
34408330
34906247
34715537
33919830
34773824
34295477
34452240
34851507
33999873
34239098
34419392
35439134
33679280
33736719
34883784
34157240
33101811
32791821
32386035
31192924
33518034
32717476
32586685
32742913
33825074
32460466
32761024
32087486
31429362
32286265
31926451
31436629
31144281
31137325
7515846
7599946
7720950
7603085
7700092
7682982
7726104
7756952
7799910
7773651
7804660
7771875
7815189
7860938
7853149
7803139
8151208
7869290
7971982
7814877
7915287
7943540
7929215
7928104
7923667
7846063
7852408
7848662
7914243
7624170
7959535
7955070
7864955
7924709
8003235
7914339
7977305
7990283
8019489
8034606
8005624
7910207
7948129
8104231
8063548
8025474
8090821
7972422
8061399
8005969
7943146
8013356
8121230
8072335
7962337
8150170
8048237
8093208
7998123
8057741
8232855
8011124
8011351
8047289
7992107
8022281
8103361
8167160
7961377
8025802
7899054
8038297
7994584
7970812
8112928
7987982
7934077
7850786
8099811
8049573
8056025
8008392
8057667
8151131
8126380
8270641
8051873
8035165
8004970
8093072
7988807
7952665
8080022
7991827
8026981
8043161
7988633
7958876
7991151
8132095
8030233
8074914
8014916
8019167
8032689
8056885
8075525
7981971
8103172
8017561
7964485
8051971
7973503
8126484
8012104
7923472
7938948
8039240
8087630
7995837
8224173
8016130
8041472
8142347
7867820
8049033
7993614
8001241
7885380
8130942
7963262
8094441
7901803
8206765
8016455
8006170
8101083
8015629
8002431
8054858
7985363
7970926
7954412
7971799
8088084
7999895
8059237
7948894
7795526
7918633
8061357
7879908
7972081
7943190
7938278
7972553
7959825
7862564
7945202
7860509
7989214
7853570
7907985
7875882
8011791
7962461
8087965
7954359
8145867
7996071
7967840
8103251
8043936
8095382
8058187
8028988
8004736
8116166
8052247
8492731
8121655
8153235
7911372
7963636
8170365
8207420
7922177
7979857
8064748
7741632
7986457
7883419
7867409
7951309
7875159
7907636
7976131
8150557
8059404
6540698
7705447
7568060
5365456
7877462
7926755
7977469
8007201
7866238
8119635
7957249
8013674
8299051
7978605
7993066
8066618
7929638
8151891
7954364
7912478
7848330
7949731
7834293
7890759
7842927
7790195
7918971
7916048
7845145
7836683
8025126
7898671
7892202
7862893
7771967
7886274
7845665
7797567
7949596
7748510
7487466
7434460
7382012
7628647
7759587
7808490
7758613
7708348
7808834
7757895
7721623
7298257
7578732
7734018
7514109
7551352
7526853
