33190182
32947350
32348999
33964520
33661058
33956495
32770172
33081914
33732731
34029492
32820535
33328674
33355477
34173347
33563717
33989451
35700235
33838944
33935882
33705102
33413668
33837543
33026686
34700898
34514974
35161442
34139641
35701336
34328190
34753024
35202462
34730060
35513301
34839747
33689569
34361792
33841607
35227165
34386145
34105763
33525923
34849506
35163261
33319860
33861104
33831036
33440082
34362308
33625628
34188669
34294673
34470057
33965869
34687200
33931949
34748024
34208450
33555148
33660366
33358475
33870535
34073977
34047826
33635077
33722982
33291859
32461193
33825298
33019551
33265608
33013624
32856359
32480890
33540641
35264227
33198435
32979977
32582231
33217361
34407953
33985252
34279012
33855468
33373547
33581700
35106055
34700692
34967944
34583009
34285013
34150301
36022774
35388082
34326169
34605346
34755006
35319801
35039336
34430122
33813786
34545416
34883524
34119681
34380533
34093400
33470171
33927043
33792345
32619637
33665079
32910915
33306132
34011279
33106830
32533004
33742026
33960555
32758856
34309222
33607804
34230969
33042054
32584041
34386177
33565739
32510445
33109471
34109049
34657993
31683133
32567276
32485804
33933230
32757947
32080280
32738405
31965743
32043718
33501389
31642876
31472787
32705771
32488720
31574286
31674309
32381821
32229706
32581328
30402934
31975540
31598419
32390886
31583687
31759000
31451780
31610069
32014161
32640768
32803246
32709060
32468668
33124855
32434502
32552988
32792906
32481253
31768907
32913703
31766616
31832096
31864323
31836588
30748088
31765294
31847825
31839776
32546525
31918520
31355229
34436085
32045175
32352252
31999836
33123969
32289234
32924698
32783322
32261678
31906626
30190783
32602205
33068856
32430398
32446998
32380639
33429802
32643441
33099806
32598647
25884871
30925710
29984770
20568178
33680304
33434045
32780660
33235644
34511416
33597275
33433102
33968782
34890196
33411272
33308036
33007215
34567106
32542958
32086003
34292568
34864797
33871261
34572387
34417609
34909044
34726181
33919496
34791077
34286268
34482908
34878509
34008679
34277554
34409803
35447015
33689006
33743675
34888713
34162821
33117709
32784586
32408926
31195240
33526799
32740542
32579021
32736683
33840581
32476640
32763785
32081098
31420243
32308711
31927463
31427012
31137018
31157559
7517994
7597189
7725850
7605668
7701367
7688623
7730181
7761775
7806409
7776184
7807711
7775770
7814622
7864840
7854657
7806649
8151196
7868307
7978368
7818024
7916982
7951082
7931451
7929466
7925734
7853877
7855073
7854231
7918572
7623696
7961253
7963385
7868286
7926519
8005933
7919629
7980300
7993935
8024464
8034658
8006782
7909476
7954677
8105367
8066535
8024147
8091301
7975462
8063011
8008452
7947630
8014446
8122032
8073066
7962942
8152790
8050965
8096511
7991479
8056257
8231961
8012214
8011117
8051210
7998410
8023443
8103762
8170936
7960026
8032737
7904661
8040939
7993898
7968011
8118857
7991084
7934143
7852736
8103320
8050621
8061213
8011553
8052165
8148998
8131995
8278055
8058012
8040681
8005609
8094912
7989346
7953530
8082519
7998173
8031016
8044582
7989172
7964953
7996887
8138226
8032899
8077488
8017911
8023330
8036222
8063120
8076525
7982737
8108282
8022661
7966476
8055650
7978779
8130469
8018218
7924666
7942542
8039336
8085622
7997636
8233081
8018657
8043947
8145583
7868804
8054335
7994371
8004027
7884737
8136343
7966926
8105042
7902028
8212163
8016025
8008226
8099505
8016501
8006919
8055111
7986137
7972420
7954573
7974888
8088265
8000246
8057057
7950383
7801765
7925737
8065465
7885821
7974522
7942940
7939440
7976160
7965074
7866682
7948532
7865400
7994201
7856340
7910747
7882626
8012800
7971573
8087919
7959345
8154061
8000269
7968581
8106214
8050634
8101220
8065244
8027776
8008894
8119719
8055561
8494082
8124401
8152123
7914322
7961280
8176543
8213595
7921440
7984480
8068385
7740831
7990521
7883570
7870103
7952936
7872523
7910899
7980343
8155543
8058931
6540146
7711141
7572677
5366284
7877602
7928284
7981798
8006926
7869177
8125512
7962486
8015309
8305434
7984570
7994553
8069593
7934400
8157339
7960863
7912700
7847269
7948813
7837860
7898643
7841979
7793994
7915878
7922561
7847000
7842127
8030928
7902260
7898516
7861505
7774434
7890189
7846799
7797918
7954519
7753381
7489150
7440548
7380620
7630866
7764942
7808779
7759403
7713197
7811941
7759883
7719627
7300568
7583861
7736955
7517281
7549397
7532951
