33148302
32931022
32341445
33927195
33631305
33904200
32740360
33047007
33713691
33979396
32781410
33281167
33330965
34154416
33539299
33966145
35698465
33822257
33912614
33691832
33395467
33795791
32970260
34685804
34487034
35142963
34145742
35652258
34302981
34727062
35174585
34667437
35491826
34810832
33661376
34335627
33824571
35223989
34355690
34083182
33489678
34817275
35143992
33333373
33844003
33810841
33423106
34329972
33591581
34153431
34277752
34435865
33931376
34657394
33891447
34716979
34188856
33542957
33621333
33329783
33860774
34052910
34003989
33606883
33682257
33254417
32454070
33801789
32996353
33225231
32988134
32833552
32457684
33533961
35226831
33171717
32959949
32545423
33187951
34386851
33952498
34244826
33837756
33335081
33552096
35071752
34658212
34940358
34572039
34265057
34109354
35996663
35381844
34281773
34574469
34741158
35293127
34980253
34400225
33770551
34523685
34847245
34076688
34338527
34048620
33423521
33905307
33776784
32589358
33650995
32868906
33242638
33957062
33058234
32480699
33729399
33917812
32733164
34293339
33552235
34199946
33022033
32562751
34353838
33539854
32462233
33096972
34076279
34641152
31639184
32534073
32435332
33889824
32708034
32057085
32716144
31921133
32023920
33487228
31613875
31452342
32665636
32499233
31537017
31651238
32375012
32188303
32544127
30359454
31936214
31546356
32371354
31552927
31768968
31438983
31570955
31953589
32605909
32789072
32677880
32423051
33071994
32396296
32507869
32752041
32432571
31722544
32867797
31723551
31826710
31840992
31808189
30706760
31704533
31804380
31820445
32487405
31883094
31326353
34410757
32016090
32325768
31958906
33095604
32251003
32882932
32758410
32228165
31850208
30178593
32559495
33048788
32412937
32405376
32360570
33385472
32601187
33059576
32574037
25854707
30904285
29949131
20555033
33656037
33410364
32750112
33206586
34465199
33534316
33405461
33950714
34875916
33373987
33283582
32975169
34544885
32504584
32050794
34267106
34858895
33859669
34567921
34378793
34893339
34702006
33879906
34749927
34271825
34444028
34848044
33990673
34244306
34390519
35429755
33656975
33700930
34855735
34135198
33092815
32752107
32368374
31183665
33500200
32689300
32565743
32705917
33802144
32446899
32730948
32059023
31406897
32266330
31903060
31402098
31103362
31119369
7521707
7605610
7729000
7610854
7706531
7687404
7734530
7763508
7808797
7776989
7811006
7773255
7820508
7868868
7857022
7812232
8162203
7874912
7980793
7824848
7923675
7952318
7935752
7936223
7928179
7857617
7862243
7857323
7923366
7628983
7966068
7961453
7873934
7933362
8007126
7921525
7988326
7999296
8026736
8041015
8011678
7914511
7959612
8118087
8076683
8032254
8099973
7979030
8068004
8017782
7952896
8016745
8128294
8077793
7968823
8154731
8055048
8104765
7997305
8062176
8241107
8021756
8012383
8055368
8005404
8027364
8111189
8176086
7966603
8036808
7909995
8048159
8001328
7972701
8121018
8000070
7938717
7858967
8106455
8058846
8064466
8014540
8061104
8155542
8136514
8282828
8063342
8043037
8014994
8104259
7994274
7958593
8093092
8000963
8034565
8051771
7993149
7963587
7999520
8138210
8038885
8084036
8019821
8028326
8042413
8062155
8084486
7987838
8111319
8027335
7969120
8056094
7979957
8134480
8016493
7932671
7944997
8044403
8092919
7999709
8237845
8025063
8048558
8148565
7875702
8054276
8000187
8006688
7894555
8141870
7970863
8106329
7906404
8208896
8019747
8013836
8103237
8019527
8011645
8056140
7991834
7973612
7961732
7980003
8096202
8008340
8060533
7958945
7806057
7929148
8065092
7889282
7980542
7955383
7946373
7979041
7965572
7869838
7954339
7869044
7996446
7860988
7915502
7884328
8015768
7969970
8087763
7962383
8158217
8006914
7976225
8112679
8056760
8098316
8063984
8035016
8007937
8128682
8061394
8502674
8130115
8159436
7918453
7968283
8177124
8216329
7928712
7988512
8068641
7748441
7991162
7889062
7875760
7957741
7881746
7911554
7982076
8161156
8064181
6546104
7716322
7573694
5369494
7884986
7933301
7985955
8013507
7871640
8125067
7967998
8024211
8312177
7990245
7999146
8072940
7939855
8160915
7967219
7916234
7857498
7958248
7843729
7898760
7850274
7798195
7921779
7921135
7854550
7844617
8034211
7907809
7900995
7868389
7780931
7896437
7853527
7803130
7959161
7759459
7485849
7442820
7389496
7635021
7766550
7813145
7762841
7714355
7816790
7765450
7727988
7305966
7585910
7739239
7520071
7556459
7531974
