33097137
32855313
32261834
33854822
33564412
33834280
32650149
32981809
33635787
33914488
32703626
33222627
33254227
34063985
33475243
33891552
35584368
33735613
33827187
33601050
33311603
33707219
32901148
34589982
34383728
35054682
34045902
35562780
34223687
34662295
35090590
34578115
35403018
34722248
33559905
34263008
33730808
35107348
34284154
34004614
33415991
34762115
35044742
33222229
33742144
33716977
33341960
34234365
33518628
34065704
34183879
34359217
33879870
34580003
33796718
34626301
34104377
33445658
33554586
33255725
33767303
33968771
33929526
33520155
33601873
33186092
32369333
33711757
32909198
33158407
32911045
32729645
32364872
33444112
35172049
33093783
32884987
32461841
33101452
34305144
33859765
34170339
33728384
33268726
33456807
34990253
34573812
34868869
34485193
34187850
34028198
35910609
35271266
34187100
34466702
34639542
35233929
34916423
34315697
33702751
34437072
34766790
33994597
34262243
33981322
33348989
33819750
33706422
32506439
33554043
32780593
33168798
33882601
32972293
32407669
33636747
33826054
32661549
34210428
33475407
34128752
32947257
32497334
34255530
33461716
32393854
33011251
34013637
34554370
31581455
32474123
32345766
33820564
32639716
31974589
32628981
31860142
31959577
33396796
31531956
31366863
32591166
32397223
31464943
31565505
32288000
32118053
32488685
30281781
31856334
31475677
32301524
31458930
31672320
31341014
31510560
31901938
32521549
32693471
32588981
32339122
33010334
32329008
32431858
32672579
32381617
31662860
32787829
31650496
31728573
31758808
31713036
30628810
31646507
31724899
31737212
32415582
31775710
31235091
34337246
31945635
32250956
31891418
33001297
32179610
32818956
32690439
32140624
31782902
30100259
32497831
32969689
32327238
32367491
32288942
33300167
32517755
32977375
32476677
25770065
30839759
29872296
20493370
33569940
33337400
32645947
33117246
34371191
33451214
33318558
33851192
34792448
33315913
33207839
32888284
34443940
32424897
31961000
34199044
34777333
33782806
34479513
34306780
34801101
34622008
33829720
34693217
34198743
34365954
34755260
33906729
34155770
34332386
35324469
33590855
33653483
34783959
34065492
33004733
32681558
32293847
31092563
33408709
32632257
32493856
32636211
33751267
32360891
32630762
31972763
31351204
32189991
31827668
31334070
31023776
31049369
7516836
7593876
7722016
7606157
7701855
7682950
7724513
7758189
7800021
7771847
7802298
7769880
7813956
7859632
7851714
7805379
8147753
7865420
7972788
7814421
7913656
7945206
7927457
7926722
7920081
7847863
7851482
7849904
7914958
7621590
7957679
7954347
7866428
7922157
7997007
7917783
7978330
7986356
8022631
8033659
8007476
7913834
7948764
8104091
8060516
8023102
8091674
7970557
8058439
8004503
7944466
8011329
8125473
8069986
7959218
8145134
8045022
8092839
7992777
8056453
8231920
8013124
8005028
8046391
7991900
8019740
8104043
8163682
7958972
8028448
7903548
8034215
7989794
7963850
8116642
7986834
7932112
7850448
8095896
8048032
8051916
8009563
8051168
8150475
8125332
8273560
8051352
8037703
8005643
8097063
7986024
7950957
8079236
7989276
8022744
8041875
7987306
7958908
7991387
8133285
8029298
8076097
8011575
8020408
8033271
8059156
8075232
7980370
8100805
8019169
7957388
8050698
7970812
8124453
8010480
7923617
7938146
8036381
8085887
7994511
8231837
8016073
8042387
8139973
7868135
8048032
7995904
8001017
7882388
8137222
7962065
8093779
7902307
8204786
8011827
8005875
8097591
8015298
8003421
8046381
7980252
7967509
7953891
7970438
8085054
7998374
8050679
7954487
7796851
7919934
8060724
7882772
7967555
7942397
7933948
7974303
7958920
7859322
7944187
7860894
7987064
7853336
7907850
7875865
8009004
7966892
8081588
7955177
8148753
7997799
7964741
8099515
8045652
8095344
8057476
8025366
7999887
8110648
8052007
8495448
8118968
8153079
7915372
7956709
8172734
8211988
7920986
7979540
8060546
7738004
7988474
7884436
7867144
7952924
7870363
7903991
7975212
8150985
8052544
6531968
7710937
7566953
5359281
7877497
7926646
7974593
8004555
7863677
8118069
7959835
8013426
8306510
7985425
7991261
8065329
7930001
8151162
7957594
7913343
7851988
7950747
7837005
7891475
7840519
7793254
7919515
7918414
7848128
7838688
8025994
7900640
7893452
7864908
7771338
7889119
7848582
7798635
7950859
7750843
7483417
7435799
7380514
7629957
7759422
7806216
7757744
7712666
7809445
7755697
7719521
7299991
7578259
7732795
7514453
7542946
7526855
