33111346
32872577
32282829
33866879
33575155
33853822
32691965
33002931
33636741
33937845
32721724
33222196
33272302
34076429
33469712
33895285
35627644
33765985
33858199
33630285
33337162
33708007
32903051
34612250
34422123
35096906
34064402
35598218
34236051
34679275
35111131
34625673
35411476
34751430
33593882
34282549
33763577
35128427
34278879
34020252
33422153
34779428
35078639
33281260
33772320
33755040
33361096
34288989
33542754
34096792
34205411
34386709
33900770
34589041
33829165
34683096
34119517
33472667
33577355
33281622
33799410
33972613
33973766
33560991
33608997
33217802
32403838
33713434
32925975
33162945
32924979
32765824
32401394
33473424
35167543
33124907
32899632
32498207
33107877
34335273
33891533
34206255
33764525
33278654
33497715
35013233
34613300
34881621
34498916
34201326
34046585
35931378
35322622
34246615
34513737
34670921
35225919
34944653
34334244
33745937
34460320
34793960
34043915
34291194
33995122
33365457
33847219
33720522
32532659
33565819
32825833
33194931
33901538
33018276
32428701
33651374
33859410
32690566
34220868
33500896
34143302
32961654
32521611
34305175
33491398
32402127
33033528
34026521
34572415
31577742
32505381
32394660
33825597
32674380
32009863
32659447
31875971
31961969
33426309
31551729
31409662
32617933
32422069
31471837
31584940
32322713
32159616
32475246
30301435
31882805
31513713
32318711
31499281
31682442
31379616
31517827
31921298
32539530
32720723
32631074
32389095
32998075
32368281
32468692
32699468
32379271
31680689
32820206
31668282
31739020
31777545
31743146
30655853
31647967
31762625
31757358
32435434
31812094
31268612
34350670
31958785
32268277
31909658
33034829
32189431
32840699
32677890
32174727
31808318
30106581
32508015
32993190
32340589
32380456
32307311
33337995
32534595
33018595
32494920
25794343
30846739
29899246
20506662
33605215
33370479
32684680
33154015
34415161
33485040
33346106
33871804
34807429
33332548
33200223
32922432
34472799
32456256
31971763
34196745
34807173
33808958
34493123
34326369
34824415
34654211
33823424
34714787
34187609
34388526
34801569
33920552
34189635
34339015
35356123
33589977
33652986
34788453
34086877
33039118
32702639
32328008
31127383
33445477
32652162
32494296
32668972
33758317
32393052
32669656
31998940
31363330
32219661
31826090
31364885
31054469
31077870
7517908
7597062
7723520
7604513
7702018
7683090
7728632
7759178
7801534
7774649
7805553
7769548
7816859
7863587
7851876
7805861
8154022
7870191
7976029
7819158
7915978
7942383
7926853
7930739
7926606
7855694
7853236
7853779
7916775
7625042
7961558
7958717
7865822
7925163
8001133
7919552
7981454
7992962
8019066
8037087
8005996
7913987
7952746
8112276
8068615
8026648
8092163
7978657
8060242
8006931
7946591
8013538
8126938
8071663
7962650
8155473
8048597
8097763
7996154
8058927
8235316
8011505
8011092
8048519
7995754
8026436
8108472
8165719
7957903
8027914
7904618
8039866
7996933
7968885
8114300
7991348
7934339
7853776
8094849
8052317
8057814
8012862
8058376
8149288
8133516
8278782
8057528
8037881
8005147
8099052
7987434
7955920
8088218
7995106
8029050
8042175
7987107
7965083
7993739
8139617
8031443
8078682
8017936
8022716
8035342
8058353
8078825
7985774
8104172
8017517
7965740
8053099
7971809
8130394
8014152
7922435
7940403
8042175
8086704
7995872
8232907
8021080
8046548
8144283
7870457
8046916
7997964
8002748
7887153
8133951
7968061
8104718
7904455
8208485
8016059
8006707
8104087
8013709
8010022
8052078
7989374
7972699
7953063
7973902
8088652
8002634
8061043
7949762
7797256
7923322
8064734
7887632
7973438
7942902
7937753
7974087
7961700
7862682
7947516
7864546
7996950
7850825
7915558
7880470
8014730
7966041
8087778
7958439
8150277
7994917
7970003
8104747
8050993
8096638
8058184
8029023
8003779
8120092
8056267
8495620
8123031
8154975
7914289
7963696
8174827
8210562
7920713
7981121
8066913
7740123
7989474
7885922
7870615
7954031
7876561
7908008
7978337
8158953
8057161
6534667
7710313
7571073
5363392
7881884
7933856
7977489
8007439
7868967
8122595
7961683
8016001
8305931
7988336
7991258
8069272
7932280
8158143
7960502
7908622
7855736
7952734
7838039
7894335
7844347
7794774
7916643
7922351
7843940
7841144
8031949
7902606
7899147
7861957
7774730
7888826
7848228
7797363
7955516
7754515
7483483
7438652
7384783
7634033
7763279
7806769
7761707
7710804
7813984
7760000
7720392
7304117
7584067
7731000
7518199
7548135
7529800
