28706503
28554073
28061374
29415852
29227072
29429890
28471674
28764652
29331102
29587671
28540964
28970570
29021064
29814908
29230938
29630052
31440646
29507193
29694351
29399855
29160636
29488218
28828233
30329482
30115207
30683996
29838860
31167518
29960708
30302587
30795156
30375415
31073907
30530718
29424990
30063584
29582491
30834303
30114952
29841541
29325120
30537633
30773656
29182944
29632956
29693335
29310214
30157341
29413536
29935140
30007502
30225167
29824612
30429529
29724953
30576900
30028207
29517371
29481897
29233173
29900824
29930106
29872891
29511396
29597462
29187559
28494594
29806659
28950836
29196444
28936232
28853699
28539299
29430351
31049734
29126501
28934939
28472953
29119322
30240245
29815266
30095838
29685503
29304441
29437191
30912907
30443741
30697762
30326681
30086954
29954227
31602228
31107239
30128455
30366208
30503811
31033296
30764371
30180300
29721422
30306165
30630303
29962976
30214813
29937110
29419405
29819919
29661398
28642537
29552495
28838709
29264687
29822422
29056933
28566306
29627552
29801775
28774793
30227828
29462911
30270627
29071716
28627677
30293106
29430305
28529732
29076925
29993067
30430215
27923833
28609175
28555442
29814791
28940020
28214582
28886222
28122276
28180604
29574454
27800285
27638172
28678530
28574082
27796028
27837078
28479870
28380064
28721766
26651745
28074849
27738631
28418605
27751780
27934147
27604380
27770032
28114710
28637403
28801172
28744075
28598826
29086018
28535336
28534277
28793540
28528583
27937903
28890656
27894788
28003731
28002337
27998010
27063599
27906118
27970148
28014152
28611575
28051051
27553250
30598404
28171329
28413547
28137801
29068467
28451592
29034566
28769965
28327943
28028994
26450021
28606615
29007059
28560005
28510513
28372324
29316205
28623009
29198368
28571324
22539688
27107688
26206710
17819814
29541839
29314711
28706580
29146148
30183464
29484279
29277583
29731918
30822914
29305805
29160577
28891098
30229858
28435398
28211299
29985506
30478950
29599255
30210431
30025866
30461602
30276017
29602957
30349017
29909552
30037827
30500080
29649686
29851810
29948084
30912907
29301646
29371453
30345964
29863757
28790319
28546997
28127846
27088429
29210798
28520795
28268221
28464310
29311816
28196035
28430367
27877420
27255364
27946689
27645253
27144100
26888363
26882791
6366903
6440072
6529122
6462159
6535724
6531065
6556580
6587442
6632632
6617496
6624623
6601090
6635839
6705624
6675018
6650885
7019209
6698329
6796907
6650563
6734881
6762818
6741168
6775300
6757150
6713225
6693763
6725332
6748078
6512768
6805817
6802110
6732614
6779104
6814304
6755939
6801743
6832472
6840872
6843568
6810105
6751965
6796554
6892325
6862647
6841114
6879902
6793729
6865952
6819394
6769182
6837477
6929937
6891853
6777271
6977211
6867031
6908398
6800401
6853982
7042206
6832576
6834953
6864208
6816250
6823226
6883047
6975480
6770306
6830906
6715779
6837390
6788272
6786590
6948161
6794598
6740319
6651243
6887795
6866310
6864507
6833336
6867098
6935677
6920050
7089996
6873523
6865260
6835994
6902955
6814729
6810833
6924753
6819162
6851824
6868840
6831162
6800768
6826128
6941207
6852949
6901954
6845542
6845135
6847695
6862862
6886748
6805010
6893222
6836097
6770452
6855542
6799355
6919921
6810977
6749271
6762445
6837216
6923310
6808736
7058350
6814117
6839938
6971942
6700478
6834042
6805142
6830550
6737751
6901192
6767886
6881893
6739207
7003397
6811411
6816423
6888073
6807975
6843850
6834294
6770603
6775063
6758826
6766040
6864221
6800908
6850030
6775164
6579687
6724557
6836777
6700064
6764913
6738402
6732669
6771949
6758198
6677407
6757681
6690389
6797160
6680342
6736718
6698711
6820537
6771650
6863826
6767316
6915493
6785121
6761556
6879042
6810133
6866416
6844136
6816111
6800718
6882243
6816438
7297815
6891409
6917030
6720167
6765814
6956770
6999142
6737211
6778447
6841629
6529347
6786070
6699770
6706282
6753180
6684422
6718594
6775557
6956100
6846558
5460200
6520984
6382177
4435913
6704580
6740018
6770503
6806617
6699504
6922351
6765185
6825086
7123651
6793484
6794995
6853383
6766429
6913151
6758080
6745272
6696261
6766638
6678121
6722264
6689442
6645403
6735184
6756828
6677909
6670821
6867350
6721803
6713845
6692226
6634220
6697907
6665251
6641885
6783084
6568948
6344432
6307236
6234165
6499225
6588147
6604791
6569655
6542435
6611452
6562042
6527837
6164643
6396905
6528713
6325070
6350165
6325755
