33113922
32888813
32299079
33907947
33595875
33885856
32708711
33009547
33673423
33946200
32747776
33243424
33298044
34094220
33515004
33912618
35653480
33769792
33882022
33643181
33338860
33745113
32936485
34642693
34445380
35088756
34073518
35641468
34261560
34699949
35160700
34636478
35438271
34774746
33621091
34288321
33801409
35148635
34326437
34044467
33435524
34786983
35114404
33268095
33789679
33764076
33373414
34294778
33546985
34119973
34231637
34403129
33904563
34620085
33849934
34682575
34131479
33485242
33583008
33283699
33821092
34002515
33988925
33569285
33625847
33221110
32410126
33769152
32948032
33179129
32938343
32782293
32409965
33489388
35204863
33136775
32898006
32495975
33155230
34331423
33903772
34207800
33776347
33275684
33510911
35029466
34627500
34900720
34535320
34217620
34073556
35953275
35329539
34249407
34515702
34686379
35246024
34956885
34347603
33762886
34457746
34802602
34051809
34292383
34006147
33367607
33866943
33732608
32537291
33599626
32841488
33213772
33923112
33028349
32466385
33671113
33869279
32720232
34239163
33516298
34153906
32965718
32524715
34299500
33503329
32420271
33048002
34033798
34596106
31585526
32509349
32395729
33856596
32676977
32028370
32698449
31903018
31965055
33440573
31560198
31394747
32626625
32449935
31499530
31622469
32336938
32164510
32512114
30320617
31902829
31506139
32338583
31518170
31700346
31406072
31534561
31928820
32574391
32724663
32639935
32387744
33056034
32359737
32463959
32700993
32404136
31691227
32834797
31672908
31769127
31801174
31748294
30659464
31671131
31768203
31771943
32427977
31818801
31265854
34379791
31971810
32264635
31921590
33050182
32195044
32860511
32731997
32182555
31828244
30125756
32531983
32999195
32355696
32379374
32333731
33336662
32557067
33044961
32520084
25799735
30868951
29914849
20522765
33623547
33363536
32698885
33149712
34416464
33501125
33353818
33901872
34835608
33347181
33239343
32933692
34507989
32472348
32018503
34224978
34804132
33827371
34515073
34339478
34840976
34662230
33855637
34713480
34217067
34400549
34804652
33941091
34205722
34353781
35379206
33621569
33658412
34835007
34089889
33059677
32736626
32317592
31140117
33462583
32660953
32512505
32653092
33769391
32411314
32682506
32019059
31372894
32224657
31871939
31374683
31073794
31076247
7521252
7604625
7730817
7611260
7706411
7689200
7735409
7765206
7809398
7780580
7811864
7775421
7823106
7865523
7859173
7807911
8162236
7871883
7983387
7822535
7918872
7953291
7935161
7938081
7930764
7854141
7855798
7859173
7923522
7629475
7970677
7962211
7870623
7931950
8011356
7925871
7989165
7997619
8031281
8042457
8009494
7915284
7959721
8115794
8071090
8029890
8097930
7980275
8066532
8018792
7950667
8017725
8129759
8078319
7967587
8158632
8052939
8099104
7997632
8064178
8240772
8019005
8016747
8054244
7998106
8028672
8111656
8178050
7963586
8034860
7907406
8046824
8000443
7974205
8124513
7996527
7938712
7856358
8106856
8056285
8061622
8016129
8061265
8153732
8136159
8281783
8063225
8042413
8012384
8103660
7993929
7957797
8092207
7997742
8032368
8049196
7991568
7965652
7999200
8144194
8031772
8083412
8021865
8027249
8037986
8063067
8084669
7985049
8107147
8026790
7969177
8061863
7982171
8135741
8022200
7928911
7945305
8049716
8091762
8001466
8238284
8024572
8049937
8146520
7875207
8058410
8002375
8006568
7891308
8139863
7970497
8108282
7909999
8213734
8025967
8017512
8107030
8018584
8011373
8056331
7990344
7978763
7964054
7979245
8099534
8006855
8062332
7958352
7800892
7932219
8064566
7890175
7980373
7948712
7946138
7980500
7968520
7872767
7951538
7868850
7998526
7862032
7917004
7881686
8015882
7973217
8088126
7964270
8152699
8003849
7974443
8110786
8051984
8101663
8065742
8036035
8004921
8122943
8059154
8504843
8127541
8160279
7920991
7969122
8176934
8219621
7929010
7987171
8068407
7746647
7996891
7886846
7874343
7957215
7882033
7911282
7985643
8163465
8061002
6541581
7715094
7574608
5367438
7887766
7933855
7984375
8012257
7871365
8125567
7966237
8022323
8314453
7989832
7999576
8072792
7940422
8160617
7968527
7918437
7854410
7961162
7843065
7897829
7847465
7798540
7924730
7922390
7852119
7843137
8033324
7905082
7904736
7869182
7784682
7893730
7849887
7804152
7957982
7761292
7492497
7439459
7388735
7639302
7769908
7810477
7760427
7715631
7821536
7764880
7730230
7308071
7588312
7741066
7525784
7555366
7534318
