33357359
33138593
32536508
34143931
33837037
34131659
32929195
33250163
33890842
34203923
32983152
33477663
33532989
34337968
33745143
34160590
35879861
34024261
34111923
33890578
33573403
33987402
33161895
34867766
34668547
35317153
34338135
35858122
34480192
34949158
35382806
34876305
35697939
34986871
33846998
34536473
33997340
35382664
34538914
34286958
33669183
35015061
35346112
33510282
34028529
33985702
33596267
34536405
33774176
34334405
34456350
34639589
34126300
34843761
34067965
34909945
34354142
33707278
33803934
33504099
34026317
34221118
34207314
33784363
33862010
33455585
32617166
33968820
33170468
33419796
33170580
33007636
32613225
33724845
35458435
33347375
33129637
32720278
33368389
34572298
34122167
34445144
34019647
33504142
33726200
35245231
34855796
35139160
34759616
34443967
34298112
36205714
35557342
34485306
34757760
34921174
35494921
35185121
34585054
33964541
34701264
35037995
34281809
34526154
34231768
33589115
34094912
33965677
32769710
33824892
33031701
33422990
34142279
33237726
32665734
33899900
34095469
32914704
34477218
33726188
34375540
33192323
32736603
34534794
33733579
32632368
33273766
34266613
34829561
31796033
32702117
32592191
34076538
32911851
32221799
32897674
32113627
32190687
33649474
31771068
31611924
32840170
32666570
31687787
31825272
32532324
32373750
32718672
30513172
32103888
31721095
32549932
31707065
31911333
31605411
31741785
32123144
32778073
32947586
32849138
32587013
33243585
32571799
32681735
32929279
32596622
31917300
33055428
31875409
31954809
32012147
31960242
30863815
31868208
31980512
31985000
32654586
32030999
31485278
34568832
32169898
32475602
32124993
33270600
32415171
33060704
32919845
32412036
32031604
30339941
32730950
33215917
32579113
32589799
32529806
33563560
32787323
33242000
32708716
26001447
31077801
30125367
20678917
33844328
33586918
32900799
33375628
34657791
33726622
33569354
34134233
35039769
33545313
33449753
33159850
34715932
32687645
32194434
34464540
35045301
34051179
34766978
34580977
35080481
34907122
34094299
34975054
34452901
34640705
35057268
34166435
34409868
34581704
35614238
33857277
33911473
35051489
34323525
33281192
32940112
32564327
31353132
33709388
32886504
32746475
32881369
34016637
32644959
32920604
32226605
31595159
32453212
32088064
31602767
31298451
31307111
7579479
7664980
7793212
7670913
7767695
7750527
7794103
7825972
7868403
7841769
7873639
7834561
7883226
7924971
7920374
7872192
8218993
7936824
8045636
7885657
7986545
8014444
7997069
7992186
7987595
7912529
7922632
7916124
7981298
7686420
8024535
8024619
7934472
7988470
8071201
7984341
8047647
8056840
8089579
8107769
8073707
7974634
8018586
8178649
8135234
8091731
8161065
8046357
8128156
8076205
8013138
8081369
8190810
8139836
8029686
8220342
8114358
8161160
8061799
8126433
8299698
8078986
8077270
8117763
8062678
8091495
8175592
8238529
8027519
8101280
7972365
8111603
8063089
8038522
8186889
8062791
7999849
7917839
8168005
8118700
8123745
8081761
8124851
8217792
8202071
8339745
8125803
8105759
8073256
8166664
8056113
8018631
8152783
8064161
8096764
8110534
8054280
8025542
8061933
8205184
8096437
8141762
8084068
8088931
8104023
8125541
8147774
8051936
8173448
8088692
8028413
8117686
8039620
8198458
8081703
7992619
8007222
8105119
8154186
8061335
8300602
8088736
8113041
8211309
7938493
8120820
8064759
8068635
7952382
8203885
8027493
8165460
7970043
8281904
8085002
8077732
8173784
8084671
8073716
8123239
8055574
8037409
8025787
8039745
8163314
8067761
8126153
8018772
7865860
7995022
8131230
7952180
8039216
8014193
8008239
8045190
8029138
7929366
8014332
7931262
8060970
7918980
7979109
7943336
8080866
8036709
8156139
8028878
8217368
8065138
8035971
8175691
8120941
8165688
8129202
8099894
8073057
8188516
8125055
8563181
8190795
8221397
7981135
8028523
8245188
8279328
7988756
8054081
8132878
7812197
8057018
7949537
7938772
8021387
7942118
7975524
8050288
8226418
8122918
6600614
7780293
7640746
5419186
7948449
7996773
8045199
8073605
7931699
8189903
8026883
8084742
8374518
8049247
8060367
8140627
7999735
8226496
8026478
7981151
7919065
8020110
7905678
7962119
7907555
7859404
7986731
7990434
7911062
7904246
8100626
7967649
7959632
7926410
7839401
7957328
7914607
7862878
8019448
7820323
7548351
7503794
7451646
7697906
7828547
7875529
7825233
7775116
7879692
7827015
7785643
7368117
7648334
7802996
7583526
7617498
7597968
