33339508
33103689
32486355
34091018
33791274
34073882
32909905
33213117
33867860
34161184
32929111
33449428
33497865
34290704
33700647
34109127
35848195
33983978
34063998
33838270
33530779
33942277
33117345
34834207
34639562
35310877
34278924
35804748
34449052
34915295
35338902
34830252
35663344
34959700
33809916
34487009
33976821
35360203
34513716
34208705
33613523
34981310
35296834
33451007
33976285
33952356
33557686
34482365
33743486
34305883
34409003
34587864
34078761
34799190
34025282
34857769
34335747
33655880
33751948
33461970
33985632
34190434
34158662
33755748
33827528
33410172
32564161
33934378
33127035
33360630
33110186
32965630
32598151
33662372
35387698
33300370
33082654
32692388
33320517
34518052
34079002
34403987
33978478
33457178
33678327
35202617
34788906
35107891
34720874
34390896
34252613
36151757
35514285
34431998
34692259
34878453
35457883
35142168
34543785
33912451
34672338
35003936
34233356
34495404
34206070
33553953
34031741
33912298
32714942
33769445
32991865
33377343
34107077
33188453
32609645
33868473
34056434
32867318
34431088
33680960
34331441
33130372
32685208
34493291
33662328
32597335
33224428
34214899
34780041
31738421
32674535
32577507
34025624
32851860
32163063
32828605
32064737
32154190
33590475
31734589
31568053
32792981
32600170
31647071
31773972
32487302
32302411
32680946
30456594
32050472
31661977
32495099
31668275
31867752
31541194
31700847
32104257
32732679
32892752
32807863
32542765
33202162
32539527
32647846
32883255
32568314
31851992
32995433
31828583
31912588
31951708
31913546
30820313
31825458
31930915
31926004
32593316
31966617
31418159
34543172
32136113
32436484
32071962
33199519
32380593
33025456
32862151
32348258
31977208
30276807
32703942
33190454
32518316
32546977
32493539
33516864
32731893
33196649
32683120
25946470
31019141
30069177
20652707
33793680
33560784
32874731
33349819
34604837
33672091
33552399
34087902
35006739
33508155
33400023
33098159
34677762
32653609
32137696
34418168
35003846
34012473
34720727
34538696
35051297
34853047
34044014
34921127
34434925
34602719
34999838
34132791
34392427
34553506
35584401
33818748
33861493
35032330
34295848
33232825
32932864
32538188
31320325
33681159
32847038
32735940
32878397
33967307
32589722
32874353
32192654
31559507
32425323
32034425
31558265
31245805
31272926
7601316
7683820
7809204
7686633
7786118
7766067
7818202
7845671
7886175
7860184
7890419
7856516
7906453
7946594
7940334
7890930
8243913
7958243
8065949
7903121
8001082
8034824
8016170
8016281
8009759
7935654
7939609
7934677
8001907
7708827
8046236
8043954
7951494
8012397
8091416
8005442
8063260
8077430
8112851
8121004
8096179
7993591
8037266
8198012
8155360
8114158
8185110
8062475
8147819
8097360
8031351
8099642
8212114
8157245
8050107
8237838
8137755
8182345
8076798
8147154
8323101
8106555
8096874
8138567
8081483
8113629
8195616
8261420
8046873
8119221
7987306
8132962
8088466
8056804
8205588
8078661
8020541
7941614
8189255
8137231
8144711
8102314
8143095
8238526
8216576
8362900
8139729
8129149
8096001
8184364
8075068
8037475
8174106
8081792
8112777
8130837
8076628
8046070
8080389
8223114
8120847
8165409
8101912
8111955
8125792
8148797
8162331
8068947
8192406
8109404
8051001
8142723
8062143
8218842
8104337
8013148
8027924
8127620
8173570
8081776
8322579
8102570
8133029
8231749
7957248
8141345
8084989
8088115
7972357
8225236
8051935
8193012
7989061
8299390
8102265
8094357
8193840
8105442
8091577
8142421
8074851
8058789
8043187
8062782
8182307
8092649
8146049
8040810
7887207
8008499
8148929
7970089
8061667
8037739
8026470
8063855
8051990
7951534
8032705
7949599
8080474
7938498
7999191
7966953
8099744
8059124
8175360
8043773
8237935
8085327
8056448
8195044
8141492
8186511
8148471
8117034
8091123
8205937
8144005
8592122
8214311
8244556
8004202
8045513
8268419
8301155
8001661
8067132
8152851
7827441
8078530
7973355
7955355
8041499
7961969
7995997
8068119
8247763
8145831
6612155
7796468
7658070
5432149
7967892
8018221
8067415
8096769
7951362
8210986
8052619
8105797
8396870
8069367
8081196
8156986
8019633
8248546
8043099
7997204
7935332
8040666
7926275
7980897
7929087
7875972
8007857
8005967
7934957
7922401
8115072
7988737
7983338
7947989
7860319
7975568
7934572
7884336
8040292
7836789
7572253
7523362
7469650
7716202
7848670
7898673
7847392
7792107
7896612
7844834
7805655
7383221
7666149
7816427
7604301
7634628
7617304
