33301212
33062908
32454676
34075741
33769610
34061939
32873409
33186876
33829053
34123217
32902230
33416017
33450529
34276460
33661210
34076889
35810053
33956296
34052768
33801099
33518911
33908932
33096641
34817368
34642006
35276961
34266600
35764397
34431138
34874637
35316949
34809161
35620005
34915864
33790135
34469812
33966243
35350296
34459824
34200671
33618207
34950357
35251450
33441946
33947395
33906089
33529980
34445651
33722657
34268849
34406253
34566017
34067036
34772443
33994642
34862029
34295296
33637509
33736242
33445275
33960112
34150290
34123542
33723166
33779378
33374194
32546319
33899727
33078900
33330397
33091257
32939310
32547935
33644709
35375242
33265500
33060338
32661935
33285787
34513878
34068165
34357509
33953206
33447787
33653547
35187556
34799968
35069933
34681683
34370534
34221974
36123771
35470773
34399678
34681165
34858068
35432336
35107039
34507211
33916089
34638913
34958862
34225511
34461666
34170641
33519694
34022131
33880406
32699986
33754625
32988300
33357287
34072163
33188426
32581032
33847214
34033750
32830368
34400945
33652120
34305828
33128736
32692149
34473997
33658177
32581664
33187658
34200095
34742003
31738335
32661384
32540178
33990412
32824538
32159920
32817593
32038969
32127428
33579737
31712341
31543118
32783885
32593703
31633134
31742316
32454826
32297582
32641676
30435746
32043802
31651556
32473436
31640361
31807765
31510902
31664466
32060880
32705283
32873743
32763260
32506427
33180681
32528963
32616742
32857594
32547432
31833199
32969636
31806197
31878698
31903239
31890365
30799561
31789646
31899788
31923368
32575688
31963527
31412059
34501702
32121492
32419240
32037840
33187156
32347827
33008995
32854443
32328255
31955140
30268562
32675691
33156028
32522141
32524227
32464350
33489190
32703726
33173272
32671577
25934577
31008176
30065887
20638991
33768894
33528141
32847523
33309809
34587641
33640687
33505775
34059893
34995182
33488840
33377205
33082424
34655757
32622010
32127582
34391411
34979517
33972947
34692246
34530566
35021421
34835426
34028335
34899822
34402633
34575723
34978396
34111222
34368735
34534779
35558226
33806152
33836784
35007939
34264121
33225452
32889242
32508883
31294447
33652858
32847259
32737282
32846767
33946481
32569032
32854296
32192076
31550017
32393712
32032021
31538801
31204896
31244628
7593571
7673921
7799143
7680817
7779225
7756510
7805905
7837953
7877504
7845733
7883955
7846880
7892191
7938456
7927230
7881371
8230777
7947967
8056127
7892475
7993370
8025998
8005740
8009782
8005875
7928334
7933779
7926345
7996751
7696887
8036567
8033502
7941680
7998960
8081241
7997604
8060827
8072257
8097724
8112092
8087710
7985755
8029151
8190391
8146567
8100080
8176549
8053188
8140994
8087206
8026590
8091762
8204349
8150157
8040047
8231840
8128663
8174140
8068827
8139846
8312826
8089004
8085849
8128473
8074371
8102727
8185235
8247785
8035633
8108731
7981172
8120704
8075423
8045372
8196688
8066479
8010955
7933244
8179911
8131750
8136002
8088964
8138737
8230269
8206452
8352865
8137416
8115739
8083240
8176101
8065701
8030418
8159924
8073139
8106021
8124650
8064257
8038607
8069672
8215371
8110623
8151860
8098096
8102366
8116004
8138244
8161878
8058302
8184972
8099532
8041546
8132636
8053655
8211802
8090454
8006606
8019222
8115856
8165621
8068812
8311492
8100253
8128793
8227040
7948999
8131503
8073535
8081282
7958915
8221148
8047296
8181896
7976948
8290704
8096819
8089067
8183935
8095897
8085733
8131482
8068052
8051569
8036407
8056683
8171691
8081886
8137573
8029864
7876749
8004869
8141227
7961761
8051833
8022060
8017903
8048425
8038645
7940760
8024172
7938110
8067250
7930971
7992515
7954340
8092665
8048294
8164991
8033922
8230032
8076966
8043698
8185335
8130693
8174123
8136038
8114906
8082592
8199398
8135538
8579153
8207155
8234483
7988152
8037853
8254122
8292957
7997691
8060328
8142461
7822281
8071051
7962609
7952875
8031970
7952446
7985945
8057691
8235984
8137335
6606710
7788237
7650535
5424525
7957059
8010136
8057961
8084373
7943380
8202107
8040239
8095270
8389728
8062565
8070367
8144392
8009753
8236961
8034915
7987516
7929057
8029061
7918585
7974135
7917059
7869280
7998736
7996210
7925661
7913991
8108398
7977112
7974521
7944719
7849877
7967910
7924036
7877302
8030327
7830035
7561425
7512675
7459465
7710092
7839953
7890726
7839025
7788540
7892942
7838438
7801435
7376683
7660495
7813139
7595477
7623109
7607529
