33381685
33124473
32513436
34138367
33827361
34131508
32922685
33248915
33909951
34192207
32961006
33470434
33521679
34327040
33742882
34134511
35881668
34022414
34102820
33875100
33588300
33967061
33153551
34891699
34675283
35342437
34321156
35846909
34478597
34921280
35376391
34871777
35695853
34991503
33853577
34507114
34025300
35415846
34532478
34266752
33661603
34996301
35323987
33504344
34014282
33973278
33582446
34505712
33780436
34343848
34442683
34618471
34125410
34842941
34049883
34910899
34364359
33693473
33806770
33517199
34022647
34220943
34202413
33779441
33848976
33427381
32612549
33961563
33171339
33387887
33130546
32999004
32593454
33713701
35438138
33334331
33120110
32705712
33363692
34563061
34126459
34436633
33990262
33502908
33712606
35251296
34845536
35136014
34760005
34435514
34270057
36188744
35554732
34462817
34735649
34895531
35485540
35176145
34568083
33940226
34694149
35046347
34279298
34528026
34232860
33598960
34076380
33951042
32750019
33809177
33043223
33423993
34139909
33238657
32662885
33892251
34094445
32911219
34462568
33735032
34354601
33196019
32732642
34532237
33719029
32630306
33247882
34281073
34824923
31781155
32712334
32610267
34076150
32883101
32207752
32881713
32087037
32173067
33639226
31775295
31591428
32825023
32644941
31688809
31799935
32525704
32366128
32712027
30496814
32075430
31700411
32542927
31709083
31888787
31589551
31710476
32128508
32765417
32953458
32845398
32576534
33248622
32577840
32680778
32924310
32597652
31894957
33018740
31891324
31935448
32017026
31950351
30847783
31867052
31961648
31973797
32639636
32015032
31449128
34557163
32175394
32469966
32104063
33256430
32396412
33070085
32916412
32390280
32025517
30326483
32730544
33216692
32571513
32581942
32533319
33549625
32773932
33220860
32734484
25984140
31060759
30109291
20680306
33832407
33589442
32919221
33388734
34662941
33708355
33576573
34126111
35042658
33551577
33454324
33139028
34734075
32684713
32202427
34472925
35056660
34025014
34748670
34566058
35091382
34892244
34079705
34962441
34457260
34638387
35047925
34178746
34432720
34598783
35627409
33850265
33909640
35059962
34338766
33287061
32927714
32580612
31375527
33704703
32885472
32773806
32907464
34018947
32631431
32915782
32247616
31587990
32458127
32073560
31604197
31298297
31289050
7600533
7681945
7810747
7689467
7785675
7771359
7815593
7849419
7890600
7860222
7892493
7857466
7902141
7947174
7941421
7891784
8246800
7958358
8066990
7903704
8006538
8033648
8018164
8020688
8011230
7938084
7940028
7934674
8002671
7705341
8047514
8042717
7956069
8011130
8094143
8000815
8071687
8078661
8110006
8123798
8096539
7994260
8038792
8200017
8154387
8114567
8182645
8061451
8148586
8098150
8030940
8098720
8216333
8161544
8049355
8242606
8139467
8182091
8085263
8150847
8325181
8104303
8099267
8136422
8082147
8112634
8199342
8257696
8049024
8122764
7988081
8131546
8082571
8057825
8208901
8078842
8023696
7938764
8190479
8138002
8146517
8103680
8143423
8241267
8218870
8366762
8142765
8128543
8097570
8187756
8074360
8042046
8173561
8081163
8116050
8128034
8074874
8045928
8079794
8221817
8122362
8165893
8105246
8111484
8125173
8150662
8167820
8071885
8194241
8105929
8053211
8144105
8063100
8219882
8104913
8014715
8030449
8130493
8174977
8083627
8320715
8109151
8136801
8233491
7956063
8138617
8083175
8094098
7971850
8227461
8054976
8194963
7992910
8299770
8106939
8098698
8193230
8105358
8093391
8143366
8074738
8058366
8045180
8062885
8181780
8094437
8147768
8039504
7886298
8011009
8151707
7976425
8063214
8038074
8028867
8058723
8051733
7952924
8036557
7950904
8082314
7943012
8001383
7964513
8101956
8058650
8174640
8046024
8244468
8085342
8064774
8197931
8143137
8189306
8148842
8120432
8095290
8212297
8144821
8586733
8214239
8246785
7999740
8052521
8264861
8302551
8009512
8074213
8158422
7832522
8079021
7973173
7958456
8043436
7964884
7996066
8071536
8247149
8148448
6616721
7798206
7658550
5433867
7967164
8021158
8071815
8098285
7954502
8208901
8052523
8106162
8396583
8075090
8086042
8157867
8019748
8245663
8048966
7998658
7940633
8037996
7925292
7978262
7930302
7879932
8009282
8004905
7937471
7927259
8119598
7989099
7983170
7952969
7860440
7977858
7937329
7883158
8044437
7844296
7567932
7526746
7473243
7718649
7851511
7897739
7847934
7796565
7899349
7847370
7808846
7383155
7670400
7819236
7609223
7638404
7612741
