33300507
33077891
32456932
34068027
33752882
34046126
32864344
33198362
33844488
34130451
32905914
33416500
33441032
34265124
33654250
34070289
35794137
33952376
34035150
33818057
33487313
33910074
33097240
34796424
34585460
35259341
34261891
35771707
34417483
34841233
35300146
34807027
35615190
34915428
33771441
34450127
33929845
35332471
34470678
34199922
33600274
34949556
35253920
33423590
33942059
33913644
33527997
34443734
33715377
34277678
34405160
34536867
34062088
34778009
33992101
34821697
34294609
33649369
33747802
33450051
33945424
34155096
34138094
33713083
33802769
33378129
32551426
33884602
33093660
33321177
33078000
32929318
32562099
33650923
35343647
33281438
33046136
32662053
33293890
34515757
34063925
34372431
33928463
33439146
33661185
35190762
34775213
35070948
34694030
34372819
34227776
36111323
35471664
34406969
34680878
34836552
35418325
35098740
34508234
33898004
34639215
34969696
34215682
34440301
34169212
33536927
33998218
33890344
32700667
33761126
32965505
33364370
34071276
33171015
32603376
33824418
34038457
32855978
34383163
33670607
34303595
33127913
32681705
34474242
33651542
32600264
33206559
34191363
34761865
31744735
32665753
32525680
34015296
32827416
32173439
32836770
32032456
32139117
33592815
31750834
31565515
32793825
32592557
31650845
31765468
32488977
32306891
32653214
30465681
32040370
31682815
32466387
31652501
31864767
31541520
31677195
32092868
32719070
32885184
32796451
32556018
33214198
32528162
32618942
32869973
32549441
31856845
32962367
31811556
31915143
31948681
31920754
30820030
31841608
31927581
31958080
32617349
31987009
31436846
34516136
32126446
32434522
32069471
33203488
32382084
33015537
32870072
32345076
31982217
30284138
32697085
33169569
32516616
32528549
32468856
33485676
32708467
33189821
32683921
25920449
31019355
30072227
20638705
33790730
33552120
32879239
33331464
34601665
33662652
33530358
34078422
34984262
33511628
33389419
33107336
34672522
32637650
32157461
34396104
34997713
33980302
34682110
34510286
35045697
34839205
34032073
34910481
34389053
34589748
34993019
34110286
34374629
34531101
35550700
33808267
33841982
35011886
34281380
33214205
32883557
32503848
31316026
33636661
32847525
32725233
32837641
33968794
32587077
32851849
32189341
31552873
32403076
32033847
31569598
31219782
31267183
7554784
7640760
7764127
7645446
7739960
7723801
7769207
7805201
7842451
7815474
7843601
7812094
7854211
7902592
7890680
7843190
8192548
7909788
8016706
7857831
7951573
7984120
7969267
7967897
7962238
7890363
7893292
7886962
7955755
7659927
7997410
7997564
7904051
7962590
8040595
7955810
8019012
8030317
8059801
8075774
8047850
7949309
7990641
8148852
8105720
8064282
8130106
8014614
8102444
8052441
7985883
8048465
8164988
8111749
7999503
8185971
8085691
8133475
8032548
8098984
8271890
8051369
8048096
8083719
8036417
8061893
8142457
8207742
8001524
8069877
7940548
8079790
8034556
8007995
8152836
8032226
7969018
7891642
8137606
8091250
8098140
8047211
8094565
8192349
8170514
8315155
8092862
8079646
8046956
8136599
8025422
7988428
8122258
8032559
8066306
8077711
8026166
7996807
8031197
8175147
8071460
8117014
8055504
8056462
8077099
8098873
8115328
8018627
8143714
8061227
8001595
8093055
8015132
8166783
8056378
7964775
7980598
8082599
8122047
8032857
8269182
8058302
8086794
8184133
7908192
8095606
8037572
8039722
7926184
8177483
8004645
8139526
7943873
8247239
8055994
8052690
8140657
8056143
8046936
8098405
8027292
8013485
7998656
8015794
8133167
8042056
8099303
7988722
7838478
7964354
8106517
7924032
8013789
7989880
7982652
8013145
8004862
7902075
7984093
7903678
8034152
7894373
7952883
7915739
8055009
8009516
8127818
7993077
8190040
8038525
8011351
8148684
8091525
8139775
8100819
8077971
8047014
8160329
8098916
8538186
8163915
8193432
7955690
8000933
8220525
8254735
7961958
8024927
8104027
7786666
8033695
7924135
7911669
7990625
7914270
7946421
8019160
8200885
8098343
6570764
7751718
7612698
5395933
7923464
7971560
8025017
8050358
7907740
8160391
8004208
8059660
8346874
8026832
8033693
8112187
7972798
8196162
7998904
7949180
7892966
7992164
7877243
7930457
7883274
7834089
7961214
7957728
7884602
7879885
8069378
7941927
7936859
7903919
7811877
7934020
7889969
7838420
7994997
7791528
7525320
7476467
7426697
7671001
7805215
7853327
7799041
7751879
7858626
7798992
7762234
7343953
7622287
7777876
7561634
7587688
7573328
