33406355
33203229
32580347
34187339
33892974
34169403
32995752
33324033
33957810
34277131
33048971
33549641
33591144
34401699
33784106
34206079
35916027
34086836
34177498
33958659
33650925
34053675
33227186
34937317
34750530
35421065
34400452
35894488
34560280
35004524
35460265
34940603
35761502
35066840
33914930
34597306
34055855
35465192
34602714
34340899
33740118
35086241
35397170
33575037
34085664
34068574
33661328
34590562
33864594
34395806
34529086
34691612
34187469
34898809
34142252
34958262
34434584
33800967
33886062
33577601
34109338
34302407
34281441
33844206
33936158
33513116
32693410
34024773
33230923
33451265
33225502
33090843
32697924
33782366
35496917
33408903
33195665
32798306
33450184
34652438
34207907
34491123
34075550
33577528
33792965
35320076
34905372
35207400
34844108
34520748
34364665
36252235
35617163
34558643
34817656
34980306
35563290
35253983
34663776
34043181
34763069
35112818
34355970
34607121
34306495
33684377
34168342
34023416
32834221
33893087
33110241
33508312
34213722
33319173
32726541
33967776
34189148
32986604
34537579
33812047
34444163
33269062
32818481
34598211
33815517
32721130
33344402
34326203
34901033
31871470
32809691
32687094
34136752
32974983
32293532
32958258
32149354
32277353
33709391
31870355
31674010
32916487
32729215
31778491
31889221
32618526
32436833
32785826
30590308
32183163
31795240
32607478
31794099
31973854
31643776
31815550
32213239
32847982
33031795
32931045
32668259
33330964
32639807
32748884
33007390
32684531
31973281
33121616
31963484
32043415
32076274
32028902
30952741
31941655
32055769
32070558
32729868
32099131
31558959
34655601
32261895
32568758
32203085
33327620
32504765
33142942
33002365
32473179
32123582
30409943
32831121
33306344
32653128
32657629
32609885
33639170
32855321
33314858
32825953
26073743
31141749
30184492
20735124
33896728
33668729
32981352
33452072
34734323
33786327
33649355
34211742
35122662
33620650
33521208
33224392
34814248
32770433
32290597
34528256
35127365
34122061
34827449
34644899
35170010
34979934
34161258
35039500
34532036
34733785
35126120
34243050
34514623
34666951
35712801
33943220
33977106
35140957
34415976
33361788
33015579
32649990
31440328
33757024
32962898
32842656
32971923
34097895
32697139
32983187
32304493
31656748
32519457
32160678
31692058
31359646
31394565
7575537
7664571
7788128
7668249
7765786
7747048
7792956
7829311
7866124
7839419
7872472
7836648
7880480
7927908
7916591
7867004
8213261
7933715
8044381
7883156
7982096
8013259
7995990
7992698
7987568
7915848
7920760
7912905
7981018
7686888
8027178
8019561
7929795
7989780
8067295
7979250
8041915
8056272
8085296
8101433
8071892
7974420
8014583
8178997
8132459
8093899
8157161
8038685
8128148
8071248
8011875
8075662
8191680
8135032
8028018
8214868
8114744
8163213
8059487
8126388
8300430
8080652
8074568
8113124
8061446
8088956
8174197
8232315
8027276
8090763
7966409
8110496
8063118
8034240
8181392
8052350
7999549
7920386
8168366
8116728
8122248
8075628
8122173
8215202
8196875
8337834
8118796
8106868
8072291
8165124
8052155
8014166
8146290
8059734
8092162
8106469
8050006
8022878
8057696
8202246
8095389
8142333
8080198
8086943
8099273
8128114
8147054
8045709
8171890
8088183
8029089
8121926
8038970
8196977
8081370
7992828
8009902
8106630
8152349
8061279
8298688
8085897
8113992
8206264
7937951
8119956
8064877
8065069
7951229
8202770
8033910
8172634
7965068
8277616
8084083
8073688
8166860
8083053
8068520
8123640
8051203
8037335
8025468
8044184
8158986
8069626
8124912
8019062
7865299
7994907
8132097
7949342
8043726
8015361
8004070
8042330
8032660
7929370
8016262
7930307
8059899
7919747
7977821
7943609
8080751
8033511
8152099
8023711
8221475
8064775
8038606
8171653
8120573
8164140
8128670
8101737
8071863
8185345
8125185
8563300
8193336
8223260
7980098
8026000
8241920
8278614
7988468
8047201
8136709
7812775
8061730
7953600
7938083
8017543
7942905
7972819
8047666
8222576
8127249
6603523
7778031
7635828
5422313
7940120
7996002
8043667
8068252
7931124
8184780
8025474
8086005
8371576
8051365
8058318
8137410
7999119
8224932
8026049
7976500
7915242
8016060
7901081
7958486
7909010
7858222
7985739
7983787
7909922
7903496
8094218
7963155
7960772
7929708
7839820
7957729
7916363
7864795
8020851
7818783
7550272
7505806
7450207
7695271
7824713
7874895
7824454
7776074
7874447
7823813
7785447
7363721
7643261
7800737
7585867
7615107
7597055
