33444138
33240222
32620480
34219655
33914476
34209951
33049709
33348322
33980864
34287988
33063572
33577755
33619229
34423943
33844822
34239510
35973524
34101182
34206293
33981148
33675381
34088010
33268502
34982767
34779658
35439272
34428280
35945325
34588818
35020569
35472015
34961861
35788986
35084931
33943601
34594065
34111030
35478451
34635753
34373935
33773765
35108428
35439964
33591527
34096503
34073250
33708472
34613953
33879662
34434882
34553952
34716664
34216408
34931788
34172519
34995030
34466791
33814931
33897238
33603150
34131671
34328157
34308147
33895766
33946137
33536059
32727632
34074964
33254233
33508417
33263128
33103147
32733273
33819648
35521797
33441678
33214746
32828375
33455596
34680197
34220228
34529634
34100553
33603908
33818450
35354639
34970159
35212214
34864216
34558106
34389633
36318681
35656994
34588541
34863990
35018471
35583260
35292672
34707069
34068193
34781997
35141005
34370669
34623491
34340458
33716416
34195683
34061703
32852154
33926585
33134770
33546910
34239550
33333888
32772041
33994005
34195214
33004087
34566204
33852419
34476689
33300484
32845744
34624562
33820149
32737317
33375100
34376735
34914629
31911144
32845123
32720003
34182719
32987286
32334805
32983313
32174293
32295409
33741092
31894682
31719771
32965643
32719852
31817943
31920669
32632724
32458783
32829603
30611511
32198523
31821030
32635715
31817709
32015970
31684332
31846492
32267892
32881563
33048794
32959545
32678611
33359223
32675690
32805568
33027385
32705255
32029901
33149371
31990827
32075260
32110434
32081779
30982795
31978752
32084845
32081447
32769423
32128451
31577157
34673044
32290410
32604911
32231943
33359589
32533776
33166496
33036816
32517556
32145232
30433909
32842501
33324420
32667138
32699091
32635116
33657361
32875765
33347402
32838640
26090464
31152612
30223292
20750899
33950894
33694846
33029320
33503594
34773634
33829467
33667598
34226397
35155664
33632770
33557442
33245601
34818996
32787461
32314011
34569007
35144864
34149452
34874484
34690990
35198519
35001009
34189810
35070863
34570867
34736849
35141696
34272989
34528925
34694213
35724036
33945319
34019534
35174938
34407356
33398027
33075139
32675104
31471772
33808942
32982234
32875554
33012890
34111332
32761790
33005120
32354892
31701470
32566077
32192983
31691400
31389541
31407063
7579678
7670369
7793943
7671619
7769464
7753419
7800700
7830853
7866595
7841590
7873797
7840204
7887261
7928797
7923209
7871751
8220393
7937204
8050147
7888437
7984366
8014927
7999849
7999154
7994510
7920061
7921437
7917105
7983426
7688110
8028267
8027128
7934404
7992014
8073381
7982330
8050685
8056491
8090239
8105521
8078004
7977406
8017821
8180193
8132013
8095061
8166718
8041914
8129371
8077554
8012363
8079573
8192514
8139505
8034719
8220171
8117891
8166351
8061247
8129262
8305955
8083684
8080690
8118694
8062283
8091766
8180587
8239450
8030714
8100539
7975314
8112502
8070590
8038959
8184345
8061993
8004095
7921739
8167503
8120716
8122939
8080894
8126124
8219453
8197144
8345025
8128510
8104898
8078533
8167093
8054336
8023664
8153775
8063975
8096435
8114723
8056545
8027477
8063342
8207085
8099621
8147246
8084106
8088505
8108339
8133450
8149583
8053863
8173980
8093384
8034068
8126676
8045834
8198313
8088451
7995666
8007651
8110687
8152233
8066539
8302696
8090406
8117147
8213555
7940605
8125139
8066543
8076212
7952624
8210054
8039201
8177352
7975294
8280049
8091144
8078738
8171376
8088081
8070811
8129502
8060101
8045218
8024014
8050139
8163851
8074680
8126159
8023559
7870205
7995027
8134127
7951176
8047009
8019303
8008188
8045482
8040440
7935336
8018111
7934506
8060605
7923820
7984502
7949689
8079573
8037736
8161671
8027531
8224648
8069940
8039228
8179237
8125043
8169938
8132649
8104094
8078413
8190923
8128703
8564522
8196613
8227732
7986344
8032286
8248310
8283334
7989668
8054777
8141089
7815713
8061212
7952638
7934847
8023643
7942006
7976842
8052114
8228527
8125837
6606267
7779690
7642548
5424595
7949266
7999686
8050176
8078687
7935024
8194669
8027982
8087021
8374071
8052051
8061819
8138917
8000210
8228254
8032536
7983362
7915384
8017919
7908120
7961104
7911965
7858839
7987817
7988236
7913409
7903271
8096563
7968276
7964673
7929354
7839160
7958971
7917548
7864461
8019106
7822478
7556227
7505468
7456530
7702045
7831250
7878746
7826983
7779257
7887191
7827789
7790400
7370180
7649724
7807146
7584522
7617724
7600393
