33463920
33250390
32625750
34246737
33944944
34214903
33051911
33366898
34008978
34308916
33074885
33580428
33641797
34458132
33843195
34241309
35985882
34126787
34216713
34006820
33711940
34091678
33288696
34987959
34785904
35469710
34447066
35960257
34628055
35035768
35499795
34989464
35802850
35112775
33968009
34606157
34142308
35521683
34652569
34408300
33801152
35119164
35451027
33616362
34138388
34121574
33686573
34646672
33898404
34473144
34561326
34763995
34248388
34964304
34193375
35021727
34504483
33832672
33935698
33624774
34155639
34336858
34348613
33912996
33981956
33567152
32737721
34091188
33291215
33516026
33273443
33122509
32759580
33842480
35550418
33485429
33238688
32834660
33492258
34675722
34249731
34577697
34144690
33641638
33841666
35379019
34973350
35251139
34895558
34570567
34391016
36343603
35676717
34594091
34882119
35051809
35608985
35307908
34726970
34082018
34807895
35169119
34411555
34662335
34367531
33717261
34215023
34089161
32877977
33943446
33161691
33560418
34275470
33357714
32796586
34006545
34224921
33055965
34575549
33855314
34488449
33324621
32857596
34663562
33859331
32766328
33382884
34399475
34949567
31921417
32849939
32724957
34192278
33016590
32358011
33019311
32197634
32311226
33789028
31915776
31752578
32961447
32777074
31818460
31942374
32667178
32489415
32845477
30651068
32219214
31867927
32685847
31842228
32042754
31735891
31867250
32262173
32901372
33078985
32969797
32722621
33384678
32705070
32800117
33046996
32749529
32050476
33169872
32001986
32091312
32124667
32107295
30996332
32008458
32103235
32096487
32780145
32146380
31622671
34695712
32320291
32624154
32249877
33398725
32546839
33179897
33044507
32536936
32171053
30454315
32875073
33364579
32692977
32742285
32663152
33667051
32911479
33381490
32865551
26111482
31205293
30234825
20774637
33963789
33726816
33053432
33502816
34790499
33859627
33720363
34265939
35178116
33692946
33566061
33280500
34870801
32818949
32338012
34584644
35172559
34195160
34885941
34707926
35224986
35034431
34206529
35087483
34589226
34761451
35167019
34308765
34561069
34734883
35767134
33972485
34037268
35207962
34467699
33423747
33082239
32694524
31492821
33830996
33025498
32894377
33029166
34141929
32770573
33031805
32385660
31730783
32575735
32204804
31719656
31414192
31437927
7576709
7663846
7789042
7667785
7764042
7747312
7793413
7823768
7865750
7836025
7867508
7834110
7883059
7925756
7917251
7869107
8212590
7931954
8038682
7885107
7981925
8011265
7996120
7993574
7986028
7915114
7916144
7910632
7985929
7683841
8024000
8021860
7926516
7987407
8070205
7977413
8050588
8053021
8086819
8101800
8072806
7970122
8015572
8176925
8131091
8094015
8154583
8039372
8127358
8076603
8006491
8079178
8191677
8136683
8027678
8216458
8115680
8162543
8059076
8122402
8298850
8076887
8077935
8116226
8060725
8088031
8172697
8236152
8028533
8092203
7967174
8105219
8066345
8034346
8179532
8060396
7998189
7918732
8166253
8114539
8119808
8078431
8123739
8217876
8194693
8340722
8119597
8100976
8071533
8165046
8049962
8020003
8146094
8054593
8094356
8110620
8049433
8023017
8061649
8201616
8094955
8138564
8082869
8087930
8101354
8125021
8144247
8047773
8171378
8084124
8029139
8120121
8038889
8193901
8082485
7987284
8005683
8107379
8151206
8061170
8293288
8084710
8110948
8210743
7934884
8117754
8062715
8065865
7950565
8206656
8031100
8167709
7966124
8276074
8084670
8073197
8166169
8082613
8071896
8125748
8055571
8037192
8027121
8040756
8159399
8070642
8121936
8017830
7869243
7990455
8135627
7954126
8042319
8014645
8010620
8042901
8029769
7928030
8014083
7926640
8057811
7919503
7975702
7944316
8077690
8037269
8158180
8023945
8217333
8064763
8036077
8176254
8121254
8168321
8126575
8097356
8069909
8183212
8123990
8561345
8195087
8220602
7978645
8030110
8243202
8276918
7983989
8050013
8134489
7810867
8058847
7949449
7934406
8023521
7941821
7969655
8047509
8223567
8123039
6603936
7780157
7636342
5424646
7942192
7995301
8044959
8068475
7931448
8190343
8027556
8083926
8369372
8052373
8054912
8134756
7998010
8222823
8024255
7974658
7911698
8018364
7900450
7956785
7905586
7859791
7984396
7983976
7912263
7900947
8088167
7968294
7960591
7928832
7838475
7952943
7912054
7861412
8018743
7820691
7550507
7501974
7451807
7696889
7830612
7878094
7824905
7774586
7883581
7824328
7789980
7367648
7644504
7799344
7584414
7615879
7597513
