33345130
33123113
32504873
34131208
33810769
34085544
32916408
33239367
33887855
34177560
32964726
33467087
33514061
34323124
33730241
34123127
35852912
34021793
34114116
33856568
33562611
33965805
33152962
34855767
34671416
35319837
34296325
35836930
34488087
34912422
35377210
34873519
35674279
34985889
33831057
34482472
34003438
35384089
34525112
34272810
33680712
35002861
35312833
33513520
34011237
33967337
33583438
34517245
33791479
34325225
34463818
34628361
34117336
34808125
34076520
34903766
34370313
33709805
33808029
33512517
34047922
34245627
34195547
33786884
33881986
33464270
32623360
33965826
33171631
33410911
33168576
33007026
32632846
33715165
35421519
33354714
33119654
32722371
33378136
34584293
34147170
34446198
34044007
33536283
33719736
35261826
34864948
35129106
34744850
34450889
34302800
36211812
35535728
34476560
34753516
34927628
35476002
35168329
34595598
33966181
34683683
35051503
34287655
34534100
34259415
33615751
34085637
33961819
32776862
33835360
33067073
33458012
34136546
33248809
32675725
33904886
34100845
32920445
34485836
33733036
34377944
33214904
32761106
34546167
33737565
32672487
33296945
34289355
34831269
31815178
32724661
32641200
34074122
32900959
32234621
32910324
32097244
32202031
33674149
31806209
31615886
32851643
32677063
31724799
31814992
32566878
32400448
32734972
30535824
32109631
31738298
32557490
31731588
31924655
31625237
31772645
32168643
32793539
32969626
32872481
32619891
33289520
32587311
32689216
32937522
32635763
31915714
33058417
31897020
31993683
32012074
31983252
30903316
31913819
31997778
31995188
32677605
32056333
31504589
34587130
32206823
32514449
32154686
33287929
32433359
33077399
32951911
32425404
32051600
30349159
32760461
33238471
32567186
32608951
32568900
33564472
32784180
33241918
32763285
26007973
31082311
30147518
20691986
33851137
33613369
32934407
33401497
34672954
33726570
33589379
34130435
35037212
33582556
33462720
33156579
34725282
32692165
32248640
34449983
35048544
34040949
34762434
34576578
35078461
34912074
34091838
34948095
34477008
34653712
35063929
34172920
34422527
34583489
35612148
33847872
33924468
35074326
34353152
33297651
32943159
32572219
31365333
33703144
32901191
32762134
32913138
33996950
32647024
32919132
32250627
31581022
32450984
32079518
31610685
31281745
31329199
7535204
7618726
7743409
7627717
7717890
7702149
7749320
7779580
7820546
7793574
7824740
7789040
7837259
7878906
7874255
7825348
8167233
7886327
7998444
7835687
7932266
7965438
7945504
7948364
7940948
7869269
7872325
7867409
7936137
7642725
7978154
7980521
7884191
7941189
8019647
7930294
7999444
8010795
8037503
8054925
8030339
7927516
7969688
8132112
8082020
8042637
8108456
7990010
8081825
8021104
7963224
8030619
8144104
8085787
7981339
8167298
8065917
8115083
8008937
8075170
8256412
8034268
8027949
8066842
8016808
8044943
8125950
8185587
7981364
8047811
7925397
8059958
8017336
7987576
8133596
8008925
7951574
7871279
8122045
8068532
8075422
8030298
8076423
8173701
8145693
8292078
8074518
8057370
8021933
8116039
8008083
7970856
8100357
8011895
8045328
8062215
8004482
7978001
8013288
8154542
8046694
8095637
8035994
8039036
8055683
8079399
8095558
8000624
8126689
8041781
7985706
8075306
7990759
8145869
8036175
7943360
7957323
8062659
8107618
8011224
8247825
8039083
8066629
8164107
7890075
8073334
8019072
8020365
7904340
8155845
7982951
8126296
7919162
8226965
8035142
8026178
8119504
8034088
8025453
8073561
8002690
7988536
7975979
7994361
8107305
8021638
8078817
7972503
7817469
7942941
8082744
7907799
7994394
7963993
7960130
8001057
7984576
7881386
7965869
7882503
8012366
7877641
7931611
7899323
8032792
7989054
8101620
7975402
8169835
8019412
7989565
8125550
8072435
8119267
8081947
8049344
8022946
8138678
8077214
8510319
8145939
8174885
7936562
7980859
8192512
8229849
7942005
8004106
8085701
7761384
8010100
7903856
7885018
7972666
7896908
7922133
7997098
8172470
8078789
6559739
7730721
7594180
5385811
7898610
7948611
7999155
8027894
7886182
8138812
7977564
8037443
8321501
8005996
8010774
8088685
7948626
8172825
7979492
7929364
7869000
7969834
7856256
7909241
7860934
7812709
7940309
7936384
7866019
7856789
8048708
7918170
7911704
7880844
7788869
7908781
7866519
7819092
7970944
7773864
7504150
7460027
7403586
7649531
7784082
7830153
7777052
7728083
7836493
7779036
7739126
7319540
7601152
7752167
7542523
7568272
7553156
