33390011
33170889
32542170
34144633
33855370
34143210
32956752
33279700
33935230
34217083
32996066
33512985
33542834
34369790
33766843
34163701
35886615
34042854
34145777
33920839
33612846
34011678
33197579
34901141
34711178
35369795
34349508
35858924
34519816
34948126
35391884
34892991
35718894
35047925
33873303
34523425
34023842
35436506
34574500
34316481
33709002
35056979
35381456
33528491
34031940
34032170
33635221
34549513
33818132
34380797
34479831
34661443
34158822
34876512
34100785
34931963
34400404
33770557
33858775
33566819
34055459
34257850
34240601
33845577
33913603
33489749
32674134
34034590
33229546
33452820
33186735
33069482
32678109
33764465
35451564
33398135
33154620
32761156
33401610
34596968
34185811
34497087
34059633
33556096
33771724
35288500
34890367
35168366
34791968
34480137
34339708
36239899
35587729
34528661
34789250
34942771
35548613
35220587
34631654
34018199
34747788
35076968
34344449
34582229
34288709
33652004
34132944
34010527
32802062
33875738
33094408
33461720
34186139
33306256
32726700
33928970
34148041
32963831
34497018
33794059
34432127
33244401
32797739
34581726
33768040
32704887
33303418
34317295
34869135
31874445
32785827
32665313
34133676
32956317
32278827
32953654
32156197
32260607
33710128
31838810
31673811
32905639
32702913
31754693
31869503
32602917
32424747
32784213
30584634
32143059
31787661
32593628
31773955
31968647
31662623
31806037
32214849
32841923
33005206
32916409
32655927
33304451
32627771
32739095
32984828
32669650
31963640
33105292
31939775
32018098
32071396
32028402
30930537
31935322
32046369
32043161
32708295
32102991
31563566
34636492
32248722
32565547
32177260
33333122
32470230
33121366
32982098
32454818
32085196
30397389
32804948
33282856
32625314
32656970
32594033
33627392
32846340
33306675
32796942
26031394
31130090
30171161
20720484
33891711
33658551
32976358
33464069
34712614
33771849
33622582
34156465
35094227
33620807
33511495
33177810
34765252
32741431
32280576
34500200
35107628
34103025
34785385
34622202
35155454
34955900
34124583
34994966
34523339
34686386
35087919
34212850
34480978
34642566
35663467
33896192
33949031
35125465
34398193
33337455
32985201
32599196
31406380
33739639
32922847
32801562
32954397
34049591
32665028
32949778
32299305
31639990
32492988
32123688
31641326
31344180
31342895
7539714
7623502
7744470
7627122
7723938
7707875
7750598
7782868
7824854
7796312
7827176
7791518
7836298
7884090
7874414
7828881
8169023
7888960
8000341
7840488
7939826
7966295
7951237
7950999
7947750
7871278
7871602
7869042
7936937
7643215
7978468
7977312
7884855
7947573
8024315
7936900
7999346
8012989
8043152
8056742
8029328
7930701
7976289
8129612
8082671
8048144
8111244
7993943
8082169
8027708
7966797
8033042
8142452
8091537
7981166
8168590
8071230
8119474
8016076
8081040
8251412
8033883
8030754
8070802
8019007
8042086
8128575
8191737
7983456
8053741
7923280
8064175
8019703
7991687
8135602
8012160
7951311
7873015
8119590
8066881
8079243
8035059
8078254
8172842
8152170
8290919
8074330
8057819
8028144
8119042
8009564
7974131
8103022
8014819
8047408
8061522
8011389
7978986
8017990
8161234
8054866
8096839
8041343
8041152
8057118
8081495
8099406
8003247
8126305
8043774
7986744
8071080
7998475
8153484
8039377
7944670
7963622
8062268
8103645
8017523
8254378
8039458
8070198
8166155
7891136
8076705
8018179
8024867
7908162
8161074
7988276
8124216
7925310
8233519
8040869
8032418
8123074
8040632
8028140
8075080
8008696
7995439
7979831
7996823
8112540
8027443
8080155
7975453
7823260
7949184
8088681
7908482
7997062
7969550
7964183
7998992
7990442
7885654
7968805
7889412
8015300
7873646
7932335
7903040
8037628
7991439
8109130
7981411
8173505
8017340
7994928
8132526
8075092
8122565
8084104
8056222
8028428
8141858
8080172
8516875
8146047
8177518
7936433
7987958
8193268
8232503
7942901
8007224
8086436
7768017
8013648
7906475
7892740
7975346
7896175
7928797
8002454
8180375
8079337
6561117
7734997
7593572
5391228
7900878
7952491
8002963
8030373
7886012
8141531
7980493
8035747
8325622
8010589
8014740
8086525
7953556
8176276
7979940
7934299
7872513
7972684
7856376
7912660
7869658
7814899
7941302
7938911
7870013
7855536
8051455
7921648
7917308
7887765
7792288
7912677
7868786
7823154
7976447
7777046
7504819
7460598
7410257
7655024
7784880
7831303
7779992
7731663
7831879
7780041
7745419
7323048
7602133
7756499
7543085
7574608
7552399
