33413172
33176853
32570611
34198561
33875728
34161548
32984864
33294123
33961705
34265029
33037171
33520378
33572922
34400491
33794407
34213026
35932448
34061150
34162763
33947079
33661311
34047348
33235887
34929143
34747790
35403566
34386372
35885371
34551571
34970892
35452766
34940101
35746944
35064420
33913813
34559710
34070843
35454214
34619364
34337153
33737021
35074171
35410543
33563908
34084947
34066202
33658597
34568349
33857314
34425656
34520160
34691028
34184480
34900313
34137592
34953787
34428160
33808379
33893731
33586628
34078012
34282262
34274216
33875964
33957774
33529599
32697100
34047690
33257957
33485718
33237657
33087819
32710037
33789555
35506414
33430204
33194474
32821577
33445999
34643161
34207547
34490406
34098097
33570707
33799746
35319792
34923201
35187505
34832450
34516063
34365158
36272362
35633772
34565456
34813128
34991923
35555023
35262739
34663947
34058276
34768447
35109848
34391595
34618216
34321272
33683113
34161239
34030260
32835147
33895155
33128006
33491159
34224248
33326629
32742765
33966518
34179527
32997765
34539631
33825175
34459076
33270586
32828824
34611205
33807305
32710023
33363062
34370095
34907642
31875067
32814243
32694268
34147525
32972676
32314201
32996151
32191718
32271307
33739149
31881103
31712930
32934562
32723511
31794470
31907756
32634819
32451686
32801952
30613659
32181911
31824089
32625535
31827263
31995013
31684696
31841429
32238935
32870872
33032292
32941060
32692617
33342884
32673361
32753549
33018515
32698501
32010999
33142406
31987405
32044367
32083955
32045453
30975773
31971563
32065407
32067724
32737118
32133534
31563874
34663000
32286491
32591537
32219140
33343853
32499363
33157807
33020419
32490995
32146057
30433487
32818614
33298972
32635737
32689377
32627480
33658954
32876981
33320850
32823281
26077641
31168418
30196144
20744474
33912980
33677407
33012059
33480523
34734467
33793825
33668969
34197702
35128018
33648368
33539190
33230421
34811990
32752483
32326037
34538315
35116729
34134666
34825934
34652523
35164482
34981498
34174249
35044265
34532912
34727851
35098972
34252582
34486277
34663381
35688136
33917289
33979454
35120694
34432293
33364890
33005312
32644581
31430895
33767550
32971832
32835667
32985469
34086310
32702845
32994012
32318110
31665598
32529970
32138172
31665570
31336867
31375659
7540542
7624838
7751415
7635622
7725397
7707718
7755426
7784180
7828175
7804043
7834135
7796755
7838742
7890175
7876317
7832258
8177096
7891986
8001275
7845285
7945655
7973724
7958190
7957461
7952829
7879390
7879283
7872116
7942723
7646883
7987116
7985627
7891223
7950049
8031338
7940107
8007479
8017159
8050564
8062837
8032620
7932611
7976455
8136533
8093894
8052936
8116141
8000443
8088557
8036984
7972253
8038572
8150200
8093969
7987386
8170825
8074333
8126718
8023162
8084329
8256130
8034908
8039547
8075688
8024734
8052634
8134252
8197516
7989625
8059862
7931747
8070648
8022152
7995788
8142702
8019662
7959537
7884363
8131938
8077902
8084888
8036672
8084122
8176667
8156806
8298969
8084779
8062506
8032519
8125969
8015736
7978588
8111381
8023491
8051357
8068289
8011570
7986668
8020742
8165535
8056729
8100593
8050214
8050048
8062319
8085985
8101192
8008314
8134399
8048362
7990767
8079116
8001556
8157723
8042820
7952847
7968232
8067404
8110169
8022952
8259910
8043692
8074604
8170491
7897469
8076319
8028724
8033103
7912594
8159539
7997581
8129992
7930734
8234744
8045484
8038652
8133957
8042547
8035744
8083430
8016598
8002279
7984920
8002954
8119376
8031350
8083883
7979280
7832178
7950343
8093563
7913494
8004779
7976795
7970656
8007695
7993203
7892332
7976587
7891231
8021537
7882017
7940435
7905318
8042189
7998177
8119619
7984011
8183449
8025302
7997736
8133804
8080178
8126753
8090284
8060832
8031677
8148704
8081699
8522690
8153087
8184077
7946282
7986885
8201326
8239388
7948894
8012334
8100372
7773663
8019437
7909672
7894866
7982577
7906657
7934653
8010454
8183924
8084893
6571423
7742412
7601628
5395563
7904239
7956818
8009874
8037560
7891148
8144952
7988854
8040453
8330098
8010327
8022434
8097466
7959706
8178642
7990216
7938813
7876909
7980314
7861654
7918842
7871687
7823448
7946061
7945785
7872871
7863198
8050876
7930183
7919295
7886829
7799435
7916991
7874417
7821848
7981072
7780005
7507479
7466752
7411612
7658184
7792135
7837091
7785405
7738961
7841902
7789005
7750276
7327844
7607847
7761022
7548340
7574735
7560148
