34127336
33920091
33331579
34897169
34630209
34908829
33733279
34069781
34730658
35010265
33795130
34314685
34356724
35128076
34576515
34973223
36641045
34852349
34922525
34721154
34446090
34803675
34025978
35693641
35514624
36167502
35181379
36661446
35317638
35767351
36221797
35726162
36526593
35833056
34686441
35354885
34849902
36243118
35410204
35109923
34549053
35880069
36184930
34364362
34876814
34877734
34471480
35394280
34629108
35221578
35293611
35502869
34959094
35710464
34951280
35735342
35223402
34576227
34691092
34372063
34870937
35111465
35066708
34649283
34748486
34313323
33520537
34826116
34053076
34300137
34029825
33894676
33530887
34584001
36269411
34225338
33994910
33590128
34234358
35462042
35033462
35339986
34868251
34424993
34593577
36069312
35728222
35995931
35625336
35307372
35207312
37062443
36379876
35365031
35664064
35806101
36381984
36066520
35436770
34860401
35592432
35924908
35172468
35434087
35126702
34516321
34976120
34835541
33662165
34718979
33930459
34357831
35026859
34131016
33588229
34784422
34996094
33823199
35327354
34632931
35227497
34109625
33638019
35372633
34610450
33554053
34171792
35150182
35711861
32757623
33633159
33527013
34981193
33781032
33123791
33825322
32992476
33072920
34569074
32703927
32520169
33733687
33568881
32644388
32728468
33462220
33290108
33589659
31448634
33011571
32627146
33437592
32637341
32829318
32512715
32648242
33063585
33666367
33841838
33768053
33513384
34145198
33420781
33565353
33835133
33521098
32798044
33941177
32780518
32885127
32911172
32888133
31809516
32784471
32861095
32892985
33570166
32919966
32403935
35403752
33080619
33384809
33037662
34142050
33294040
33895970
33807441
33262836
32934141
31203605
33611817
34082371
33390990
33499408
33404848
34459577
33655660
34080115
33600390
26773844
31912685
30959064
21311162
34742937
34465793
33782188
34273367
35507483
34583435
34439300
34970797
35874134
34415237
34327699
33988340
35565730
33529764
33147803
35301981
35877388
34870740
35583172
35407077
35909736
35716340
34920233
35776787
35275871
35441618
35825576
35001811
35229150
35387539
36426694
34647462
34718760
35869251
35109740
34070526
33756729
33322366
32108386
34468311
33671579
33519585
33716274
34789153
33443164
33725727
33059743
32360384
33233801
32861076
32376231
32071562
32073629
7511250
7595429
7724114
7598872
7692732
7676736
7727997
7758614
7798526
7768769
7803411
7767479
7810138
7845986
7849410
7797329
8120453
7865401
7960881
7813398
7914793
7936891
7929218
7918087
7914162
7840829
7844948
7836600
7904736
7619616
7942645
7946954
7850076
7908988
7994591
7903468
7975170
7976688
8010964
8022637
8000100
7894981
7937714
8098175
8053615
8019626
8082890
7957422
8050365
7995596
7935461
8002708
8106128
8057026
7953089
8130934
8035689
8083808
7983532
8049124
8212282
8004555
8001313
8042764
7988194
8016141
8103695
8150441
7957708
8023941
7898787
8034345
7990486
7963895
8092504
7983555
7924727
7847915
8094216
8036684
8050730
8001929
8047469
8146232
8119664
8249909
8043436
8022001
7995683
8085635
7981425
7934134
8062041
7981748
8016407
8028341
7972187
7943951
7984873
8126267
8019842
8063676
8011267
8013379
8024077
8051795
8069659
7973830
8104605
8018358
7960395
8049564
7965780
8122121
8016889
7915727
7929311
8037527
8071799
7988143
8211169
8011235
8039524
8120515
7863219
8047688
7993131
7987730
7876636
8136738
7965394
8099297
7897162
8192006
8016197
8005739
8098026
8012977
8003018
8061507
7991108
7969110
7956643
7981601
8092542
8003482
8052504
7941794
7808109
7927577
8063076
7886567
7978663
7945886
7949876
7982099
7966786
7860845
7942658
7864798
7989932
7849660
7900512
7881057
8010981
7966454
8086631
7955400
8153550
8000767
7975334
8107313
8056183
8100680
8063408
8032950
7999372
8110719
8057939
8460685
8116353
8151701
7917286
7951791
8166482
8196128
7921176
7979971
8066312
7750944
7985129
7877222
7857843
7954035
7872633
7899606
7977310
8141869
8053618
6568213
7712437
7579250
5404452
7874183
7922967
7972803
8001918
7851225
8112479
7950959
8004517
8276349
7973434
7988025
8058383
7923568
8148646
7961855
7902925
7836254
7941463
7824959
7881765
7830595
7784525
7911507
7907376
7836763
7824084
8012529
7892819
7879271
7854067
7755929
7878172
7838710
7784259
7934844
7743583
7484120
7438543
7382560
7622410
7754391
7801625
7757234
7704729
7814507
7752073
7721483
7300567
7578237
7730836
7520180
7553000
7531173
