33327700
33141030
32521041
34086349
33816458
34104729
32922919
33245023
33902637
34195371
32987963
33482644
33521211
34342781
33726856
34138336
35857826
34017860
34105938
33857763
33580339
33977083
33154539
34860636
34671502
35365359
34317431
35825409
34466761
34909950
35383288
34848689
35676364
35001564
33837413
34525587
34002120
35406619
34548750
34267065
33691531
35032975
35343046
33529886
34006225
34007241
33607841
34537705
33809144
34367003
34464108
34642126
34141378
34842561
34066042
34911609
34374091
33715417
33817805
33537935
34055262
34237586
34208422
33817499
33889756
33452390
32657612
33974431
33181411
33433543
33181418
33018822
32651220
33712183
35434267
33379388
33142933
32737674
33374765
34569005
34141085
34450441
34053651
33539974
33721509
35250634
34875249
35152542
34775693
34456955
34303579
36203652
35566786
34496309
34766476
34942446
35495863
35183969
34611256
33989220
34715303
35056445
34308498
34555607
34268301
33629867
34116652
33989504
32792253
33852079
33059798
33447438
34164709
33270037
32697335
33902067
34121170
32951941
34487548
33745875
34402736
33223377
32782736
34557961
33751997
32675109
33289156
34284694
34850592
31861493
32751226
32640943
34104892
32920104
32264827
32926466
32149564
32229310
33687730
31840141
31648015
32880736
32698300
31752272
31845609
32572034
32418378
32747938
30554653
32141249
31748856
32569311
31771571
31934932
31648162
31780010
32180810
32813269
32975125
32897800
32628949
33291589
32605169
32718104
32952729
32643184
31954835
33088034
31921269
32014891
32039373
32006945
30931300
31933371
32028015
32022541
32704348
32061977
31524159
34605433
32221887
32527412
32158798
33301196
32446793
33094563
32953563
32442684
32068627
30374605
32776422
33249027
32609386
32646397
32577358
33607576
32822927
33266776
32776446
26040274
31108167
30167080
20705254
33877408
33632714
32949326
33422733
34685771
33740184
33606921
34137847
35065057
33593704
33499483
33174097
34747501
32718618
32259988
34484941
35074148
34066056
34773414
34608677
35098600
34913161
34095942
34972950
34475724
34664682
35040811
34179581
34453952
34588620
35643771
33870593
33917564
35084401
34336546
33304245
32953553
32576743
31366685
33725798
32918575
32771187
32925095
34019156
32641941
32921743
32270336
31599705
32483570
32099564
31611373
31306741
31321722
7516208
7603742
7723959
7603770
7701660
7688883
7730636
7761911
7804056
7776623
7806479
7774582
7819929
7866760
7853483
7807500
8150379
7870718
7975618
7816335
7918318
7947424
7928120
7929374
7925053
7854629
7851596
7848453
7914221
7623533
7960656
7953990
7866268
7923586
7999335
7917886
7981671
7990630
8020333
8035694
8008680
7909360
7952550
8111459
8061580
8027873
8091181
7976828
8063359
8008553
7948202
8013654
8126410
8067644
7958728
8148222
8048469
8096619
7995693
8062326
8234658
8009262
8010156
8051078
7998945
8020078
8107987
8166377
7964160
8030593
7903639
8042939
7995716
7967490
8113363
7991512
7935459
7853024
8098932
8045674
8056354
8012596
8056987
8156172
8123884
8272837
8057605
8040042
8008146
8096328
7988876
7952370
8082237
7995708
8028724
8044892
7989093
7961433
7995889
8136194
8031697
8077197
8019602
8023200
8037057
8059547
8079006
7985645
8106364
8022531
7963782
8052157
7973565
8131124
8018419
7924046
7940102
8042617
8086636
7994397
8231048
8019122
8048212
8145085
7870573
8051373
8000551
8003503
7889623
8142517
7966847
8104483
7905133
8208381
8018733
8011596
8106250
8017249
8007333
8059266
7987956
7973151
7959082
7980112
8091863
8005066
8062186
7954758
7801818
7929289
8063603
7888326
7979522
7947419
7946088
7982734
7963439
7866544
7951279
7869353
7992927
7858569
7914506
7885254
8013207
7973129
8089741
7962642
8154197
8002941
7974256
8110859
8054747
8105242
8065619
8031407
8004884
8116443
8058046
8494096
8125390
8153796
7919350
7963296
8174605
8210203
7925571
7986618
8066390
7746948
7992845
7886163
7874390
7959407
7881905
7912547
7982464
8155876
8059857
6547351
7713866
7577792
5375918
7881214
7931922
7981869
8009991
7870551
8119052
7962423
8017207
8304280
7987152
7995233
8072768
7934914
8156676
7964168
7916265
7855087
7953875
7841533
7895435
7846849
7796442
7918134
7922325
7848131
7839946
8028991
7899322
7896723
7864117
7776429
7892420
7850164
7802018
7955347
7756431
7485517
7443267
7388918
7636569
7766521
7811306
7763777
7715713
7814296
7760286
7726496
7303878
7586312
7738650
7524781
7550921
7532866
