33165219
32966021
32356987
33964411
33644379
33924402
32779938
33075242
33732448
34020269
32803168
33306679
33363231
34151514
33573389
33966267
35689952
33844419
33940016
33704916
33407638
33795442
33011477
34687463
34482819
35166913
34155679
35658138
34310887
34731507
35194406
34687652
35512033
34817996
33659268
34322171
33856125
35214084
34382499
34101129
33500109
34852502
35173867
33333418
33854766
33835174
33438918
34350056
33619583
34184690
34272626
34462457
33973126
34679729
33906580
34746246
34197578
33567925
33646771
33362528
33879798
34082707
34043958
33653556
33725025
33296984
32462803
33825772
33017441
33266163
33021835
32864021
32495990
33566241
35271355
33204396
32978028
32584405
33209281
34422230
33970932
34279206
33859001
33364856
33566964
35083930
34693792
34967244
34601320
34304357
34139810
36010096
35401675
34320309
34600051
34763592
35324029
35013734
34432081
33818079
34539012
34881937
34136169
34386013
34094062
33468086
33959940
33812634
32640648
33686324
32909332
33303057
34005595
33110761
32524712
33753024
33936024
32802373
34316471
33583235
34246258
33065385
32605230
34402703
33607551
32525219
33135641
34128400
34675203
31693450
32580555
32488866
33943565
32779596
32126906
32780001
31972226
32075513
33538444
31679561
31510807
32710791
32540795
31597274
31687165
32412928
32257960
32605902
30413772
31989660
31606339
32429828
31612379
31809067
31500137
31614189
32035609
32652388
32827185
32723683
32497986
33126352
32460138
32562369
32789814
32472004
31781749
32908039
31767535
31872333
31885305
31866953
30772185
31768366
31868407
31880286
32539599
31922772
31360508
34456605
32073012
32374498
32017273
33132421
32302254
32931900
32790619
32282236
31920156
30204347
32627297
33091956
32431746
32495384
32404278
33423134
32641384
33116428
32604636
25880029
30952456
30021714
20597877
33702698
33471069
32788768
33270940
34528434
33563188
33459064
33985019
34898855
33446349
33329744
33024368
34565458
32560909
32112293
34301482
34888087
33924974
34596294
34435169
34936379
34749615
33915410
34803587
34302739
34478727
34878846
34024953
34266932
34424984
35459924
33697324
33751365
34910966
34186125
33132860
32807343
32420168
31212668
33558580
32758773
32620115
32744125
33831031
32488440
32759646
32101091
31452097
32286973
31939472
31457620
31137543
31143668
7478181
7564720
7687411
7573858
7661186
7645603
7693823
7721437
7765846
7739124
7769177
7733827
7780085
7823693
7815264
7766365
8111496
7832254
7937935
7778521
7873768
7907565
7893886
7893695
7883793
7812564
7815890
7814287
7879298
7587275
7918942
7919713
7829533
7885353
7960536
7876776
7941417
7954284
7982721
7996998
7966969
7871662
7913999
8068819
8025585
7987362
8052094
7933526
8021242
7969760
7904917
7970449
8084750
8030270
7922562
8113016
8008530
8055979
7953804
8018276
8192039
7973958
7972090
8011368
7957872
7984237
8059622
8129657
7922945
7993283
7865133
7998440
7954802
7930727
8076566
7952087
7895123
7814594
8058735
8009861
8017264
7972100
8016580
8112505
8090092
8232147
8015525
7997510
7969211
8061512
7952653
7914053
8046350
7955735
7988050
8006373
7950301
7922478
7956573
8097377
7995212
8038435
7980070
7984988
7995209
8021659
8042928
7946106
8065575
7985047
7929256
8016924
7939963
8091726
7977051
7889050
7901012
8004909
8049215
7957933
8191813
7978716
8005842
8107164
7837089
8012881
7958983
7965347
7849581
8096841
7925250
8063098
7869314
8170196
7985234
7973097
8063459
7977196
7973899
8018405
7951944
7933877
7923413
7938216
8051845
7966490
8019834
7914503
7760476
7889106
8023687
7851909
7936831
7910217
7906674
7936735
7927404
7830259
7910948
7828571
7960524
7819050
7877305
7843391
7973193
7930027
8049891
7917650
8116309
7962607
7933697
8070487
8011473
8059679
8023813
7994619
7966447
8082622
8016598
8455261
8085743
8113644
7877526
7925017
8135483
8169374
7882740
7951161
8028700
7702390
7957171
7847730
7832231
7919558
7838907
7868509
7939219
8118767
8019752
6508011
7674200
7538263
5344941
7842945
7896727
7942523
7971425
7832383
8083810
7926253
7980210
8263544
7951321
7958549
8032809
7895243
8115297
7924355
7875051
7815779
7917447
7801682
7859083
7813383
7761877
7882428
7885034
7808714
7802246
7992430
7864686
7858277
7826855
7738175
7853448
7811892
7764050
7918795
7718578
7452317
7405714
7351863
7600403
7731957
7775940
7720486
7675842
7776877
7721852
7687290
7269419
7544539
7701719
7485829
7514998
7496230
