33289292
33111262
32503497
34095790
33782787
34073764
32900640
33214101
33869914
34142173
32944104
33446736
33497257
34312247
33717659
34112176
35839522
33984761
34086345
33867898
33555899
33941442
33150115
34825754
34641314
35313404
34309217
35808675
34464295
34886817
35361542
34831676
35667823
34975533
33826132
34480708
33999669
35384125
34521677
34257688
33640801
34993382
35289568
33496996
33985753
33985758
33578737
34501063
33764889
34328004
34421412
34597145
34101260
34812747
34055691
34877081
34344845
33693865
33804675
33500918
34031307
34198734
34187833
33789373
33862897
33447065
32616281
33944857
33155463
33391677
33159309
33005823
32626661
33709593
35424498
33335661
33103656
32726435
33350326
34568606
34124163
34426689
34008353
33489999
33694776
35231873
34823831
35102046
34756140
34433585
34286356
36165109
35537861
34449965
34733724
34906023
35475796
35148351
34563681
33966822
34682726
35023775
34274261
34534774
34254761
33611676
34099602
33963288
32770133
33838216
33037708
33440757
34124555
33232271
32682165
33874723
34097675
32928489
34458646
33720245
34385887
33205971
32758140
34532112
33739739
32634000
33283436
34272056
34827406
31830766
32734605
32603578
34065606
32893640
32233360
32899361
32097436
32215336
33661639
31807823
31628509
32847676
32674494
31708766
31824411
32555149
32384127
32730387
30546151
32115635
31732549
32556975
31725993
31924335
31638073
31764604
32145437
32790019
32955347
32863230
32608197
33266965
32571413
32694637
32918384
32619455
31907410
33040312
31905053
31985931
32031659
31988774
30900725
31889775
31981316
31985030
32679784
32052233
31492340
34579006
32200242
32497325
32146456
33259549
32428672
33054779
32917655
32388702
32060655
30344582
32754928
33225275
32571474
32602886
32534991
33566103
32782588
33248311
32739425
26013660
31061157
30131254
20683966
33828614
33594177
32924303
33399005
34645750
33698200
33573118
34112431
35059075
33561037
33465993
33149667
34714372
32678690
32223239
34450632
35029724
34038311
34733437
34559932
35045489
34873633
34055264
34926831
34440323
34615416
35023845
34164580
34394432
34566155
35605369
33856021
33900033
35026586
34329200
33264143
32922301
32537226
31341781
33679393
32872818
32740027
32879220
33973879
32621195
32900728
32221294
31577025
32431382
32046923
31589241
31259227
31262179
7506805
7592837
7718429
7602661
7693770
7676383
7723005
7752688
7794271
7766787
7798496
7764544
7808861
7856962
7850405
7800785
8145099
7859971
7969824
7815827
7904636
7936703
7922805
7918922
7914436
7844263
7847003
7843404
7908488
7616522
7953480
7949351
7858563
7916111
7995115
7909665
7973175
7982859
8011683
8027680
7996551
7900655
7939793
8104753
8055301
8020623
8082092
7966269
8055310
7999460
7937870
8002361
8113731
8061392
7955739
8140161
8039805
8084209
7989635
8051251
8225093
8002697
8001594
8043674
7989599
8016914
8096283
8155993
7953757
8021792
7894892
8034026
7988723
7962177
8108135
7982022
7923168
7847805
8092742
8042214
8050886
8004027
8051682
8144877
8118737
8263564
8046127
8026625
8000373
8090235
7981251
7944655
8075975
7984491
8019357
8036131
7980408
7950247
7985386
8128447
8023875
8066854
8009848
8016250
8031537
8051763
8071572
7978848
8099691
8016057
7956959
8048549
7964900
8120388
8010587
7915319
7933477
8033246
8079505
7985593
8225186
8010977
8041950
8138448
7862991
8043314
7992540
7998822
7882137
8130245
7962175
8092520
7898301
8196548
8011271
8002942
8093099
8012803
8000201
8048426
7981482
7965061
7952849
7967286
8084306
7998284
8053035
7943893
7794729
7920565
8054622
7882945
7969104
7940296
7937264
7970548
7955616
7858515
7940993
7857431
7984347
7851444
7904912
7875019
8005625
7961259
8079316
7951168
8146402
7994358
7966411
8100629
8043207
8090148
8053252
8022772
7999545
8113215
8046948
8487102
8114932
8144732
7909247
7951774
8167630
8200251
7913302
7976914
8061031
7737550
7986770
7879226
7862158
7945277
7869527
7899246
7971703
8148996
8049945
6538748
7704831
7567667
5367260
7870331
7923319
7973281
8002720
7858791
8109244
7953270
8006044
8298637
7976020
7988709
8063826
7924644
8146987
7952285
7905613
7844587
7946499
7829675
7886876
7834171
7786673
7912098
7910982
7840271
7831419
8020892
7897321
7887201
7855893
7765875
7886322
7841244
7790504
7948380
7745167
7479177
7432903
7380580
7627097
7756965
7803975
7747791
7703502
7809152
7753748
7715179
7297352
7575947
7725627
7514035
7544717
7521701
