33293978
33094881
32488289
34078887
33809636
34071421
32900855
33195436
33878317
34156242
32941355
33459912
33511086
34318352
33712843
34109887
35826746
33985136
34083396
33850941
33547548
33946455
33144170
34829181
34641326
35314892
34296787
35808216
34470652
34882536
35357466
34850991
35651746
34949338
33817520
34461434
33972718
35373120
34526307
34256950
33655635
34986673
35299339
33484049
33985374
33982363
33578076
34498051
33762818
34322443
34437785
34622755
34083983
34812997
34062605
34872632
34344390
33718781
33802034
33501703
34001073
34205022
34192367
33793506
33856373
33421869
32614931
33951428
33157468
33405223
33161989
33007166
32625087
33704935
35403852
33344393
33100265
32719102
33353756
34559014
34122280
34409477
33996327
33513205
33713744
35239509
34856117
35116565
34761008
34428785
34290564
36158344
35529425
34485896
34733712
34897794
35460464
35164704
34562889
33938065
34680335
35038605
34265394
34524484
34215381
33625654
34084079
33942906
32753489
33819583
33034834
33430359
34112291
33224360
32663467
33884594
34056276
32920183
34459065
33718783
34369242
33195756
32736919
34512448
33714260
32633769
33264510
34243375
34811818
31801820
32727488
32612423
34051517
32895002
32218825
32895352
32109848
32209862
33642710
31799218
31613838
32855361
32665438
31713872
31821392
32550799
32378672
32699763
30555554
32111977
31739804
32535260
31723118
31926148
31616799
31740657
32144349
32787256
32960377
32872340
32612331
33277281
32569092
32684848
32906106
32616048
31912487
33059426
31893218
31970720
32018376
31968960
30889360
31887392
31971292
32008630
32652369
32048145
31489397
34573600
32207806
32490508
32133965
33253550
32417693
33075559
32927012
32407970
32040862
30341824
32736356
33227492
32561287
32606324
32531938
33556486
32783227
33253330
32730083
26005049
31059263
30138495
20693657
33848840
33600603
32913888
33380233
34659703
33690184
33572225
34099026
35025041
33548191
33455047
33146688
34702033
32671187
32239729
34447924
35027152
34029534
34718676
34551472
35056750
34886557
34064587
34930816
34420024
34617996
34999196
34154381
34404461
34557888
35600117
33826551
33892082
35041065
34307694
33261848
32925094
32528125
31338580
33660212
32872248
32732418
32885447
33967679
32625584
32877493
32225040
31582547
32419649
32062952
31588390
31240169
31277993
7506567
7593425
7719339
7600429
7697960
7678725
7726401
7752219
7801929
7771594
7799695
7767721
7814642
7859905
7848099
7801802
8143742
7865718
7969851
7814684
7910338
7940342
7925227
7923375
7919474
7846524
7849665
7842397
7911600
7618721
7955983
7952567
7860509
7913532
7996750
7909438
7974158
7987747
8015985
8033048
8002379
7901951
7947050
8102006
8057736
8021211
8083108
7965454
8055120
8000429
7940520
8009305
8116075
8065061
7958664
8142768
8041039
8092335
7989102
8052401
8224642
8005143
8004339
8045511
7991159
8014277
8100445
8160524
7955650
8024054
7901571
8039789
7989351
7964370
8108412
7987742
7922732
7848697
8093119
8042711
8050552
8004256
8048960
8149165
8123016
8267428
8052988
8030827
8003856
8090804
7984246
7945233
8075443
7991981
8022443
8037967
7978132
7952559
7987992
8128106
8028419
8071262
8013070
8014533
8026050
8056170
8073198
7977366
8097698
8019129
7960187
8049564
7964293
8121897
8009507
7919381
7927957
8036384
8079631
7988574
8227450
8011807
8040638
8133325
7861832
8044525
7992067
7996121
7879017
8129765
7962223
8095877
7900077
8202940
8011195
8004170
8099294
8012962
7999108
8047438
7980129
7968978
7951463
7971284
8087236
7995966
8054012
7942166
7799272
7919197
8059410
7879513
7971578
7943641
7937248
7972535
7960269
7860030
7944736
7861231
7989498
7854929
7906466
7879325
8003874
7965030
8084644
7955243
8146687
7993643
7967409
8101926
8043989
8093474
8054151
8026699
7996471
8113553
8051138
8486422
8120593
8146014
7912536
7953904
8169658
8207277
7917078
7980528
8064143
7741519
7984476
7878726
7865484
7949813
7870842
7899734
7975088
8151493
8053618
6539077
7704589
7571913
5371991
7875250
7927769
7973578
8001746
7861822
8114460
7955893
8008250
8295116
7980347
7987162
8063309
7924594
8149229
7960106
7908658
7845926
7945320
7830543
7884297
7837275
7792198
7912811
7917203
7839842
7833370
8020077
7895746
7887920
7857586
7768933
7881379
7846438
7796622
7949604
7745055
7480870
7434311
7381979
7626816
7758879
7804040
7755296
7705076
7810907
7753341
7716404
7298910
7575557
7730142
7516584
7543328
7524762
