33320474
33086829
32488158
34062636
33790261
34050159
32867594
33211281
33847339
34120693
32924072
33427970
33463580
34283387
33694535
34082936
35820251
33977584
34049365
33843210
33538547
33920807
33124266
34804474
34620209
35268783
34291422
35816375
34432790
34874409
35331365
34838501
35640532
34940380
33786859
34454632
33960134
35355092
34514410
34237564
33635051
34986333
35276844
33459123
33964157
33958409
33559545
34480780
33746481
34300369
34421304
34587153
34074301
34800064
34020862
34857724
34323855
33693176
33786359
33494281
33974567
34191844
34171847
33743161
33853847
33409881
32602044
33941941
33133432
33362249
33139990
32966407
32597371
33681196
35403953
33321462
33092499
32681334
33325873
34552020
34098500
34387406
33970457
33505654
33701660
35225672
34792516
35092305
34715040
34410445
34259849
36149412
35505428
34458988
34696473
34894101
35448552
35148307
34562887
33947559
34668952
35001868
34239432
34486975
34225834
33590903
34077954
33916428
32735960
33802761
33032439
33412047
34095551
33223561
32647853
33857851
34066464
32910707
34442507
33702290
34367844
33187885
32719546
34492850
33704393
32614390
33259892
34216305
34785442
31791691
32713936
32604552
34044695
32884356
32219864
32876555
32100173
32163655
33628657
31766015
31608378
32828590
32635477
31688998
31783899
32529086
32349443
32714830
30517100
32071718
31715393
32533532
31702438
31902263
31598048
31724497
32116968
32763876
32932581
32840701
32585049
33249328
32549361
32658952
32896470
32608930
31901045
33014138
31864390
31968380
31984683
31955127
30874725
31873637
31969197
31987315
32659488
32025792
31460612
34556473
32181912
32460414
32116462
33238869
32392517
33066648
32902679
32386519
32039013
30310551
32712684
33205987
32546562
32576923
32512672
33533905
32764908
33243398
32719167
25973996
31066325
30091503
20655995
33809912
33575688
32899469
33362010
34628391
33682824
33568509
34097954
35010276
33524905
33430532
33138827
34698191
32657265
32203834
34422707
35003925
34034781
34711724
34539997
35048403
34863343
34047160
34914130
34436388
34588341
34987294
34124824
34392887
34559562
35581490
33822721
33873189
35016321
34280942
33259012
32917309
32524166
31316749
33649495
32873377
32710811
32866209
33966026
32601622
32856408
32215805
31550464
32403281
32048231
31556239
31269626
31277487
7521054
7598093
7725621
7602801
7702713
7683784
7724514
7760989
7801856
7772420
7804541
7769383
7813093
7861344
7853203
7800589
8146600
7868401
7974131
7819111
7914355
7943409
7928212
7926530
7922704
7849108
7855381
7849395
7911652
7620680
7957354
7957350
7864354
7924786
7998352
7911838
7976041
7991738
8022505
8035422
8007387
7909908
7951277
8104226
8060407
8023764
8091353
7970952
8059764
8006817
7944761
8012078
8121577
8067684
7957898
8148712
8047082
8093822
7992359
8055971
8225770
8010116
8006061
8046668
7997953
8019745
8103957
8166238
7957525
8025896
7904848
8038553
7993705
7968790
8114057
7988754
7931357
7847746
8096566
8048981
8054956
8008231
8054004
8152159
8129393
8271895
8051735
8035702
8005884
8095316
7989132
7952597
8080482
7995069
8025055
8042214
7985071
7958180
7994625
8134734
8033150
8076745
8012241
8018537
8036299
8057002
8079714
7981176
8103979
8023324
7966375
8054123
7971906
8129641
8015176
7921764
7938136
8038679
8085759
7996361
8231242
8018479
8045699
8138260
7870847
8050863
7999354
7996569
7885847
8133426
7966950
8103147
7903066
8207483
8020345
8009961
8104576
8014294
8006052
8053607
7986743
7970841
7954966
7975287
8086284
8002737
8054364
7952155
7800322
7924818
8063489
7886315
7972476
7945275
7941340
7976239
7961541
7863630
7947758
7865685
7993709
7857801
7909337
7879113
8009750
7973600
8089390
7955562
8150591
7999057
7967807
8105634
8050697
8100382
8060414
8033533
8007482
8117724
8052864
8491701
8124273
8147947
7913934
7960257
8172472
8213145
7918309
7983080
8067768
7739643
7988895
7885843
7870970
7950860
7874683
7906088
7980038
8156190
8056368
6541965
7714407
7571124
5369615
7879696
7928092
7977148
8005173
7865599
8121350
7961639
8013577
8300935
7981461
7991709
8071610
7933070
8150620
7960588
7911507
7848440
7956205
7835536
7891953
7844049
7793853
7917953
7918304
7848804
7836191
8026425
7897421
7896455
7862606
7774108
7891718
7850204
7797313
7950682
7755777
7487073
7440784
7382437
7628092
7766578
7807574
7756684
7709031
7812363
7755955
7722406
7299353
7580804
7733539
7516571
7553008
7532609
