32362421
32174040
31583445
33141679
32851993
33101690
31982811
32290177
32936270
33174159
32004476
32531110
32560564
33344761
32768505
33157601
34920370
33039609
33162956
32912171
32644691
33006518
32241783
33868674
33686935
34309004
33348813
34838880
33519569
33916971
34369568
33896836
34664060
34034108
32910836
33534689
33038917
34397150
33587487
33325332
32732597
34067701
34347730
32586594
33086340
33091324
32688984
33594659
32864659
33424232
33496392
33682644
33198426
33909017
33167674
33977176
33431503
32819303
32885930
32617397
33154414
33315728
33301051
32892996
32985330
32549316
31775491
33093435
32276981
32515874
32292740
32141020
31787842
32808296
34493812
32461163
32274738
31887869
32478006
33665166
33220767
33517530
33095736
32642106
32823239
34314183
33912070
34181813
33826700
33505570
33375407
35215138
34622496
33549749
33830311
33990757
34544640
34239757
33663409
33072661
33765202
34097082
33369798
33618895
33358167
32748972
33199411
33055406
31892876
32923864
32176210
32563703
33235255
32370796
31821524
32996105
33199224
32072778
33569681
32845961
33525365
32349515
31902477
33643239
32838649
31804929
32372753
33361128
33910630
31032154
31884013
31776217
33197143
32098544
31403791
32077229
31285912
31373224
32805793
30971564
30804786
31987429
31850909
30920072
31004251
31700964
31570798
31895658
29783591
31291056
30925724
31702242
30934746
31102788
30807621
30936322
31333173
31919102
32097202
32021711
31785719
32422848
31738274
31836233
32073387
31776886
31094839
32215779
31079238
31169997
31184594
31158039
30123799
31083433
31170335
31157345
31850283
31226875
30704802
33771002
31365365
31651107
31332824
32381080
31605727
32234649
32088193
31583918
31246391
29545507
31893982
32359320
31779479
31765762
31691327
32690987
31929201
32436887
31886696
25260811
30247594
29313252
20024220
32961842
32727975
32049155
32507482
33721737
32833037
32687493
33202042
34146240
32681927
32564591
32277227
33766758
31800686
31404811
33502665
34072827
33125560
33783389
33624222
34109924
33907917
33143853
33974202
33497874
33658552
34085104
33212626
33461847
33605612
34635341
32904399
32948207
34080357
33394539
32344719
32005589
31609374
30446435
32742960
31963845
31810107
31989226
33027287
31738315
32013994
31369029
30649482
31545722
31181847
30740779
30399729
30408431
7242846
7322267
7436624
7333673
7418974
7404532
7444794
7477020
7517993
7489660
7514644
7488833
7527593
7576170
7565918
7523695
7869949
7581370
7686563
7530517
7628717
7654600
7639549
7642537
7635982
7570263
7566164
7574016
7629812
7351889
7671414
7670688
7583848
7640839
7709901
7627793
7690012
7703004
7729807
7739274
7710352
7625264
7666527
7807122
7770937
7736827
7788884
7679598
7769295
7716098
7654337
7719559
7828761
7781408
7674007
7858215
7756839
7801796
7697987
7762288
7939480
7718577
7723018
7758132
7707406
7724543
7803566
7870337
7666828
7734499
7614124
7743398
7700167
7675507
7825667
7696015
7645924
7567398
7803931
7757566
7762489
7720987
7763790
7852147
7830573
7978493
7764149
7746227
7717177
7802723
7700117
7670790
7798620
7701823
7734256
7753449
7702672
7673816
7707024
7838878
7739890
7785658
7726648
7728449
7744116
7765706
7782313
7691326
7806561
7729499
7672848
7757064
7685554
7831061
7720896
7635891
7649291
7743600
7794783
7705650
7938126
7720432
7749880
7853495
7581940
7753535
7699466
7712148
7607834
7832675
7673652
7799762
7617525
7910906
7721728
7714434
7805243
7719560
7718617
7755922
7687789
7676678
7666750
7679877
7789245
7706916
7762890
7663253
7507288
7633612
7764682
7595991
7683906
7647297
7648516
7682077
7666892
7569244
7654686
7577250
7700014
7571272
7622679
7593481
7719092
7675940
7786094
7666291
7849658
7702744
7673186
7805523
7749172
7794545
7764908
7728652
7708296
7813587
7752374
8199357
7820962
7850765
7626294
7663326
7875722
7910974
7634600
7692566
7770174
7448134
7695342
7594159
7591168
7660716
7587165
7614906
7686118
7864525
7762065
6272687
7421854
7281459
5129515
7596186
7641363
7683931
7713706
7581367
7825551
7668606
7724243
8009222
7694787
7699448
7772904
7646938
7851705
7666260
7626275
7567063
7663237
7553711
7609837
7563786
7512024
7630254
7635133
7561642
7554706
7748847
7612648
7608823
7580184
7498955
7605439
7560537
7524280
7672706
7465968
7206736
7166417
7106897
7358960
7478585
7520944
7472409
7432902
7530669
7474448
7439635
7026312
7305377
7449072
7247765
7270340
7246730
