33142859
32904151
32308800
33883357
33582802
33864522
32719974
33030060
33656164
33955278
32740878
33240160
33278849
34094828
33491478
33904858
35626299
33789496
33875312
33637221
33373425
33746449
32950247
34640606
34415272
35081466
34080020
35584247
34261469
34693731
35117469
34633672
35432935
34769087
33614098
34265802
33777867
35134855
34316141
34045970
33454855
34800211
35111235
33285299
33791605
33792728
33384921
34295598
33562777
34138751
34223864
34423452
33900681
34632474
33850267
34684242
34166388
33539199
33599171
33311749
33839458
34038455
34003002
33600234
33675510
33254326
32426809
33790803
32969052
33210572
32970544
32816930
32467254
33523056
35226439
33149169
32933594
32572384
33186487
34392145
33954592
34242077
33821109
33363245
33539706
35045092
34648759
34925888
34560890
34247562
34098732
35985060
35342718
34279824
34577715
34724650
35310952
34972422
34400239
33797513
34511441
34845832
34093963
34356011
34069624
33461894
33943670
33789491
32612027
33661391
32903389
33272376
33967516
33064342
32519181
33736870
33936531
32769214
34305274
33565978
34234062
33049845
32601715
34355829
33566639
32515034
33102618
34081618
34655786
31699000
32582845
32485168
33922398
32763173
32097774
32756252
31967719
32074374
33516860
31651056
31493777
32703572
32532543
31592654
31692847
32424103
32259752
32590763
30452734
31980828
31596133
32411062
31614600
31808139
31507980
31618246
32020258
32651982
32821173
32714204
32482522
33121349
32453614
32551103
32808866
32486653
31796982
32932134
31757394
31872703
31896669
31856389
30787779
31773916
31878199
31874188
32542461
31929921
31379592
34460870
32079592
32382083
32026469
33134537
32293724
32933563
32782787
32276833
31935243
30217089
32636807
33089836
32481884
32497203
32407224
33421107
32668241
33124895
32621612
25834243
30927226
30054022
20570734
33719597
33485683
32791520
33273820
34505086
33583469
33462081
33998863
34916321
33424646
33337814
33019118
34575097
32554469
32091479
34299699
34891529
33895262
34580794
34416501
34922996
34727753
33912636
34813914
34307417
34487727
34879232
34011079
34274605
34428766
35437194
33680094
33760128
34896188
34182933
33121523
32779713
32381281
31215257
33549132
32730497
32591509
32765730
33812411
32476441
32772556
32097076
31406436
32314086
31952716
31475843
31159257
31166662
7440004
7516905
7639892
7521547
7612783
7599196
7646473
7675581
7717447
7689265
7715082
7680559
7726387
7774436
7761856
7717369
8060878
7784148
7885636
7726751
7827828
7856581
7841027
7844641
7831334
7763360
7762150
7761011
7826003
7538413
7866477
7868034
7780084
7834631
7910850
7822605
7890169
7899771
7928487
7941946
7915656
7821599
7865012
8015449
7974191
7938012
7996990
7880355
7969332
7920053
7851805
7923060
8030179
7979786
7869234
8057806
7961094
8010563
7898689
7966164
8140288
7925297
7921746
7960275
7907950
7932613
8010925
8077202
7869906
7936694
7814129
7949348
7909453
7880286
8027465
7899187
7842961
7770959
8012945
7962454
7969832
7923507
7968380
8067531
8039175
8182573
7968991
7951606
7917665
8009303
7898910
7866099
7995292
7908366
7941204
7956440
7907312
7873776
7909342
8049257
7944812
7989461
7932934
7936606
7948498
7975153
7995143
7896920
8019707
7938234
7883604
7966802
7892076
8040331
7933219
7842368
7854616
7956038
8001564
7912226
8147677
7932681
7961881
8058086
7786279
7968801
7914242
7916952
7805861
8051705
7885214
8020667
7822748
8123346
7934850
7924830
8019450
7930794
7925391
7971843
7903840
7890834
7874736
7893543
8004860
7920410
7976309
7874533
7724035
7842552
7979514
7806550
7896575
7866906
7867105
7893481
7882622
7784516
7870047
7785175
7911486
7777795
7832305
7802316
7935474
7887837
8004304
7879938
8066857
7919438
7889330
8023519
7970649
8013171
7982815
7951635
7923307
8036256
7974686
8410683
8043089
8073034
7837124
7880818
8088969
8128957
7839629
7904036
7988669
7662625
7912837
7803727
7802903
7877830
7798885
7826295
7903104
8076243
7981059
6462681
7629736
7504907
5311164
7805709
7855952
7901383
7931652
7788866
8040999
7884584
7940444
8224762
7903693
7919904
7989833
7858949
8072330
7878459
7834133
7775201
7877259
7760682
7813270
7767330
7720150
7839929
7847918
7774243
7762623
7954832
7824781
7820167
7791151
7699566
7811245
7774005
7725592
7881535
7678138
7410634
7367398
7314391
7560493
7685917
7732657
7686544
7637092
7739588
7682602
7646738
7228786
7512267
7663043
7452566
7483318
7460084
