32975255
32763932
32153247
33712249
33437911
33689369
32544779
32845774
33489820
33779107
32559619
33080010
33117930
33914548
33332086
33714051
35448487
33595496
33697524
33456299
33170099
33560791
32773609
34441605
34242956
34878571
33902526
35398472
34062695
34488069
34944107
34444896
35243492
34566402
33438681
34084034
33617725
34988771
34125521
33864816
33277722
34592262
34904600
33108585
33614103
33607799
33195872
34130229
33393374
33950611
34029314
34227459
33736319
34441771
33669058
34518667
33971815
33344428
33431201
33146741
33675908
33857799
33806824
33424624
33498348
33077644
32281040
33592696
32808580
33054897
32787783
32646054
32291965
33351373
35039323
32991631
32744691
32402989
33004304
34225306
33780880
34065308
33669547
33179736
33339616
34891110
34469712
34743872
34374417
34063438
33931903
35780621
35162383
34121233
34384842
34554912
35118385
34791371
34214699
33619561
34343066
34672969
33935536
34193194
33891978
33278119
33746601
33610520
32444046
33470542
32698571
33097738
33783654
32893912
32348153
33555396
33753780
32604749
34128699
33390317
34055005
32896181
32420094
34187338
33377952
32326513
32926789
33927129
34460930
31521801
32419859
32316648
33752403
32608521
31937927
32616951
31800884
31887070
33359386
31523310
31323397
32530115
32349666
31426156
31531439
32240456
32082044
32418682
30264517
31817925
31426642
32244418
31451076
31630012
31336126
31462857
31868945
32473466
32628201
32547064
32290065
32951907
32282321
32390809
32609647
32322471
31626325
32752329
31609561
31707766
31715635
31691263
30624201
31602331
31696285
31715115
32383509
31760335
31214558
34296406
31912429
32195568
31851412
32960606
32151462
32785363
32627093
32115225
31764641
30044793
32447211
32923089
32312772
32321500
32245034
33265381
32499545
32952929
32451143
25667111
30785008
29891711
20450662
33529592
33327374
32627382
33087827
34344327
33422477
33279949
33804060
34760274
33263833
33175438
32864239
34399796
32379126
31933116
34136555
34720670
33721986
34422956
34237649
34762655
34558985
33755604
34610709
34132320
34300034
34699180
33850719
34089754
34245484
35280293
33518861
33591885
34717022
34006456
32969840
32611432
32214561
31053856
33397288
32583529
32446666
32597634
33659776
32334346
32615323
31938541
31289618
32143248
31774104
31309228
30986647
30993752
7410865
7494054
7613326
7497092
7591527
7570876
7615512
7645346
7685188
7659302
7686040
7654173
7699235
7745013
7736900
7687262
8033328
7751623
7856519
7697220
7793454
7827826
7811294
7812370
7803935
7736756
7734974
7735367
7795963
7509340
7840843
7839476
7749087
7804888
7880007
7793778
7863847
7876305
7897913
7913701
7885100
7790692
7833103
7983082
7940887
7905912
7963850
7851828
7939138
7887407
7823368
7891971
8001988
7948390
7839649
8032299
7926595
7974824
7873433
7937581
8110791
7896221
7888074
7929887
7880048
7903383
7982653
8048363
7843313
7911765
7783503
7918975
7875223
7855003
7993748
7873517
7809863
7742069
7979375
7934000
7941485
7893894
7939535
8033205
8007262
8159371
7936823
7922756
7887226
7976547
7872534
7837743
7966880
7881585
7911786
7928637
7874086
7847013
7879799
8019299
7916850
7962642
7904553
7909863
7917971
7944189
7962679
7865444
7988420
7905147
7848560
7937880
7860680
8007433
7900778
7815057
7827913
7925996
7975708
7882142
8118498
7904000
7931014
8029673
7756148
7933731
7882723
7890603
7774116
8017331
7853104
7986590
7792482
8093893
7908188
7898706
7989004
7900026
7897918
7945710
7873419
7858457
7842743
7860630
7974685
7891707
7944831
7842612
7688523
7817005
7948420
7777540
7865758
7832605
7835079
7867872
7852191
7754136
7834813
7755976
7879543
7746838
7805273
7774878
7900700
7861272
7973849
7851244
8039234
7889989
7857241
7995691
7938503
7985404
7948278
7920797
7894332
8004911
7939972
8381585
8011559
8041648
7806631
7850416
8063836
8100635
7812629
7874316
7957099
7633379
7879296
7776812
7771685
7846419
7771277
7800034
7873327
8044924
7949787
6428808
7601993
7472882
5282551
7772756
7829082
7871543
7898590
7766267
8014678
7853437
7910289
8202354
7877967
7887089
7965333
7829041
8040878
7850652
7809086
7749739
7849990
7736042
7787193
7745247
7691743
7815603
7816258
7744266
7734185
7923755
7798229
7790073
7761850
7677039
7784343
7745785
7699020
7847693
7651125
7383451
7337556
7287261
7537738
7665297
7707859
7655883
7612392
7715194
7658274
7619763
7207001
7485783
7633856
7424197
7449963
7429287
