32995470
32758362
32149299
33734029
33430428
33704477
32559671
32854662
33492200
33780549
32582787
33070383
33115832
33932780
33340848
33731310
35456016
33613973
33705785
33459806
33160959
33580375
32783017
34464136
34258424
34890167
33917427
35397747
34072075
34505521
34959145
34462432
35256727
34597687
33460008
34104920
33607970
34983975
34134486
33878110
33268727
34624827
34906279
33137209
33624299
33616439
33229017
34140336
33389418
33956577
34073378
34236491
33765484
34436133
33689851
34519414
33983924
33352654
33429100
33145360
33664838
33840181
33822447
33429123
33499882
33066861
32289771
33609587
32798268
33055542
32802892
32655502
32294297
33344490
35053384
32983503
32768465
32403501
33002622
34221704
33760930
34076336
33650082
33172642
33370974
34897558
34496182
34741970
34405256
34078624
33954143
35788935
35164762
34139279
34374927
34558026
35102501
34804331
34233646
33606553
34328668
34671221
33908014
34199714
33879256
33263701
33745150
33594712
32417573
33479510
32712075
33101629
33798574
32889056
32348121
33546225
33769134
32585254
34120353
33388942
34033699
32889729
32428466
34196118
33391562
32324683
32949934
33931492
34470193
31508816
32414870
32318919
33751916
32610677
31929221
32595530
31807121
31895204
33366214
31488150
31313317
32534024
32357107
31403079
31540947
32232023
32075720
32418879
30285774
31814224
31430789
32236879
31466175
31642663
31340220
31440585
31858185
32489009
32648537
32556997
32299440
32956360
32296294
32397610
32618831
32316812
31625383
32747667
31606088
31705678
31716585
31679055
30609450
31619959
31703823
31698488
32401658
31747720
31217966
34293456
31902177
32209497
31862595
32963581
32130812
32776304
32612547
32115387
31751313
30038383
32448737
32940310
32327896
32326216
32240205
33277707
32489032
32950226
32452030
25667512
30747171
29888880
20452507
33533969
33322292
32629680
33082526
34342673
33394312
33287954
33813123
34747722
33254943
33160164
32842998
34399370
32376911
31952268
34153323
34705334
33715938
34415506
34257984
34735662
34556676
33747506
34634344
34127561
34316948
34730709
33850357
34114766
34257442
35289481
33538826
33580537
34706670
34011505
32964501
32623793
32228037
31042181
33382513
32569561
32436748
32616007
33671789
32341251
32597020
31942764
31271595
32128437
31769330
31329131
30980557
30994692
7426017
7504643
7625600
7512348
7602853
7587997
7631896
7661807
7703195
7674773
7702884
7667826
7711252
7760751
7750763
7704648
8049374
7767990
7871738
7712328
7808799
7841143
7825065
7829162
7818600
7751340
7751271
7747869
7813079
7527806
7856053
7854952
7765951
7823545
7897861
7814136
7878211
7889377
7914020
7931310
7900080
7807298
7848123
8003031
7957466
7924152
7984283
7867271
7954036
7900854
7843809
7906050
8022405
7966648
7858699
8046125
7944604
7992673
7886081
7951703
8127391
7906464
7903983
7948298
7892392
7919556
8000073
8061102
7856973
7927240
7800902
7934701
7891780
7866356
8012685
7885641
7827802
7755028
7995297
7948112
7954755
7911068
7957684
8048230
8025315
8175991
7955780
7933988
7908194
7994590
7889340
7851416
7984373
7896842
7927060
7945844
7884651
7861224
7895967
8031950
7932113
7978673
7913869
7926422
7932776
7955479
7976893
7883133
8001047
7920087
7865314
7955305
7876532
8024491
7912820
7827907
7843550
7937436
7988776
7895138
8128975
7919855
7945914
8046778
7772222
7950564
7900189
7905288
7794177
8032979
7868597
8004563
7808901
8110526
7919824
7911512
8003034
7918107
7914491
7954752
7886586
7876762
7862875
7873393
7996421
7904574
7960858
7855204
7711384
7827946
7964344
7793512
7882387
7852510
7850931
7878161
7869190
7772331
7853534
7772505
7897822
7760522
7821636
7789502
7917177
7875848
7989600
7866640
8056345
7904146
7875056
8009616
7950103
8002521
7967020
7933199
7912045
8020297
7961378
8398087
8023698
8058499
7823850
7866823
8075538
8114615
7828389
7890408
7971573
7644712
7895191
7793647
7789203
7862195
7783809
7818048
7888807
8058344
7963934
6443152
7614411
7487505
5294055
7788959
7844064
7887223
7912790
7776187
8023956
7872287
7926578
8211973
7893438
7901992
7975851
7841634
8057952
7865911
7827577
7763214
7861356
7747689
7804839
7754553
7708185
7829088
7833766
7760330
7749849
7944552
7813174
7807772
7774984
7687382
7804151
7761588
7712218
7866861
7665001
7400173
7352847
7300045
7551150
7674772
7721918
7675316
7627498
7727632
7669572
7633436
7216057
7494933
7643732
7438886
7463469
7443606
