32973824
32761826
32154961
33750679
33439551
33715837
32547484
32873922
33519249
33794520
32596998
33091964
33151104
33951915
33332347
33739469
35491623
33630073
33724644
33483401
33192066
33589889
32770916
34457574
34280034
34911363
33930802
35412518
34071339
34495073
34974428
34470672
35274610
34598778
33459936
34106064
33626798
35000278
34169449
33893972
33292034
34625653
34914428
33133714
33637347
33631857
33233056
34137687
33414670
33971237
34053463
34242854
33764888
34453979
33704916
34522053
33979879
33363926
33438585
33160670
33687841
33849586
33825305
33438865
33515226
33084760
32280121
33637834
32821056
33063543
32816900
32661426
32322012
33358294
35075408
33006621
32791904
32426615
33037596
34223364
33779991
34088798
33652062
33178010
33371910
34890951
34475799
34745567
34402400
34089190
33938001
35811894
35193705
34127886
34402903
34550009
35131883
34833567
34242219
33637173
34343305
34675675
33929625
34196066
33900910
33287399
33762537
33624211
32428082
33489702
32710624
33116105
33812225
32900773
32360276
33570138
33770335
32602513
34156481
33402847
34062510
32874685
32441715
34203681
33390975
32349098
32950600
33941371
34476789
31510256
32419513
32304141
33772121
32595470
31923444
32593139
31812492
31892672
33357708
31491668
31336819
32533099
32348905
31423929
31525030
32241248
32082988
32439475
30265967
31810431
31434641
32228635
31444491
31632974
31302491
31454500
31873353
32480657
32657375
32555216
32312443
32938891
32314874
32401852
32641835
32325832
31621285
32754688
31600304
31694762
31729505
31675892
30627492
31615941
31691973
31709129
32382168
31762547
31208284
34317139
31911058
32218618
31853584
32975827
32148418
32787805
32639651
32113196
31757477
30051396
32452283
32934729
32348969
32333453
32260818
33261777
32490369
32958740
32450101
25675677
30756301
29889417
20461065
33548132
33318928
32635285
33097500
34351712
33405280
33289626
33822160
34758122
33280581
33156525
32854535
34416691
32410491
31946546
34138652
34718236
33729994
34421324
34260893
34800000
34575233
33780370
34630749
34141676
34327763
34710378
33847743
34102445
34261608
35290428
33521367
33576822
34728789
34015862
32961071
32619993
32222464
31045526
33387862
32591645
32456695
32597301
33679178
32350058
32612350
31940740
31262633
32145923
31775553
31323032
30987599
30991538
7427642
7513783
7632012
7518459
7609947
7596311
7632927
7668163
7711090
7680937
7712193
7676738
7724517
7770968
7753971
7710788
8062929
7775599
7881017
7721280
7818010
7850254
7830782
7836044
7831398
7758565
7758941
7756254
7816095
7528106
7864301
7863063
7775980
7831287
7904634
7820201
7886891
7899433
7927101
7937615
7909727
7814188
7856947
8008031
7969132
7928966
7992482
7876728
7966592
7914315
7846977
7913338
8028558
7974912
7867147
8052002
7949334
8000459
7892975
7959829
8134803
7914184
7911557
7955539
7902766
7925037
8005850
8070598
7867410
7936584
7808171
7944832
7903855
7873215
8024582
7899336
7839715
7764780
8004061
7954782
7963795
7918787
7960435
8055970
8033192
8180237
7959761
7941551
7913407
8005332
7894423
7860912
7992700
7901684
7936389
7950127
7896834
7870118
7903990
8043424
7936699
7983743
7925395
7928237
7943518
7967921
7987196
7891223
8008907
7931174
7871295
7963346
7885216
8031370
7924464
7838272
7849255
7946148
7998990
7902142
8142561
7921833
7955340
8052625
7777626
7962067
7906075
7916583
7797214
8039543
7875938
8008315
7817533
8114906
7927725
7916614
8013342
7922850
7918974
7961756
7896252
7881578
7868100
7883508
7997807
7911610
7966856
7865712
7712839
7836691
7971593
7794504
7886349
7855586
7848639
7888133
7878076
7773362
7860357
7777535
7904069
7765890
7831106
7796039
7926009
7882856
7996410
7869524
8061730
7907558
7882620
8013818
7963820
8010223
7971188
7941272
7919559
8027775
7965147
8410438
8030927
8064866
7827517
7875097
8085647
8122138
7838303
7895438
7976167
7649596
7902029
7801160
7797597
7874208
7791031
7821029
7894111
8069087
7973179
6449346
7621637
7495060
5300521
7796865
7851802
7893920
7922538
7785685
8036203
7879511
7931789
8218950
7900081
7905984
7984436
7853029
8070081
7874866
7828461
7769912
7868532
7754354
7812729
7768750
7714524
7840260
7838274
7768134
7756500
7944327
7817394
7813894
7785143
7693267
7806110
7766577
7718270
7872198
7669098
7405419
7357530
7304420
7555254
7682749
7731765
7675376
7634886
7734868
7679690
7639116
7220722
7502419
7653414
7445561
7471366
7447881
