33125964
32868350
32291996
33871589
33569214
33862742
32695091
32983076
33633167
33912741
32709439
33218530
33254422
34054421
33470170
33877664
35590568
33746909
33834662
33593858
33292544
33694173
32896651
34586782
34398547
35039966
34049540
35537741
34182571
34649045
35103921
34596462
35391782
34716371
33578180
34226691
33724200
35109228
34291005
34023658
33413182
34765793
35048137
33245093
33752659
33744996
33353668
34247743
33512911
34088279
34183370
34353516
33862965
34589724
33819112
34635598
34103620
33467461
33555624
33268820
33795676
33972429
33950904
33549654
33625251
33210942
32399487
33731644
32922385
33178632
32933235
32771231
32421169
33456539
35180097
33105063
32890272
32521632
33136171
34335037
33881114
34192185
33777617
33283961
33480269
35002110
34606805
34878896
34516912
34205049
34057913
35940426
35301445
34247875
34516961
34674834
35247322
34955917
34373678
33744999
34459209
34794117
34044353
34304012
34019922
33400274
33873813
33762426
32567671
33602409
32836293
33228293
33915762
33022813
32481387
33671250
33893391
32728953
34263884
33517763
34182929
33000191
32521579
34305647
33508672
32445391
33052185
34047000
34600299
31623151
32529363
32416656
33870972
32705544
32038626
32704026
31924609
32007593
33457226
31615675
31437155
32658057
32465290
31534508
31639645
32347236
32197090
32547734
30356363
31916048
31543452
32349793
31559907
31733258
31428052
31561765
31954436
32598010
32753462
32663859
32413650
33083197
32405694
32527488
32731843
32417770
31732393
32845193
31697926
31791246
31841196
31801736
30701647
31727863
31805794
31820882
32480014
31864557
31309295
34396420
32030250
32320317
31972858
33079088
32249768
32891036
32735027
32224370
31879784
30160027
32562602
33045667
32449959
32434536
32348420
33403962
32593785
33054261
32551140
25769218
30870629
29994485
20545376
33662544
33434114
32754846
33202612
34465402
33535994
33406613
33932408
34865879
33374670
33263861
32987770
34509689
32499737
32038831
34258734
34858551
33834892
34545435
34384506
34894473
34702911
33901147
34764095
34253153
34442813
34841663
33972599
34244213
34392986
35411501
33650886
33715096
34880567
34144382
33074393
32764987
32366270
31159051
33506601
32702485
32557354
32715674
33806441
32450830
32705826
32068721
31404417
32265058
31891436
31425674
31112170
31126095
7471267
7550192
7675055
7557162
7648606
7637256
7681682
7707559
7752118
7724360
7749229
7716805
7759967
7809660
7799248
7755719
8098143
7815602
7920608
7761589
7859056
7888516
7872252
7875713
7871080
7799683
7798534
7793014
7857419
7573759
7907704
7902153
7812401
7870596
7947140
7863643
7923775
7931834
7968909
7981945
7951461
7856512
7897486
8050194
8007308
7972055
8035281
7916499
8004130
7953169
7889308
7956713
8066362
8018645
7906995
8095351
7991156
8042282
7935529
8004018
8178757
7956882
7958050
7993042
7942632
7968399
8049436
8110993
7905894
7975596
7851355
7985531
7943441
7914253
8062878
7935774
7878122
7807612
8047522
7994691
8003453
7958271
8006227
8098714
8077177
8220102
8002583
7984931
7955138
8042542
7936929
7902044
8030731
7943993
7975361
7993070
7936030
7914080
7950090
8085897
7981216
8025551
7968506
7970458
7988692
8008207
8027159
7936368
8054577
7970538
7915905
8005049
7924240
8076681
7966943
7875187
7893199
7992856
8037980
7945112
8183777
7968306
7991985
8093134
7822324
8002149
7947737
7954443
7838216
8084624
7916910
8053344
7855036
8158911
7969973
7961993
8054819
7966870
7957434
8007088
7940756
7924677
7910220
7927796
8044074
7955345
8011963
7909136
7755066
7878543
8015943
7836909
7931847
7897178
7894375
7929331
7915718
7817299
7900696
7817881
7944142
7811635
7868596
7840826
7966697
7924412
8043020
7909491
8104514
7950442
7927772
8063429
8002394
8054113
8014887
7985627
7957839
8072915
8008912
8450263
8079963
8107218
7873468
7914718
8129660
8165284
7875642
7938798
8023432
7696652
7944461
7843072
7835116
7912324
7832403
7867671
7935622
8107725
8011557
6486009
7661463
7538143
5334087
7838624
7890291
7936821
7964370
7825197
8077923
7918726
7975951
8260193
7941236
7949271
8028522
7889079
8110778
7912465
7871465
7812323
7909831
7796108
7852965
7804604
7755041
7880023
7880498
7807839
7798392
7989507
7861925
7857034
7829638
7734578
7847149
7808744
7763694
7911523
7712088
7447008
7402125
7343619
7596369
7724631
7767830
7718169
7673181
7774170
7717460
7683838
7265905
7542998
7693227
7484945
7512561
7493204
