31424693
31203359
30622766
32159404
31883706
32118572
31008529
31337900
31927854
32214359
31064726
31523274
31571756
32382141
31777251
32156408
33972753
32042174
32179148
31937223
31661369
32020244
31267308
32907591
32680556
33304205
32378185
33836000
32509365
32899675
33370892
32883927
33649046
33058813
31923821
32550761
32073489
33403934
32586579
32331081
31744656
33063307
33328260
31608721
32085025
32086544
31697282
32578340
31881811
32402917
32523527
32692250
32242248
32900482
32154494
32998906
32487478
31870693
31922963
31633638
32212061
32341790
32315635
31908098
31972175
31577716
30792342
32149724
31330890
31544615
31320926
31167460
30818074
31813478
33522536
31491223
31284551
30911806
31503182
32677262
32244004
32514145
32124720
31666871
31843010
33388785
32939811
33188294
32830965
32542959
32400579
34214011
33645903
32573087
32832614
33003685
33540984
33248945
32676057
32096425
32778670
33110492
32397067
32651246
32351204
31752263
32226330
32086460
30956735
31967618
31224752
31603327
32253313
31416567
30866180
32041581
32212626
31109657
32618738
31875307
32595530
31378783
30930851
32708518
31837576
30852150
31422250
32409037
32914413
30079278
30936066
30838837
32225103
31171312
30457118
31119357
30358326
30431161
31873579
30041665
29889711
31044576
30863408
29992034
30063259
30775302
30605620
30980726
28840732
30360829
29983582
30763281
29989554
30187091
29876423
30004207
30395001
30973229
31152436
31049984
30840477
31464457
30857608
30911693
31131489
30815116
30171933
31228850
30133591
30235512
30250618
30219991
29188220
30157366
30238235
30246619
30910127
30297273
29771874
32892517
30440485
30745866
30409021
31463594
30704956
31345244
31139723
30655464
30304279
28667069
30954169
31424203
30899409
30857946
30767582
31754287
31010719
31536871
30942605
24421497
29349657
28491695
19412880
32015874
31807273
31124262
31578429
32780666
31912289
31759890
32279165
33265216
31725574
31638076
31352606
32835641
30887834
30474030
32565065
33143912
32179900
32849978
32692510
33174178
32977585
32213524
33044679
32536632
32730754
33171460
32278834
32531608
32679408
33649931
31962967
32031699
33121547
32487418
31429473
31112956
30717060
29562570
31849945
31089517
30907234
31064555
32066980
30788456
31044336
30417435
29770717
30603449
30257374
29806416
29492034
29493683
7127505
7204030
7314714
7219925
7302146
7286331
7319525
7356297
7398452
7375890
7396662
7364358
7406509
7466126
7443231
7403026
7771469
7460728
7568747
7414371
7508099
7533836
7517490
7530680
7517314
7456226
7453489
7465192
7510762
7231580
7560680
7555383
7471889
7529988
7592249
7511260
7569886
7590400
7609879
7621298
7588553
7507964
7550535
7684696
7645599
7613124
7666285
7563334
7644620
7594874
7539849
7602330
7709815
7661933
7551724
7748531
7646849
7687664
7582794
7639348
7821866
7606010
7603177
7635729
7584524
7606414
7678483
7761510
7550088
7611120
7493907
7618655
7575004
7555399
7717756
7575775
7521678
7442929
7678734
7640903
7646117
7601753
7647453
7731248
7709750
7873349
7651388
7633561
7602386
7685798
7584166
7565547
7691237
7587797
7622100
7641890
7590307
7564932
7592626
7722608
7626891
7672058
7614083
7620252
7625793
7644834
7669062
7578849
7684149
7612306
7554509
7642752
7569207
7711882
7602199
7522517
7534759
7625255
7691787
7588430
7835250
7607253
7626802
7750082
7465193
7633875
7585147
7601351
7493718
7706553
7555537
7684646
7505726
7797482
7598541
7596459
7685500
7598647
7607719
7634582
7567724
7557617
7544085
7559546
7667325
7592007
7639486
7551170
7381095
7514791
7640728
7479252
7560161
7530145
7526406
7561671
7551872
7455998
7541262
7458343
7582440
7455072
7518031
7478020
7604781
7554198
7667326
7547859
7727082
7580239
7554932
7680834
7622152
7676050
7641963
7613121
7597438
7696876
7632787
8103934
7703809
7736683
7505916
7556117
7760426
7804570
7515327
7574074
7649380
7328304
7578776
7483624
7487490
7547742
7472435
7507268
7575217
7759214
7643833
6146532
7301353
7173764
5030726
7486378
7533266
7568800
7600265
7476770
7717662
7557199
7617180
7913326
7579508
7588847
7660467
7541066
7735834
7547331
7515044
7465241
7555073
7448785
7504516
7461232
7410811
7521929
7529330
7454163
7453050
7647228
7507685
7505292
7475990
7392458
7491694
7458176
7416834
7568636
7359331
7103118
7057632
6995779
7257534
7375726
7408892
7361658
7322457
7411177
7359649
7322261
6916004
7188620
7330764
7127847
7152996
7130073
