33200684
32976136
32376380
33972019
33680456
33969324
32803381
33117452
33751733
34031901
32846958
33341247
33382817
34188134
33598851
34020993
35728979
33888604
33973548
33724136
33453948
33844394
33044213
34703224
34533332
35196298
34203581
35717152
34346176
34802347
35231278
34730751
35562529
34864449
33708344
34384973
33878232
35264214
34414598
34159216
33541486
34890832
35187981
33377390
33893836
33884508
33468423
34398647
33658347
34208915
34327024
34500267
33995233
34705901
33924562
34786619
34233429
33582151
33679678
33394036
33913430
34117855
34079681
33653209
33752317
33315934
32512634
33841393
33050442
33296948
33055832
32892071
32500365
33597155
35296011
33222370
33031878
32619032
33225725
34462175
34028596
34298689
33889585
33420368
33620032
35129154
34717579
35022682
34626457
34341626
34165324
36080058
35410420
34338770
34630965
34789516
35375720
35052827
34475531
33843881
34576566
34907826
34161303
34403990
34113590
33481685
33956732
33831249
32644801
33705967
32929281
33325372
34002252
33118029
32563038
33785382
33977503
32793943
34344486
33608874
34269072
33072150
32631767
34417481
33607880
32555220
33126508
34141532
34698608
31706977
32600600
32506866
33951145
32793930
32127545
32796078
31995716
32076257
33534176
31697396
31505157
32739811
32533769
31597261
31715446
32407099
32265216
32642945
30432552
32007300
31624088
32435075
31628857
31803981
31509867
31625712
32042455
32651381
32844447
32739134
32487902
33148586
32472229
32571235
32823354
32508757
31804422
32928841
31775212
31871029
31909984
31869596
30770260
31784259
31871704
31885629
32549180
31931389
31379698
34451119
32065851
32377530
32021673
33137466
32305487
32949934
32794203
32298495
31922320
30234999
32643368
33117726
32440622
32494564
32446759
33447544
32671665
33124269
32613792
25900561
30959649
30006929
20605278
33723292
33464927
32805566
33268770
34527251
33579887
33462184
33996769
34910893
33448572
33337479
33028632
34588302
32584654
32096632
34321440
34902423
33922569
34614203
34434600
34935833
34765829
33954660
34819745
34325945
34505237
34889549
34023290
34277032
34433222
35466251
33698999
33759423
34913013
34206273
33151618
32813204
32431327
31225877
33562595
32750142
32610471
32762255
33860310
32519722
32760359
32115260
31462962
32301009
31940759
31458603
31152765
31189930
7507942
7593838
7713412
7599214
7693941
7677566
7722876
7755638
7793515
7766831
7799814
7764414
7809553
7853114
7843814
7799517
8141284
7864239
7968772
7809156
7911080
7939369
7925503
7919786
7916687
7845105
7849764
7845344
7908404
7618314
7953702
7950405
7859885
7917870
7996262
7907730
7976315
7986591
8015476
8028651
7998641
7902888
7943061
8101797
8058607
8021855
8083708
7966100
8057286
8001207
7938380
8004679
8112571
8064268
7949225
8144525
8040098
8088117
7984647
8050147
8226090
8007146
8002835
8044275
7991185
8015205
8098605
8157123
7954655
8024781
7899233
8031986
7984301
7965703
8109357
7982804
7929752
7847559
8088495
8042168
8052174
8000370
8048946
8145153
8125318
8270033
8048773
8034752
8001700
8093343
7980504
7948368
8076937
7988257
8020774
8036401
7984040
7952143
7986941
8127889
8024534
8069500
8011231
8012549
8026836
8051331
8071376
7975274
8096786
8012850
7955131
8049457
7966432
8119815
8007454
7918657
7929731
8029234
8078518
7986792
8226114
8008853
8039367
8139280
7865734
8046190
7985987
7991699
7880578
8124906
7954396
8093097
7895491
8201639
8008886
8005345
8093807
8005295
7997203
8050728
7978144
7964862
7944930
7967356
8082330
7990703
8051496
7951871
7793187
7919475
8056778
7878253
7967413
7936384
7934221
7968959
7957353
7855317
7941718
7854087
7986334
7846641
7904532
7872412
8004500
7962353
8079654
7948295
8144596
7991450
7966581
8099884
8039574
8090358
8052810
8023612
7996895
8110555
8044999
8483189
8113477
8145712
7905418
7950375
8165974
8202409
7911425
7977230
8058162
7735223
7982890
7879210
7861768
7949469
7870057
7899429
7971217
8148282
8049523
6534687
7703799
7564739
5363998
7872795
7924740
7971412
7997978
7860850
8109294
7952787
8008102
8293193
7975412
7985235
8058860
7925681
8150236
7947502
7904709
7846701
7946504
7830288
7884399
7835164
7787755
7912301
7913621
7838659
7831518
8020331
7890227
7885147
7856025
7768917
7882194
7841744
7791928
7949692
7747633
7477454
7433029
7375841
7625427
7754711
7800072
7749035
7703223
7806283
7745066
7715437
7295944
7575045
7726107
7509327
7542228
7528592
