33165480
32944640
32342292
33950768
33637095
33932829
32767170
33084447
33723587
34012456
32788719
33296275
33343064
34154044
33566214
33980892
35711785
33837010
33928533
33714576
33392433
33825959
33000070
34673398
34510440
35156292
34182198
35660629
34317305
34766673
35200628
34692785
35507992
34808493
33670843
34351581
33827799
35227615
34384993
34089283
33506239
34850519
35165163
33329172
33857262
33833772
33436700
34359660
33625534
34174501
34291972
34472192
33961897
34690665
33907186
34731764
34201971
33552964
33660105
33352648
33862970
34058251
34047874
33616991
33725276
33283993
32473354
33814160
33001936
33246256
32998482
32851905
32468094
33548685
35242794
33179496
32986599
32565858
33198281
34401788
33980311
34287064
33842684
33382552
33574403
35086197
34692155
34966741
34595886
34282902
34141381
36033839
35368146
34324504
34593995
34750885
35320623
35027141
34401051
33803229
34541227
34869558
34112469
34383290
34094656
33457486
33921004
33783392
32601325
33671474
32892749
33301652
33963652
33092607
32527595
33736645
33940705
32750298
34327921
33570788
34225419
33048848
32590831
34380162
33566160
32497715
33104891
34113714
34665267
31684773
32589413
32463331
33916143
32748431
32086222
32752969
31965138
32046197
33496812
31658307
31475719
32697768
32518606
31565258
31659158
32388696
32244895
32585624
30396449
31954152
31580619
32390046
31577799
31773075
31474748
31602330
31997133
32630815
32786749
32717017
32464186
33107773
32433233
32512635
32781677
32462330
31779996
32882911
31733515
31811728
31858805
31836302
30744548
31744912
31842664
31849750
32504007
31890931
31353864
34419866
32058541
32322645
31983909
33109505
32272970
32914904
32780459
32256282
31878466
30192258
32588179
33071353
32414358
32462326
32387171
33412346
32628647
33093563
32586319
25866976
30934291
29965565
20558140
33681703
33420839
32762869
33237190
34489769
33555124
33415973
33977198
34882665
33429263
33306767
32993121
34537961
32529053
32074629
34304932
34873257
33870641
34568128
34411870
34922473
34728794
33922492
34786737
34281497
34474306
34861571
33990888
34245454
34392495
35452711
33648111
33734037
34884962
34150455
33109913
32782348
32386286
31211733
33505759
32717468
32580158
32725384
33826018
32463462
32747498
32085380
31429144
32278790
31928802
31428756
31120909
31140605
7509601
7593837
7719510
7601674
7694953
7679143
7727347
7756806
7798531
7771135
7797407
7764058
7811937
7854691
7847813
7800350
8150488
7863196
7972552
7814464
7908273
7944970
7926401
7921301
7920512
7847098
7851524
7845486
7912032
7620253
7955666
7950051
7861506
7917537
7998692
7914481
7975992
7987720
8019343
8031441
8003195
7906321
7946978
8103777
8059284
8021186
8085041
7970216
8055022
8002696
7941813
8010911
8116409
8070171
7957956
8145709
8044730
8089626
7990174
8053623
8227872
8005318
8006753
8042613
7993815
8017721
8101351
8166406
7954727
8024263
7896405
8036435
7986915
7960742
8109520
7985161
7930096
7846634
8092141
8043557
8053864
8010674
8048365
8146138
8125141
8270241
8052058
8033669
8001147
8092527
7986585
7949775
8077710
7990528
8022049
8037655
7982836
7956261
7987013
8129516
8026112
8069245
8009493
8019109
8034034
8055480
8073491
7974620
8100293
8015930
7959029
8052064
7968315
8123510
8010850
7918323
7934565
8034120
8082770
7989883
8229222
8014740
8040005
8139713
7864613
8044398
7991887
7998948
7881286
8132884
7963031
8094219
7900059
8201355
8011604
8004441
8100144
8012140
8000822
8048206
7981079
7964142
7952186
7969060
8083836
7999380
8054603
7947179
7794522
7919468
8056603
7878965
7968713
7939449
7938007
7970273
7958158
7855594
7939171
7861128
7988306
7848624
7907108
7869830
8005932
7962686
8081671
7951836
8142636
7990121
7964149
8101529
8045933
8095552
8054498
8026772
7997863
8111845
8047441
8484665
8119110
8144179
7909164
7956363
8168425
8204677
7917578
7976097
8058582
7735543
7984819
7878130
7865402
7948697
7868519
7902641
7973865
8152202
8054471
6534542
7704730
7564116
5362679
7873456
7921171
7970685
8001949
7861129
8115165
7956299
8012425
8298655
7983520
7988315
8065495
7926253
8150456
7955343
7908193
7846123
7947663
7830883
7888852
7839729
7791468
7916486
7916150
7840270
7833174
8023159
7895244
7889700
7856922
7771963
7881793
7841584
7794563
7946999
7747696
7480464
7436147
7381210
7626673
7757910
7803104
7749910
7704643
7809263
7752307
7717206
7297953
7576735
7729320
7513308
7543250
7525087
