48537
11519
13268
12294
26405
11491
10751
11883
10927
10650
16098
11531
11856
488585
17003
31272
2353182
18453
517251
13649
11883
43088
10989
365886
14344
12102
12100
12483
10794
13392
88943
12292
14612
557418
15232
41178
12802
57569
12525
83798
11971
13498
13486
25589
18966
11562
12003
11757
11079
14202
13321
14904
417418
293737
17224
1051023
582987
694712
21631
14732
1261928
25281
181206
45366
12496
11621
17686
1012438
20292
17553
11383
13600
11626
18779
696008
17241
688736
33494
18959
12589
13123
12519
12358
12861
15548
952075
20961
13031
12772
13764
13421
16328
524537
17597
15379
14599
21184
14575
261284
585448
20711
31354
13516
13008
18817
13654
14530
93188
12923
23763
12734
13260
12369
13069
11714
11059
12473
17716
1216235
22069
1554679
40683
17528
1606930
20835
91829
13519
442698
29922
32228
12350
12338
19230
1286027
21201
20026
417497
198491
1063276
20040
11582
11891
10308
10664
12987
157320
492667
1014814
19320
109251
11166
11802
43338
12805
11112
11338
11838
12762
79514
13394
273917
20314
1270080
54286
93091
11454
84813
14164
10572
10865
10722
10460
10864
81320
12022
11495
274697
199003
11763
2806327
22199
21045
28706
17663
882778
1224732
32798
312496
17543
28159
12486
15062
1671491
12290
12752
12942
12965
1321929
94070
24047
142280
15554
12510
40805
11627
13355
12057
13363
456538
15238
12175
1898710
293814
15981
335824
12643
11009
11260
12299
14748
11344
11441
11819
11540
15154
17889
20398
12459
56806
1159878
21757
12045
50151
11779
11344
12468
15397
797631
17987
25869
12821
205891
991262
721494
12681
11780
10757
11985
28561
33806
10704
10228
158183
14160
11925
9677
8945
2131
2550
2263
4852
2126
2033
2215
2044
1973
3087
2198
2239
90719
3191
5836
439299
3455
97047
2550
2260
8073
2110
66713
2642
2261
2215
2249
2002
2393
16780
2282
2661
105653
2891
7662
2420
10565
2351
15985
2252
2464
2504
4927
3532
2182
2279
2132
2113
2644
2458
2747
78971
53703
3174
197389
105896
131736
4053
2789
236101
4660
34144
8687
2349
2206
3447
190251
3833
3354
2129
2599
2186
3507
129397
3237
126607
6345
3574
2333
2466
2295
2359
2423
3003
181343
3833
2376
2343
2550
2519
2876
97420
3258
2806
2686
3816
2672
47563
111930
3843
5764
2517
2383
3471
2561
2717
17309
2490
4415
2431
2520
2290
2519
2227
2015
2261
3377
227600
4147
291798
7518
3364
298904
3862
17274
2547
83993
5379
6301
2339
2340
3507
247611
4068
3806
85115
38202
194830
3916
2257
2299
1924
2049
2559
31102
96184
189354
3709
20496
2164
2210
8290
2430
2162
2218
2274
2390
15302
2517
51914
3820
242796
10385
17907
2166
16389
2663
2068
2093
2071
2066
2146
15623
2359
2249
52174
39138
2279
532797
4360
4082
5460
3286
172777
232682
6160
58553
3410
5443
2347
2848
319807
2338
2412
2393
2483
248865
18708
4445
27131
2992
2358
7725
2173
2543
2295
2439
87085
2888
2277
360723
55418
3050
64526
2317
2168
2090
2300
2711
2138
2142
2196
2118
2741
3392
3838
2301
10626
222628
4100
2240
9477
2108
2134
2369
2838
151337
3366
4760
2392
39275
186540
138187
2436
2253
1981
2315
5457
6340
2000
1909
30113
2707
2313
1866
