47682
11126
13664
11666
25474
11136
11080
11128
11499
12555
14197
12297
12182
483771
16364
31126
2341801
18464
520768
13179
11661
43855
11793
365969
15860
13161
12875
12318
11326
12220
86802
12831
14390
558687
15678
41239
12283
57057
13044
84613
11445
12873
12720
25822
20550
11601
11559
11564
11254
13955
13048
13664
416468
294561
16209
1053968
583316
692131
21990
14348
1254880
24457
181771
45387
12838
11428
18544
1021257
20733
17546
10487
13265
10902
18696
695982
17400
688450
34130
18148
12905
13255
12148
12297
13196
15500
940629
20802
12878
12764
13546
12346
15852
520947
17591
14107
14348
20924
14546
262504
583302
19581
31182
13256
13032
18754
12975
15212
92151
12871
22980
13459
12308
12318
13742
11588
11033
12777
17329
1217719
22609
1560419
39157
17881
1603476
22146
92166
13142
438696
29344
32403
12647
11814
19108
1285498
20189
20076
415120
198361
1059426
19626
11584
12366
10878
10720
13262
156979
492637
1018896
19194
112201
11167
12074
41238
12637
10662
11102
11549
12585
76986
12986
275824
21668
1273089
55700
91673
12639
84798
14061
11148
11087
11103
10149
10686
81680
11354
11054
272117
199521
11754
2828270
21583
21502
29032
17615
883103
1223426
32695
313874
17541
27994
12226
15342
1667622
12399
12269
12544
13028
1328632
96014
23896
143614
15337
12396
41227
11276
13315
11745
13504
454249
15055
11997
1903687
292946
16182
332298
12879
11925
11020
12292
14594
11060
11819
11719
12522
14828
19063
21816
12726
55816
1155764
23097
12062
53016
11592
11945
12279
15401
796078
18425
24698
12227
205639
991551
717619
12715
12105
10650
11901
27816
34044
10556
9682
159147
14738
12520
9613
8877
2111
2629
2165
4661
2096
2096
2103
2124
2335
2758
2283
2292
89990
3103
5798
437572
3514
97773
2463
2231
8207
2243
66929
2924
2433
2393
2228
2113
2210
16473
2384
2658
106042
2967
7668
2308
10470
2390
16106
2179
2323
2350
4960
3808
2172
2206
2092
2131
2605
2403
2533
78780
53757
3004
197804
105777
131441
4130
2743
234983
4489
34287
8670
2381
2158
3570
191669
3841
3342
1996
2535
2076
3524
129591
3267
126683
6463
3450
2348
2458
2237
2373
2493
2949
179163
3795
2377
2345
2512
2336
2826
96702
3239
2627
2646
3797
2617
47498
111653
3641
5857
2481
2403
3460
2436
2888
17175
2465
4319
2536
2326
2292
2635
2217
2046
2316
3301
227905
4243
292522
7268
3478
298759
4019
17427
2483
83412
5298
6283
2355
2302
3507
247792
3911
3786
84430
38074
194060
3867
2245
2383
2057
2076
2573
31077
96039
190080
3736
20993
2191
2287
7987
2416
2067
2156
2210
2372
14763
2409
52268
4004
243276
10620
17613
2422
16473
2651
2182
2136
2185
1990
2120
15630
2244
2183
51715
39219
2293
536790
4241
4153
5477
3295
172648
232321
6101
58933
3430
5478
2325
2867
319704
2367
2388
2349
2454
249280
19023
4423
27215
2968
2349
7782
2098
2507
2215
2471
86528
2828
2247
361631
55160
3110
63832
2398
2351
2108
2306
2688
2068
2149
2162
2263
2693
3533
4082
2327
10458
222166
4306
2250
9960
2082
2239
2306
2782
151187
3400
4562
2285
39283
186813
137416
2469
2299
1978
2300
5349
6461
1962
1850
30215
2769
2400
1832
