49068
11027
13402
11310
25822
11536
11052
11455
11374
12060
15923
11187
11978
489870
15845
30858
2348901
18450
520742
13192
11909
42993
11116
366016
14934
13358
13188
12371
11654
12997
88734
11977
14568
560318
15111
40547
12658
58085
12647
82928
12326
12267
12813
25485
18741
11482
11965
11605
10488
13827
13126
14031
419235
294895
16415
1045699
586545
692700
21835
14904
1259272
24963
180901
46050
12625
11529
18398
1017041
20743
17532
10749
14083
10817
18540
694512
17702
684483
33584
18604
12556
13238
12427
13177
13385
15432
946961
19823
13251
12923
13215
13087
16142
523665
17076
14635
14651
21056
14825
261788
580272
19955
30982
13260
13021
18039
12910
15948
91564
12502
23119
13691
12962
12557
12849
11704
11371
11798
17183
1219126
22893
1560219
40153
17813
1610944
21383
90798
13528
441493
28647
32499
12434
12492
19310
1284799
21095
19021
421089
196445
1059553
19512
11724
11998
11204
10595
13249
155937
491088
1023143
19575
110838
11294
11661
41525
12316
10611
11453
10899
12678
78474
13057
274247
21663
1273056
55444
92939
12612
83419
14220
10892
11128
10816
10198
11356
80517
11082
11529
270707
195758
11737
2821344
22329
20818
28529
17357
879464
1220137
32931
316133
17515
27585
12554
15227
1659886
12429
12681
13067
12139
1319433
95480
23812
143209
15605
12306
41126
12092
13586
11175
13429
454846
14762
11359
1900919
291993
16626
335089
13278
11109
11170
12206
14591
11424
11165
11811
11871
14910
18187
22021
12115
56401
1162605
22119
11637
50455
12241
11995
12020
15115
800314
18123
25601
12166
206638
991204
719110
12916
11792
10173
11707
28076
33406
10324
10250
156287
14751
12729
9790
9058
2076
2591
2106
4717
2140
2099
2156
2169
2243
3051
2101
2292
91063
3013
5755
438456
3449
97634
2495
2243
8024
2105
66998
2780
2423
2446
2263
2173
2342
16869
2235
2613
106243
2841
7533
2379
10654
2358
15827
2324
2212
2365
4866
3484
2158
2267
2105
2009
2605
2424
2624
79081
53914
3034
196429
106594
131765
4081
2848
235741
4622
34084
8803
2380
2190
3556
190792
3920
3336
2061
2674
2072
3558
129143
3340
126010
6403
3479
2320
2459
2273
2460
2546
2976
180456
3629
2388
2371
2444
2404
2898
97130
3121
2716
2683
3849
2666
47325
110809
3735
5749
2426
2408
3373
2429
2930
17066
2409
4265
2600
2446
2334
2481
2198
2081
2174
3297
228095
4287
292141
7415
3407
299942
3940
17143
2534
84000
5153
6293
2331
2356
3571
247258
4047
3594
85599
37902
194377
3811
2278
2264
2104
2026
2570
30870
95815
190512
3790
20773
2220
2186
8036
2379
2065
2220
2127
2357
15044
2431
52019
4038
243391
10656
17889
2428
16170
2671
2161
2141
2099
1998
2236
15476
2193
2224
51449
38482
2308
535424
4328
4056
5411
3250
172151
232210
6132
59180
3402
5406
2354
2844
318503
2354
2444
2410
2351
248118
18923
4405
27260
3014
2359
7804
2251
2577
2101
2462
86647
2797
2148
361449
54883
3176
64324
2430
2210
2118
2265
2652
2152
2068
2182
2158
2696
3399
4110
2229
10590
223330
4193
2187
9501
2197
2271
2244
2776
151894
3406
4719
2302
39389
186837
137721
2493
2230
1937
2266
5355
6291
1925
1931
29624
2779
2446
1887
