48957
11109
13699
11706
25474
12039
10998
11565
11699
12463
15553
11717
11531
489502
17261
31307
2356939
18888
517098
13205
11830
44207
10967
363440
15689
13691
11822
12636
11985
13455
89656
11751
14464
561261
14860
42640
12198
55415
13280
83688
11519
12865
13254
24872
19367
11021
11676
11960
11554
14150
13027
14041
416789
295131
16925
1054544
579425
689879
20340
14264
1260860
24314
182540
46350
12345
11861
17626
1015819
20545
18202
11223
13437
11114
18156
701869
17508
688954
33668
18799
12729
13214
12240
12784
13104
15382
948430
20499
12876
12737
12782
12776
16330
520821
17755
15410
14879
21060
14817
263702
579907
19606
30664
13314
13323
19406
12811
15658
91580
12530
23378
13574
12254
12562
13115
11801
11559
12070
17013
1221255
23411
1559359
40596
17921
1608186
21494
90442
13363
442015
28335
31401
11987
12228
19445
1283179
20566
19608
415773
196360
1061374
19314
11168
12361
10919
10481
13478
157182
493108
1024162
18330
107254
11696
11188
41889
12753
10496
11602
11300
12580
76690
13697
273782
21365
1266658
54771
91450
12177
85685
14255
10908
11680
11469
10347
11238
81178
11589
11578
273990
196342
12209
2827953
21970
20758
28519
17513
886421
1216224
33216
313805
17864
28498
12403
15216
1674053
11437
12173
13005
12568
1323202
94748
24016
140657
15748
12096
41311
11543
13008
11511
12925
458109
15355
11710
1899959
294995
16444
332979
12639
11717
11269
11810
15091
11489
12245
11933
11962
14881
17654
21127
12276
56730
1161021
22496
11259
51164
11778
11419
12019
13964
801394
18067
25261
13254
205312
990848
719190
13359
11965
10612
12092
28563
33868
10526
10439
157473
15260
11734
9411
9035
2093
2648
2168
4637
2245
2077
2163
2208
2319
2997
2201
2214
91048
3261
5796
439786
3568
96971
2459
2259
8234
2114
66608
2883
2476
2221
2303
2204
2421
16982
2202
2613
106458
2786
7933
2328
10156
2469
15931
2228
2318
2383
4731
3533
2083
2220
2162
2209
2598
2414
2576
78742
53973
3122
198204
105421
131123
3827
2704
235659
4466
34407
8828
2313
2244
3441
190732
3844
3469
2098
2577
2102
3425
130446
3319
126804
6391
3549
2345
2493
2263
2417
2467
2950
180538
3785
2314
2362
2372
2381
2933
96862
3291
2788
2783
3861
2668
47748
111227
3613
5735
2433
2392
3593
2420
2924
17055
2417
4305
2544
2313
2333
2537
2260
2151
2199
3231
228360
4371
292694
7505
3468
299785
3981
17131
2524
83755
5159
6075
2264
2281
3538
247370
4025
3740
84742
37925
194090
3772
2187
2374
2037
2026
2658
31022
96069
190881
3589
20180
2286
2113
8057
2450
2038
2234
2171
2344
14709
2551
51920
3982
242368
10422
17683
2285
16673
2701
2107
2254
2177
2024
2225
15501
2249
2238
51715
38653
2359
537055
4324
4011
5407
3270
173687
231314
6205
58831
3460
5522
2357
2873
320638
2187
2350
2399
2392
248903
18796
4437
26763
3031
2304
7820
2139
2503
2184
2395
87333
2905
2204
361429
55476
3129
63927
2307
2327
2117
2219
2731
2162
2223
2233
2214
2710
3290
3980
2287
10631
223295
4199
2099
9652
2105
2148
2237
2573
151511
3426
4678
2458
39178
186653
137895
2561
2290
1960
2346
5506
6373
1949
1970
29802
2879
2269
1832
