48046
11291
13838
12933
25968
11647
10752
12242
11217
12198
15057
11972
12214
483635
17393
31954
2355774
18716
521503
13595
12217
43300
11092
365741
14494
12419
12558
12336
11741
12964
89534
12670
14413
562490
15584
41700
12599
56527
12707
85578
12016
12749
12274
25361
20043
11569
11471
12092
11536
14033
12978
14235
417049
299787
16677
1053395
584903
693239
21289
14772
1259375
25323
181445
45300
12141
12891
18196
1018571
20246
17914
10681
13782
11233
18669
699767
17374
686526
33861
17880
12864
13281
12546
12699
13259
15518
941791
20040
13544
12687
13027
12438
16883
521856
17538
14972
14624
21096
15048
263125
580279
19852
31324
13399
12608
18870
12650
15260
91299
13010
22987
13416
13038
12077
13064
11941
11801
12486
17352
1218131
23505
1566184
40870
17443
1609336
21087
90652
13280
439016
29920
32260
12447
12162
19044
1291239
20639
19640
417625
197452
1060297
19905
11327
12344
11086
10372
13227
157706
498556
1020099
18827
110465
10607
12521
42599
12903
10363
11804
11092
12414
78302
12896
275039
20821
1275186
55702
92501
12165
84342
14082
10636
10396
11110
10272
11251
78889
11754
11806
271739
196317
11947
2821207
22363
21172
28862
17989
888805
1221863
31835
314176
17511
28077
12355
14905
1664025
11983
13168
13007
12053
1324517
94346
23923
143149
16030
12479
41286
11702
13391
11875
13398
450493
14380
11670
1899439
295099
16340
335701
12577
10928
10899
11655
14553
10833
11498
12539
12049
14815
16949
21012
12157
55932
1159795
21686
12289
52310
11845
11728
12974
15266
803681
18717
25914
12914
205438
997064
718523
12955
11820
10536
11985
29226
34479
10568
10005
157034
14176
12387
9500
8897
2153
2633
2358
4791
2153
2056
2290
2111
2261
2918
2239
2327
90062
3217
5955
440030
3509
97730
2528
2312
8114
2127
66944
2719
2290
2322
2235
2187
2348
16953
2340
2629
106581
2967
7734
2371
10332
2387
16237
2271
2289
2216
4869
3722
2138
2140
2186
2166
2592
2382
2660
78910
54682
3080
197567
106086
131374
3974
2831
235671
4653
34077
8652
2258
2413
3507
191395
3808
3422
2014
2611
2146
3508
130021
3311
126061
6422
3409
2392
2484
2333
2400
2517
2945
179279
3670
2466
2345
2420
2324
2990
96988
3206
2723
2678
3862
2702
47669
110591
3672
5868
2494
2341
3487
2392
2820
17032
2494
4286
2510
2451
2238
2492
2250
2198
2319
3315
227690
4393
293466
7555
3349
299525
3881
17108
2510
83486
5393
6249
2368
2342
3504
248391
3973
3686
85360
38041
194344
3896
2204
2360
2070
1986
2560
31119
96955
189786
3615
20607
2086
2367
8200
2454
2002
2262
2176
2319
14927
2419
52244
3858
243681
10573
17789
2307
16395
2680
2091
1987
2133
2042
2203
15137
2326
2316
51477
38552
2325
535069
4339
4121
5486
3379
173944
232324
5926
58938
3391
5489
2314
2818
319265
2293
2494
2398
2323
248676
18698
4438
27154
3111
2328
7841
2178
2519
2239
2423
86080
2687
2198
361032
55559
3079
64377
2334
2163
2092
2184
2626
2031
2088
2293
2178
2712
3231
4006
2251
10479
222743
4083
2297
9873
2137
2225
2408
2823
152648
3513
4811
2414
39147
187686
137676
2529
2251
1996
2343
5588
6447
1983
1908
29881
2715
2367
1850
