49503
11711
13628
12209
26368
11207
10779
11466
11343
12190
15918
11080
11755
485270
16204
30625
2350366
18321
521839
13413
12147
43370
10984
364120
13997
12500
12810
12473
11497
12696
87705
12820
13902
559960
15357
42698
12546
58054
12997
84088
12008
11967
12927
26164
19956
11703
11465
11369
11696
14372
12760
14445
417230
295815
17185
1053686
584048
693242
21456
14591
1257239
25548
181105
44747
12249
12072
17616
1016059
20059
18602
11293
13871
11425
19856
697920
17845
688185
34305
18805
13126
12788
12467
13383
13176
15330
945082
20390
12766
12383
13642
12914
15692
522380
17087
14007
14441
20705
14456
266218
581264
19778
31526
13138
12406
18588
12931
15797
91248
13001
24375
13422
12458
12298
13765
11627
11858
12267
16632
1217912
23275
1560070
40707
17583
1603302
21813
92083
13179
444682
29165
30591
12218
12481
19536
1284707
20617
20217
414170
197182
1066084
20347
11138
11870
11082
11063
13058
158548
493858
1025809
19263
108787
11348
11829
41014
12401
10566
11062
11553
12601
77913
13159
272128
20734
1271262
55039
94138
12561
84602
13887
10903
11326
10816
10854
11087
80463
11974
12076
272803
198054
11400
2822590
22573
21133
28290
17872
879220
1224780
32067
310114
17221
28186
12152
14865
1659487
12050
12902
12678
11915
1326068
94177
23427
141788
15903
12005
41492
11514
13882
11433
13651
453245
15355
11627
1896645
295338
16831
333305
12909
10715
11056
12100
14945
11366
11848
12006
11877
15226
18530
22349
12956
56288
1162442
22517
12220
51172
11711
11045
12367
14702
804619
18932
24847
12831
206323
992621
721252
12710
12058
10753
12649
28880
34177
10214
10119
156295
15302
12450
9971
9060
2198
2620
2259
4819
2112
2051
2155
2131
2246
3055
2111
2203
90203
3045
5739
438881
3425
97883
2515
2283
8127
2096
66649
2583
2276
2380
2238
2132
2260
16642
2369
2552
106235
2924
7943
2385
10554
2407
16021
2284
2168
2369
5015
3698
2179
2186
2051
2239
2686
2385
2676
79143
54040
3165
197556
105900
131509
3990
2797
235545
4679
34098
8532
2286
2268
3441
190522
3762
3501
2120
2621
2149
3735
129792
3390
126653
6534
3546
2398
2350
2297
2548
2497
2936
180093
3784
2350
2272
2549
2412
2773
96840
3173
2624
2615
3750
2593
48182
111088
3717
5863
2434
2297
3417
2462
2952
17042
2517
4507
2541
2351
2277
2664
2211
2159
2247
3168
227669
4341
292837
7509
3412
298336
3981
17469
2503
84389
5271
5941
2295
2374
3563
247323
3959
3814
84374
37876
195014
3986
2162
2246
2058
2129
2557
31295
96332
191089
3730
20368
2224
2257
7878
2367
2075
2162
2236
2341
14958
2476
51759
3844
243310
10560
18168
2342
16390
2631
2162
2161
2112
2119
2184
15321
2336
2300
51922
39066
2234
535890
4397
4137
5399
3311
172049
232995
5994
58245
3383
5521
2325
2751
318553
2260
2441
2332
2285
249208
18640
4346
26999
3078
2305
7892
2161
2637
2164
2483
86494
2884
2182
360574
55499
3217
63973
2391
2127
2128
2289
2695
2162
2154
2230
2174
2742
3481
4142
2357
10515
223305
4207
2276
9576
2100
2091
2321
2715
152631
3543
4589
2384
39311
187316
138066
2483
2248
1994
2437
5500
6455
1890
1910
29636
2871
2405
1875
