48971
11659
13360
11913
26296
11597
10458
11618
11858
11754
15463
11537
11762
488322
17092
31253
2345749
18404
521434
13605
11629
43010
10632
367279
14845
12797
12484
12517
10966
12276
88836
12218
14672
562587
15435
41824
12610
57486
12629
84092
11435
12865
12917
25346
19527
11160
11864
11399
10948
13896
13187
14571
419936
295889
17021
1054836
582033
699338
21852
15150
1259910
25153
180271
45757
12597
12338
18145
1019964
20239
18298
10996
13629
11330
18715
698112
17411
687553
33096
18511
12534
13040
12394
13541
13404
15527
941064
20475
12671
12575
13178
12966
17098
523124
17757
14385
13979
20866
14207
260781
581163
19862
31699
12928
13242
18724
13050
15081
91943
13059
23963
13463
12811
12485
12711
11697
11164
12837
16191
1217080
22620
1562687
39995
16988
1611117
21006
90665
13350
444035
29316
31205
11887
11881
18934
1286714
20436
20015
417961
198078
1063059
19960
10853
12114
10296
10867
12745
158570
494601
1021347
19796
108780
11329
12063
42226
13158
10433
11356
11422
12876
76343
13594
273539
21979
1274296
55606
93802
12686
84634
14112
11251
10724
11068
10895
11287
79822
11487
12140
274405
196862
11563
2820458
21213
21068
28105
16994
881961
1229903
32244
312475
17375
28534
11535
14913
1670636
12063
12760
12969
12632
1322137
93552
23482
142982
15566
12410
42027
11492
13577
11605
13133
453207
15605
11631
1903417
296313
16860
331998
13046
11305
11382
12290
14663
11317
12166
11444
11870
14830
18579
22003
12431
55918
1163725
21504
12332
52078
11736
11783
11580
14462
800642
19120
24827
13796
207130
989962
724353
13408
12387
10334
11630
28404
34392
10887
9964
156867
14012
12608
9822
8994
2202
2551
2233
4806
2159
2013
2179
2231
2214
2939
2178
2211
90700
3242
5754
438612
3471
97880
2519
2242
8083
2039
66945
2782
2358
2334
2269
2068
2222
16857
2258
2671
106602
2940
7814
2378
10594
2362
16087
2193
2350
2326
4844
3584
2121
2264
2065
2130
2613
2427
2712
79456
53935
3122
198067
105841
132540
4062
2887
236006
4669
34067
8707
2344
2319
3513
191370
3807
3442
2069
2581
2151
3514
129640
3304
126609
6319
3503
2336
2438
2282
2567
2510
2992
179435
3782
2332
2329
2457
2406
3049
97303
3261
2638
2561
3788
2603
47275
110989
3682
5881
2412
2416
3492
2475
2813
17227
2509
4479
2532
2431
2292
2466
2247
2071
2338
3079
227850
4222
293208
7346
3303
300559
3847
17263
2509
84021
5303
6058
2238
2283
3488
247723
3952
3769
85186
38218
194187
3911
2126
2304
1939
2083
2507
31255
96510
190244
3803
20305
2233
2301
8145
2509
2043
2218
2168
2350
14742
2504
51858
4081
243589
10642
17995
2381
16408
2647
2214
2063
2140
2145
2218
15316
2247
2334
51932
38871
2239
535645
4170
4068
5364
3188
172773
233780
6051
58399
3378
5548
2198
2809
320186
2285
2480
2381
2357
248429
18628
4314
27244
2995
2357
7989
2137
2593
2219
2400
86543
2892
2169
361821
55649
3223
63745
2439
2245
2160
2259
2664
2114
2214
2144
2163
2680
3486
4172
2282
10504
223580
4090
2306
9817
2101
2232
2190
2649
152092
3592
4598
2562
39496
186443
138652
2598
2340
1939
2217
5469
6462
2020
1902
29843
2654
2404
1893
