48575
11717
12869
12443
28671
11337
10716
11233
11540
11776
14948
11765
11428
487704
16351
31078
2350100
19790
520870
13359
12587
43243
10807
358637
14972
13341
11916
11863
11706
12982
87290
12101
14537
561586
14874
42769
12665
57085
12798
84892
11997
12305
13106
25423
19740
11042
12016
11326
11581
14071
13369
14098
418037
296973
16516
1054897
583709
693088
21415
14230
1252098
23980
180684
46429
12681
11641
18343
1018975
20501
17766
10684
14109
11483
18425
701927
18195
688704
33663
18338
13390
12873
12644
12675
12879
15028
951704
20693
13158
12852
13386
12724
16607
523471
16930
14761
14820
21494
16307
261859
587421
19305
30427
12953
12448
19042
12873
15587
92317
12169
23176
13657
12905
12059
13555
11744
11080
12305
16584
1219596
23115
1564344
39586
17698
1607979
21859
91947
14060
442413
29305
32522
12155
12500
19149
1283567
20800
20737
418764
198457
1061722
20920
11074
12640
11250
10398
13407
158290
491429
1024414
19636
108734
11352
12476
42225
12914
10342
11426
11559
13011
77272
12571
275320
21167
1270926
55033
92090
12020
84803
14812
10574
11291
10541
10751
10925
80411
11707
11488
272513
195896
12215
2821052
21514
21258
28872
16807
881632
1223589
32468
310450
18729
28000
11841
14872
1669100
12093
12183
13184
12429
1329754
94432
23956
143097
15139
12120
41812
12344
12911
12243
13474
455582
14700
11579
1904951
295112
16878
333672
12747
11195
11376
12151
14622
11011
12708
11931
11518
14898
17844
21527
11937
56093
1162883
22311
11820
51193
11772
10822
12036
14802
805893
18118
26136
12719
207141
992782
716520
12850
12489
10449
12172
28547
33164
10352
10443
157153
14292
12367
9318
8956
2188
2484
2307
5190
2125
2038
2121
2134
2184
2896
2211
2169
90638
3056
5835
439065
3677
97790
2491
2346
8081
2081
65636
2785
2409
2194
2144
2178
2350
16589
2264
2596
106377
2828
7911
2399
10460
2378
16206
2266
2256
2370
4891
3648
2077
2265
2079
2233
2574
2460
2624
78849
54144
3059
197949
105937
131333
3991
2714
234753
4452
33983
8849
2408
2202
3565
191224
3907
3322
2028
2695
2203
3471
130620
3458
126890
6403
3495
2441
2440
2287
2389
2502
2899
181073
3806
2433
2384
2519
2353
2948
97213
3141
2706
2712
3901
2918
47540
112455
3632
5676
2422
2303
3519
2426
2947
17223
2327
4334
2572
2419
2247
2601
2250
2058
2252
3200
228202
4328
293741
7337
3394
299206
4065
17439
2642
84150
5345
6295
2278
2411
3521
247332
4012
3868
85035
38270
194411
4059
2161
2434
2106
2005
2594
31247
95815
190680
3826
20308
2262
2337
8139
2478
2002
2216
2231
2446
14836
2380
52236
3912
243053
10489
17764
2308
16469
2795
2110
2163
2070
2117
2175
15383
2294
2242
51677
38554
2394
535578
4209
4146
5494
3151
172638
232978
6100
58237
3612
5429
2279
2746
320496
2305
2342
2439
2395
249941
18632
4453
27215
2937
2290
7900
2293
2480
2311
2464
86713
2765
2182
361765
55349
3182
64099
2357
2166
2166
2288
2655
2078
2290
2172
2126
2714
3399
4060
2200
10530
223117
4184
2225
9630
2124
2049
2239
2729
152797
3400
4812
2366
39448
186853
137255
2480
2387
1979
2349
5464
6313
1929
1964
29857
2669
2365
1790
