48062
11177
13499
12102
26506
11994
11022
11691
11116
12148
15427
11393
12448
488747
16486
31765
2353899
18242
518195
13650
12076
42324
10692
365411
15610
13147
12518
12210
11740
12998
86175
13029
14412
562504
15058
42132
12749
56722
12602
85223
11807
12903
13396
25282
19689
11498
11877
11614
10816
13975
12954
14067
413770
295029
16589
1051998
583260
694014
21313
14480
1257653
25268
179685
45924
12603
12120
18063
1017211
20364
18084
11344
13863
10800
18241
702787
17732
686432
33527
18326
13098
13456
12824
13185
12883
15299
951216
20645
12652
12467
12896
13041
16309
521173
17489
14471
13923
20798
14934
257484
582059
19698
31891
12770
12882
19199
12615
15521
93453
12771
23628
13281
13349
12306
13700
11348
11306
12089
16806
1215773
23167
1563296
39270
17654
1608434
21426
90634
13512
441754
29606
31678
12579
12308
20251
1286261
20535
18636
416210
199272
1064388
20170
11844
11951
10544
10257
12775
156826
494152
1020617
18689
107933
10832
11655
41995
13559
10378
11946
11703
12943
77425
12879
273234
21313
1271464
56820
92789
12388
84963
14159
11631
10925
11041
11324
11337
80914
11134
11721
272681
198228
11722
2822085
22015
20454
28314
16561
881717
1224954
31419
314642
17274
28063
11602
14887
1665145
12203
12800
13326
12949
1322551
94219
23707
144119
15740
11872
41931
11180
14054
11503
13711
455745
15404
12244
1894001
294395
16344
334335
13059
10799
11336
12185
15274
11204
12034
11639
11508
15392
18253
21245
12076
56290
1159625
21848
12402
50412
11716
11589
12934
14793
802832
18049
24952
13022
206025
998027
720609
12591
12245
10370
11693
28832
34645
10656
9937
155507
13953
11838
9247
8947
2089
2596
2234
4867
2241
2089
2189
2092
2253
3010
2140
2372
90920
3103
5900
439741
3421
97197
2568
2282
7969
2047
66917
2916
2403
2336
2202
2216
2326
16351
2398
2615
106705
2869
7854
2416
10373
2343
16188
2234
2332
2419
4776
3664
2144
2267
2115
2053
2585
2378
2628
78125
54138
3051
197436
105827
131983
4013
2758
235693
4633
33837
8764
2368
2308
3478
191105
3840
3389
2129
2632
2058
3494
130715
3319
126397
6412
3509
2429
2491
2351
2499
2454
2965
181241
3774
2347
2295
2370
2445
2897
96900
3211
2675
2578
3752
2706
46783
111353
3666
5904
2379
2369
3546
2371
2859
17412
2459
4368
2529
2485
2274
2658
2136
2072
2222
3233
227894
4303
293317
7256
3365
299257
3957
17193
2566
83878
5351
6140
2367
2345
3680
247529
3950
3567
84757
38265
195000
3953
2278
2307
1992
2012
2513
31010
96366
190182
3613
20219
2148
2209
8136
2586
2026
2308
2224
2461
14868
2407
51821
3971
243239
10871
17898
2330
16513
2657
2279
2080
2183
2236
2227
15517
2186
2288
51767
38927
2273
536085
4301
4004
5389
3143
172718
232946
5917
59047
3368
5444
2213
2768
319431
2294
2438
2472
2460
248663
18723
4403
27397
3028
2260
7926
2109
2681
2182
2501
87054
2860
2284
360548
55571
3110
64408
2386
2128
2173
2277
2760
2126
2199
2132
2082
2779
3415
4000
2221
10533
223104
4128
2279
9524
2103
2207
2405
2746
152543
3426
4623
2422
39282
187725
138147
2458
2355
1919
2281
5519
6527
2015
1869
29690
2622
2299
1802
