49363
11118
13922
12157
26661
11542
11016
12073
10705
11392
15142
11346
11661
487201
16435
31519
2352029
19040
520286
13491
12674
43921
10892
363427
15466
12763
12804
11613
10692
13027
88042
12405
14271
565657
15949
41871
12068
56712
12466
84113
12033
13192
12536
25747
19525
11026
11601
12107
11643
14650
13469
14076
416016
299076
16762
1056947
580710
691711
20899
14102
1251119
25231
184175
45942
12177
11831
17813
1018864
20612
18095
11219
14115
10768
18932
698737
17790
689768
32619
17929
13475
12544
12053
12995
13046
15065
949737
20615
12065
13173
13393
12475
16291
526387
17885
14742
14985
20422
15189
263370
582934
19736
32292
12580
13376
19472
12380
16002
93745
12600
23050
13482
12646
12021
12740
11354
10925
12678
16651
1218871
22210
1559171
40430
17846
1612739
22437
89632
13539
442848
29125
32454
12477
12453
19224
1288737
21208
19448
416751
195152
1063667
19376
11397
12353
10938
10549
13317
156380
491739
1023876
19410
109364
10785
11426
41532
12805
10052
12007
11150
12656
77050
13617
272890
21712
1273673
56691
92381
12258
83900
14303
10732
10832
10577
10723
11241
80540
11880
11485
270405
198638
11905
2820281
21882
21051
28765
17692
882635
1221160
32846
314257
18399
28687
12278
14853
1672809
11711
13046
13221
12834
1328352
93766
23492
144226
15433
12630
42912
11613
13884
11986
14020
451543
15248
11956
1894818
294733
16759
334400
12634
10715
11080
11716
14869
11262
12244
11678
12384
15169
18216
20958
11798
55908
1159926
22391
11723
51599
11268
11550
11967
14447
802378
17765
25557
12666
207372
991844
719531
13697
12108
10274
11679
27600
34724
10146
9493
155414
14516
12329
10073
9093
2090
2664
2240
4837
2117
2127
2275
2018
2112
2914
2125
2189
90633
3088
5863
439358
3557
97611
2537
2440
8167
2090
66469
2886
2335
2381
2104
2037
2383
16717
2300
2614
106992
3000
7785
2264
10484
2271
16077
2256
2379
2290
4923
3629
2108
2198
2213
2212
2701
2464
2594
78666
54431
3108
198062
105610
131066
3930
2667
234138
4640
34713
8780
2280
2222
3444
191548
3888
3429
2138
2648
2055
3577
130060
3368
126786
6220
3398
2470
2341
2196
2443
2472
2903
181020
3773
2236
2442
2495
2300
2884
97324
3293
2710
2730
3681
2714
47699
111429
3663
5995
2342
2421
3610
2374
2936
17446
2428
4235
2544
2407
2223
2485
2157
2034
2325
3186
228026
4169
292536
7512
3442
300582
4114
17028
2553
84070
5254
6329
2382
2372
3525
248112
4087
3644
84976
37552
194235
3793
2204
2356
2053
2023
2584
31020
96019
191005
3790
20538
2139
2166
7983
2436
1966
2311
2138
2370
14811
2563
51959
3988
243373
10802
17774
2311
16295
2705
2114
2105
2052
2105
2209
15514
2297
2259
51216
39063
2326
535804
4323
4118
5443
3319
172943
232260
6155
58840
3558
5626
2311
2799
320793
2230
2491
2427
2467
249313
18574
4412
27423
2994
2385
8082
2172
2635
2273
2527
86132
2847
2239
360001
55419
3190
64035
2342
2124
2125
2208
2674
2159
2234
2186
2241
2752
3441
3948
2217
10475
222783
4200
2188
9735
1997
2216
2266
2661
151998
3384
4721
2346
39575
186823
137758
2624
2322
1913
2245
5290
6574
1926
1819
29516
2731
2379
1914
