49159
11961
13253
12737
26391
10970
10779
11404
11079
11915
15980
11291
11247
489147
16631
32633
2354072
18948
515662
13567
11827
43389
11776
363986
15250
13183
12486
12075
11095
13063
88403
12795
14128
563010
14720
41854
12678
58056
12763
81974
11765
13333
12892
25879
19625
11327
11340
11713
11912
14020
12871
14498
415878
293811
16204
1056382
583676
695625
21196
14485
1261551
24482
180824
45854
13261
11597
18408
1016567
20912
17625
11839
14545
11382
18025
698469
17425
684267
32857
17494
13413
13226
12954
13072
13045
15729
948667
20643
13155
13218
12992
13141
16577
523648
17064
14843
14826
20708
14283
263424
585692
20559
31143
13244
12832
19382
12975
14782
93366
12839
23566
13777
12819
12086
13072
11600
11757
12349
17191
1218885
23181
1556010
39312
16951
1609748
21066
92830
13192
440364
28616
32743
12550
11613
19993
1287030
20852
19688
419072
196416
1065996
18707
11685
12684
10704
10308
13177
156426
496630
1019711
18730
109885
11259
11747
41972
12699
10631
10815
11260
13257
78713
13498
276098
21545
1274146
56284
91354
12440
83347
14151
10889
10923
11196
10371
10729
80969
11335
12958
271046
197154
12052
2822554
21958
20783
28307
16844
884421
1224587
32686
311837
17146
27979
11822
15371
1666135
12044
12776
12758
13130
1320236
95079
24411
144340
15358
12444
41254
11795
13212
12069
13409
456601
15398
11529
1903030
293159
16439
332871
12727
10672
11393
11794
14647
11312
10800
11628
11752
14789
18393
21825
12631
55601
1158985
22751
12357
50423
11649
11835
12314
15388
809558
18876
25257
13358
207381
995434
722327
13449
11940
10693
11870
28615
34455
10126
9636
157652
14431
12478
9252
9022
2244
2562
2369
4844
2029
2065
2152
2073
2215
3081
2132
2143
91077
3135
6068
439965
3545
96852
2553
2254
8120
2250
66729
2871
2410
2294
2208
2087
2322
16768
2364
2581
106640
2773
7795
2379
10604
2377
15597
2215
2414
2346
4951
3643
2125
2158
2118
2254
2612
2411
2701
78719
53684
3003
198387
105896
131945
3966
2743
235997
4511
34058
8735
2484
2224
3586
190903
3926
3333
2244
2758
2161
3437
129812
3278
125743
6333
3346
2445
2470
2385
2456
2513
3005
180709
3829
2384
2394
2440
2437
2952
97185
3146
2752
2696
3723
2573
47819
112123
3830
5810
2451
2392
3589
2467
2760
17427
2492
4363
2565
2435
2247
2502
2236
2194
2286
3279
228058
4344
292262
7295
3269
299692
3869
17430
2515
83486
5141
6341
2374
2198
3689
247746
4038
3745
85379
38021
194938
3664
2219
2425
2022
2007
2558
30837
96785
190056
3590
20609
2206
2215
8050
2420
2064
2100
2146
2460
15093
2503
52261
4035
243400
10748
17637
2343
16188
2703
2156
2086
2139
2020
2116
15596
2212
2492
51471
38794
2359
536145
4243
4006
5381
3174
173280
232865
6078
58610
3339
5509
2228
2894
319365
2266
2407
2358
2487
248465
18798
4516
27509
2962
2376
7831
2184
2534
2274
2444
87025
2895
2182
362116
55315
3125
63885
2359
2115
2179
2202
2650
2165
1973
2157
2161
2675
3512
4057
2323
10369
222922
4282
2319
9479
2065
2231
2308
2815
152935
3515
4637
2476
39570
187669
138330
2578
2236
1969
2321
5437
6546
1881
1853
29978
2720
2406
1787
