48464
11304
13458
12408
26690
11297
11081
11080
11816
12022
15660
11589
11798
490950
15686
31511
2353775
19051
515920
13955
11534
43766
11078
363776
15171
13602
12331
12177
11433
13160
87369
12266
15420
564536
14859
40619
12515
56739
12967
83977
12250
12983
13454
26175
19700
11455
11338
11916
11134
14416
13179
14615
416642
299158
16816
1051733
582189
693166
21544
14171
1257424
25384
182822
45378
12241
11859
17670
1016967
20958
18431
10900
13870
11495
19386
697103
18041
685401
33385
18137
13324
13550
12238
13294
13094
15121
944937
20008
12799
12795
13056
12018
16491
523683
17739
14529
15293
21487
15557
262665
584088
20036
30334
13141
13115
19610
12706
15576
92069
12621
23347
12802
13136
12551
13052
11516
11671
12529
16325
1223759
22479
1560872
40174
17383
1607980
21255
90743
13724
440771
29005
31753
12698
12705
19246
1286596
20606
20491
417036
197993
1056945
20102
11283
11776
10990
10631
13542
158258
491178
1023994
18988
108924
11303
11613
42162
12898
10171
11392
11603
13225
78641
13883
273993
21205
1278782
53548
91076
12057
83528
13976
10700
11288
11352
10193
11244
80111
11083
11473
270187
197271
11748
2827090
21418
21769
28720
17057
879090
1223924
32495
313411
16584
27672
11885
15267
1668283
11952
13064
13313
12943
1326062
94591
24315
142535
16369
11971
41659
11614
13462
11440
13928
453068
14745
11529
1901809
294044
16849
335313
12998
10982
11540
11620
14362
11453
11747
12137
11798
15490
18669
21380
12317
56261
1162610
22802
11584
51333
11479
11324
12300
14875
803955
18093
26128
12817
205455
989403
716898
12850
11586
10537
12133
28305
33427
10658
9769
156983
14642
12304
9802
8976
2136
2580
2322
4938
2113
2096
2105
2212
2260
3019
2167
2219
91345
2951
5899
440246
3553
96948
2606
2196
8220
2119
66448
2823
2492
2287
2190
2112
2356
16500
2270
2777
107010
2831
7521
2366
10439
2388
16091
2326
2334
2453
4945
3622
2172
2192
2198
2169
2685
2417
2681
78869
54747
3127
197684
106045
131701
4054
2694
235720
4668
34515
8578
2266
2231
3433
191145
3940
3486
2063
2654
2169
3633
129548
3427
126164
6341
3449
2473
2516
2238
2475
2479
2899
180176
3676
2367
2387
2435
2229
2941
97530
3230
2678
2802
3894
2803
47745
111663
3737
5595
2454
2426
3593
2388
2870
17155
2404
4373
2398
2512
2316
2496
2182
2169
2300
3167
229117
4214
292784
7367
3329
299724
3866
17225
2558
83877
5181
6179
2381
2409
3513
248129
4012
3830
84844
38134
193596
3945
2196
2260
2084
2077
2647
31242
96042
190901
3669
20428
2232
2216
8110
2426
1968
2209
2261
2490
15175
2561
51905
3971
244561
10296
17566
2273
16225
2637
2114
2129
2186
1991
2235
15386
2205
2233
51383
38929
2277
536745
4222
4251
5427
3217
172467
232628
6141
58839
3200
5392
2278
2841
319745
2258
2481
2458
2490
249001
18795
4506
27104
3147
2236
7898
2137
2556
2161
2512
86399
2761
2191
361844
55256
3205
64248
2409
2169
2194
2174
2634
2166
2147
2232
2119
2810
3510
3999
2276
10497
223590
4262
2159
9634
2048
2155
2299
2718
152257
3447
4799
2391
39136
186616
137553
2478
2203
1971
2353
5424
6329
1995
1841
29873
2779
2395
1873
