48553
11115
13816
11800
26273
10893
10746
10993
11077
11689
15059
11441
12272
489493
16091
31058
2347498
18574
517440
13586
11930
43845
10739
365311
15446
12619
12507
12401
11777
12959
88002
12928
14386
559142
14510
41785
12806
57724
11844
83860
11639
12914
12779
24817
19617
11133
12094
11825
11052
13769
13168
14181
415317
298298
16785
1051100
586727
694387
20547
14572
1260292
25325
183461
44632
12823
11644
17618
1016859
20849
17650
11403
13855
11232
18736
702947
17074
688411
33766
17621
13124
12765
12744
13417
13047
15125
948536
20138
13148
12867
13055
13496
16693
527524
17506
14384
14675
20886
14616
260866
581148
20268
31360
12957
12713
18938
12628
15844
91061
12370
22949
13614
13080
12473
13009
11761
11187
11937
17477
1224875
22841
1555156
39533
16857
1607748
22123
93197
13281
440160
28781
32582
12169
11904
19769
1288620
20073
20650
415902
199011
1057184
19748
11236
12229
10729
10508
13132
158200
490980
1022004
19440
110897
11126
12419
41459
12888
10531
11170
11276
13083
79069
12941
274526
21557
1272440
55688
94611
12366
84842
13790
10580
10860
11129
10951
10790
80903
12036
11967
272314
197020
12112
2818855
22222
20978
28617
17643
884594
1225330
32858
313690
17648
26784
11982
15149
1669808
11771
13284
12658
12759
1319506
94943
23001
142497
15475
11587
41695
11807
13507
11929
12879
453874
15489
12233
1906725
296007
17108
333700
13170
11587
11833
12139
14746
11241
11712
11985
12454
14963
18794
21408
12119
56207
1154028
22203
11881
50581
11965
11468
12196
14737
805046
19646
25731
12982
207089
991982
714999
13544
12458
10853
12016
27265
34551
10055
9740
158007
14496
11565
9773
8940
2088
2637
2188
4822
2023
2031
2059
2085
2172
2939
2168
2310
90943
3041
5791
438657
3474
97283
2566
2271
8229
2064
66739
2891
2314
2309
2241
2174
2329
16687
2366
2606
105766
2724
7773
2399
10611
2212
16000
2206
2334
2342
4796
3624
2062
2277
2150
2096
2567
2439
2574
78624
54558
3114
197512
106402
131709
3860
2804
235931
4692
34419
8498
2396
2223
3376
190917
3914
3352
2153
2638
2129
3537
130602
3201
127031
6460
3386
2448
2400
2335
2512
2477
2904
180809
3719
2410
2361
2430
2555
2994
97963
3211
2624
2685
3789
2666
47352
111158
3761
5831
2398
2344
3495
2414
2960
16954
2437
4237
2560
2446
2325
2509
2228
2056
2188
3341
229025
4272
292337
7361
3267
298991
4111
17640
2511
83492
5185
6276
2319
2277
3613
248012
3857
3885
84665
38332
193553
3878
2177
2352
2028
2000
2551
31181
95795
190238
3758
20765
2176
2339
8005
2449
2051
2187
2175
2431
15149
2445
51987
3992
243714
10644
18190
2322
16402
2588
2089
2103
2138
2142
2138
15495
2312
2287
51771
38720
2353
535883
4340
4057
5379
3288
173565
233064
6176
58785
3434
5297
2258
2837
319854
2259
2492
2320
2415
248214
18841
4265
27086
2998
2191
7920
2169
2593
2260
2362
86880
2913
2276
362365
55710
3263
64015
2450
2269
2237
2262
2694
2140
2140
2230
2232
2712
3507
4001
2199
10518
221976
4153
2252
9604
2132
2157
2293
2717
152514
3668
4731
2386
39349
187008
137069
2629
2352
2014
2324
5233
6516
1888
1851
30073
2723
2262
1878
