48748
11514
13357
11923
26984
11390
11064
11624
10970
12001
15170
11118
12039
487579
16168
31031
2349930
19291
517964
13561
12110
43288
11393
366956
14937
12911
11827
12221
11365
13362
88929
12011
14560
559951
15535
42686
13129
57047
13261
83244
12041
13299
13394
26365
20053
11627
11240
11384
10841
14295
13401
14248
416386
300064
16915
1051156
584703
692606
21259
14465
1261177
24206
181118
45978
12486
12131
17489
1018254
19864
16712
11111
13980
11222
18423
698564
17913
689061
33869
18701
12505
14079
12008
12210
12836
15183
943222
20350
12832
13211
14065
12913
15716
522973
17574
14607
14608
21128
14550
263546
585736
19653
32033
13050
12942
19704
13416
15119
91925
12127
23557
13339
12748
11802
13017
11196
11086
12061
16949
1219044
22871
1556630
39145
17489
1608705
21415
90915
13571
437320
30723
32389
12232
11460
18223
1290411
20662
20653
416140
199046
1059494
20230
11653
12213
11235
10871
13319
157637
493893
1024464
19549
107613
11172
11368
41985
12849
10247
10734
11000
13129
77481
13654
270644
21555
1276132
55268
92968
12558
84401
14790
11390
11354
10861
11323
10905
80425
11122
12187
273380
199553
11482
2824429
22138
20912
28567
17238
884439
1220476
32934
312047
18193
28643
12303
15062
1676403
12005
12911
13796
12474
1330580
96932
24778
143560
15664
12882
42910
11754
14141
11734
13857
454679
14776
11393
1902593
295056
16779
331535
12725
12049
11419
11930
14881
10922
11708
11961
11958
14958
18423
21928
12363
55202
1158667
21847
12051
50810
12253
11310
11413
14960
801184
17018
25998
12665
205611
996374
715400
12876
12151
10468
12628
28214
34823
10971
9493
157647
14137
12348
9330
8980
2154
2590
2208
4932
2108
2105
2173
2051
2220
2922
2100
2286
90456
3087
5762
439423
3627
97581
2509
2318
8160
2198
67103
2772
2395
2223
2209
2106
2397
16820
2245
2651
106339
2941
7930
2454
10574
2467
15882
2276
2437
2414
4999
3702
2191
2154
2103
2107
2641
2486
2662
78931
54665
3141
197545
106151
131808
3978
2771
236068
4494
34301
8730
2338
2298
3388
191223
3759
3211
2091
2686
2138
3478
129881
3406
126617
6504
3594
2283
2586
2221
2324
2429
2898
179804
3746
2358
2421
2600
2400
2820
97090
3274
2683
2693
3827
2657
47804
112073
3669
5937
2418
2406
3625
2497
2808
17087
2359
4389
2505
2409
2217
2470
2121
2036
2228
3239
227825
4283
292343
7270
3405
299331
4007
17202
2545
83155
5501
6317
2304
2226
3391
248525
4008
3827
84597
38295
194196
3926
2262
2326
2127
2077
2600
31083
96442
190768
3754
20202
2222
2159
8086
2466
2023
2055
2096
2445
14851
2530
51411
4012
243761
10585
17930
2353
16413
2781
2241
2171
2102
2223
2164
15463
2213
2335
51854
39312
2250
536030
4377
4107
5412
3197
173305
232381
6180
58478
3504
5571
2351
2808
321207
2289
2460
2497
2370
249765
19051
4571
27425
3007
2433
8031
2189
2643
2248
2542
86611
2803
2155
361801
55413
3181
63539
2351
2374
2183
2248
2687
2072
2160
2229
2203
2717
3466
4103
2302
10359
222488
4084
2253
9573
2178
2150
2178
2701
152006
3233
4812
2352
39192
187842
137179
2490
2328
1923
2450
5390
6497
2031
1800
29916
2712
2356
1797
