49093
10980
13849
12379
26766
11405
11070
11587
11399
12091
14984
11651
11874
483787
16721
31605
2347269
18469
518071
13307
11988
42720
10802
364111
14516
13018
12470
12705
11726
12624
88346
11549
14514
562924
15062
41367
12208
56526
13259
83617
11341
13192
13427
25145
20282
11394
11397
11717
11087
13435
13913
13534
413560
294452
16829
1045831
584497
691981
20554
14657
1263073
24259
183228
46341
13165
12152
17709
1019779
20470
18161
10914
14125
11306
18484
694840
17044
686752
33089
18609
13329
13265
12265
12759
12942
15581
945769
19898
12858
12613
13006
12874
16337
522396
17296
14724
14053
20816
14745
263490
577689
20260
31360
13060
12853
18150
12317
16002
92825
13006
24215
13124
12630
12419
13445
11389
11411
11763
15793
1216926
23418
1558625
39894
18173
1607131
22171
89430
13832
442801
27697
32628
12409
12300
18774
1288584
20946
19237
414965
198097
1066605
20021
10963
11407
10212
10810
13256
155813
494552
1026120
19859
109165
11483
11681
42331
13385
11029
10983
11347
13002
78455
13929
276778
21060
1265588
54628
92276
12792
84795
14657
10483
10652
10927
10313
10889
80140
11768
11992
272264
197320
11893
2811476
22016
20565
29091
17134
880398
1224620
31664
313002
16683
28274
11791
14815
1662620
12115
12721
13565
12228
1318895
95799
22952
143268
15674
12198
42532
12024
13199
11682
13592
459552
14762
11960
1896952
295733
17038
334931
12660
10776
11565
11672
15107
10996
11667
11353
11560
15209
18388
21172
11867
55792
1156648
22669
11555
51466
11832
11661
12259
14723
804812
18085
26316
12917
205424
993354
718378
13170
12210
11240
12363
28256
33806
10381
9764
158223
14572
11914
9365
9018
2057
2644
2280
4896
2121
2110
2213
2149
2235
2923
2188
2308
89908
3171
5870
438729
3492
97132
2490
2311
7994
2090
66532
2691
2354
2330
2311
2172
2286
16740
2171
2636
106728
2833
7717
2284
10424
2433
15965
2153
2368
2434
4791
3754
2137
2149
2127
2141
2517
2545
2511
78273
53794
3142
196522
105937
131260
3853
2790
236404
4500
34456
8840
2436
2293
3471
191528
3875
3429
2040
2654
2141
3473
129381
3217
126239
6305
3560
2495
2462
2230
2411
2446
2949
180246
3689
2336
2326
2418
2407
2900
97118
3203
2664
2614
3782
2686
47667
110573
3773
5822
2430
2372
3350
2332
2977
17394
2496
4493
2473
2368
2318
2605
2166
2085
2183
3006
227996
4334
291869
7386
3468
299257
4112
16893
2596
83939
5008
6312
2353
2356
3484
248148
3994
3623
84527
38025
195059
3884
2149
2166
1937
2047
2580
30774
96340
190900
3842
20533
2256
2208
8176
2556
2160
2150
2193
2431
15069
2609
52363
3927
242043
10482
17691
2420
16444
2739
2090
2058
2096
2046
2137
15336
2300
2335
51659
38720
2332
534074
4308
4068
5486
3220
172238
233059
5887
58641
3244
5519
2278
2757
318803
2278
2444
2491
2330
248285
18993
4289
27288
3041
2308
8012
2216
2524
2252
2498
87633
2771
2258
360545
55421
3199
64198
2319
2135
2193
2182
2723
2054
2138
2130
2123
2757
3466
3987
2174
10469
222107
4247
2157
9688
2117
2176
2310
2678
152357
3423
4836
2394
39148
187151
137618
2525
2324
2068
2390
5459
6408
1931
1869
30008
2754
2317
1819
