48324
10916
12838
11587
25956
11493
10774
12002
10763
12111
15205
11902
11957
487087
16953
31429
2353029
18352
519087
14068
12087
43275
11425
366323
15001
12722
12475
12734
10978
12724
88280
12417
15193
565027
15593
41631
12287
56302
12741
83719
11809
12909
12800
25742
19127
11499
11749
11316
11576
14237
13009
13784
417306
294364
16939
1052981
581960
696674
20867
14454
1252906
25666
182338
46685
12664
11530
17700
1014843
20600
18968
11353
13830
11180
18691
702019
16847
689320
33215
18107
12773
12960
13559
13087
13081
15797
944555
20402
13313
13070
13267
13003
16116
517515
17672
15587
14953
21464
14993
264133
583868
19483
31872
13327
13145
18964
12936
14925
92294
12664
23225
13467
13258
11998
13229
11712
11816
12535
17723
1215517
22117
1563687
40400
18292
1610244
21314
89174
12879
441767
29435
31470
12077
12095
18904
1285101
20712
19990
420319
199633
1055852
20223
10827
12841
10690
10726
13603
157145
489500
1021324
18904
108108
11426
11520
42479
13239
10987
11307
11481
12580
78040
13078
271738
21079
1267255
55288
94396
12477
85356
13993
11332
11132
10963
10755
10999
81997
11758
11550
271333
197045
11955
2820794
21572
21504
28988
17507
884142
1221740
32695
312496
17768
28991
11842
14942
1669717
12074
12736
12954
12437
1322248
95614
24495
142232
15217
12915
41482
11467
12814
12062
13052
458052
14795
12538
1904238
293162
17091
332306
13340
10803
11705
11910
14856
11195
11577
12539
11521
14482
19107
20983
12180
54424
1159509
22158
11589
50305
11881
11096
12311
14622
804496
18960
25610
12724
207444
992482
717751
12950
12867
10402
12242
29015
34290
10717
9236
157913
14523
11989
9822
8968
2052
2459
2131
4753
2153
2032
2254
1997
2265
2964
2212
2294
90557
3202
5871
440177
3412
97587
2603
2301
8054
2197
66844
2842
2335
2300
2291
2061
2292
16703
2269
2756
106932
2961
7743
2316
10285
2368
15983
2226
2361
2342
4942
3545
2157
2230
2066
2226
2656
2380
2581
79131
53776
3137
197834
105552
132224
3907
2767
234759
4724
34354
8884
2383
2185
3437
190599
3908
3574
2124
2652
2130
3544
130596
3200
126814
6338
3446
2382
2424
2467
2434
2464
3025
179922
3725
2420
2362
2490
2445
2891
96073
3188
2844
2733
3889
2704
47842
111661
3628
5874
2464
2411
3487
2437
2775
17246
2425
4289
2548
2480
2228
2540
2221
2181
2327
3369
227509
4142
293346
7470
3528
299996
3920
16994
2449
83970
5297
6097
2259
2316
3486
247360
4003
3747
85589
38390
193888
3987
2119
2457
2016
2068
2632
31067
95536
190525
3669
20294
2260
2157
8250
2547
2146
2201
2234
2335
15018
2422
51636
3949
242591
10574
18085
2358
16557
2631
2199
2116
2144
2097
2177
15665
2296
2258
51417
38815
2355
535212
4242
4158
5469
3277
173495
232496
6082
58581
3475
5601
2243
2819
320131
2311
2447
2382
2393
248808
18993
4509
26990
2951
2453
7886
2147
2423
2269
2387
87296
2795
2344
361989
55184
3285
63838
2466
2130
2219
2207
2688
2110
2110
2327
2100
2633
3567
3902
2237
10211
223115
4160
2155
9484
2128
2107
2327
2673
152976
3573
4776
2388
39643
186754
137437
2520
2433
1940
2341
5567
6478
2021
1743
29997
2714
2296
1881
