48190
11069
13167
11511
25451
12083
11153
11720
11068
12310
15144
12151
12261
489293
16359
30476
2346014
18155
518086
14002
11864
43564
10962
365267
15342
13146
12626
12996
11653
13037
88294
12474
14045
566759
15319
40733
12705
57639
12717
82440
11425
12983
12089
26216
19614
11269
11602
11880
10815
13651
13041
14391
419434
294971
16834
1054661
580456
691403
22115
14731
1265029
25131
181095
45942
13081
12362
18366
1017817
20322
18189
11147
13746
11143
18658
699273
17724
686421
33739
18201
13495
12568
12649
12614
12989
15434
945841
20041
12795
13487
13923
12395
17135
519088
17208
15217
14323
21245
15354
262673
585664
20338
30437
12842
12626
18765
12532
15844
92602
12248
24111
13627
12988
11846
13740
11363
11458
12867
16982
1211078
22726
1558221
38984
17227
1611600
21131
88930
13119
440511
28799
33056
12231
11958
18574
1287685
20609
19998
419318
198998
1056121
19922
11633
12530
10241
10519
13776
156087
490848
1024966
19590
108761
10359
11945
41511
12194
10896
11697
11537
12793
78460
13378
273579
21026
1270714
53892
92628
12201
83797
14106
11025
10499
10541
10719
10575
81379
11644
11297
271026
198460
11491
2814884
22048
21510
28700
17072
882224
1228152
31897
313877
17993
27506
12435
15122
1667233
12366
12615
12538
12465
1324888
94568
23643
145096
15673
12103
42354
11772
14146
11789
13544
452280
14887
11396
1901212
292866
16970
332734
12950
11368
11512
11870
14941
11370
11788
11520
11812
15809
18471
21319
11841
55128
1158290
22257
11609
51257
11499
11259
12081
15663
805127
19105
24262
12802
204942
995931
720715
12645
12469
10925
11768
28696
34118
10881
10516
156323
13819
11686
9700
8959
2079
2530
2144
4686
2233
2125
2208
2067
2293
2920
2272
2301
90978
3104
5695
438449
3441
97480
2609
2266
8128
2093
66837
2827
2403
2348
2319
2169
2340
16691
2296
2535
107500
2932
7633
2416
10497
2366
15764
2181
2320
2248
5032
3639
2124
2190
2184
2066
2537
2395
2651
79309
53827
3086
198072
105662
131343
4099
2787
236917
4663
34113
8710
2401
2324
3561
191141
3883
3401
2110
2627
2118
3502
130139
3316
126585
6449
3504
2505
2351
2324
2406
2474
2967
180321
3670
2352
2489
2570
2314
3020
96677
3175
2821
2647
3864
2763
47571
112127
3776
5672
2398
2362
3461
2403
2956
17275
2397
4475
2554
2456
2218
2656
2163
2093
2337
3243
227383
4245
293030
7256
3307
300074
3898
16865
2451
83638
5206
6315
2311
2281
3425
248317
3931
3753
85364
38342
193579
3848
2268
2377
1954
2013
2714
30838
95900
191057
3794
20385
2052
2260
8060
2334
2132
2277
2228
2365
15095
2480
51880
3888
243146
10416
17851
2319
16300
2676
2199
2023
2048
2083
2101
15634
2244
2189
51461
38896
2231
534818
4279
4171
5479
3200
173061
233521
5960
58743
3452
5354
2362
2824
319742
2350
2396
2334
2349
248963
18740
4343
27610
3038
2250
7991
2195
2682
2237
2495
86415
2799
2172
361442
54940
3187
63979
2412
2229
2178
2240
2691
2146
2117
2130
2179
2863
3488
3994
2196
10394
222838
4179
2178
9593
2077
2135
2256
2836
152712
3579
4502
2381
39089
187514
137916
2459
2362
2033
2287
5484
6438
2013
1960
29717
2650
2260
1843
