49474
11322
13601
11731
26411
11463
11667
11576
11622
12324
15281
11472
11344
487598
16097
32224
2347430
18238
519029
12980
12309
43920
11225
362436
14892
12829
12478
12497
11884
12953
87295
12880
14951
557818
15149
42202
12203
56572
12581
84791
11789
13178
12980
25878
19851
11454
12040
11335
11651
13656
13284
14546
414113
296105
17102
1054765
582797
689834
21137
14513
1262744
24588
178065
46301
12423
11214
17878
1020750
20700
18937
11088
13883
11198
18955
703355
17418
686292
33202
18407
12887
12836
12121
12834
13142
15134
952364
20501
12522
12578
13102
12295
15690
521128
17007
15379
14695
20168
15445
262352
585535
20002
31337
12799
13794
19309
12115
15381
93475
12702
23829
12946
13103
11724
12943
11643
11914
12996
16761
1219220
23592
1554948
39762
17121
1612188
21942
90396
13726
443048
28832
32051
12351
12486
19881
1283466
20437
19577
419760
199242
1060584
20341
11918
12936
10650
10721
13404
157781
493811
1021899
19649
107715
10748
12107
42258
12748
10466
11667
10816
12708
79443
13511
276092
20382
1278305
55543
93415
11571
85051
14628
11402
10765
11137
10321
10692
80750
11154
11186
270275
197718
11537
2818410
20931
21588
28110
18078
883093
1223181
32782
311255
17021
28035
11978
15100
1671369
12285
12510
13164
12006
1315405
95561
24698
142714
16481
12113
41167
11731
13803
11436
13566
455380
15014
11643
1903587
294836
16274
331938
13130
11787
10565
12281
14474
11141
11619
12061
11887
14914
18466
21794
12167
56656
1158398
22369
11859
52050
11348
11243
12399
15662
805638
18208
25579
13181
208244
993781
721619
12589
11481
10540
12175
29447
33657
11318
10496
155368
14474
12481
9961
9127
2107
2620
2164
4829
2132
2236
2192
2201
2272
2954
2173
2155
90441
3064
5969
438877
3441
97417
2446
2355
8230
2141
66252
2708
2326
2312
2268
2206
2315
16516
2394
2712
106340
2865
7877
2310
10438
2350
16252
2262
2407
2340
4944
3690
2144
2281
2056
2239
2547
2430
2710
78547
54032
3151
198133
106018
131007
3977
2756
236602
4502
33737
8794
2326
2118
3502
191810
3870
3565
2091
2671
2141
3559
130717
3306
126214
6318
3492
2351
2406
2222
2424
2512
2911
181938
3768
2317
2304
2486
2297
2796
96811
3163
2829
2716
3674
2782
47610
112028
3708
5836
2411
2513
3574
2305
2854
17451
2429
4392
2456
2502
2192
2470
2213
2214
2384
3213
228506
4397
292130
7459
3301
300475
4026
17271
2591
84214
5192
6228
2364
2388
3577
247513
3997
3722
85479
38274
194032
3970
2310
2482
1998
2048
2613
31105
96434
190612
3804
20205
2130
2298
8198
2425
2017
2262
2089
2376
15259
2517
52258
3779
244243
10583
17940
2178
16485
2738
2228
2070
2138
2029
2158
15559
2178
2186
51205
38996
2275
535911
4104
4184
5400
3407
172942
232936
6089
58529
3319
5460
2288
2789
320688
2314
2388
2439
2303
247573
18889
4534
27157
3169
2296
7808
2176
2637
2184
2471
86773
2843
2190
362058
55534
3117
63699
2400
2335
2018
2269
2621
2127
2127
2235
2167
2703
3476
4084
2261
10622
222936
4199
2203
9800
2038
2130
2325
2866
152791
3376
4707
2464
39867
187555
138186
2456
2205
1958
2345
5607
6357
2108
2003
29561
2756
2398
1906
