48486
11207
13646
12250
26956
11868
10807
12161
10866
11487
15631
11954
11813
483998
15877
31007
2352374
18687
521156
13912
12145
43758
11474
364914
14988
12907
12473
12325
11099
12989
87381
12363
14124
560613
15199
41265
11416
56728
12765
84354
11518
13025
13408
25034
19909
11456
11968
11156
11695
13848
13006
14255
413551
296875
17039
1053908
583984
689063
21322
14367
1260655
25397
178484
46549
13293
11553
18160
1020627
20360
18477
10761
13755
11234
18821
700634
17208
686728
32721
18782
12955
13150
12290
12841
13538
14808
945212
20766
12475
12907
13786
12327
16187
521803
17575
14925
14052
20622
14595
259126
584103
19309
31129
12189
12958
19801
12717
14928
92674
12563
24407
13426
13301
12399
12996
11948
10891
12328
16990
1216941
23030
1549349
40310
17382
1614488
21334
91002
13791
439804
29297
31549
12178
11936
18479
1292845
20547
19664
420176
195495
1062302
19891
11688
12046
10965
10869
13409
157904
494031
1020587
19483
111082
10870
12004
41851
12917
10387
11462
11246
12843
78578
13324
273839
20563
1274029
54986
93297
12875
86003
14627
10783
11009
10902
10480
10956
81088
11733
11424
271899
198215
11993
2826083
22624
21995
28312
17455
882186
1224769
33176
312385
17370
27864
12245
14994
1667370
11798
12722
12534
12583
1324354
94862
24314
144111
15778
12524
41621
11407
13940
11971
13550
457773
14921
11382
1901278
293459
16899
332369
13222
11009
11144
12135
15474
11711
11790
11625
11815
15369
17220
21864
11435
56549
1157476
23107
11985
51224
11265
11345
12428
14790
807283
18998
25634
13311
205909
994174
719711
13754
11746
10417
11665
28473
34777
10690
10260
156012
14825
12186
9465
8935
2112
2593
2265
4884
2185
2079
2283
2067
2169
3026
2226
2223
90029
3007
5811
439620
3493
97664
2600
2320
8152
2168
66789
2806
2323
2333
2229
2061
2304
16564
2286
2569
106372
2865
7746
2186
10430
2376
16095
2198
2349
2425
4819
3690
2152
2276
2061
2243
2600
2389
2652
78285
54124
3152
198115
106079
130648
4016
2718
236274
4718
33655
8868
2476
2196
3513
191688
3804
3455
2023
2614
2142
3538
130223
3307
126457
6226
3548
2409
2432
2241
2462
2603
2838
180375
3791
2296
2381
2547
2288
2873
96847
3223
2732
2569
3757
2663
47102
111733
3616
5801
2292
2353
3657
2406
2788
17359
2404
4477
2563
2504
2319
2505
2284
2031
2274
3268
228116
4310
291492
7497
3349
300274
3916
17237
2572
83443
5250
6098
2281
2294
3398
248631
3975
3716
85460
37729
194525
3857
2271
2291
2050
2075
2610
31152
96412
190040
3753
20767
2175
2232
8008
2453
2027
2221
2149
2411
15068
2507
51958
3852
243898
10577
17989
2381
16693
2736
2107
2147
2119
2038
2170
15607
2284
2206
51588
39019
2341
537216
4415
4288
5328
3308
172944
233075
6219
58638
3364
5435
2341
2775
319985
2221
2413
2332
2398
248934
18759
4503
27424
3048
2362
7891
2139
2621
2257
2479
87245
2787
2135
361867
55202
3203
63958
2437
2146
2135
2247
2786
2200
2166
2158
2187
2805
3264
4096
2144
10606
222848
4372
2225
9669
2027
2142
2333
2697
153298
3511
4752
2462
39272
187221
138177
2663
2224
1965
2267
5439
6546
1986
1930
29778
2812
2367
1772
