48956
11286
13611
11933
25842
11850
10985
11383
11562
12041
15777
11640
12259
486029
16737
32292
2356082
18631
522243
13536
11612
43738
11515
361438
15123
13111
13324
12606
11038
12938
89930
12314
14665
558957
15109
41497
11956
56909
13152
84490
12396
13268
12687
25479
19111
11473
11955
11547
11474
14238
13189
14318
418465
293995
16263
1048312
579348
690944
20968
14706
1251378
25015
184937
45838
12790
11877
18641
1016030
20893
17624
10782
13408
11381
19047
695756
17840
683998
33279
17876
12813
13591
12188
12975
12864
15237
945930
20421
12907
12523
13459
12562
16131
522387
16792
14618
14758
20864
14783
263769
582030
19600
31426
12522
13209
18746
12331
14621
91854
12608
23016
13050
13000
11830
13078
12028
11459
12997
17042
1219107
22411
1551898
39942
18359
1610257
21087
89904
13043
441288
29711
31741
12306
12020
18912
1285380
20711
19527
415139
198545
1056819
18958
11719
12097
10869
10413
12986
157577
490770
1024122
18619
110252
11382
11652
42156
12749
10605
11530
11102
12322
78142
13445
271425
21421
1278255
55349
92506
12383
85193
14299
10652
11205
10584
10509
11018
82066
11968
11506
272246
200121
12472
2821381
22083
20862
28859
17342
881952
1226453
30614
309637
16958
27593
12126
15401
1664635
11895
12524
12757
12632
1327344
95499
24133
141661
15498
11602
41657
10983
13177
11471
13428
454707
15169
11741
1896339
294476
16222
333947
13136
11481
11924
11655
15231
11721
11509
11480
12254
15394
18128
22198
12079
54649
1160145
22256
12031
49719
11050
11628
12361
15527
805892
17980
25703
12957
205755
992239
718894
13431
12146
10570
12066
28674
33538
10800
9492
157957
14739
12596
9452
9016
2115
2605
2209
4727
2185
2072
2135
2164
2218
3035
2186
2361
90316
3139
6011
439968
3510
98037
2539
2207
8146
2197
66122
2795
2421
2432
2265
2076
2326
17021
2325
2679
106008
2833
7645
2261
10473
2395
16124
2360
2423
2320
4901
3599
2130
2242
2119
2202
2658
2427
2648
79074
53729
3001
197019
105296
131230
3925
2795
234270
4626
34841
8710
2414
2243
3600
190912
3928
3323
2057
2546
2165
3625
129336
3391
126313
6363
3417
2360
2537
2265
2445
2489
2895
180360
3753
2344
2310
2520
2327
2834
97258
3129
2690
2698
3755
2671
47662
111483
3686
5866
2322
2450
3492
2320
2769
17083
2439
4257
2469
2444
2197
2565
2297
2107
2393
3262
228586
4202
291607
7390
3527
299716
3882
17124
2464
83922
5327
6141
2322
2301
3503
247130
4048
3697
84575
38195
193946
3719
2268
2315
2045
2014
2545
31082
95721
190775
3600
20673
2250
2225
8176
2453
2084
2247
2149
2338
15047
2511
51552
3975
244272
10607
17900
2347
16546
2691
2121
2164
2083
2064
2162
15713
2309
2274
51710
39291
2450
535217
4301
4055
5469
3286
172864
232875
5761
58318
3268
5393
2275
2881
319512
2263
2390
2379
2392
249386
18965
4460
27028
2983
2244
7893
2080
2537
2203
2431
86441
2829
2212
360877
55335
3096
64190
2425
2290
2292
2154
2771
2230
2114
2144
2240
2801
3419
4126
2224
10290
222994
4213
2209
9367
1985
2172
2309
2855
152856
3391
4738
2422
39390
186627
137687
2563
2268
1963
2324
5474
6384
2010
1794
30143
2830
2433
1807
