48855
11393
13099
11912
26315
12031
10749
11718
11289
11947
15399
11845
11775
486195
16639
30583
2355167
19601
520032
13827
11855
43049
11317
362271
15262
12858
11830
12605
11501
12780
88558
12493
15606
561742
15888
40659
12620
56451
12546
83177
11350
12550
12316
26240
19384
11484
11789
11666
11407
13695
12887
14211
416137
300112
16417
1054013
585765
690982
20302
14154
1252122
25075
184016
45359
12761
11750
18832
1016464
21195
18345
10789
13431
10950
19476
697777
17378
685821
33528
17903
13086
12676
12748
12900
13164
14659
948670
19760
12446
12580
13219
12519
16007
523755
17547
15276
14734
20820
14206
261082
584848
20149
31473
12488
13235
19119
11928
15084
93275
11759
23129
12646
13619
12567
12747
11622
11093
12712
16721
1220675
22849
1555673
39838
16829
1613032
22040
90350
13787
438882
28510
32653
12595
12016
19031
1285113
20469
20301
419241
197399
1068975
19507
11398
12064
10437
10735
13123
155232
492808
1024173
19269
109354
11623
11550
41747
13007
10796
11471
11104
13122
77800
12942
274751
21392
1280676
54911
92171
12487
84757
14063
11633
11038
11669
10422
10986
81705
12108
12236
271430
198822
11971
2818232
22136
20751
28739
16869
886120
1219883
32512
311008
17382
28307
12136
15120
1662993
11744
13156
12808
12323
1324541
95724
23839
143197
15527
12290
42579
11826
14084
12104
13360
454760
14547
12304
1898332
291983
16935
331418
12509
11554
11460
12092
14775
11485
11239
11957
11235
14596
18090
21953
11710
55544
1156905
22355
12063
51921
11352
11274
12769
15626
806090
18567
26051
12946
209640
994839
718624
13271
11886
10146
12157
28056
34138
10669
10165
157226
14742
12153
9192
9002
2100
2513
2224
4836
2227
2051
2212
2115
2246
2982
2222
2226
90538
3134
5754
440105
3661
97808
2576
2226
8055
2168
66376
2818
2370
2196
2264
2161
2293
16730
2324
2813
106625
3027
7604
2316
10359
2323
15779
2178
2256
2251
5052
3622
2184
2260
2137
2173
2551
2400
2614
78803
54744
3059
197984
106264
131357
3843
2702
234861
4585
34591
8661
2389
2242
3641
191455
3981
3451
2046
2544
2080
3640
130090
3252
126324
6409
3441
2426
2344
2350
2427
2499
2820
180824
3728
2280
2331
2477
2346
2859
97480
3222
2820
2702
3817
2590
47460
111838
3718
5936
2301
2463
3539
2259
2844
17307
2281
4298
2383
2566
2325
2452
2235
2040
2356
3226
228444
4254
292059
7393
3254
300538
4057
17173
2618
83609
5170
6307
2343
2337
3525
247471
3967
3819
85313
38142
195829
3847
2221
2283
1973
2054
2581
30667
95968
190752
3750
20533
2281
2186
8057
2491
2086
2256
2149
2465
14994
2442
52308
3957
244992
10549
17748
2342
16522
2656
2296
2130
2259
2052
2176
15654
2368
2376
51670
39277
2312
535734
4333
4080
5415
3185
173511
232253
6103
58264
3417
5469
2313
2823
319472
2213
2501
2329
2342
249195
18869
4437
27385
3011
2313
8094
2224
2629
2288
2468
86732
2749
2321
360762
55003
3210
63591
2343
2275
2199
2246
2676
2191
2044
2203
2101
2667
3449
4105
2148
10447
222706
4187
2234
9756
2023
2133
2398
2835
152931
3429
4774
2416
39761
187820
137831
2561
2230
1875
2347
5371
6378
1991
1929
29894
2790
2340
1764
