48946
11898
13653
12186
26195
11143
10833
11276
10968
11866
15807
11064
12054
486865
16387
31762
2357989
18768
516633
13593
11566
44022
11123
362896
15776
12815
12465
12846
11397
12883
88537
12338
14614
564134
15316
40500
12495
56999
12944
83811
11441
12912
12502
25380
19579
11416
11255
11715
10998
13542
12855
14872
419177
295161
16501
1050020
576995
690794
21383
14458
1258888
24340
180020
46321
12303
11281
17843
1017366
20122
18283
10954
13391
11233
18922
705951
17265
684484
33490
18234
12296
13042
12703
13292
13496
15347
947495
20004
13024
13381
13393
12728
16592
524643
17307
14135
15445
20583
14464
264429
581575
20464
30820
12719
13474
19473
12799
14844
92323
12495
22943
12939
12745
12420
13267
11831
11761
12550
16667
1214536
23075
1556146
40392
18063
1609908
20640
91560
13091
441694
29090
31997
12233
12518
19355
1288975
21309
19903
417612
197522
1064074
19302
11084
11975
10380
10109
13492
158571
488247
1021890
19774
110587
11568
11513
42326
13172
11080
11777
11360
12672
76172
13614
273853
21199
1270805
54303
92139
12827
84725
13967
10390
10741
10971
10679
10388
81584
11681
11711
271728
197292
12419
2814427
21533
21432
28524
17938
881683
1218336
33379
313045
17532
28221
11422
15244
1664371
11606
13047
12509
12683
1322720
96229
23652
144935
15360
12234
41116
12018
13678
11817
13676
454107
15248
12595
1896201
295824
16683
333533
12494
11431
11792
12120
14855
11192
12194
12010
11771
14492
18323
20983
12147
54708
1155571
22911
11826
49696
11593
11715
12796
15050
796653
18480
25035
12934
207829
988909
721612
13286
11669
10594
12565
27210
34413
10980
9853
159245
14949
12524
9321
9084
2219
2601
2239
4782
2093
2055
2158
2065
2207
3066
2072
2253
90658
3085
5939
440076
3508
97198
2553
2211
8312
2139
66481
2942
2318
2309
2322
2104
2317
16732
2283
2613
107051
2953
7588
2334
10519
2412
16051
2183
2348
2292
4875
3653
2147
2132
2136
2123
2550
2382
2721
79476
53998
3057
197076
104980
131321
4013
2719
235859
4519
34171
8746
2310
2143
3451
191308
3807
3481
2088
2527
2159
3551
131394
3258
126192
6407
3463
2282
2428
2314
2511
2583
2961
180778
3675
2353
2446
2507
2392
2934
97402
3189
2624
2817
3735
2651
47967
111490
3781
5688
2375
2462
3602
2382
2766
17246
2427
4255
2452
2412
2287
2533
2264
2154
2309
3160
227464
4276
292072
7464
3458
299989
3856
17346
2470
83819
5207
6177
2347
2387
3582
248659
4100
3766
84981
38090
195035
3741
2150
2277
1957
1948
2651
31172
95288
190646
3802
20731
2253
2193
8146
2553
2164
2303
2213
2346
14643
2532
52006
3908
243627
10391
17741
2407
16453
2634
2073
2090
2153
2093
2065
15677
2290
2258
51551
38807
2383
534510
4250
4120
5390
3340
173052
231780
6214
58701
3364
5502
2221
2851
319712
2194
2464
2310
2408
248504
19104
4408
27558
2967
2327
7837
2233
2601
2256
2506
86702
2864
2335
360396
55706
3182
64072
2370
2261
2236
2250
2716
2116
2239
2216
2159
2663
3484
3913
2247
10302
222225
4294
2190
9425
2094
2196
2372
2733
151396
3466
4571
2368
39609
186695
138401
2562
2236
1943
2439
5239
6463
2066
1872
30231
2789
2449
1805
