50143
11012
12832
12289
26396
11594
10881
11400
11116
11761
14755
12110
11991
491759
16985
31343
2346836
18820
518013
13363
12206
42868
11219
363846
14318
13438
12204
12328
11961
12668
86573
12721
14418
560894
15554
41455
12452
57188
12761
84044
11878
12287
12142
25613
19234
11177
11340
11412
11769
13470
12600
14565
418584
298704
16538
1046552
588631
697615
21789
15182
1261791
24519
180851
47591
12199
11688
18136
1013486
20651
18341
11006
14133
11386
18764
703469
17867
687868
34778
18211
12870
12753
11596
12431
13107
15217
947296
19736
12545
12995
13135
12922
16542
524579
18483
15040
15135
20569
15095
265010
585689
20628
31899
13384
12799
18804
12718
14655
94293
12598
24217
13559
13378
12382
12755
11705
11326
12561
16735
1220415
22995
1560537
40916
17412
1608463
20251
90847
14006
438605
29434
33214
12379
12834
19732
1292190
20371
20516
416175
198291
1065295
20223
11401
12456
10319
11288
13317
157645
494641
1018999
19740
108343
10647
11927
42542
12435
10565
11286
11479
12477
78675
12800
271765
21057
1269609
55302
93742
12525
83550
14640
11164
11026
10699
10650
10901
82489
11696
12443
271256
198170
12467
2823737
21405
21267
28469
16872
882920
1221192
32057
315450
17833
28336
12636
15838
1669330
11918
13325
12445
12398
1324807
94302
24596
143854
16236
12592
42032
11651
13173
11839
13717
454419
14968
11765
1907135
292949
16064
333592
12529
11239
11213
11953
15269
11268
11384
11983
11678
14637
17519
20928
11943
56934
1161995
22597
11892
51411
12005
11800
12760
15141
799329
18658
26887
13127
207430
998833
716100
13210
12962
10678
12254
28351
34554
11180
9821
157217
14157
11844
9311
9223
2046
2467
2256
4815
2167
2106
2159
2097
2185
2847
2260
2280
91446
3220
5906
438882
3516
97240
2477
2331
8022
2128
66791
2659
2475
2260
2231
2203
2287
16451
2359
2630
106561
2914
7682
2353
10462
2376
16126
2255
2239
2227
4901
3519
2086
2162
2093
2251
2546
2351
2685
79222
54588
3051
196614
106773
132125
4098
2897
236137
4532
34208
8997
2293
2232
3487
190810
3861
3487
2065
2685
2191
3558
130869
3348
126645
6656
3480
2384
2376
2132
2344
2519
2918
180408
3658
2292
2380
2441
2410
2936
97516
3404
2760
2772
3726
2719
48110
111637
3828
5914
2463
2376
3462
2395
2724
17538
2416
4472
2564
2510
2316
2443
2215
2104
2339
3190
228472
4320
292686
7623
3343
299476
3758
17254
2596
83396
5336
6422
2308
2432
3631
248827
3950
3869
84857
38034
195328
3942
2242
2371
1948
2164
2616
31059
96276
190022
3816
20453
2105
2235
8185
2360
2056
2195
2157
2332
15177
2393
51551
3922
242978
10626
18043
2365
16277
2755
2179
2129
2071
2123
2113
15879
2297
2367
51538
39047
2430
536372
4196
4115
5403
3187
173029
232343
6026
59162
3455
5490
2392
2914
320235
2288
2519
2287
2376
249078
18641
4523
27443
3147
2381
7941
2154
2518
2222
2509
86670
2855
2211
362984
55369
3000
63960
2373
2184
2100
2240
2736
2134
2103
2214
2143
2657
3345
3896
2219
10630
223387
4217
2220
9667
2148
2217
2359
2782
152168
3489
4948
2477
39515
188320
137215
2538
2475
1972
2385
5408
6491
2085
1851
29940
2707
2290
1790
