48980
11079
13699
12657
26806
11304
10566
11879
11014
11896
15632
11717
11725
489904
16489
30839
2352791
18799
518584
13846
11408
42961
10608
364036
15321
12808
12498
12306
11898
13390
87948
12304
14023
555303
15354
42397
12597
56636
13066
84663
12405
12882
13024
26005
18757
11267
12053
12235
11282
13549
13212
14062
415132
299430
16315
1058597
582930
696764
21488
14896
1258268
24460
183139
46596
13032
12029
17723
1022823
20611
18108
10451
13184
11467
18126
700288
18185
682676
33225
18687
12734
13702
12047
12250
13118
16582
948831
20651
12729
12623
13658
12819
15781
519672
16899
14396
14704
20619
14638
260679
580232
20590
31592
12989
13090
19866
12449
15355
92825
12519
22738
13437
12801
11865
13168
12273
11421
12225
16579
1215912
22333
1554035
40099
17841
1610924
22056
92042
13007
443746
29022
31072
12374
12146
19634
1285793
21048
20411
417978
197455
1061691
19879
11913
12331
10867
10555
13433
156711
487464
1024911
19183
107225
10855
12624
41988
12799
10717
11081
11123
12622
79174
12546
276176
20278
1275190
55887
92661
12280
83627
14858
10961
11296
11050
10811
10916
81365
11881
11567
271826
199017
11962
2823792
21809
20805
27537
17516
881644
1221808
31027
311523
17509
27195
11775
16191
1673890
12039
12802
12612
12277
1327462
94543
24127
144024
15801
12325
41715
11395
13354
11931
13328
457036
14580
12195
1899135
297318
16071
332293
12637
10858
11009
11689
14878
11009
12310
12336
11729
15519
17940
21184
12623
56103
1159834
21598
11663
50823
11231
11122
12869
15069
799491
17944
25610
12878
208421
995543
715853
12836
11746
10323
11835
28589
34762
10712
9302
155914
14868
12458
9507
8965
2097
2606
2306
4912
2103
1998
2225
2083
2219
2994
2171
2215
91026
3136
5824
439846
3523
97204
2611
2179
8039
2038
66556
2825
2329
2308
2225
2210
2414
16661
2291
2544
105582
2874
7798
2379
10368
2440
16161
2344
2311
2372
4996
3475
2129
2292
2230
2122
2530
2413
2578
78664
54563
3000
198728
105872
132240
4053
2854
235752
4556
34539
8784
2467
2280
3489
192158
3872
3448
2004
2504
2195
3440
130337
3421
125752
6316
3538
2386
2553
2230
2328
2473
3167
180887
3783
2338
2303
2535
2379
2822
96720
3156
2669
2706
3692
2664
47434
110948
3825
5865
2385
2419
3648
2364
2835
17397
2425
4217
2524
2442
2203
2533
2326
2109
2256
3190
228220
4182
292184
7330
3438
300274
4079
17511
2497
84413
5179
6056
2348
2329
3573
247883
4065
3803
84971
37971
194313
3853
2317
2329
2047
2044
2615
30889
95213
190918
3674
20069
2145
2370
8115
2441
2097
2172
2149
2345
15214
2378
52392
3780
243972
10737
17828
2323
16360
2810
2175
2142
2163
2124
2155
15576
2356
2246
51601
39143
2352
536635
4296
4057
5318
3277
172842
232392
5864
58340
3391
5390
2223
2996
321066
2271
2461
2350
2340
249365
18768
4514
27456
3095
2316
7921
2142
2558
2268
2438
87096
2714
2303
360915
55745
3070
63849
2335
2191
2103
2199
2704
2065
2253
2271
2151
2822
3392
3949
2335
10569
222869
4053
2181
9620
1999
2119
2367
2736
151731
3383
4758
2392
39779
187421
137619
2492
2232
1914
2275
5494
6542
1996
1758
29716
2815
2410
1832
