47363
11251
13308
12225
26155
11455
10723
11762
12076
12512
14868
11273
11864
488430
16858
32188
2350057
18603
518638
12878
12103
44316
10961
366624
15305
12933
12714
12816
12150
13101
87745
12270
14675
554493
15237
41011
12383
56849
12668
83868
11728
12931
13183
25734
19632
11263
12275
11265
11322
13601
13598
14983
416357
298256
16114
1055759
587125
698756
21164
14285
1258014
23993
182028
45601
12770
11999
17678
1014852
20288
17499
10789
14091
11097
18709
702152
17307
686751
33640
18335
12469
13115
11568
12476
13095
15854
948308
20756
13134
12685
14172
13454
16456
520670
18028
14898
14494
21079
15063
261159
582070
19758
31266
13497
13185
19001
13223
14998
91576
12269
23099
13601
12882
12832
13689
11950
11327
12694
17068
1214607
22114
1565890
40077
18066
1606215
20886
91049
13694
440301
29826
32007
12600
12353
19722
1284896
20797
19963
416638
199149
1063096
19408
11659
12712
10722
11194
13366
159459
490188
1021960
18666
108807
11282
11586
41011
13208
11163
11704
11121
12504
79000
12790
272312
21070
1276667
54848
91168
12104
85445
14101
10638
11142
11346
10565
11128
79955
11809
11767
275556
197090
12138
2827541
21908
20873
29130
17865
879926
1223523
31569
313726
17779
27891
11797
15051
1664491
11724
13311
12828
12915
1322088
95141
24755
142917
15668
12392
41942
11466
13791
11980
13385
453881
15168
11970
1902581
293402
17530
331169
12414
11286
11421
12552
15741
11375
12102
11730
11839
15049
18067
21912
11972
55063
1153402
22501
12305
52052
11203
12043
12229
15004
800272
18004
25075
12953
206297
991394
718394
13348
12198
10927
12032
28566
34538
10571
10114
159164
14525
12134
9570
8787
2138
2590
2256
4802
2138
2034
2234
2250
2323
2917
2121
2249
90747
3179
6020
439185
3498
97470
2412
2302
8257
2106
67091
2813
2373
2349
2301
2232
2340
16657
2290
2661
105399
2891
7628
2343
10384
2350
15988
2212
2337
2381
4961
3649
2106
2312
2066
2154
2527
2501
2768
79031
54563
3017
198303
106664
132507
3977
2748
235451
4445
34386
8653
2403
2288
3446
190573
3843
3328
2041
2684
2082
3527
130438
3279
126322
6408
3511
2317
2418
2112
2386
2458
3006
180543
3842
2388
2338
2641
2486
2893
96744
3301
2773
2648
3773
2714
47433
111372
3660
5769
2475
2435
3510
2460
2799
17124
2355
4261
2569
2404
2378
2618
2239
2065
2344
3217
227604
4105
294155
7439
3454
299495
3859
17248
2580
83801
5373
6201
2378
2374
3614
247232
4019
3803
84837
38287
194954
3795
2276
2415
2034
2154
2600
31385
95586
190497
3592
20440
2201
2218
7926
2508
2135
2273
2119
2358
15214
2397
51662
3919
243891
10476
17561
2289
16647
2686
2099
2134
2202
2041
2192
15296
2283
2265
52140
38888
2346
536728
4306
4088
5521
3343
172403
232435
5895
58870
3410
5395
2232
2798
319361
2242
2561
2353
2466
248785
18829
4575
27206
3052
2338
7904
2132
2623
2236
2426
86718
2843
2243
361894
55172
3336
63686
2286
2228
2161
2306
2834
2137
2220
2167
2194
2742
3405
4120
2187
10372
221796
4201
2281
9761
2004
2290
2271
2759
151739
3377
4648
2394
39452
186656
137697
2564
2290
2010
2341
5423
6522
1988
1900
30199
2771
2336
1836
