49775
10920
13632
12083
25976
11555
10757
11620
10530
11724
15489
11529
11482
490300
16253
32116
2348928
18106
514958
13047
11520
42935
10942
365208
14865
12562
12870
12793
11142
12645
88614
12276
14090
561699
15205
41398
12158
57045
13410
83181
11239
13826
13291
25297
19487
11669
12027
11618
11374
13815
13317
13871
411496
295291
16420
1051366
582891
694322
21855
14717
1252434
24314
180750
45224
12884
11546
18728
1012497
20051
17710
10941
14429
10819
18888
697005
17457
687200
33690
18840
13143
12185
12036
13162
12716
15967
946948
20835
12659
13033
12691
12623
16578
521417
17064
14814
14972
20957
15747
261317
584113
20095
31275
12905
13096
18618
12804
14999
92362
12202
24745
13475
12637
11869
12673
12136
10972
12803
16474
1220123
22744
1563216
40795
17635
1608298
21071
88914
13920
444665
28506
31982
11885
12612
19674
1289700
21372
20282
418046
197576
1060571
19590
11989
12007
10546
10795
13908
156955
489222
1021153
18642
109244
11048
11606
41085
12482
10901
11817
11604
13562
81031
13452
273168
20869
1270960
55408
94110
12391
85266
14368
10916
11296
10953
10885
10999
80075
11766
11312
272993
197047
12154
2822870
22891
20139
29192
16810
877603
1224238
33139
313447
16939
27911
12262
14751
1664326
11756
13307
13022
12295
1320923
94616
24374
144943
15965
12610
41396
11415
13852
11792
14100
455083
15199
12096
1900528
292225
16478
333450
13082
11591
11461
11761
14670
11406
11927
11338
11893
15152
18549
21619
12356
55404
1162373
22475
11633
50400
11222
11288
12803
15067
804893
18902
25993
13027
207554
992560
718259
12809
12316
10270
12086
28226
34101
10343
9807
157812
14241
12313
9475
9184
2024
2627
2185
4761
2124
2059
2216
1998
2190
2976
2177
2191
91111
3107
5986
439079
3394
96792
2461
2178
8037
2106
66679
2761
2306
2385
2270
2119
2250
16775
2311
2577
106602
2821
7704
2299
10495
2490
15878
2136
2484
2411
4844
3638
2198
2278
2123
2178
2597
2470
2587
78030
53910
3055
197917
105961
132118
4097
2788
234740
4440
34068
8600
2352
2187
3628
190196
3752
3343
2069
2751
2046
3543
129625
3332
126483
6424
3591
2460
2255
2213
2495
2422
3036
180346
3795
2294
2407
2366
2342
2943
96945
3177
2700
2750
3795
2834
47432
111532
3740
5857
2403
2422
3456
2426
2778
17229
2332
4510
2520
2419
2234
2451
2319
2041
2351
3088
228668
4322
293597
7609
3408
299401
3870
16967
2583
84330
5141
6237
2252
2406
3589
248601
4117
3795
84994
38036
194608
3814
2316
2310
1970
2090
2702
30972
95460
190546
3639
20519
2193
2202
7937
2372
2110
2304
2213
2507
15477
2515
51899
3850
243174
10612
18128
2331
16626
2728
2140
2157
2144
2123
2158
15428
2333
2213
51715
38761
2367
536004
4416
3952
5521
3156
171942
232871
6202
58816
3303
5432
2322
2740
319450
2226
2521
2386
2324
248590
18717
4501
27624
3089
2341
7827
2158
2615
2227
2581
86946
2847
2323
361475
54945
3140
64109
2421
2265
2155
2206
2677
2179
2160
2090
2167
2777
3496
4030
2319
10428
223409
4201
2190
9461
2047
2119
2397
2783
153057
3564
4822
2432
39669
187012
137574
2466
2331
1925
2341
5418
6499
1888
1833
30175
2690
2375
1856
