48826
11429
12664
12274
26577
11263
10491
11222
11467
11744
15450
11365
12185
487555
16330
30585
2344343
18368
512527
13766
11921
43125
11136
366781
15532
12945
13037
11937
11283
12963
88807
12209
14233
560371
15726
40726
12309
58037
13263
83683
11892
13166
12062
25402
19453
12089
11773
11297
11389
13360
13357
13857
417328
297417
15988
1059228
586835
694497
22570
13827
1256690
25193
181746
46157
12705
11732
19016
1014991
19989
18524
10854
14254
10951
19360
699158
16701
682272
33719
19090
13328
13224
12470
12723
13138
15686
950152
20271
12658
12597
13766
12248
16201
521758
17237
14333
15134
20921
14594
264020
585171
20549
31124
12642
12536
18843
12776
15876
93075
12325
23878
12568
12996
13023
13138
11272
10949
12691
16578
1221733
22731
1552642
39742
17832
1606053
21941
89137
13427
442241
30006
32034
12790
12311
19404
1297033
20722
20100
418818
198770
1058788
20121
10898
12129
11051
10152
12795
157337
493704
1023776
19005
109996
10710
11724
41389
12731
10772
12052
10748
12804
77586
12379
273270
21453
1270991
54653
93286
12183
84321
14509
11578
10814
10736
10738
11373
82324
11350
12134
272960
198568
12230
2820858
21883
21190
29165
17357
878916
1227607
32540
312795
17226
28620
12049
15018
1671951
12053
12577
12934
12191
1324178
94655
24417
143716
14994
12057
41655
10736
13970
12376
12548
457363
15230
12184
1907370
292248
17447
334325
13679
11149
11170
12623
14988
10871
11884
12521
11750
15494
18743
21276
12734
56116
1158380
21806
11924
49985
11914
11422
11977
15648
802589
18811
24862
13127
207091
989759
719894
13308
12102
10323
12330
29768
34027
10382
9887
157377
15557
11440
9065
8983
2133
2429
2271
4876
2118
2019
2130
2144
2196
3019
2147
2282
90685
3060
5670
438871
3439
96409
2548
2262
8100
2127
67237
2865
2386
2452
2137
2133
2320
16834
2261
2583
105999
2988
7549
2336
10703
2489
15947
2233
2395
2189
4813
3632
2260
2210
2089
2170
2491
2442
2572
78907
54324
2934
198429
106473
131697
4227
2658
235601
4647
34305
8785
2383
2236
3644
190584
3787
3480
2050
2719
2092
3676
130178
3184
125768
6438
3652
2455
2490
2310
2412
2507
2987
180928
3703
2325
2322
2547
2323
2865
97160
3201
2619
2776
3813
2672
47893
112080
3848
5786
2351
2344
3512
2360
2943
17312
2394
4421
2378
2470
2407
2542
2166
2028
2332
3192
228633
4247
291676
7341
3434
299427
4025
16954
2518
83976
5394
6218
2435
2339
3554
249698
3990
3783
85332
38279
194207
3929
2174
2354
2065
1972
2485
31118
96182
190711
3684
20589
2136
2231
8016
2445
2100
2338
2116
2378
14901
2318
52015
3965
243127
10497
17845
2291
16394
2719
2262
2081
2087
2088
2215
15763
2203
2371
51853
39052
2417
535845
4341
4111
5517
3243
172359
233714
6090
58619
3393
5560
2291
2800
320562
2303
2390
2359
2322
248900
18723
4516
27304
2881
2321
7941
2016
2649
2316
2338
87028
2846
2290
362537
55015
3315
64220
2476
2201
2125
2331
2722
2062
2181
2328
2163
2831
3528
3963
2313
10505
222644
4052
2210
9435
2083
2142
2226
2880
152380
3549
4621
2465
39423
186492
138244
2557
2290
1902
2368
5702
6423
1954
1864
29861
2923
2192
1745
