49348
11392
13853
12225
25488
11099
11127
11771
10997
11844
15469
11234
12352
484392
16575
31663
2354631
18380
518533
13021
11786
42567
10915
365800
15367
12649
12925
12294
11035
13025
87221
12972
14701
560061
15627
41281
12436
57624
13017
83631
12043
12547
12622
25998
19444
11507
12004
11735
11495
14323
13501
15339
415536
296057
16869
1052065
585275
694173
21195
13959
1257451
25273
182055
45490
12753
11359
17580
1013371
19627
17517
10547
14018
11238
18993
695329
17352
686665
33667
18821
12661
13024
12398
13071
13023
15129
944268
20258
12647
12928
12846
12614
16401
520307
17938
14566
14410
21152
15094
263521
583775
19901
32543
13346
12904
19066
12735
14990
93202
13012
23545
13200
12953
12762
13321
11201
11721
12052
16856
1217535
22870
1553370
39501
17914
1615126
21193
91523
13705
441884
29113
32484
12313
12337
19019
1290937
19921
19035
418715
199545
1064424
20119
11394
12088
11268
10580
12915
156260
493805
1026529
19880
110739
11057
11354
41637
12553
10189
11194
11395
12573
77535
13384
275973
21216
1272994
55347
92525
12238
84437
14668
10733
11263
11799
10803
11026
81445
11773
11142
271014
198401
12384
2823543
22852
20440
28358
17505
889668
1218429
32732
312651
17777
27868
12028
15534
1669082
11679
12720
13416
12339
1325506
95125
24326
145441
15514
12257
41391
11503
13557
11828
13278
452367
15011
11657
1893730
294248
17356
334816
12373
11787
11435
12655
14682
10897
11344
12714
11768
15288
18534
21646
12175
56476
1162222
22095
11688
50991
11430
11328
12144
15376
802266
18410
25218
13478
206281
995114
722640
13321
12260
10921
12173
28483
34152
10708
9999
157352
14262
12398
9572
9109
2137
2668
2246
4634
2072
2118
2206
2015
2224
3015
2076
2332
90081
3119
5902
439772
3441
97309
2426
2259
7997
2081
66707
2825
2315
2374
2205
2079
2393
16592
2379
2676
106530
2971
7656
2353
10549
2402
15979
2293
2281
2312
4967
3599
2180
2252
2126
2183
2667
2464
2788
78583
54050
3139
197565
106200
131834
3959
2675
235663
4653
34317
8687
2431
2144
3435
190159
3767
3315
1969
2675
2150
3604
129410
3342
126081
6398
3576
2349
2437
2271
2490
2499
2859
179794
3717
2319
2374
2416
2346
2953
96725
3307
2706
2647
3841
2748
47753
111572
3718
6040
2474
2381
3531
2439
2810
17367
2462
4358
2483
2405
2358
2571
2145
2165
2222
3207
227869
4294
291814
7325
3468
300865
3934
17464
2569
83853
5244
6307
2323
2343
3511
248437
3899
3603
85230
38232
194983
3948
2233
2304
2105
2059
2508
30872
96545
191313
3836
20674
2166
2190
8062
2399
1979
2175
2177
2347
14845
2533
52454
3928
243514
10561
17777
2313
16394
2724
2127
2158
2262
2095
2203
15570
2308
2173
51501
39061
2387
535708
4450
3987
5390
3253
173982
232414
6145
58776
3469
5435
2282
2906
320045
2236
2419
2482
2360
249187
18865
4472
27694
2999
2333
7853
2131
2567
2240
2413
86305
2806
2189
360113
55353
3248
64235
2300
2329
2177
2347
2650
2048
2090
2343
2149
2764
3502
4048
2221
10556
223538
4145
2189
9638
2066
2128
2260
2807
152276
3476
4674
2490
39222
187345
138526
2549
2350
2017
2382
5465
6422
1964
1862
29915
2701
2378
1832
