49234
11436
13370
11982
27160
11585
10694
11267
11149
11742
16022
11060
12019
486731
16862
32010
2357936
18347
517470
13739
12250
43838
11486
365170
15759
12543
12484
12312
11588
12684
87213
12328
14930
560272
15215
41325
12736
56135
12692
83634
11831
12822
12832
25749
19996
10528
11832
11775
11897
14074
13746
14618
419119
297011
16446
1054164
579253
689989
21459
14706
1255668
24753
180605
46087
12747
11889
17478
1017778
19924
17644
10606
13165
10784
19036
698684
17671
686202
31754
18012
12738
12926
12315
12813
12896
15582
945885
20875
12641
13020
13114
12675
15850
522078
16953
14908
14801
21135
15877
261514
587132
21027
31072
13004
13514
18467
12242
15356
91609
12396
23777
12999
13107
12629
13152
12026
11696
12196
16465
1218529
23021
1556627
40949
18427
1610643
20799
91654
13757
438184
29831
31431
11698
12576
18343
1289304
20536
19600
417298
196028
1061343
19721
11522
11924
10544
10341
13374
157096
493321
1023344
19589
108768
11603
12056
41274
12821
10276
11674
11749
13188
78262
12824
272559
21447
1273181
55508
92860
12057
86126
14272
10419
10840
11310
10362
10995
80898
11723
11118
270403
199327
12616
2823474
21747
20599
27611
17454
880737
1218247
32890
313538
17807
28676
11897
15233
1667505
12063
12189
12947
12791
1331260
94979
24151
142884
15918
12136
42296
11687
13554
11492
12950
455814
14997
12002
1907415
290893
16628
329876
12223
11245
11118
11627
15043
11411
11760
11644
12314
15526
18594
20817
11695
55377
1155834
21527
11668
51015
12066
11408
12119
14622
800907
18290
25277
12958
205754
989963
718710
12475
11888
9841
11144
29023
34794
10041
9966
159788
14487
12640
9716
9063
2142
2555
2239
4953
2157
2044
2104
2124
2207
3088
2090
2273
90525
3164
5942
440787
3457
97440
2578
2301
8229
2199
66750
2925
2299
2287
2238
2148
2274
16564
2298
2720
106385
2924
7683
2368
10296
2359
15947
2257
2318
2329
4988
3672
1985
2263
2105
2263
2625
2556
2707
79365
54492
3023
197968
105183
131224
3984
2777
235320
4570
34024
8749
2400
2283
3428
191253
3790
3356
2005
2524
2071
3584
130005
3336
126082
6053
3442
2345
2420
2268
2425
2462
2999
180227
3876
2323
2397
2452
2379
2798
96941
3132
2717
2752
3835
2842
47498
112189
3894
5817
2418
2462
3423
2335
2872
17123
2406
4419
2472
2472
2346
2525
2300
2192
2260
3172
228415
4354
292022
7560
3525
299701
3819
17403
2601
83432
5384
6104
2176
2428
3383
248431
3953
3691
85112
37847
194651
3846
2235
2266
1983
2014
2635
30931
96068
190710
3790
20361
2264
2295
7976
2461
2024
2280
2241
2444
15028
2402
51696
4004
243227
10571
17844
2283
16775
2665
2050
2108
2192
2041
2186
15470
2291
2167
51317
39351
2457
535357
4271
3990
5271
3265
172348
232008
6148
58928
3456
5590
2262
2849
319741
2303
2317
2408
2430
249831
18845
4441
27167
3073
2302
8039
2176
2549
2221
2375
86956
2831
2269
362558
54893
3177
63623
2260
2213
2093
2194
2730
2146
2111
2177
2251
2826
3498
3901
2166
10458
222502
4065
2149
9626
2157
2161
2289
2721
152333
3429
4656
2394
39307
186672
137838
2424
2269
1858
2158
5510
6547
1872
1866
30392
2729
2456
1871
