47987
11588
13050
12211
26477
11635
10959
11204
11482
12538
15784
11430
11972
490008
16415
31335
2350137
18387
518462
12945
12316
42976
11529
362500
14638
12974
12741
12723
11573
13022
87613
12183
14254
561115
15260
41824
12806
57741
12564
83292
11733
12883
12528
25639
18891
11244
12052
11456
10935
13385
13287
14128
416390
297325
16799
1050982
583333
693502
21685
13977
1258396
25295
179312
46174
12344
11616
18005
1017837
20676
17893
11068
13777
11115
19112
701554
17133
681903
33529
18078
12636
13475
12492
12514
13622
15746
942273
20418
12733
12719
12949
12164
16113
522201
17648
15616
14695
20930
14078
263661
583490
20190
30978
13247
13081
18747
12450
15442
93028
12192
23215
12846
13034
12650
12776
11216
11737
12154
16712
1210994
22758
1562072
39637
17497
1615603
20701
90309
13783
441630
29691
32421
12171
12177
19165
1282958
21095
20567
415139
197618
1064142
20106
11160
12152
9929
10370
12948
155282
492177
1021943
19017
109791
11491
12422
42689
12697
11119
11422
11307
12883
77634
12558
272986
21636
1281103
55604
92705
12069
85823
13941
10860
11244
10930
10349
11181
81230
11941
11465
272278
198849
11950
2824860
21957
21062
29281
16915
882673
1223816
32771
312566
17365
28719
12306
15631
1670564
11521
12831
12994
12911
1323076
95459
23652
144034
15916
12637
41365
11270
13650
11465
13388
457394
14911
12283
1904649
294429
16936
333965
12644
11253
11088
12447
14570
11784
11677
11840
12163
15108
17596
21480
12292
55427
1160007
22089
11585
51435
12427
11413
11871
14646
799536
18151
25745
12369
203033
994172
719392
12291
11726
10269
12099
27614
33669
10947
9647
154237
15020
12281
9733
8917
2209
2537
2256
4875
2143
2065
2148
2143
2294
3046
2135
2281
90973
3114
5837
439133
3461
97577
2418
2328
8019
2212
66300
2715
2406
2398
2309
2153
2341
16590
2258
2607
106598
2893
7757
2404
10555
2344
15860
2267
2339
2316
4902
3553
2131
2265
2069
2112
2530
2428
2619
78887
54415
3076
197662
106047
131434
4072
2683
235384
4673
33905
8789
2300
2229
3545
191084
3931
3341
2069
2642
2129
3623
130432
3222
125492
6372
3476
2328
2500
2312
2358
2587
3015
179726
3752
2333
2350
2425
2281
2868
97029
3253
2899
2705
3816
2596
47856
111667
3763
5750
2472
2415
3477
2359
2872
17329
2348
4308
2451
2461
2356
2480
2129
2156
2285
3200
227054
4252
293135
7297
3391
301157
3880
17202
2612
83797
5302
6309
2300
2342
3492
247017
4092
3866
84394
38092
194925
3897
2198
2288
1897
1997
2546
30606
95940
190521
3684
20541
2247
2350
8243
2442
2126
2226
2170
2405
14857
2354
51872
4043
245018
10677
17847
2269
16621
2622
2141
2162
2120
2016
2241
15652
2323
2201
51537
39062
2326
536003
4315
4077
5533
3159
172954
232797
6154
58655
3351
5577
2345
2917
320718
2171
2457
2382
2483
248592
18892
4361
27438
3057
2391
7861
2069
2585
2191
2430
87309
2827
2335
361687
55389
3198
64135
2338
2207
2102
2309
2662
2203
2128
2197
2226
2770
3358
4025
2254
10423
223105
4101
2159
9642
2225
2139
2228
2677
151695
3393
4747
2335
38778
187382
137887
2395
2213
1919
2349
5319
6378
2039
1833
29472
2835
2343
1865
