48226
11197
13748
12276
26029
11674
10576
11397
11357
11553
16012
11736
11870
485695
15503
31482
2345681
17863
520938
13691
11891
43066
11532
363440
13978
12816
12289
12131
10941
12937
88691
12703
15024
561596
14895
41430
12165
55803
12802
84219
11448
12911
12765
26009
19115
11366
12012
12041
11156
13855
13420
14405
416751
294669
16398
1050127
578806
696672
21131
14297
1260630
24871
179733
46517
13386
11819
18369
1018269
20570
17664
10754
13042
11013
19488
700520
17182
687865
34193
19052
12707
12890
13026
13050
13843
15463
947862
19477
13013
12758
13511
13255
15885
522363
17788
14540
14748
21224
14436
261588
580772
20514
31723
12715
12478
19466
12940
15128
91907
11748
23385
12616
12865
11575
13179
11743
11292
12367
17087
1217123
22628
1557701
41130
16945
1609183
21739
91241
13732
440651
29047
32176
12580
12045
19213
1282432
20386
20623
414320
196088
1060325
19261
11381
12065
10489
10724
13109
157292
494289
1019690
20081
109514
10820
11996
41257
13038
11149
11170
11474
13382
78923
12905
274119
21475
1273901
55162
92361
12206
86174
14013
11279
11326
11167
10288
11241
82030
11752
11453
272164
196356
12029
2811182
22176
21192
29364
17515
883547
1225733
31991
313659
18092
27559
11641
15021
1672429
11834
12945
12883
12554
1324337
95360
23836
142881
15964
12814
42990
11787
13560
12108
13702
453346
15121
11980
1910918
293536
16696
334648
12959
11645
11303
11743
14701
11395
11770
12117
11729
15148
17971
21452
11772
54039
1154876
23525
11689
50119
11437
11377
12767
15488
807785
18529
25076
12246
203743
990529
720172
12760
11967
10719
11913
28373
34664
10285
10168
155873
15029
12357
9874
8892
2109
2635
2268
4747
2167
2010
2149
2121
2151
3065
2228
2248
90322
2930
5899
438281
3388
97727
2550
2281
8031
2179
66451
2609
2350
2263
2190
2052
2323
16746
2330
2707
106327
2799
7662
2289
10216
2406
15998
2187
2311
2355
4957
3586
2152
2308
2206
2120
2584
2471
2685
79035
53689
3030
197199
105049
132263
3971
2747
235905
4603
34020
8852
2506
2258
3519
190975
3865
3361
2021
2508
2080
3656
130351
3194
126608
6514
3589
2326
2387
2396
2437
2621
2935
180668
3539
2427
2349
2554
2472
2848
97096
3272
2676
2697
3845
2601
47403
110947
3810
5867
2378
2298
3612
2435
2843
17137
2292
4311
2413
2439
2153
2544
2243
2089
2248
3305
228036
4259
292290
7594
3244
299473
3995
17261
2583
83770
5199
6226
2384
2315
3549
246746
3955
3884
84354
37778
193942
3796
2219
2272
1981
2067
2562
30983
96441
189682
3884
20534
2125
2279
7927
2479
2140
2188
2220
2478
15148
2410
52070
3962
243791
10613
17816
2346
16712
2666
2232
2149
2160
2001
2224
15728
2303
2220
51663
38640
2319
534302
4320
4115
5577
3264
172990
232816
5968
58788
3509
5336
2240
2812
320153
2256
2458
2359
2391
248730
18925
4426
27227
3067
2429
8117
2198
2579
2277
2480
86546
2840
2256
363286
55183
3168
64182
2397
2289
2151
2199
2670
2170
2134
2249
2155
2738
3392
4027
2187
10143
221801
4376
2164
9467
2051
2161
2383
2844
153159
3470
4731
2274
38951
186555
137928
2442
2261
1998
2299
5442
6547
1903
1907
29695
2829
2397
1862
