49102
11608
12944
12154
26324
11478
11074
11478
11101
11992
15611
11553
12193
482778
16508
30070
2349953
18984
521137
14079
12057
43991
11122
362649
14904
13062
12580
12463
11243
12883
88085
12269
14241
559144
15577
42043
12459
56614
12730
83423
11845
13072
12369
25692
18620
11775
12081
12310
11491
13836
13384
13639
418473
296618
17691
1051559
581862
687756
21162
14391
1260793
24606
181406
46659
12874
11912
17780
1020574
20679
17769
10903
13348
11686
18361
699285
18443
687540
33548
18467
12949
13841
12466
12465
12984
15286
949573
20290
12607
13261
13552
13047
16463
518231
17578
15229
14833
20791
14573
261765
581244
19920
31146
12542
12897
19702
13332
15601
92794
12736
23445
12944
13107
13001
13401
11834
11494
12306
16856
1218085
22992
1555356
41014
17954
1614934
21496
90245
13721
439767
29233
31061
11714
11673
19271
1289056
20188
20184
416936
197391
1061017
20515
11387
12185
10520
10486
13241
156465
494417
1022569
19006
107913
11159
11977
41975
12983
11121
11165
11287
12436
79397
13467
273971
20905
1273203
55394
92178
12026
85176
14359
11322
11825
11135
10699
11002
83570
11636
11765
271928
198781
12138
2824697
21588
21985
28472
17524
882939
1222936
32953
313256
17347
28103
12313
15023
1664142
12330
12545
13501
12453
1319013
94565
23500
142479
15108
12522
42122
12323
14289
11155
13017
456001
16394
12205
1910683
293749
16193
331832
13072
11097
11388
11764
14485
11542
11924
12229
12124
15581
17827
21618
12152
56284
1159985
22299
11700
50360
11554
11650
12082
14321
800120
18488
25404
13409
204711
989912
719981
13305
11967
10059
12044
29025
34449
11104
10735
157470
14046
12418
9583
9069
2159
2497
2255
4840
2141
2102
2140
2084
2205
3037
2156
2287
89831
3112
5663
439368
3573
97782
2594
2328
8182
2144
66422
2775
2373
2327
2243
2112
2321
16669
2271
2592
106141
2917
7847
2345
10372
2396
16004
2241
2358
2265
4906
3485
2231
2281
2266
2195
2570
2485
2545
79017
54132
3276
197298
105889
130560
3974
2768
236144
4538
34252
8840
2393
2261
3484
191911
3881
3370
2063
2545
2183
3490
130027
3456
126502
6377
3486
2378
2553
2288
2356
2433
2944
180781
3703
2322
2453
2532
2422
2937
96501
3246
2820
2704
3805
2652
47505
111152
3697
5774
2336
2369
3647
2483
2896
17240
2465
4336
2470
2465
2388
2551
2238
2106
2243
3244
228237
4316
292330
7589
3507
300972
3932
17172
2559
83468
5273
6034
2232
2258
3528
248050
3949
3787
84810
37989
194683
4029
2241
2339
1994
2013
2568
30925
96449
190598
3678
20327
2201
2220
8140
2497
2124
2168
2178
2326
15196
2516
51887
3885
243484
10592
17783
2278
16467
2711
2200
2258
2125
2120
2156
15998
2270
2263
51444
39006
2380
536087
4215
4286
5337
3274
172829
232497
6205
58676
3391
5549
2324
2780
319464
2323
2417
2480
2377
247890
18815
4348
27109
2940
2362
7963
2295
2711
2119
2404
87022
3036
2307
363014
55286
3088
63776
2409
2200
2176
2196
2652
2198
2150
2235
2223
2823
3377
4036
2264
10590
223040
4180
2168
9496
2093
2214
2251
2621
151810
3457
4684
2514
39010
186539
138145
2574
2276
1872
2346
5530
6507
2065
1970
30024
2701
2394
1816
