48809
12343
13294
12260
26000
11547
10921
11149
11084
12353
15491
11679
12432
490475
16757
31802
2353973
18571
521825
13394
12530
42677
10637
364878
15005
13260
12316
12140
11753
13207
87742
12285
14596
558753
15707
41741
12257
56398
12748
84074
11860
13122
12771
25301
20118
11400
11610
12062
11453
13621
13057
13472
420038
299801
16367
1054869
582477
690496
21619
15293
1270194
24427
182342
45759
12051
11335
18266
1018253
20286
17774
11302
13366
10983
18727
700248
16737
686563
33742
17861
13221
12454
12124
12789
12649
15619
944639
20698
12677
12641
12715
13058
15572
526435
17699
15293
14989
21293
14369
260319
583165
20186
31684
13726
12655
19547
12781
15620
91788
12822
23968
12842
13032
11850
12857
11660
11260
12293
16427
1218727
23346
1559987
39518
18364
1614408
21633
89749
13032
438792
28400
32018
12178
12597
19472
1286158
21172
20423
419121
199676
1060856
19867
11002
12331
10399
10530
13395
155382
491179
1020517
18782
109500
11243
11570
41689
13207
10237
11052
11716
12819
77768
13447
275229
20102
1271328
55746
95471
12321
86984
13941
10757
10682
11168
10983
11075
79866
11637
12145
271014
197948
12224
2818928
22690
20678
27739
17741
883278
1217959
32175
312264
17826
27501
11596
14676
1670751
11510
12842
13388
12709
1325246
94096
23442
140942
15103
12853
42217
12049
13942
12262
13231
452130
15619
12203
1903320
295418
16602
333457
12962
11095
11977
12294
14665
11511
11860
11568
11719
15423
18042
20845
11990
57167
1156741
22657
12295
51504
12086
11770
12405
15845
799238
18026
25397
13059
207680
988354
717922
12530
11277
10586
12244
28989
34885
10233
9854
157506
14897
11551
9548
9071
2297
2554
2260
4800
2154
2058
2133
2102
2281
2999
2206
2354
91094
3140
5943
439961
3519
98071
2517
2372
7982
2040
66947
2767
2404
2288
2223
2184
2382
16681
2261
2640
105981
2961
7670
2341
10293
2402
16039
2219
2378
2334
4835
3723
2153
2233
2206
2204
2558
2394
2512
79478
54752
3029
197986
105763
130961
4051
2913
237544
4569
34348
8705
2276
2133
3532
191509
3852
3369
2128
2537
2110
3526
130325
3212
126341
6443
3432
2433
2321
2244
2405
2402
2984
180195
3797
2330
2325
2377
2428
2801
97635
3262
2848
2742
3843
2620
47179
111428
3770
5866
2536
2316
3610
2440
2908
17113
2498
4492
2453
2476
2211
2492
2230
2097
2261
3162
228440
4355
292458
7368
3519
300478
3961
17014
2469
83555
5105
6228
2312
2388
3578
247461
4102
3828
85164
38435
194221
3881
2146
2355
1957
2014
2612
30793
95680
190056
3650
20543
2203
2212
7976
2492
1991
2156
2260
2368
14971
2557
52311
3731
243080
10694
18339
2309
16814
2656
2125
2077
2186
2129
2188
15376
2268
2357
51385
38916
2361
535240
4416
4014
5267
3328
172909
232067
6009
58568
3486
5312
2217
2734
320401
2220
2456
2474
2411
249130
18707
4343
26794
2925
2406
7990
2228
2656
2302
2426
86188
2901
2276
361786
55659
3134
64082
2404
2187
2272
2262
2659
2166
2156
2143
2137
2786
3371
3911
2232
10659
222619
4277
2256
9658
2164
2214
2317
2893
151539
3396
4673
2393
39448
186382
137471
2417
2147
1955
2351
5518
6509
1915
1862
29865
2818
2235
1814
