48774
11488
13477
11641
26213
11094
10881
11194
11357
11785
15101
11497
12086
486189
15596
32246
2348461
19115
517393
13962
12388
42956
11078
364132
15224
13127
13006
12567
12081
13039
88037
12439
15034
558686
14804
41021
12765
56829
13459
83902
12013
13125
13013
25188
19845
11298
12413
11787
11294
14105
13324
14300
416842
293730
16152
1051890
578104
691613
20878
14113
1263723
25137
182293
45330
12663
11438
18351
1019811
20975
17620
10915
13690
10990
18430
699003
17055
683399
33438
17669
12697
13158
12207
12483
13354
15430
946135
20788
12724
12696
13365
12651
16080
524107
18137
14994
14617
21049
15043
265293
583136
19341
30434
13390
13701
19382
12359
16058
92609
12305
23531
13290
12592
12250
13504
11368
11483
12481
16920
1213583
23105
1568830
40075
17408
1606013
20205
89772
13259
441568
28493
31941
12220
12005
18934
1290024
20916
20041
419175
198844
1064851
19349
12041
12079
10822
10266
13680
156911
492344
1024143
18887
109939
11393
12337
41294
13165
10662
12005
11961
13173
78891
13202
271720
20948
1273645
55603
90467
12196
85669
13871
11230
10497
11137
10519
11092
80195
11597
11567
272137
197846
12296
2826164
21940
21793
29019
17611
882633
1215883
32435
315160
16976
28063
12519
15510
1667840
11625
12763
13408
12384
1325297
95253
23254
142034
15589
12061
42311
11628
13196
12457
13467
451211
14896
11417
1899625
296437
17442
332799
12860
11627
11004
11756
15067
11655
11533
12168
11364
15280
18355
22091
12632
56161
1157918
22446
12127
51173
12279
12549
11940
15681
802250
18074
25060
12629
204133
989861
718581
13113
12081
10415
11577
28840
34957
10507
9629
158660
14760
11967
9345
8906
2111
2600
2150
4780
2054
2067
2120
2136
2175
2881
2176
2278
90502
2982
5974
439053
3570
97138
2601
2357
8085
2140
66614
2828
2381
2398
2266
2241
2316
16631
2267
2753
106052
2835
7659
2416
10422
2509
15980
2266
2373
2382
4807
3623
2099
2368
2142
2159
2633
2461
2663
78923
53600
2998
197460
105204
131281
3954
2686
236667
4641
34352
8651
2383
2144
3553
191520
3939
3392
2026
2575
2091
3500
129889
3223
125776
6421
3376
2357
2460
2279
2364
2501
2987
180504
3821
2329
2316
2478
2361
2839
97473
3296
2776
2663
3796
2725
48035
111524
3597
5705
2467
2500
3587
2319
2975
17234
2399
4394
2525
2398
2272
2583
2183
2174
2285
3231
227491
4307
294254
7453
3363
298751
3723
16991
2519
83753
5167
6226
2308
2279
3463
248333
3999
3768
85267
38249
194844
3760
2361
2304
2033
1986
2699
30948
96215
190648
3668
20480
2224
2317
7946
2514
2075
2329
2286
2460
15167
2458
51657
3934
243387
10712
17395
2311
16583
2648
2172
2033
2134
2051
2185
15373
2273
2247
51561
39029
2360
536394
4263
4251
5498
3296
172963
231616
6082
59029
3292
5470
2375
2874
319810
2219
2462
2427
2375
248926
18899
4328
27226
3028
2287
8004
2172
2498
2367
2453
86236
2794
2165
361730
55650
3293
64037
2369
2277
2075
2206
2718
2159
2108
2247
2104
2784
3474
4141
2310
10478
222730
4176
2278
9606
2197
2369
2208
2872
152236
3408
4659
2361
38926
186758
137603
2499
2322
1939
2261
5506
6579
1956
1825
30254
2789
2305
1813
