48621
11195
13998
11974
27095
11570
11168
11282
11072
11929
15434
12334
12278
487662
16465
30622
2356312
19471
517068
13874
12133
42919
11942
363852
14712
12831
12408
12271
11989
12669
87974
12610
14343
559024
15308
41217
12477
57207
12790
83585
11785
12754
12052
25553
18711
11642
11867
11814
11613
13800
12931
13851
414142
294327
16907
1052939
583005
689831
20927
14671
1258048
24282
181497
47117
12676
11100
18226
1015723
20652
17426
10730
13877
10703
18686
695051
17239
687629
32790
18456
13099
13011
12744
12361
13330
15316
944083
20097
12228
13240
13109
12509
16639
522040
18055
14799
13981
21215
14421
264409
585555
20202
31643
13128
12576
18273
13333
15715
93825
12416
22821
13126
13034
12532
12695
11418
11487
12701
17117
1213395
23045
1561311
38384
17833
1609380
21352
89030
13082
440437
29403
32435
11833
11974
19270
1288482
21373
19845
415659
198339
1058976
19440
11451
12811
10766
10644
12903
156666
491223
1019837
18659
110172
10695
12112
41396
12801
11169
11439
11406
12657
77981
13419
272685
20450
1268694
55570
91901
12608
85181
13871
10774
11711
10955
11013
11133
79801
11489
11830
272226
195067
12259
2828092
22245
21418
27966
17584
883228
1225148
31445
313436
17637
28459
12279
15763
1665860
11375
13323
13123
12648
1322050
96044
23506
143149
15770
11996
41191
11044
13879
12423
14362
454516
15109
12275
1892235
291230
17148
330777
12986
10515
11711
12821
15144
11213
12359
11975
11530
15392
17494
21932
12105
55641
1157167
23173
12009
51288
11870
11055
12378
15308
805167
18539
25382
12763
206089
991852
718758
13135
11755
10489
11868
28597
35281
11242
9761
157312
14213
11957
9509
8843
2103
2655
2222
4979
2135
2141
2115
2076
2199
2970
2299
2338
90679
3080
5726
440241
3681
96979
2598
2326
8048
2271
66520
2748
2351
2277
2209
2210
2278
16643
2345
2622
105978
2917
7676
2340
10443
2367
16004
2209
2330
2232
4884
3507
2175
2230
2147
2242
2552
2413
2562
78337
53717
3097
197939
106055
130939
3942
2797
235496
4509
34195
8942
2368
2101
3551
190716
3872
3313
2041
2616
2044
3543
129683
3217
126323
6263
3499
2395
2439
2331
2299
2524
2961
179941
3708
2247
2404
2442
2337
2961
97097
3310
2709
2572
3832
2636
47850
111843
3788
5877
2438
2330
3427
2507
2926
17560
2425
4296
2504
2483
2336
2460
2189
2125
2330
3256
227585
4362
293005
7118
3441
299903
3928
16893
2493
83814
5298
6221
2242
2260
3572
248037
4135
3732
84618
38230
193787
3823
2208
2411
2028
2026
2585
30905
95904
190132
3619
20563
2077
2293
7999
2450
2167
2286
2215
2357
14899
2502
51641
3835
242797
10595
17751
2389
16572
2657
2121
2233
2130
2170
2178
15343
2257
2295
51561
38328
2398
536486
4353
4124
5304
3300
173252
232845
5891
58857
3395
5530
2349
2914
319369
2154
2530
2416
2419
248412
19093
4352
27240
3035
2257
7775
2072
2614
2333
2593
86745
2833
2354
359947
54856
3247
63678
2445
2086
2205
2383
2721
2138
2264
2197
2107
2783
3339
4108
2218
10430
222346
4296
2210
9627
2143
2119
2333
2791
152718
3529
4633
2379
39310
186978
137643
2539
2224
1943
2292
5453
6639
2086
1851
29860
2688
2286
1830
