49366
11325
13413
12214
26900
11898
11415
11239
11113
11747
15852
11350
11632
490122
16349
31215
2343238
18860
515480
13879
11951
43389
11341
363831
15307
13120
12592
11978
11513
13001
87737
12347
15146
561110
15243
42109
12613
56309
12493
84665
11265
12309
13312
25494
19896
11539
11702
11420
11609
14965
13383
13806
417602
297157
16280
1051345
580537
692613
21658
14321
1262619
25984
180263
45936
13082
12211
18144
1021046
20973
17125
10849
13839
11244
18482
700412
18060
685115
32782
17979
13300
12907
12483
13031
12595
14960
943531
20112
12719
13328
13530
12761
16373
523771
17828
14872
14543
20938
14955
262391
583085
19919
31515
13057
12491
19198
12646
15086
92364
12683
23164
13055
13412
12012
13595
11784
11756
11673
16644
1216281
22263
1562334
39327
16640
1610335
21720
91894
13229
443320
29656
31459
12535
12610
19185
1289686
20716
19716
421269
196880
1067814
20561
11554
12769
11022
11317
13118
156582
493882
1021721
18717
109352
11088
11389
41979
12613
10440
11359
10955
13147
78735
13427
274434
21695
1273390
55264
91849
11826
84332
14557
10783
10810
11040
10245
11022
80012
11721
11730
273099
196374
12008
2820858
21311
21163
28192
17519
883536
1223753
32627
312993
17539
28685
12042
15301
1671458
11974
12595
12401
12523
1322873
93679
23738
143574
16319
12508
41221
11868
14002
11953
13419
457657
15298
12183
1896749
296134
16830
335827
12522
11152
11527
12083
14964
11417
11652
11379
11672
15399
18682
21791
12168
55436
1159492
22240
11909
50182
11372
11622
11957
15986
802386
17997
25212
12834
205564
988805
719161
13009
12072
10484
11505
28790
33103
10369
9962
157863
14356
11896
10199
9059
2112
2545
2266
4929
2211
2130
2105
2087
2194
3043
2126
2222
91010
3085
5758
438233
3553
96889
2564
2282
8101
2159
66530
2800
2411
2323
2188
2158
2307
16727
2277
2715
106421
2876
7793
2410
10404
2326
16097
2134
2262
2398
4887
3676
2174
2207
2093
2223
2772
2481
2565
78997
54333
3069
197203
105567
131366
4069
2733
236361
4718
33955
8714
2423
2299
3483
191357
3911
3256
2064
2647
2145
3496
130194
3412
125746
6243
3394
2467
2378
2285
2463
2422
2838
179873
3693
2329
2459
2513
2394
2922
97336
3268
2760
2638
3782
2710
47478
111408
3703
5892
2419
2300
3527
2394
2860
17211
2449
4379
2450
2505
2236
2668
2278
2148
2162
3177
227740
4195
292681
7264
3234
299813
3972
17358
2480
84212
5312
6112
2360
2382
3555
248532
3991
3699
85530
37936
195565
4003
2264
2417
2099
2185
2584
31053
96205
190611
3660
20429
2219
2167
8080
2428
2059
2208
2106
2446
15176
2500
51998
4008
243915
10582
17662
2268
16292
2731
2120
2075
2160
2037
2167
15390
2301
2279
51726
38593
2297
535291
4164
4111
5342
3281
172902
232740
6130
58904
3397
5566
2286
2871
320607
2263
2380
2300
2355
248329
18650
4364
27371
3139
2326
7799
2189
2632
2252
2444
87036
2862
2307
360477
55566
3209
64573
2327
2218
2217
2271
2743
2145
2124
2121
2168
2762
3517
4084
2200
10389
222918
4166
2236
9387
2033
2205
2250
2892
152256
3407
4659
2383
39230
186299
137832
2521
2271
1965
2253
5484
6260
1899
1846
30045
2741
2265
1948
