49860
11600
13659
11809
26595
11379
10918
11488
11125
12017
15644
11552
12104
486684
17011
31561
2347151
18717
519390
13355
12368
44055
10910
364236
15365
12569
12402
12490
11493
12907
89187
12403
14614
560670
15155
41714
12646
56671
12050
83682
12048
13100
12499
25192
19684
10836
11746
11712
11377
14344
13260
14479
417019
298538
16227
1055894
582001
694588
21619
14019
1263118
24685
182061
46879
12517
11655
18139
1013339
20330
18043
11417
14067
11469
18281
698135
18502
686755
33877
18029
13155
12939
12005
12686
12925
14680
944646
19703
12540
13084
13334
12999
16146
519845
17526
14696
14583
20897
14755
264504
583827
19921
32383
13132
13184
18377
12955
15961
91208
12960
23139
12981
13130
12424
13257
11784
11406
12086
16683
1213541
22630
1561732
40671
17160
1608402
21895
89926
13178
441347
28873
30985
12342
12911
19857
1285530
21290
20436
415611
197265
1062100
19564
11093
11735
10611
10791
12776
156138
492822
1026369
19203
109392
10533
11832
43063
12582
9947
11460
11468
13591
78862
13245
270232
21683
1272572
55774
92094
12284
84099
14371
10803
10954
11416
10826
10735
81749
11198
11790
270002
197130
12124
2825069
21949
20771
28681
17566
880496
1212180
32161
313741
16964
28383
12205
15258
1675572
12395
12860
12612
12252
1319744
94835
23354
143028
15303
12345
42017
12098
13552
11977
14014
456499
15583
12042
1896653
292823
17301
330178
13300
11541
11894
11506
14857
11269
11687
12870
12435
15154
17836
21329
12344
55921
1155207
22708
11457
51206
11047
11624
12104
15541
803597
18049
25815
13546
207213
998101
719095
13375
12205
10091
12147
28139
33704
10919
9653
158267
14880
11680
9445
9163
2184
2604
2193
4869
2107
2053
2136
2108
2223
2962
2139
2301
90535
3193
5865
438864
3517
97555
2503
2328
8204
2109
66652
2861
2302
2301
2254
2120
2328
16945
2309
2628
106385
2855
7763
2375
10360
2257
15936
2263
2359
2325
4858
3672
2038
2216
2124
2166
2651
2479
2678
78878
54355
3012
197909
105651
131622
4056
2689
236443
4549
34379
8896
2355
2218
3527
190300
3822
3412
2156
2678
2157
3419
129765
3505
126415
6409
3416
2452
2416
2193
2391
2458
2782
179870
3641
2304
2367
2501
2422
2880
96679
3214
2745
2685
3780
2666
47855
111695
3742
6001
2447
2441
3399
2460
3012
16992
2491
4376
2460
2463
2317
2586
2257
2152
2218
3176
227427
4241
292383
7543
3307
299046
4055
17120
2477
83721
5220
6021
2354
2492
3600
247695
4055
3830
84682
37971
194495
3824
2170
2267
1998
2081
2472
30719
96058
191007
3711
20500
2065
2260
8278
2431
1959
2226
2197
2521
15068
2468
51436
4032
243615
10652
17726
2347
16345
2697
2119
2108
2186
2134
2116
15636
2181
2306
51209
38713
2375
535528
4282
4068
5474
3303
172370
231173
5992
59042
3319
5498
2332
2875
320608
2342
2438
2319
2367
248541
18766
4275
27234
2952
2319
7969
2279
2560
2249
2572
87026
2928
2251
360995
55151
3265
63525
2432
2274
2236
2163
2704
2062
2139
2341
2268
2766
3370
4009
2288
10560
221942
4223
2141
9636
1975
2200
2292
2820
152298
3402
4777
2501
39549
187684
137593
2553
2360
1883
2379
5340
6349
2034
1856
30057
2784
2254
1795
