48778
11734
13738
12118
27181
11816
10767
11746
11180
12147
15598
12078
12047
485036
15573
32126
2345523
18856
520000
13767
11685
44547
11379
361350
15508
13059
13123
11824
11409
13092
87762
12483
14224
560460
15405
42549
12495
57587
12564
84434
11790
13027
13139
25372
19226
11458
11917
11404
11320
14319
13230
13817
417198
295380
16162
1052964
583264
693544
21639
14353
1259420
24447
181116
45994
12669
10830
17485
1019838
19718
18603
11323
13781
11520
18576
697377
17674
682824
33719
18417
12745
13282
11894
13132
12947
15514
943802
20612
12983
13055
13496
12144
16811
520985
18263
14906
15063
20835
15620
260939
585038
19670
31126
12827
13069
18960
13382
15594
92333
12248
23644
12672
13180
11985
13010
11378
11432
12264
16188
1213049
22779
1558232
39645
17536
1609607
20980
90410
13988
442199
28217
32193
12296
12325
19482
1285818
21274
19599
420113
197220
1058627
19569
11228
12512
10782
10494
13579
157287
493244
1019253
18715
108659
11117
11466
41829
12765
10730
11311
11499
12862
78517
13575
272088
20502
1273740
54924
92704
12356
85112
14181
10773
10953
10636
9860
10830
80080
12018
12154
273136
196868
11658
2824918
22636
21682
28632
17735
883061
1222282
32585
311891
17470
28710
12271
15222
1666525
11815
12935
12849
12919
1323343
94650
23504
143397
15804
12364
42200
11204
13334
11372
13786
454740
14981
11940
1894872
293297
17051
331592
13007
11081
11628
11617
15202
11040
12608
11974
11931
15617
18135
22236
12537
55292
1167315
22093
12228
51214
11663
11255
12202
16006
808488
18285
24263
13322
207920
994232
719988
13220
11935
10362
11752
29190
33540
9583
9988
160656
14819
12287
9313
8934
2231
2623
2241
5008
2182
2062
2241
2094
2261
2992
2263
2265
90098
2994
5967
438485
3516
97730
2588
2245
8307
2181
66168
2883
2392
2427
2180
2152
2354
16715
2303
2591
106340
2924
7898
2360
10527
2325
16102
2236
2365
2392
4878
3615
2165
2251
2089
2162
2660
2425
2543
79125
53765
2974
197826
105786
131765
4057
2756
236039
4522
34165
8725
2360
2055
3427
191412
3729
3497
2140
2646
2184
3503
129921
3313
125811
6357
3526
2364
2471
2183
2448
2478
2952
180053
3780
2376
2416
2521
2274
2975
96724
3380
2761
2765
3812
2810
47475
111805
3676
5814
2378
2434
3466
2522
2902
17268
2338
4417
2418
2503
2183
2506
2169
2120
2258
3088
227582
4221
292580
7300
3350
299746
3888
17215
2636
84080
5066
6261
2326
2352
3574
247240
4099
3685
85451
37955
194144
3806
2189
2399
2021
2016
2663
30999
96351
189909
3616
20293
2171
2194
8093
2467
2104
2175
2218
2410
15086
2522
51477
3771
243835
10527
17860
2367
16557
2636
2142
2086
2065
1918
2119
15353
2317
2340
51828
38701
2279
536067
4417
4190
5447
3268
172890
232285
6057
58573
3434
5633
2319
2834
319167
2237
2465
2362
2456
248874
18848
4332
27433
3065
2315
7994
2082
2538
2159
2472
86781
2804
2248
359996
54996
3217
63637
2408
2188
2205
2182
2731
2055
2293
2177
2205
2830
3404
4180
2322
10487
224064
4155
2275
9633
2088
2127
2277
2904
153244
3432
4524
2465
39498
187170
138185
2569
2267
1927
2268
5509
6346
1804
1915
30430
2803
2332
1788
