48618
11212
13785
12089
26440
11723
11072
11212
11167
11999
15843
11395
11940
488131
16684
31590
2352563
18358
515401
13433
12256
44003
11164
362919
14756
12766
12941
12000
11598
12631
87940
12425
14626
563741
15945
41707
12709
57115
12220
82572
12196
13085
13118
25231
19543
11059
11424
11539
11419
14123
13456
13739
416919
293112
17165
1049851
578454
698494
20975
14332
1253915
24586
180173
45437
13112
11608
17916
1021220
20826
18255
11206
13788
11601
18952
697745
17328
684527
33934
18780
12762
12355
12681
12824
13154
15117
943697
20979
13166
13184
13172
12545
16626
521037
17091
15229
14451
21010
14601
260995
579833
19430
31825
12790
12924
19361
13113
15599
91499
12606
23789
13340
12970
12180
13053
12131
11368
12803
16821
1211037
22313
1556365
40077
17453
1608615
22597
91166
13192
439280
28848
31900
11638
12043
19019
1285730
21163
19829
415147
193294
1063870
19776
11224
12469
10759
10126
13205
156790
490684
1018300
19027
111954
11297
11647
41337
12516
10414
11821
11581
12500
78023
13355
272976
21143
1272803
54731
92540
12132
84571
14133
11093
11245
10875
10603
11157
83005
11704
11723
272642
196776
11456
2806442
22141
20896
28048
18101
886820
1225229
32596
313482
17164
27795
12458
14871
1672861
12730
13309
12746
12106
1324047
95528
23332
142750
16140
12179
41517
11519
13225
10980
13848
455446
15619
12093
1903363
296118
16258
331859
12939
11355
11247
12091
15313
11057
12074
11927
11741
15478
17796
21197
12225
56695
1159607
22944
11787
51129
12048
11644
12610
15038
800885
18024
25346
13028
208118
991859
718149
12781
11568
10281
12246
28167
35071
10619
9706
155017
15037
12403
9649
9013
2125
2660
2225
4870
2192
2112
2116
2105
2239
3056
2142
2264
90566
3112
5919
439128
3414
96809
2535
2335
8237
2177
66262
2737
2355
2380
2150
2142
2292
16686
2310
2637
106897
3048
7739
2402
10368
2321
15748
2314
2363
2420
4835
3584
2090
2182
2132
2178
2636
2471
2559
78839
53704
3195
197158
104923
132444
3929
2720
234786
4561
33947
8661
2435
2208
3449
191629
3918
3451
2130
2628
2204
3543
129451
3317
125931
6440
3558
2361
2337
2308
2382
2499
2905
179860
3863
2412
2439
2450
2328
2967
96932
3147
2835
2640
3822
2656
47449
110878
3673
5906
2402
2357
3612
2445
2946
17057
2428
4438
2542
2425
2255
2510
2286
2079
2366
3202
226999
4134
291594
7437
3347
299489
4161
17317
2496
83357
5227
6216
2240
2319
3502
247425
4080
3749
84396
37439
194668
3821
2211
2380
2045
1945
2582
30856
95756
189780
3675
20940
2235
2213
7998
2407
2042
2267
2220
2313
15031
2523
51692
3941
243364
10496
17802
2310
16428
2674
2180
2146
2131
2080
2227
15854
2273
2272
51855
38685
2231
533074
4326
4071
5331
3383
173387
232624
6079
58812
3351
5367
2360
2792
320219
2409
2540
2375
2300
248430
18936
4322
27223
3115
2310
7820
2150
2524
2105
2529
86873
2928
2250
362067
55686
3095
63615
2361
2241
2152
2245
2796
2088
2186
2208
2149
2795
3342
3986
2252
10607
223074
4281
2205
9580
2156
2193
2335
2732
152073
3409
4640
2435
39569
187062
137650
2491
2201
1911
2352
5414
6587
1973
1843
29449
2832
2357
1879
