49095
11737
13703
12990
26013
11317
10820
11556
11396
12284
15396
12140
12017
492965
15851
32025
2353270
17678
516012
14017
12166
43055
11099
363734
14372
12570
12831
11713
11990
12816
88300
12589
14625
559919
15137
40940
12580
57063
13476
83901
11923
12873
12418
25246
20048
11397
11810
11214
11548
13843
13646
13988
415250
297637
16697
1053642
583033
689431
21905
14374
1254808
24720
182651
46478
13171
12252
18410
1012978
19929
17609
11239
14023
11014
19016
696244
17002
682908
33369
18536
12560
13386
13019
12505
13145
15808
944142
19781
12974
12951
13964
12983
15904
520434
17504
14769
14367
20985
14439
262698
583827
20172
32065
13597
12914
19026
12683
15076
91824
12433
22834
13498
12483
11971
13159
11422
11383
13038
16760
1223471
23039
1556368
38669
16911
1609281
21993
91198
12862
438763
28558
31331
12461
12132
19095
1286316
20170
19913
413957
199061
1062940
19179
11328
12408
9953
10482
12997
156366
493783
1019857
18720
110008
11600
11789
41361
12839
10880
11675
11414
13064
80144
13792
274173
21373
1269213
54975
91887
12568
85078
13508
10840
10961
11134
10759
10616
81476
10918
11754
274163
196731
11883
2824559
22430
21459
27159
17492
885688
1223594
32207
315000
18235
28399
11709
14937
1664143
11715
12820
13181
12803
1326916
95135
24496
144556
15533
12796
41897
11240
13134
11722
13493
452488
15656
11662
1897938
293546
16508
332147
13212
11301
12000
11747
14681
11849
11220
11835
11527
15226
18049
22540
12105
56580
1163848
22088
11848
50311
11742
11721
12678
14877
802721
18664
24999
13484
206763
992006
718828
13615
12126
10409
11809
28705
33493
10267
9952
157006
14175
12133
9632
9021
2191
2672
2378
4785
2135
2054
2166
2111
2276
2989
2293
2284
91351
2961
5985
439421
3318
97000
2632
2310
7991
2119
66513
2680
2303
2387
2140
2216
2286
16754
2337
2644
106116
2857
7675
2371
10381
2501
15959
2253
2332
2287
4845
3660
2142
2256
2076
2193
2571
2527
2585
78572
54218
3071
197429
105884
130709
4056
2704
235024
4591
34607
8867
2432
2299
3564
190352
3752
3339
2109
2667
2094
3591
129438
3192
125823
6430
3489
2311
2458
2366
2379
2458
3026
179812
3644
2376
2366
2601
2388
2844
96849
3209
2743
2590
3800
2650
47601
111573
3733
5981
2527
2357
3499
2428
2798
17226
2433
4225
2579
2353
2216
2540
2191
2114
2350
3252
228708
4346
292238
7210
3275
299722
4052
17358
2431
83429
5127
6025
2363
2308
3522
247555
3887
3735
84175
38244
194512
3714
2198
2346
1873
1980
2545
30903
96480
190022
3611
20590
2283
2243
7982
2477
2096
2272
2199
2459
15355
2605
51971
3950
242862
10554
17767
2362
16468
2537
2127
2123
2171
2119
2103
15571
2141
2235
52028
38790
2322
536448
4379
4155
5162
3282
173327
232640
5962
59143
3529
5567
2213
2780
318899
2243
2406
2415
2411
249132
18770
4526
27559
2972
2409
7920
2107
2529
2224
2476
86335
2912
2189
360605
55316
3148
63599
2415
2240
2260
2215
2661
2194
2028
2221
2144
2766
3453
4172
2267
10621
223205
4157
2183
9547
2105
2196
2368
2715
152000
3518
4623
2499
39386
186565
137734
2620
2295
1966
2242
5489
6313
1936
1857
29980
2678
2376
1856
