36257109
36058538
35477577
37094218
36832751
37071050
35937033
36297870
36953120
37192689
36015898
36521717
36602301
37362305
36796007
37202442
38756620
37103035
37173276
36989994
36674012
37045908
36274883
37920276
37776566
38459365
37489897
38955363
37568377
37985148
38534305
38009742
38826922
38133321
36968394
37660640
37107308
38503668
37689479
37389413
36812228
38197568
38498815
36653176
37171153
37179696
36783148
37745043
36906442
37508291
37545186
37794618
37210299
37985376
37266632
37923695
37458268
36858375
36993419
36668310
37090878
37394132
37331175
36934653
37075511
36600078
35792069
37048111
36383800
36606226
36341592
36175350
35874982
36873937
38513347
36530514
36263298
35856838
36537591
37791804
37343207
37640953
37168509
36698469
36879828
38313599
38033181
38256969
37923537
37634428
37484363
39374066
38641062
37699517
37967179
38087084
38691058
38368165
37691853
37125289
37863742
38217312
37449836
37733015
37457805
36852782
37315476
37124878
35951303
36973691
36201225
36656517
37315838
36438212
35914483
37084876
37325201
36135614
37550678
36881447
37452869
36466077
35967487
37559375
36935784
35844392
36468232
37408932
38016565
35100192
35928869
35827938
37312070
35990230
35436068
36191074
35263286
35330134
36874769
34957305
34803533
36020927
35868660
34948061
35017152
35728006
35604658
35864797
33732427
35305114
34911363
35728614
34951971
35177096
34790920
34918555
35377861
35983897
36126592
36092340
35812912
36457505
35619946
35823329
36096675
35831053
35065010
36263713
35068793
35216308
35210826
35158692
34116051
35066140
35104985
35187175
35869516
35241238
34714092
37516737
35416627
35647659
35351115
36460979
35517048
36080802
36095036
35518505
35230906
33410688
35890974
36342494
35483154
35790285
35668531
36725203
35926134
36251258
35843739
28770889
34150677
33111265
22992738
36986068
36739132
36034831
36557449
37765482
36828389
36719313
37219144
38012212
36692523
36569836
36224472
37791760
35745029
35475715
37514777
38100328
37087564
37811214
37603003
38103376
37924890
37130087
37952675
37474951
37651920
37994500
37191523
37432161
37566920
38635487
36804347
36906861
38049028
37222773
36233606
35894333
35394733
34174782
36535536
35752457
35647652
35892572
36905208
35561389
35899020
35196230
34451040
35379028
34975704
34476156
34172448
34170199
7510270
7593738
7714741
7588553
7676864
7662197
7725128
7753049
7784431
7749180
7801663
7757315
7798738
7831548
7830779
7788279
8054419
7847840
7932400
7799532
7898798
7919465
7919582
7894424
7892395
7816046
7826997
7810096
7882364
7604381
7913267
7924789
7821360
7881743
7979011
7886529
7960248
7938795
7982928
8002083
7982282
7867707
7914540
8079315
8032802
7998349
8060907
7931751
8043370
7971665
7912129
7978049
8080253
8026640
7931691
8087920
8003795
8068072
7964710
8035580
8182934
7979332
7985720
8034985
7977028
7999484
8091887
8114712
7955229
8013301
7895164
8019066
7986865
7951486
8039181
7974454
7906866
7842805
8083021
8009744
8025148
7977807
8030559
8127757
8104595
8206347
8014134
7994487
7975204
8062117
7962067
7899755
8019044
7961640
7989961
7999828
7940557
7912950
7958727
8104833
7992429
8033217
7992729
7987691
7999007
8036173
8049080
7955205
8094093
8001086
7953940
8035691
7949642
8110156
8011885
7900486
7909021
8031690
8042192
7973488
8170740
7992099
8037392
8084164
7847316
8039184
7985452
7965995
7855578
8134255
7959692
8091519
7884797
8164808
8024891
8006287
8099102
8010567
7993153
8064032
7996221
7965500
7955656
7985533
8097811
8001151
8050397
7933964
7824339
7931716
8072054
7890383
7986646
7950159
7961826
7992667
7966536
7854347
7940401
7866305
7976143
7843126
7886223
7878360
8007234
7974456
8095817
7952097
8155965
8008076
7981413
8108327
8066494
8102232
8071781
8036792
7990945
8114044
8059829
8402157
8122519
8140563
7928758
7943556
8153164
8169056
7916573
7978190
8069384
7770769
7978860
7866053
7837792
7951549
7880554
7879722
7971196
8107089
8046049
6623897
7729154
7598227
5492516
7857166
7909192
7963576
7989824
7832040
8092910
7939191
7986544
8217302
7960864
7972386
8048561
7901251
8136255
7962906
7880721
7813614
7927236
7799203
7857084
7804767
7765598
7894463
7882672
7814936
7800180
7980456
7869066
7856624
7830260
7729271
7861538
7818604
7759868
7905464
7728695
7478980
7441664
7386711
7601055
7738549
7794720
7746410
7686292
7806562
7740865
7723349
7312624
7580186
7733131
7526285
7562798
7535369
