34922385
34734149
34163258
35758648
35480724
35742378
34607042
34935159
35587666
35873270
34649755
35162992
35231966
36031308
35425887
35840740
37498658
35714110
35800829
35616254
35284629
35680546
34896611
36567232
36401575
37063161
36077918
37556947
36184408
36623388
37137757
36605751
37433562
36746595
35561599
36249708
35754485
37132311
36287416
35980414
35399633
36758191
37079062
35253883
35750042
35784066
35378076
36296545
35507021
36099017
36171301
36390077
35833220
36571365
35852049
36577519
36081804
35442453
35595480
35255934
35732651
35992608
35943658
35531281
35654769
35202005
34401626
35679104
34943618
35184210
34934670
34782180
34456331
35447354
37163052
35123145
34861918
34475144
35112066
36347481
35909641
36211111
35774882
35277633
35493071
36946635
36611401
36876577
36486837
36223644
36048778
37938731
37241571
36265103
36520117
36663805
37271145
36940930
36310038
35702750
36450197
36813143
36026415
36313939
36041927
35406509
35886438
35703597
34550116
35582826
34808190
35236271
35909634
35001194
34474777
35647295
35874720
34716198
36163428
35470072
36092277
35020634
34542201
36211900
35514174
34419144
35047039
35999788
36587072
33644370
34499970
34401967
35883908
34604784
34004706
34724389
33843832
33939456
35446030
33552098
33389490
34581017
34448681
33517505
33601544
34305531
34164127
34449285
32315429
33895038
33502109
34311494
33521755
33724680
33396890
33518731
33948886
34550763
34710705
34641823
34390546
35049941
34256703
34426103
34665138
34400189
33648612
34825936
33643730
33774860
33790580
33776741
32704369
33657150
33713447
33757984
34432629
33813290
33295317
36224751
33987831
34253258
33919122
35030774
34154126
34732175
34664247
34117287
33811200
32035983
34491936
34950067
34181909
34375872
34273847
35323509
34532822
34911588
34450957
27547517
32774900
31780287
21937866
35596453
35327222
34650964
35128736
36361131
35460842
35293166
35834160
36693402
35282726
35170246
34833814
36391582
34366621
34025252
36129713
36697530
35690041
36426088
36228493
36716063
36548122
35744450
36600318
36123997
36298107
36669743
35831392
36086019
36199178
37271908
35474545
35552179
36704775
35915931
34921193
34562486
34103098
32895271
35261013
34447216
34308722
34546384
35582411
34235995
34542603
33855268
33150536
34045271
33672394
33177996
32843848
32874684
7484770
7569491
7687934
7570202
7659541
7643904
7703340
7730015
7766574
7738837
7776124
7737144
7778654
7819397
7813792
7769679
8072140
7826427
7923712
7780950
7878512
7902661
7896951
7883880
7880212
7806194
7805986
7801394
7868227
7590289
7905267
7909964
7814746
7875358
7957952
7869987
7944494
7935026
7970554
7983520
7961291
7855268
7901009
8063667
8015179
7984236
8048027
7916530
8023355
7956950
7900135
7964027
8069586
8014385
7917024
8085297
7994165
8047666
7948982
8013432
8175808
7966086
7967404
8010830
7958921
7981703
8071518
8107722
7926668
7991885
7872348
8001983
7964458
7927431
8044625
7953079
7887184
7819395
8060796
7997107
8010109
7962917
8012350
8106477
8086385
8204196
8005421
7985696
7953459
8046230
7945782
7893962
8016356
7946154
7974703
7990494
7932459
7906007
7944935
8086628
7980285
8028264
7977727
7975957
7987628
8014752
8035358
7936652
8074680
7982880
7931957
8016084
7932474
8087242
7982996
7878877
7893455
8005977
8030682
7953631
8171189
7974646
8013098
8081493
7828088
8015455
7961175
7953143
7842170
8109809
7935422
8067547
7866859
8153347
7992259
7976357
8069837
7983909
7971931
8031827
7964567
7938738
7926885
7953843
8066691
7972946
8021508
7910375
7785828
7904539
8040282
7863212
7956138
7920304
7928304
7959980
7941583
7831762
7913124
7837248
7954988
7822922
7869631
7853122
7979521
7943829
8058906
7926811
8124692
7976182
7948043
8082614
8034276
8073959
8039337
8002485
7967334
8083128
8031112
8409959
8091214
8116380
7891895
7921730
8133791
8155587
7890001
7951332
8038804
7727288
7956180
7844739
7824149
7923611
7855130
7865659
7948574
8102290
8020593
6567895
7693700
7559044
5415439
7839559
7888086
7943421
7968752
7818728
8080567
7915190
7969756
8225892
7942109
7956948
8026911
7886320
8114836
7932732
7865187
7799964
7907987
7785916
7841595
7792217
7750122
7872547
7869361
7804841
7789465
7978379
7854931
7845895
7817007
7719434
7846506
7803176
7750460
7898149
7711258
7455624
7413765
7362638
7589060
7718176
7768277
7724722
7672645
7785092
7720367
7691804
7283008
7556234
7708837
7499412
7530843
7503727
