34851690
34649723
34104807
35667870
35410089
35648713
34510928
34866235
35506749
35779282
34573824
35093860
35145405
35919272
35366492
35741338
37393787
35635969
35710137
35525625
35202122
35598655
34822230
36501009
36304386
36979188
36000575
37471331
36123397
36540412
37039758
36529449
37349756
36662609
35493141
36169835
35659731
37050487
36221545
35923401
35337323
36702775
37001140
35168258
35671557
35690893
35314122
36216168
35435105
36023345
36103073
36325105
35737039
36516987
35782922
36497428
35992444
35384969
35495525
35183434
35654972
35910871
35867437
35453741
35574364
35135760
34316110
35605598
34864931
35122659
34852109
34696270
34366198
35385878
37072123
35042755
34808505
34379097
35042600
36266890
35844014
36134228
35707608
35200309
35378795
36878665
36533980
36796387
36430693
36104743
35970519
37843344
37150557
36188580
36452136
36585896
37195132
36875920
36205395
35630170
36355284
36706537
35945541
36228298
35939997
35330420
35805420
35647523
34460035
35483556
34730245
35142788
35831775
34935602
34384969
35570348
35800100
34627460
36084167
35407737
36002674
34931881
34461397
36120762
35437811
34344243
34967590
35905599
36523429
33563762
34401856
34318470
35797340
34535521
33925277
34640848
33764093
33857745
35354653
33489332
33310907
34519975
34346919
33448174
33510805
34229359
34082930
34390047
32223064
33816301
33421908
34227451
33433356
33636924
33315288
33435130
33849019
34477482
34643478
34570023
34300825
34966958
34180794
34362186
34606375
34310065
33563726
34748208
33563816
33682722
33700157
33659097
32604446
33574099
33644525
33706100
34376673
33741248
33209179
36127057
33887650
34186721
33837061
34955657
34054487
34649902
34606545
34039282
33728007
31975126
34415751
34879650
34094582
34289747
34181090
35227290
34449614
34830617
34375011
27472344
32686468
31721968
21889125
35512886
35250535
34574505
35067256
36280228
35366915
35227002
35766986
36604202
35216686
35119600
34763529
36323078
34311090
33946470
36064291
36645234
35637911
36338221
36134643
36654176
36480204
35665251
36505358
36042666
36204368
36575787
35738144
36004673
36139428
37181358
35392625
35476025
36616241
35862234
34834786
34487252
34041497
32829734
35182585
34374048
34251344
34456631
35508953
34139536
34480260
33786501
33067062
33956818
33592690
33097358
32789245
32794853
7479652
7565099
7690784
7565456
7658631
7639869
7694525
7727576
7761208
7734596
7772136
7733718
7775779
7810421
7811789
7763697
8067290
7825720
7920568
7776744
7875533
7901078
7894826
7883903
7876728
7803217
7806970
7796433
7867199
7582456
7903187
7907499
7814494
7872440
7956121
7867777
7939188
7931445
7969669
7983017
7962427
7856313
7897991
8062632
8011246
7977169
8046846
7912980
8018659
7957036
7896169
7963556
8064056
8018107
7916620
8081423
7992204
8048211
7944115
8013682
8172551
7964883
7963265
8011844
7955604
7979470
8068811
8106591
7923981
7988730
7866016
7998113
7961836
7927872
8041255
7951670
7891221
7815040
8059457
7992794
8011120
7963040
8013182
8101574
8080269
8204878
8003741
7984371
7956835
8041950
7943202
7886641
8012150
7946055
7975804
7987205
7931171
7903966
7940083
8085766
7976685
8021160
7973072
7972929
7981660
8015249
8032622
7940430
8070784
7977025
7929652
8012520
7930849
8089873
7980445
7877184
7892451
8003915
8029242
7952335
8164933
7971683
8011554
8077198
7827399
8014276
7962590
7949863
7846001
8104455
7928727
8064341
7867833
8153691
7991502
7974230
8068875
7980914
7966718
8028125
7962365
7940076
7922474
7953916
8063459
7967803
8020020
7913057
7781084
7898944
8034481
7860319
7950824
7916054
7925758
7954990
7932427
7828930
7913750
7834913
7951316
7816852
7866026
7851735
7976697
7938901
8057217
7922174
8120395
7970088
7942393
8076765
8026757
8068318
8035383
8006212
7967277
8082690
8026338
8409732
8088612
8114684
7891446
7920457
8125773
8155513
7889866
7949551
8035538
7727694
7953973
7842397
7817224
7920102
7847259
7860099
7944484
8098988
8017573
6560966
7687623
7558862
5412895
7837382
7885780
7940771
7966739
7814412
8076159
7918333
7969082
8222254
7941755
7954899
8027623
7885776
8115737
7930170
7863741
7798613
7906180
7784640
7838501
7791746
7747495
7870336
7863359
7801777
7788344
7970302
7848800
7845024
7817141
7719037
7847113
7800440
7748224
7895863
7709415
7451361
7412193
7359656
7586842
7718181
7766402
7722496
7669514
7779330
7720164
7691262
7275621
7548140
7704542
7493933
7530448
7499764
