34840586
34648815
34078151
35670094
35423072
35654951
34517373
34848930
35499646
35757104
34564118
35072601
35133679
35917903
35345403
35747531
37377055
35621719
35693236
35507852
35180818
35599540
34809592
36453444
36315667
36962023
35984811
37459036
36093933
36522061
37016733
36520816
37342444
36656194
35483789
36149101
35642931
37041395
36191062
35899851
35319180
36694915
36994126
35169872
35681115
35676768
35286572
36208390
35416200
36014704
36070710
36291159
35739045
36477999
35749126
36478775
35989081
35355770
35506648
35171313
35632239
35882777
35850609
35430527
35557683
35103140
34291846
35573700
34841075
35095408
34820488
34692270
34333189
35359503
37051181
35041057
34790760
34371110
35010171
36251706
35813874
36126817
35685023
35194229
35382852
36850984
36510794
36772392
36414035
36100995
35968361
37843726
37158127
36154991
36436309
36584657
37165597
36838245
36207039
35607188
36364085
36713681
35929378
36213653
35936600
35290953
35773233
35624770
34415146
35473805
34689281
35135539
35814068
34908240
34347998
35564662
35782094
34607292
36073963
35377614
35979002
34907815
34441782
36101566
35416558
34305645
34939480
35888683
36497501
33564085
34395217
34301147
35781830
34513925
33917379
34630476
33759167
33833515
35341076
33464158
33289789
34501496
34338244
33419365
33490145
34212860
34085282
34362040
32215060
33794495
33397873
34213149
33424574
33620689
33277423
33396097
33837309
34455970
34628635
34544229
34278353
34949167
34170498
34329767
34586375
34284130
33548767
34731147
33542399
33678026
33699723
33637026
32582639
33552092
33631192
33664454
34344411
33692170
33170730
36114401
33878691
34158692
33829789
34924883
34037903
34633146
34577357
34041664
33694066
31947045
34402253
34866600
34082288
34264694
34164379
35202488
34435813
34799380
34359344
27432949
32676409
31700682
21881954
35466190
35230666
34543166
35030248
36270611
35329188
35195636
35744196
36590422
35187259
35078890
34734300
36303519
34270214
33928924
36037074
36627481
35602899
36341929
36129951
36640420
36458833
35646926
36519046
36012236
36193997
36549346
35719676
35973273
36122659
37187502
35377704
35467744
36593939
35838611
34828534
34456545
34022748
32820910
35176845
34376364
34222691
34455539
35488056
34142717
34443176
33778533
33044310
33952295
33583070
33084448
32777533
32800542
7489792
7573983
7696215
7574531
7669039
7650290
7709025
7736445
7769229
7741728
7782998
7740566
7782063
7822662
7817876
7774145
8073103
7832401
7927766
7783123
7882171
7911199
7903940
7889480
7885301
7809907
7812702
7806836
7873726
7592232
7909576
7919173
7822639
7882062
7965247
7878582
7948097
7938496
7975521
7993591
7972251
7864785
7908950
8073937
8021897
7987608
8054635
7926061
8026976
7964483
7901686
7969769
8074643
8022152
7920850
8087746
8000634
8055044
7957150
8019937
8180401
7971731
7973701
8016764
7964599
7985348
8074549
8111586
7931052
7997431
7874720
8008856
7968215
7935666
8048884
7960118
7898393
7825602
8066438
8000735
8018261
7972381
8020415
8115800
8089696
8209682
8007554
7991785
7967669
8050692
7952237
7900495
8023934
7949430
7985422
7998023
7939910
7912602
7951036
8091571
7986868
8030075
7980415
7980379
7993559
8021934
8037872
7946214
8072922
7985433
7932786
8022905
7936945
8094224
7985269
7886745
7901355
8010300
8039299
7959606
8175661
7980590
8019490
8087884
7836672
8019140
7965555
7954797
7850691
8117192
7937129
8072739
7871742
8162286
7999139
7984407
8077857
7990099
7976603
8039487
7965930
7944721
7931270
7959886
8072569
7978404
8030589
7917294
7790637
7908145
8043129
7867057
7960823
7922330
7927742
7960094
7943070
7836527
7921663
7839403
7959756
7824864
7876152
7855492
7984053
7946824
8064459
7932258
8125174
7979345
7950603
8081889
8035619
8074921
8046014
8007599
7973511
8087067
8031556
8415422
8097433
8122510
7897118
7924367
8138036
8161448
7896816
7958135
8040646
7736448
7962309
7852579
7825997
7928029
7855023
7865706
7952113
8102738
8024058
6564593
7697832
7568313
5419325
7843205
7894929
7949186
7971693
7823598
8077646
7923761
7976301
8231632
7945600
7960190
8033553
7891174
8119823
7939912
7869245
7807995
7912333
7794678
7848337
7799888
7757121
7878413
7879048
7805591
7792076
7975719
7860032
7848341
7822847
7728237
7852285
7809557
7752008
7904670
7718423
7460887
7419900
7366495
7593180
7729328
7771967
7732360
7676386
7789179
7723999
7698955
7281578
7557052
7714113
7499152
7537420
7510492
