34780058
34565680
33997307
35618940
35345399
35578623
34445647
34792206
35431055
35689911
34492655
35010348
35051960
35856362
35265771
35695990
37319863
35570129
35647867
35451283
35121276
35539651
34732301
36398316
36225984
36903009
35940510
37403831
36049555
36469434
36949685
36448201
37253070
36599549
35415750
36085510
35592779
36982427
36136628
35833193
35253256
36629827
36923586
35103264
35604300
35621070
35219554
36141444
35357909
35950020
36015066
36230680
35667725
36419573
35684086
36413103
35899216
35275073
35428203
35105187
35563711
35838100
35796656
35371043
35496798
35037977
34209837
35515797
34796898
35015242
34754344
34630200
34292074
35299132
37005400
34956536
34723303
34311837
34961953
36184842
35752499
36041225
35614311
35128241
35330637
36792635
36438221
36716363
36341872
36042587
35906648
37779004
37099109
36090027
36339861
36502551
37101514
36791048
36141408
35548535
36276064
36633729
35862213
36140685
35870703
35233616
35723856
35540717
34356875
35404998
34641822
35060199
35733681
34856802
34318477
35507416
35721686
34540343
36016029
35318306
35930549
34838157
34358563
36058807
35338594
34261344
34849921
35827768
36397887
33477174
34344466
34216258
35711634
34452359
33846493
34546468
33699675
33765710
35259860
33390755
33225679
34430647
34276960
33351978
33420137
34154840
34001326
34283706
32142140
33711211
33329639
34153779
33341727
33546553
33210866
33343258
33789413
34402338
34549285
34473339
34222306
34881791
34087699
34263333
34525402
34224992
33496366
34663795
33488863
33590957
33621053
33561834
32531459
33492861
33566211
33596600
34281709
33647428
33123189
36060156
33801188
34087634
33780618
34856763
33956007
34575144
34488446
33969145
33645869
31883521
34347232
34796938
34023787
34203126
34101772
35171032
34354563
34743673
34306865
27395158
32617210
31613656
21823665
35432244
35159554
34483970
34973407
36183808
35285073
35146546
35681601
36530178
35103481
35026519
34693679
36240605
34212844
33858256
35960927
36580003
35553594
36267172
36041287
36576655
36406398
35577583
36439945
35927447
36134581
36509378
35655979
35935015
36030262
37101172
35310463
35394172
36529441
35781757
34767659
34389768
33964371
32730527
35087164
34284793
34179449
34384003
35422422
34064574
34387959
33724795
32979151
33900752
33509699
33022660
32715254
32737279
7487174
7570234
7693009
7575122
7666190
7645267
7703439
7736753
7768567
7737408
7778778
7738422
7779259
7821817
7817121
7775578
8077207
7833924
7926413
7781729
7877562
7909845
7900184
7886375
7882636
7808809
7815828
7805978
7876779
7593045
7907424
7916019
7818309
7878895
7963282
7874904
7948545
7942179
7976222
7988174
7969339
7863754
7908216
8068073
8020601
7989569
8052147
7920097
8030153
7966453
7904276
7968647
8074333
8023333
7920802
8088976
7996444
8052308
7956210
8019011
8177243
7969976
7973269
8013968
7963147
7984362
8071609
8113495
7931367
7993565
7871162
8009620
7970784
7931993
8050059
7957902
7895180
7822651
8067348
8001471
8015331
7969389
8017844
8115688
8090376
8211893
8005998
7992140
7965099
8052906
7952009
7897366
8024623
7948563
7979518
7991590
7937262
7909632
7951326
8091825
7982760
8026007
7980213
7977695
7989958
8020366
8041627
7941385
8073342
7979789
7934939
8019458
7934660
8097307
7989836
7887881
7899030
8011631
8037631
7959640
8175528
7976464
8013084
8088544
7831475
8022295
7961969
7955708
7842851
8109914
7938270
8067168
7870609
8158973
7995582
7981189
8073974
7984684
7973015
8033384
7965509
7942684
7930722
7955738
8068280
7977692
8026302
7913363
7786306
7900603
8038988
7865132
7956244
7922588
7926438
7959459
7944079
7838753
7917742
7837714
7959268
7825090
7869959
7854343
7984022
7943405
8064474
7927070
8125488
7975486
7950925
8077407
8036642
8074046
8044002
8006257
7971087
8089146
8030515
8417899
8094902
8119942
7897571
7923280
8130397
8162935
7892335
7954472
8039453
7730889
7962501
7849193
7826650
7927817
7853536
7870937
7944839
8105251
8026656
6563223
7691964
7557756
5412454
7845956
7890259
7946390
7969044
7818800
8080086
7923653
7974868
8232938
7941797
7959160
8032824
7890466
8118013
7936793
7870667
7809847
7911629
7791745
7844636
7798285
7758384
7876387
7873167
7804017
7793218
7977730
7857271
7853680
7818091
7721317
7848058
7807473
7751857
7902275
7717296
7452069
7416850
7359394
7588179
7722901
7775549
7726395
7673658
7782802
7724390
7697587
7280386
7555569
7707496
7498825
7534531
7507091
