34726535
34544157
33982930
35562613
35300981
35544951
34396588
34750719
35388530
35657360
34460450
34982423
35043009
35824369
35250658
35639784
37282544
35526747
35613473
35436378
35074656
35499234
34697384
36361645
36192451
36865582
35913424
37352966
36016415
36425982
36912057
36399254
37212230
36559938
35382180
36046860
35529130
36931123
36085407
35793178
35221035
36590665
36878908
35047884
35572928
35562900
35161113
36107068
35327592
35905779
35993059
36178004
35615250
36368403
35653727
36367293
35875224
35258374
35398957
35081221
35535939
35779476
35746170
35337203
35458836
34984486
34189954
35477535
34750111
34996518
34729921
34577552
34243539
35247149
36953642
34921484
34675734
34264319
34915384
36153482
35697579
36002892
35578617
35083994
35282204
36756254
36406288
36671939
36297689
35988940
35857853
37739994
37068406
36058581
36323165
36473151
37051535
36759884
36099074
35510064
36242305
36596154
35831402
36118142
35811246
35192955
35668817
35525335
34318929
35387898
34595034
35011833
35709098
34806821
34267135
35455579
35666882
34496740
35978820
35283418
35891133
34797953
34328687
36021422
35292416
34223098
34833887
35791225
36371617
33427258
34284059
34191843
35649715
34420815
33806222
34504594
33653965
33733205
35226911
33352197
33199098
34398980
34231050
33308455
33394989
34112340
33964956
34251265
32096989
33678921
33289725
34095188
33314579
33518978
33179704
33304712
33750449
34340706
34507551
34430451
34156644
34834474
34058299
34243843
34477159
34198166
33428820
34612795
33440389
33542763
33568281
33538833
32463418
33439828
33517538
33559610
34245394
33611200
33071106
36025883
33769739
34066804
33718930
34835168
33929119
34528584
34472338
33928484
33596015
31841736
34287556
34755110
34005261
34173643
34068455
35103568
34302948
34689129
34256680
27356955
32585186
31594494
21798010
35374658
35121434
34435894
34928388
36147132
35236670
35083969
35649918
36478082
35075967
34974952
34644662
36200591
34176160
33815146
35930807
36512643
35503459
36218419
36008956
36538537
36332927
35555946
36406473
35899246
36091146
36473928
35634074
35900148
36003036
37078543
35276054
35359898
36479217
35736188
34714492
34357620
33923773
32721084
35059484
34262899
34151693
34340560
35383172
34023466
34355451
33683095
32946843
33835040
33479181
32997989
32682015
32702759
7486978
7572084
7696603
7573059
7662283
7648506
7701153
7735348
7769877
7739815
7781686
7742596
7785452
7824459
7821118
7773766
8074400
7832429
7932096
7790068
7879009
7910102
7899659
7886585
7883504
7810786
7819019
7808376
7875547
7592510
7908887
7916973
7818983
7883392
7966653
7873690
7947532
7942767
7974674
7991056
7971335
7863259
7904959
8067619
8025455
7986628
8052039
7924579
8028597
7964251
7906143
7966056
8074632
8021340
7924922
8089360
8000329
8056921
7955897
8022706
8179989
7969779
7973391
8017145
7963406
7985736
8075276
8115228
7931138
8000450
7872703
8007820
7968454
7933911
8053633
7960596
7893314
7821983
8063271
8001654
8014893
7969782
8016791
8114183
8089872
8214207
8009020
7993272
7962735
8050196
7949774
7900996
8026719
7951859
7980829
7995696
7938013
7914367
7950144
8095287
7987817
8030304
7980586
7981086
7989544
8021001
8040328
7946831
8076612
7989336
7934692
8016393
7937925
8096210
7990519
7886634
7900523
8009902
8040703
7959679
8176138
7980240
8018574
8090847
7829458
8023043
7965754
7955627
7845162
8110846
7935259
8073844
7870240
8162291
7994170
7980670
8074957
7990577
7975972
8034961
7968011
7946010
7930189
7957709
8070105
7979557
8026595
7914915
7786124
7902791
8043000
7861798
7956297
7924577
7926934
7959748
7946100
7835167
7918405
7837662
7956523
7823817
7874948
7859110
7983733
7945845
8061762
7928897
8124931
7974536
7948691
8083953
8032334
8074410
8040936
8007983
7973052
8091569
8031386
8419635
8094201
8124412
7897539
7926624
8135422
8160099
7896459
7954914
8038781
7730323
7959867
7848994
7830839
7929296
7851931
7869214
7947565
8103086
8023624
6563157
7695578
7562054
5412594
7845959
7892585
7944760
7972580
7820672
8080303
7922359
7980353
8231741
7947703
7957803
8032733
7889939
8117809
7939328
7871800
7805126
7914070
7791521
7846803
7800970
7751633
7880577
7876932
7806182
7796142
7978652
7858945
7853983
7820165
7726931
7852890
7812146
7753585
7904212
7716485
7457224
7417043
7363372
7591780
7725385
7775782
7727514
7674114
7786231
7724495
7697844
7280938
7553301
7709135
7501262
7535492
7508825
