34665350
34455833
33881020
35485633
35221743
35482383
34315443
34661076
35319200
35584369
34385753
34880958
34948979
35716054
35138602
35547545
37214502
35447026
35529373
35330532
35004227
35406574
34603326
36282777
36102394
36780801
35811151
37279384
35928645
36340929
36838532
36319200
37130307
36461563
35286764
35968549
35476483
36849595
36033433
35720605
35117671
36489820
36795815
34975356
35484393
35489009
35090905
36031094
35231459
35832293
35914873
36095721
35540823
36302558
35552267
36310029
35784672
35177990
35301108
34999291
35451526
35695901
35653996
35226715
35359069
34916350
34107426
35395728
34641725
34890429
34621261
34501368
34145867
35178230
36884850
34829676
34592989
34192793
34826146
36036714
35628840
35915567
35482587
35000507
35178087
36673273
36334472
36593962
36212230
35909666
35767872
37660992
36971321
35998224
36234107
36386976
36961953
36654601
36013420
35424177
36155487
36509143
35739728
36014958
35739666
35127334
35591300
35424447
34229505
35280499
34492808
34930458
35613824
34714133
34175151
35369582
35576588
34401705
35883660
35194757
35790695
34698535
34259477
35907739
35206716
34135973
34750381
35712359
36294401
33327650
34197684
34110835
35572891
34316329
33722616
34414057
33573287
33650071
35138746
33258982
33086203
34309444
34138208
33232538
33304878
34018511
33877677
34187132
32007530
33597680
33213631
34016627
33222933
33436356
33081243
33204779
33658142
34252156
34417393
34335672
34092021
34741323
33981260
34161310
34387796
34108517
33357777
34523210
33368580
33458963
33494374
33444595
32399114
33350629
33440420
33484027
34144550
33511472
32990382
35945255
33682253
33972247
33638263
34748145
33850124
34454494
34375714
33859363
33508190
31755762
34201589
34673374
33915510
34085776
33992175
35011170
34237069
34628488
34181408
27286414
32470977
31511716
21746755
35266481
35015154
34340802
34843477
36059092
35150339
35006311
35555686
36397721
34985360
34878857
34571199
36115585
34085289
33725691
35868917
36425020
35386291
36153788
35939947
36453163
36261223
35460349
36315981
35801044
36007675
36367617
35553699
35806205
35934699
36993497
35209033
35275822
36416138
35641829
34637131
34256405
33851745
32632456
34979532
34162776
34046851
34240864
35309199
33947030
34275704
33587412
32871596
33747261
33386342
32917053
32584341
32603341
7489244
7573342
7696733
7577007
7666901
7649969
7705854
7736071
7774470
7744122
7783486
7743888
7786444
7820535
7818393
7775515
8081726
7836018
7932324
7787439
7884859
7912511
7903411
7890735
7887129
7814616
7819849
7811442
7879956
7593402
7913450
7919633
7821535
7880348
7966320
7880737
7954935
7943988
7982910
7996462
7971952
7865836
7908765
8071827
8026420
7993019
8056569
7932591
8032923
7970043
7913843
7974330
8076947
8030406
7924245
8097613
8003181
8057955
7958241
8024605
8184833
7974114
7973774
8014752
7964016
7989828
8077009
8119029
7932479
8000515
7873287
8009879
7969520
7939312
8054619
7960805
7897313
7824428
8067960
8004052
8020931
7970620
8020457
8116485
8090365
8222133
8016319
7996726
7967384
8053065
7951081
7905163
8027236
7959087
7985609
7999820
7938468
7914580
7953472
8099148
7988229
8031132
7985597
7981123
7994719
8026897
8043359
7946142
8076242
7985438
7936916
8025744
7940816
8097570
7990951
7890838
7902374
8013324
8044069
7962055
8180771
7980876
8022356
8087162
7836594
8022656
7967311
7962920
7850899
8111418
7941567
8076970
7871102
8160842
7998152
7983805
8078030
7991722
7977355
8038036
7967443
7946740
7930375
7958989
8071485
7979071
8030934
7922771
7787438
7907709
8046480
7868852
7957829
7926701
7929927
7960598
7948511
7838250
7920413
7839781
7963665
7826051
7876059
7863084
7988484
7948934
8065862
7930513
8131268
7978447
7951404
8084428
8037494
8077219
8044552
8012958
7974803
8090393
8036929
8422942
8100146
8127023
7898053
7928407
8137143
8166258
7896219
7960822
8043249
7732292
7962156
7852070
7831019
7933682
7857605
7869451
7952883
8108087
8029091
6563979
7691103
7562848
5413152
7841023
7895301
7947797
7974160
7824809
8084086
7924271
7979349
8235105
7951833
7957730
8037706
7895046
8122169
7937791
7878135
7807855
7908072
7797712
7853259
7802218
7759461
7881721
7879740
7807678
7793237
7980108
7862837
7853915
7826539
7732334
7857129
7811075
7758052
7908233
7720073
7455549
7419407
7365127
7597730
7724309
7777031
7726866
7678120
7788427
7730498
7698339
7283356
7552433
7712888
7502929
7532793
7507270
