34537126
34340408
33795977
35343401
35093580
35349110
34185624
34545038
35176862
35447213
34259512
34770759
34828871
35622732
35029125
35419948
37113671
35333415
35413007
35231658
34880931
35283593
34501428
36159269
35983929
36665729
35668640
37131448
35798757
36230567
36729292
36199582
37026733
36357830
35172891
35831983
35333371
36724011
35872230
35589686
35027906
36367011
36692787
34837520
35366039
35380511
34965380
35904810
35111043
35699509
35772007
35981288
35420760
36191822
35446182
36181620
35677054
35060338
35180795
34873035
35322759
35585024
35537298
35126353
35231841
34798157
33975668
35274345
34529607
34782414
34521088
34387491
34032637
35044164
36737817
34714330
34480837
34053190
34705960
35922868
35497857
35801820
35362417
34873337
35075148
36544179
36205326
36454772
36073894
35791713
35663034
37529786
36837887
35837393
36121581
36265667
36854858
36513289
35874947
35288338
36033815
36362563
35614119
35888553
35605431
34980477
35455702
35305393
34110448
35155293
34388272
34805366
35482183
34587277
34052090
35257388
35464215
34278006
35750224
35058169
35683365
34585103
34102354
35816437
35103869
33994869
34634498
35591788
36159066
33209829
34081895
33968822
35441730
34205844
33588305
34289053
33454433
33523027
35024283
33143998
32973134
34178202
34039086
33102361
33174806
33887422
33760534
34057811
31899286
33473793
33090193
33913821
33098465
33302973
32965614
33079220
33512683
34138189
34308093
34220131
33962179
34628241
33870554
34011041
34265331
33979008
33246359
34416920
33225327
33351399
33367907
33320545
32271191
33236417
33310852
33354315
34029336
33394681
32865126
35814060
33549343
33829582
33513876
34616854
33732607
34329579
34282660
33728185
33385619
31650743
34079538
34547660
33796272
33951532
33852951
34910166
34105073
34496438
34063208
27191718
32371494
31358994
21644867
35155468
34935879
34214351
34701799
35944081
35011345
34871575
35412219
36287454
34864214
34765722
34448268
35995835
33975461
33590901
35702302
36307433
35296071
36013030
35820487
36338981
36126129
35344331
36195704
35693154
35888049
36263819
35421340
35681685
35803857
36848064
35091612
35164800
36294991
35537250
34495942
34151679
33717615
32507930
34854164
34054310
33925185
34137757
35190949
33813593
34151115
33483515
32770294
33643029
33281887
32801138
32496367
32482885
7479496
7565307
7690858
7561889
7661139
7643648
7694493
7726519
7764786
7733282
7772843
7734914
7777725
7817008
7813666
7767845
8077534
7830530
7924880
7784048
7878698
7902446
7896796
7885586
7879474
7809057
7808994
7800472
7868309
7588265
7909766
7913735
7817598
7878411
7960345
7870224
7942015
7937445
7970473
7989850
7968727
7858346
7906620
8063878
8022142
7987902
8049936
7924833
8024905
7961959
7897848
7967983
8071649
8020465
7919302
8087770
7995791
8054251
7953718
8019237
8177650
7966855
7968636
8012609
7957079
7982395
8066897
8108818
7925278
7995403
7868024
8005050
7963811
7929334
8048864
7954620
7892090
7815975
8060546
7998244
8012182
7967016
8015012
8108656
8085531
8212846
8005038
7987205
7957413
8046924
7946517
7896887
8023052
7946896
7979730
7994419
7935410
7903657
7943534
8088351
7982694
8022412
7973066
7975359
7988567
8018548
8034137
7939171
8071057
7978461
7927887
8018608
7930689
8089360
7983524
7883848
7896402
8005147
8030254
7953748
8173361
7976892
8009256
8087638
7831553
8013170
7963238
7953394
7842885
8104620
7930732
8064628
7863042
8154479
7989839
7974857
8069877
7981317
7970265
8030698
7958918
7936739
7926277
7950910
8064069
7971581
8022518
7914043
7779030
7896899
8036520
7860576
7953258
7916588
7920451
7951304
7935226
7828651
7913458
7833362
7951481
7819066
7871566
7848370
7978637
7939986
8058814
7926169
8119745
7970807
7943500
8077181
8029075
8068801
8033132
8004173
7964790
8080682
8026797
8417071
8089048
8114358
7891479
7922089
8132648
8160179
7890972
7949684
8034490
7723869
7951753
7844363
7822909
7920254
7844268
7862594
7945022
8098889
8019863
6556061
7687206
7544626
5402182
7840726
7890885
7939190
7963974
7819417
8074574
7916041
7968863
8232558
7940979
7953495
8029514
7888205
8115103
7928346
7865864
7802809
7907036
7786854
7848010
7798512
7749070
7873519
7871440
7802216
7790841
7975431
7857432
7848063
7818822
7722343
7849914
7804875
7750259
7902215
7706332
7452723
7410341
7354311
7587152
7720740
7768120
7721760
7668735
7775858
7719424
7691725
7275758
7548322
7703342
7493379
7529188
7501106
