34509967
34301549
33730267
35307641
35049314
35314955
34162173
34503641
35141887
35419666
34226579
34738726
34794030
35567610
34978837
35382627
37048901
35277913
35354686
35169056
34829657
35236018
34440171
36108003
35945427
36616439
35611925
37093278
35766959
36183711
36674605
36143743
36965337
36303745
35125683
35806912
35275243
36685931
35830853
35532552
34957117
36326613
36622169
34778557
35295110
35314137
34909305
35827691
35073992
35650741
35735980
35926183
35405056
36132230
35389885
36142141
35613090
34995322
35119716
34797324
35281574
35533404
35490998
35064972
35190573
34743401
33924708
35223923
34482562
34722905
34464943
34328343
33964910
34999526
36718482
34673317
34416589
34019353
34653891
35891641
35450428
35751537
35329318
34820564
35037828
36510584
36163037
36406124
36042952
35747236
35606101
37476819
36774821
35778676
36067882
36198207
36795254
36504215
35832658
35238704
35987399
36318206
35583216
35832891
35565101
34953687
35405085
35240618
34063887
35101566
34335150
34759180
35444444
34556508
33987877
35196312
35413064
34220796
35699499
35013578
35627066
34526690
34071744
35769243
35043601
33954104
34553836
35535466
36116572
33162289
34012777
33932625
35401571
34153357
33536319
34252508
33415022
33482897
34955894
33077506
32908070
34133825
33978456
33067189
33129609
33841277
33707910
33993830
31836041
33408641
33017329
33857212
33027684
33243967
32923993
33049165
33470260
34081076
34249643
34178048
33931380
34566938
33808910
33963141
34228308
33934238
33184428
34375933
33179886
33287177
33303740
33260109
32209927
33179547
33259047
33298104
33972518
33331684
32820276
35782256
33505049
33792456
33452528
34570290
33689303
34255046
34221527
33682604
33351148
31593502
34028500
34512831
33750275
33919731
33829466
34869958
34059238
34462483
34016350
27118773
32321047
31323465
21612051
35117571
34862414
34171562
34675098
35912406
34974332
34827308
35369235
36238338
34813706
34708705
34380218
35941174
33898980
33561569
35674186
36261072
35242698
35961826
35774042
36266089
36102332
35300606
36135027
35644214
35845365
36208679
35381530
35614398
35759496
36813589
35023088
35101630
36230165
35476390
34459342
34127262
33673692
32466605
34815047
34011263
33898580
34088759
35133639
33793453
34100429
33429623
32720445
33583030
33233511
32759497
32431848
32433567
7486399
7572244
7691508
7570367
7664359
7648481
7701608
7733416
7768923
7740984
7781207
7742135
7786092
7822640
7817633
7771511
8082098
7835516
7929552
7785058
7879927
7908065
7899957
7889566
7884765
7812406
7809823
7806062
7875990
7591322
7914199
7917368
7821063
7882977
7965893
7877487
7943790
7944599
7977851
7989980
7969047
7868023
7907962
8066477
8020174
7989099
8051481
7923197
8030767
7964527
7904870
7971859
8082314
8024991
7920651
8094212
8002554
8056216
7953526
8017035
8180601
7973575
7969429
8013007
7961024
7985508
8069059
8114872
7930560
7997223
7872111
8005776
7964516
7933144
8055867
7958475
7893955
7824003
8064878
8004917
8018612
7970154
8016651
8113848
8093550
8217588
8013970
7990826
7964575
8053332
7949359
7901263
8022627
7949308
7984372
7994844
7941496
7914877
7948269
8091378
7988145
8027623
7980555
7977500
7994108
8024129
8035343
7944624
8074245
7984542
7933227
8022155
7937717
8095412
7984645
7886278
7899947
8007023
8035102
7955967
8178320
7975723
8011713
8092897
7833452
8020045
7961664
7959084
7847178
8108050
7932363
8071100
7871933
8157264
7993248
7982179
8074831
7984871
7970925
8027682
7959714
7943694
7927014
7960291
8064444
7974493
8030921
7915781
7781819
7899045
8036922
7864100
7951231
7920787
7924669
7959032
7937599
7832844
7916789
7839009
7960718
7821715
7872870
7852863
7985774
7945852
8061983
7932434
8122463
7972928
7944938
8078164
8031285
8069505
8035981
8006248
7971206
8085217
8031985
8422814
8093998
8121314
7891189
7925436
8136850
8158957
7894141
7954800
8039223
7730255
7956641
7851752
7827746
7925321
7852427
7869646
7944925
8107772
8026023
6551556
7692718
7552489
5400465
7843269
7890807
7943503
7972078
7824627
8081506
7922868
7973641
8237320
7946267
7956068
8028589
7889981
8116082
7939432
7869108
7808630
7910181
7794374
7847504
7797937
7755227
7879643
7871787
7803861
7794991
7979116
7860469
7850707
7819598
7724465
7848239
7808523
7753422
7902342
7712772
7455625
7413706
7358542
7591766
7723956
7774160
7723952
7670972
7783688
7720641
7692645
7281177
7547289
7707796
7497931
7528723
7502627
