34498825
34294417
33720923
35309589
35036081
35319710
34134508
34510644
35113050
35411410
34205540
34712779
34757676
35567434
34980576
35358343
37050486
35261218
35339002
35147774
34825022
35243119
34417898
36092718
35899341
36593080
35617182
37082356
35734882
36170655
36655187
36145035
36965701
36286025
35115406
35781029
35264342
36659553
35834282
35544444
34945153
36302491
36614492
34766920
35290730
35303826
34906402
35818994
35061842
35641132
35716360
35930341
35355252
36112267
35369496
36116982
35598057
34982970
35102555
34798351
35270264
35501901
35482738
35051190
35184545
34719191
33917326
35204016
34481768
34709095
34437209
34316361
33956252
34988389
36682223
34670811
34395413
33995831
34639012
35860792
35432504
35722685
35315758
34813512
35017436
36490485
36154378
36400393
36025038
35713966
35595099
37459847
36768635
35766387
36034970
36198873
36782223
36471892
35825971
35222693
35971256
36331602
35560968
35832305
35546042
34926746
35403116
35229281
34054016
35078787
34303010
34732303
35411655
34537140
33958719
35179766
35369758
34206674
35698108
34989183
35618910
34511549
34047819
35755799
35022068
33917539
34551099
35525974
36097389
33150404
34021297
33912528
35374204
34151106
33509892
34229378
33381123
33459300
34947621
33073385
32906176
34110262
33970387
33017210
33098834
33827295
33684757
33981330
31817820
33395954
33014337
33844164
33027620
33228452
32898448
33034824
33443125
34063312
34244056
34153485
33896817
34572466
33790143
33958528
34194603
33906018
33166562
34333121
33150380
33274320
33297447
33254356
32186891
33173261
33253471
33306160
33961985
33320438
32821611
35759578
33474393
33774664
33430848
34552533
33653279
34272950
34203324
33672740
33318863
31577567
34015271
34489435
33727355
33910003
33820089
34833701
34051374
34453650
33987665
27117327
32309631
31302864
21585624
35098235
34856102
34164484
34642906
35879760
34950230
34815813
35336478
36227327
34797966
34716657
34353753
35937555
33901887
33521978
35655406
36257495
35243525
35958167
35753188
36275773
36077633
35285953
36147661
35617910
35816798
36201183
35356882
35624708
35741598
36804723
34997248
35059777
36210338
35481248
34453166
34097118
33655685
32435518
34804927
34008946
33870480
34077814
35133301
33779872
34096821
33404730
32686533
33583436
33210111
32739787
32412655
32434349
7487090
7573876
7694912
7576051
7665739
7653847
7703398
7734836
7769281
7743153
7780917
7738768
7781815
7826370
7821953
7774791
8085975
7835905
7931343
7785712
7882888
7912879
7901436
7888118
7881094
7815816
7819527
7809449
7876647
7591140
7915837
7919586
7825985
7882877
7969507
7878488
7947503
7944359
7980903
7998375
7970728
7867647
7909840
8069534
8025390
7989943
8057630
7928036
8028255
7970241
7908460
7976860
8077417
8027983
7922251
8094381
8000609
8060046
7956132
8024480
8185363
7969514
7975102
8017388
7964465
7984605
8076685
8116735
7934492
7999068
7873733
8009503
7966985
7937397
8054583
7962355
7894562
7821509
8066887
8005578
8020698
7971825
8020342
8115285
8094014
8220883
8013885
7996279
7966077
8055537
7954296
7903344
8029592
7952693
7982747
7999565
7942177
7915118
7952451
8094158
7991645
8035151
7983586
7984215
7995523
8023041
8043101
7946294
8076115
7984073
7932109
8020347
7940082
8099073
7985467
7888237
7898567
8009582
8039670
7959183
8179825
7979760
8017907
8093919
7834913
8017325
7967175
7961157
7846556
8111028
7939683
8070216
7870946
8164400
7993108
7983400
8075525
7987157
7972985
8034605
7964189
7941557
7928147
7954673
8066444
7976299
8027251
7920726
7783415
7905111
8039041
7868351
7954954
7921917
7926282
7960372
7940937
7837350
7919727
7838573
7956923
7828356
7874865
7855518
7985127
7943268
8061035
7929578
8124074
7975450
7950616
8082130
8031139
8074471
8039359
8010766
7975080
8085864
8034221
8424092
8095007
8122885
7893576
7929328
8134912
8165592
7896132
7959551
8040489
7731848
7956881
7852808
7830002
7929240
7857757
7870764
7951264
8111947
8025837
6556006
7694669
7553557
5400716
7844489
7895403
7944913
7972537
7822766
8081017
7924535
7976154
8238499
7948893
7960641
8030917
7895511
8121945
7935112
7872219
7811979
7914604
7794764
7851215
7805173
7757432
7883712
7881097
7805628
7794465
7982716
7859834
7854291
7821790
7730730
7849560
7809234
7756830
7905838
7718771
7457284
7413749
7357926
7593812
7723509
7772660
7727187
7675763
7785277
7725896
7695377
7277483
7553158
7707556
7499737
7528747
7504803
