34470171
34247130
33704996
35271239
35019427
35273264
34107995
34483219
35104260
35378775
34187096
34692192
34722004
35540027
34948559
35333860
37017704
35241479
35321047
35109727
34817934
35189924
34403978
36067376
35896859
36585463
35592001
37068047
35717835
36132947
36644827
36111375
36916093
36271308
35079060
35747487
35244016
36629622
35781049
35506992
34922385
36277455
36587136
34745177
35266117
35269245
34884458
35807762
35019881
35619544
35696678
35889642
35363581
36095232
35343459
36118676
35570475
34967297
35072042
34775582
35236386
35495839
35449074
35032649
35162984
34695789
33884087
35195209
34429278
34684675
34424100
34285637
33936388
34953970
36674728
34633575
34390963
33971417
34594409
35838921
35420682
35699952
35288343
34771323
34972001
36466687
36117571
36363702
35988327
35696500
35567504
37435103
36755924
35733588
36027176
36165988
36756674
36449512
35802494
35192339
35926831
36303436
35538088
35787567
35522738
34892019
35368649
35214605
34017169
35073518
34300593
34705604
35383813
34511200
33957851
35152214
35361770
34190353
35670961
34978460
35606233
34495971
34037708
35727354
34993839
33932322
34519719
35509327
36078068
33112419
33993903
33884150
35356684
34113206
33504408
34204201
33357553
33455100
34917733
33034357
32885229
34102447
33941169
32996659
33092573
33803174
33662807
33970338
31789429
33367619
32991684
33807868
32996811
33206193
32868712
33010746
33414852
34044524
34226118
34130937
33866229
34536823
33779036
33907689
34171241
33863902
33162437
34315250
33114113
33264476
33277229
33225826
32171484
33148756
33227912
33236089
33925548
33295611
32772132
35742201
33461357
33754575
33398058
34523267
33638106
34251059
34174176
33631987
33291224
31539132
33983946
34449653
33695295
33855466
33790768
34807305
34009150
34423785
33968749
27091917
32286983
31295243
21580384
35087200
34828679
34131988
34626205
35851730
34920145
34803375
35341127
36198603
34770755
34691683
34333341
35910607
33871614
33501764
35647074
36202744
35215000
35940637
35720938
36229457
36047477
35254925
36133761
35603975
35798062
36154962
35330309
35574324
35716830
36790323
34973680
35054976
36206587
35460742
34420072
34085661
33622707
32417668
34788398
33982557
33848451
34039360
35117902
33762800
34074160
33377300
32673710
33561580
33182007
32706687
32399988
32411175
7488334
7568477
7695896
7571120
7666402
7649248
7701329
7736461
7771231
7739460
7781268
7743301
7780222
7824946
7821555
7773424
8084704
7837141
7933459
7785969
7884721
7907452
7898500
7892450
7885643
7817522
7813301
7812107
7876819
7591968
7917415
7917825
7823729
7884412
7965783
7876836
7948756
7940615
7976930
7997409
7970059
7867338
7910893
8067960
8023608
7990023
8054490
7929588
8026312
7967500
7906374
7972962
8080441
8027480
7922918
8099402
8004098
8060013
7955148
8024324
8185039
7974485
7972334
8015950
7965358
7987128
8074095
8118162
7932046
7998852
7872067
8010350
7966692
7933824
8058149
7960994
7897590
7819857
8060846
8003920
8020325
7969513
8021789
8113798
8090412
8219246
8013019
7993084
7965490
8054724
7953041
7903875
8028511
7952271
7982596
7998678
7943867
7914331
7951366
8094452
7988675
8031929
7982415
7981020
7994263
8022684
8041377
7945752
8074016
7987595
7935428
8022864
7937726
8095600
7986685
7887259
7902084
8011240
8040322
7960393
8184120
7979404
8015590
8093192
7832145
8026718
7964265
7960777
7849402
8109649
7938740
8073336
7873256
8165494
7994615
7982027
8075939
7991339
7973731
8030797
7965327
7945115
7929837
7956569
8070635
7975824
8029216
7916733
7781681
7902691
8039288
7861095
7953879
7919906
7923908
7959561
7938807
7835072
7923689
7838348
7958909
7824943
7875423
7851801
7982199
7943212
8065429
7929141
8123050
7977466
7949708
8082181
8031319
8074702
8038199
8003906
7971253
8086816
8031986
8427472
8095795
8122488
7891991
7925063
8136891
8164203
7894347
7954579
8039671
7727674
7957782
7849454
7826119
7925911
7855565
7867617
7948815
8108727
8026464
6554058
7692581
7556230
5401507
7848298
7895221
7945788
7974224
7825074
8080893
7928492
7979967
8236922
7947291
7963345
8031121
7892960
8120644
7936756
7875302
7807649
7913349
7796084
7852002
7797753
7754043
7878533
7880922
7806925
7795487
7979995
7858110
7850250
7823629
7729942
7850488
7809545
7755427
7907714
7715841
7456350
7413628
7361265
7596962
7725969
7773433
7726279
7677913
7787631
7724301
7695642
7280554
7553356
7707467
7498499
7530847
7505516
