34474399
34245471
33690423
35252365
34981646
35258583
34102258
34450753
35080815
35352493
34152662
34655903
34716752
35523723
34928161
35318663
36995113
35207776
35303584
35095533
34793434
35163984
34384189
36061030
35869442
36570247
35566536
37043555
35691108
36131525
36615382
36096702
36889836
36229834
35060252
35731780
35239977
36608004
35766570
35477949
34908738
36271237
36569435
34752895
35245538
35252499
34844407
35781531
35004867
35571730
35668574
35880719
35312934
36060287
35323994
36077905
35572931
34935508
35053783
34763095
35237405
35465749
35423856
35020263
35122724
34678434
33863692
35185525
34429893
34656650
34410849
34266704
33905211
34941907
36644375
34603516
34348748
33953989
34579526
35835891
35394582
35702593
35258817
34758104
34950029
36442151
36097961
36336503
35994436
35683502
35532575
37419239
36747314
35749928
36007650
36159050
36737883
36433967
35792900
35189328
35921302
36274371
35498142
35773520
35501406
34877193
35347832
35199324
33990189
35045093
34274271
34690703
35371604
34488568
33930865
35134857
35345375
34159444
35653993
34969403
35577886
34476107
34003644
35699768
34969328
33902667
34499185
35492656
36059405
33095843
33973160
33868295
35334528
34109027
33462617
34180345
33322516
33428680
34907868
33009903
32870939
34068792
33932208
32970191
33074182
33790539
33628015
33946185
31778973
33359958
32977453
33776243
32993600
33179401
32862468
32984964
33397851
34016602
34179751
34128152
33842305
34516387
33785784
33931603
34158834
33882508
33153869
34284619
33117862
33234403
33244389
33203755
32157236
33125299
33208682
33245368
33915532
33276643
32756027
35718786
33425494
33723479
33380481
34499548
33629218
34226125
34143076
33628445
33288734
31522987
33971059
34436024
33686480
33842944
33752012
34797705
33998814
34409457
33934075
27077807
32251805
31261650
21567697
35078458
34790845
34107055
34596994
35843512
34887670
34765753
35318930
36183785
34738921
34648156
34312748
35904487
33853275
33479154
35605041
36191758
35187314
35904096
35703222
36211185
36036711
35235419
36105697
35600296
35763781
36164645
35303599
35561241
35702504
36754874
34952736
35038270
36187526
35417561
34386522
34048424
33623910
32404275
34757631
33973499
33827540
34019708
35084331
33728586
34045687
33373468
32634861
33557715
33161426
32695082
32374204
32380458
7492640
7575412
7699293
7575743
7668589
7651160
7705632
7735208
7771752
7743150
7783987
7742196
7786521
7827697
7823370
7773724
8085824
7833404
7936893
7786432
7886768
7908635
7905633
7895442
7887688
7818734
7816844
7809188
7877952
7595578
7916562
7920042
7823923
7882698
7970355
7880422
7954267
7944931
7981317
7995057
7974234
7868046
7911461
8077275
8027622
7993496
8055937
7931392
8034024
7967077
7907835
7976937
8076716
8030273
7923884
8096419
8007686
8060475
7958160
8025598
8188769
7974509
7972549
8018095
7965314
7989800
8074974
8122142
7931979
7999756
7875709
8010415
7966114
7936763
8059449
7962022
7896331
7823909
8067120
8010359
8021813
7974081
8020949
8116858
8090960
8221459
8015198
7994320
7971515
8057908
7953510
7905041
8033394
7961588
7987889
7999969
7946300
7918500
7954716
8098061
7989719
8032628
7980214
7985000
7996121
8026930
8042687
7950361
8074000
7987939
7936489
8021350
7940620
8098448
7991292
7892531
7904427
8011594
8045457
7963124
8183824
7984829
8016668
8094831
7835269
8025003
7967812
7963151
7853732
8111742
7941320
8073970
7872791
8167862
7994136
7986094
8075041
7992529
7977242
8033383
7969334
7946182
7933375
7955453
8071592
7978432
8028940
7920661
7785378
7904204
8041705
7862924
7959083
7924318
7929409
7959720
7939715
7838554
7919144
7843483
7959199
7826183
7881784
7861834
7987088
7949006
8066543
7929628
8127182
7977655
7951093
8083800
8036239
8077458
8041270
8010374
7974316
8089305
8033679
8427908
8096854
8120066
7894482
7928963
8141802
8168507
7895273
7958992
8044770
7729059
7960885
7853598
7832200
7928161
7854093
7872327
7951621
8108536
8026160
6556158
7692193
7554974
5402917
7850423
7895287
7947557
7971520
7828259
8081659
7925258
7981497
8243301
7948576
7959999
8036225
7898435
8118846
7935885
7873643
7809290
7916420
7799017
7851326
7800201
7758103
7882909
7880843
7809618
7795938
7987193
7864279
7854195
7824217
7733809
7852176
7812957
7759558
7909155
7716950
7458616
7416558
7361007
7594628
7731163
7777654
7727079
7677787
7786337
7725337
7697221
7280337
7554880
7707936
7500555
7531715
7506840
