34427570
34215277
33661768
35240250
34972047
35224197
34072658
34415898
35052034
35347444
34140838
34635464
34681648
35486436
34899310
35307752
36993466
35192815
35287406
35076144
34740623
35153156
34366365
36018462
35865093
36541066
35549646
37014608
35673176
36108050
36596894
36061232
36873807
36207287
35061960
35720450
35212749
36599286
35749586
35468480
34878019
36248638
36555959
34717403
35220731
35225860
34844958
35756335
34979532
35572880
35643463
35826507
35290066
36053745
35282127
36059538
35551314
34927289
35040998
34746603
35201248
35451405
35411358
34985967
35121526
34645745
33838904
35137856
34407357
34625564
34385875
34244606
33888223
34913542
36616325
34584109
34330841
33930285
34566673
35791238
35378665
35664809
35235502
34742235
34927880
36421874
36063270
36333845
35978480
35666672
35524411
37393221
36710946
35718073
35951773
36103425
36687148
36396494
35736509
35155737
35906689
36247963
35496745
35753047
35462336
34859140
35325696
35171595
33974590
35022634
34255569
34675636
35351486
34443412
33899565
35105904
35322005
34129263
35626382
34947087
35540115
34427546
33978511
35675309
34933071
33869319
34473255
35452649
36034111
33067231
33925727
33836705
35321533
34072746
33436189
34156481
33293220
33397273
34885693
32989617
32828197
34052073
33883077
32936424
33037067
33762545
33606193
33915320
31757884
33334476
32938925
33762919
32974696
33150516
32813559
32967044
33392432
33995384
34175106
34088106
33830788
34498474
33728129
33884883
34136891
33842791
33090298
34263037
33092659
33206009
33249447
33186165
32113472
33104705
33182687
33212803
33880691
33263559
32733698
35694208
33400607
33719649
33355638
34477624
33604620
34207172
34142697
33586585
33254831
31508389
33957405
34421929
33652337
33816669
33737115
34761051
33966918
34397639
33915830
27048870
32223781
31245432
21541052
35011943
34761578
34081239
34591041
35823328
34893484
34720954
35287861
36170716
34728384
34626212
34301288
35878185
33823837
33451878
35615284
36180741
35182967
35910226
35699679
36213921
36023946
35199066
36076154
35563199
35755195
36119286
35283327
35520050
35675097
36727733
34938309
35022414
36156560
35411186
34387332
34028748
33597018
32383916
34726266
33942582
33796801
34005677
35053492
33696182
34017732
33346567
32648127
33536449
33159785
32682861
32361612
32366735
7491524
7577232
7698968
7576027
7671146
7654648
7707467
7737031
7774503
7748851
7783508
7745305
7785431
7829034
7825356
7781304
8093062
7840485
7939359
7791979
7887000
7914751
7905169
7892773
7892376
7819198
7821867
7812643
7881189
7597776
7923043
7923462
7827444
7888629
7974487
7884846
7955224
7950440
7984300
7997582
7977300
7872941
7915869
8076150
8029336
7994345
8062848
7930072
8036085
7972378
7911465
7976900
8081052
8031409
7928274
8101419
8011508
8065287
7961503
8029642
8189048
7981195
7977880
8019082
7970793
7990378
8077894
8121743
7937279
7999986
7879685
8012707
7970015
7938817
8061784
7967119
7903295
7826599
8070500
8010446
8023663
7978262
8025833
8121246
8094099
8224607
8015491
8001522
7976151
8063181
7958536
7907978
8037294
7960944
7985255
8000344
7942256
7921233
7953392
8099371
7995891
8036659
7987316
7988727
7996835
8031676
8045477
7950583
8079125
7989523
7938366
8029002
7942296
8097935
7992049
7892647
7907318
8011855
8046706
7965182
8183681
7983171
8022556
8097555
7836531
8025075
7969861
7964020
7854641
8111217
7939574
8073880
7879383
8168374
7998330
7985812
8076069
7994642
7981538
8035628
7966267
7947313
7933126
7956132
8072032
7978729
8032767
7923584
7790315
7907621
8042716
7869407
7961240
7926822
7929574
7964919
7943305
7840098
7926514
7842192
7964309
7830722
7879238
7861216
7990307
7949040
8065910
7932829
8130555
7981788
7953550
8086991
8034381
8078696
8043463
8010205
7975323
8095119
8035406
8432323
8098835
8126948
7898159
7930194
8142117
8169538
7901157
7958601
8047276
7731827
7965926
7855815
7833648
7930704
7854150
7874484
7953443
8116067
8031338
6558161
7690805
7559313
5401137
7844935
7896014
7949978
7978264
7831785
8089570
7924191
7981366
8246591
7952620
7964307
8036187
7898444
8122323
7940082
7882526
7813018
7919973
7803167
7858420
7808534
7762321
7881486
7884073
7810533
7802329
7986778
7866818
7855810
7828115
7737620
7854350
7816470
7758700
7909945
7721723
7458702
7417312
7362482
7597213
7732061
7778931
7729772
7682406
7787511
7727404
7701041
7286047
7556740
7714915
7503125
7537812
7509864
