35798359
35629997
35058724
36648867
36404301
36648916
35482525
35832759
36509007
36757697
35568215
36074525
36154203
36906512
36351438
36753876
38370972
36652907
36716454
36530255
36202895
36595481
35815480
37472267
37308358
37997651
37008296
38480146
37121759
37534427
38063455
37555573
38369565
37650880
36504497
37180289
36669294
38053478
37211766
36919641
36331649
37724994
38008619
36187970
36695854
36712817
36317877
37238861
36429346
37030273
37097899
37324418
36751216
37517514
36793305
37464743
36978020
36374614
36530204
36193008
36629006
36936839
36886231
36466665
36593837
36125573
35327328
36587102
35922760
36141522
35848699
35726565
35385440
36394820
38068226
36061825
35791010
35395224
36052042
37302159
36862047
37158018
36721877
36222071
36398198
37875441
37570226
37796613
37444730
37151844
37000111
38880816
38165735
37202717
37477134
37612814
38219774
37880517
37240346
36642656
37379360
37750167
36971684
37269906
36972051
36378332
36831212
36661741
35486000
36507187
35726509
36190279
36841404
35962838
35413289
36608254
36827849
35663751
37094631
36434694
36999353
35976720
35467640
37111376
36458155
35360907
35984808
36923935
37546497
34601348
35450832
35335675
36836056
35502703
34950398
35680714
34789900
34861390
36386119
34487154
34335328
35540935
35386970
34496923
34528595
35265320
35129955
35382881
33257064
34827032
34433867
35257218
34444375
34684690
34314497
34446970
34894188
35526143
35656866
35598206
35332866
35987432
35150405
35365270
35621219
35341840
34592077
35770251
34572103
34707973
34726225
34683766
33627987
34587597
34651796
34712227
35389381
34748798
34235054
37072729
34911661
35191037
34873124
35968591
35035711
35627766
35599324
35052552
34748637
32946755
35408652
35891262
35051466
35319499
35203954
36260409
35453310
35791880
35365972
28355712
33675553
32669462
22630128
36516958
36233533
35550622
36061870
37285266
36383791
36234402
36756177
37569765
36215189
36115648
35761554
37312007
35265001
34983215
37060744
37635153
36617293
37338076
37129230
37661732
37477570
36675229
37511359
37011960
37196348
37561608
36741707
36999712
37108372
38199237
36353353
36475986
37583933
36812372
35818987
35442731
34980193
33728966
36120233
35305583
35203462
35469220
36480040
35117671
35439056
34759481
34019958
34918944
34535151
34063903
33747843
33733383
7513934
7599004
7722727
7593560
7687786
7669856
7730427
7758226
7793560
7761212
7807957
7762451
7804441
7838874
7840889
7795046
8080079
7859189
7945373
7805405
7902950
7927839
7924258
7905722
7899395
7828295
7833938
7817833
7891987
7608943
7924405
7935303
7835026
7891426
7986235
7895764
7972482
7951717
7991727
8012441
7985087
7877379
7919678
8089587
8040802
8007333
8074003
7937379
8050209
7979203
7922423
7986347
8091064
8039058
7940494
8096374
8011237
8072723
7975210
8039618
8190655
7991467
7993839
8040991
7986100
8006646
8100218
8123898
7959855
8022710
7898315
8030637
7990599
7957300
8059278
7979298
7914371
7849474
8089153
8020055
8034407
7990051
8041466
8133581
8108287
8224013
8025155
8003428
7984982
8068931
7971612
7907620
8032196
7966046
7997314
8008689
7951638
7923582
7968423
8111589
8002316
8046462
7999436
8000410
8007885
8046266
8059408
7966599
8105581
8007564
7957334
8043840
7956344
8121873
8015485
7908383
7916916
8039553
8052465
7979490
8188352
8000431
8043085
8097533
7854517
8046407
7991857
7972716
7866539
8137301
7962894
8094087
7894480
8171962
8023847
8006992
8105749
8014660
7998171
8066445
7999915
7973604
7960065
7994641
8100866
8007240
8054391
7938587
7824554
7934226
8073895
7894352
7990681
7957020
7962543
7996006
7972709
7866415
7945082
7868336
7985018
7849256
7893675
7885829
8008998
7975936
8097741
7954764
8158435
8009519
7983506
8111903
8067771
8107188
8078143
8039559
8000173
8117565
8063952
8417035
8120170
8148879
7930210
7947436
8156853
8178428
7920322
7981759
8071597
7769521
7983011
7874128
7846238
7954738
7885261
7888857
7978214
8119083
8049539
6616949
7729814
7599318
5475955
7864585
7912995
7969164
7990845
7838557
8102111
7947877
7992710
8234661
7970154
7984633
8054664
7907928
8140694
7966989
7891419
7822724
7934672
7808534
7865251
7816336
7773429
7900335
7892335
7823619
7808171
7990867
7879612
7866240
7839592
7740635
7869631
7829574
7766831
7919900
7739430
7482724
7445088
7389115
7611614
7743238
7799172
7757937
7696813
7815730
7745858
7728836
7315250
7582217
7737667
7533796
7569580
7537733
