34384140
34175041
33617928
35185470
34908809
35182721
34044071
34366057
35005043
35289961
34085140
34574285
34648730
35426387
34845219
35268023
36937692
35136350
35235333
35019519
34711660
35108121
34320645
35984988
35807006
36447428
35493771
36963390
35634667
36058627
36545346
36021807
36815895
36147016
34999018
35688200
35153786
36527375
35696313
35423454
34841502
36179836
36515446
34663681
35176230
35178153
34783113
35696133
34922884
35516104
35585720
35787034
35253971
35992446
35232157
36000178
35476463
34858991
34993682
34679991
35159561
35389132
35350325
34929101
35065484
34587088
33807942
35101791
34344929
34593126
34320202
34202134
33836988
34857742
36570541
34521645
34299477
33876710
34522131
35754187
35319139
35612363
35180298
34680200
34891118
36381693
36016451
36269005
35901007
35606630
35483368
37344785
36649335
35649388
35926757
36072582
36654993
36352870
35707288
35103514
35835981
36183685
35420580
35702839
35428656
34776890
35274241
35111866
33922277
34974994
34194820
34615572
35280763
34403191
33862511
35039584
35256203
34112126
35573858
34874308
35507732
34403898
33917226
35630079
34907488
33803656
34440070
35412106
35971705
33011173
33906306
33780844
35252838
34006184
33398806
34090915
33259884
33357245
34820779
32952937
32786516
34000774
33843737
32913630
32979971
33695033
33545586
33880893
31712825
33285991
32895517
33713332
32914903
33122110
32762483
32897620
33335802
33945317
34112038
34033489
33781325
34440447
33685545
33826718
34060424
33776603
33047157
34201525
33023211
33135226
33154716
33120711
32075733
33051783
33119528
33154543
33828211
33211355
32662494
35650175
33365896
33652023
33311677
34436027
33535663
34156260
34083808
33536328
33195142
31440171
33886536
34348503
33611809
33766369
33665886
34708194
33925189
34340597
33875349
27011747
32187098
31207349
21505653
34980193
34717013
34045370
34520997
35768030
34827644
34702874
35224776
36097821
34676822
34573623
34256326
35814565
33776423
33389390
35538135
36118269
35116454
35835026
35644887
36143239
35951630
35136647
36018288
35522116
35709826
36055502
35244171
35495925
35622785
36680201
34886863
34955501
36106441
35331991
34318189
33975416
33566695
32345288
34666137
33903529
33745743
33957595
35004001
33643887
33969942
33276946
32585453
33484595
33102345
32626631
32306053
32324318
7487925
7571047
7693774
7571629
7661730
7648512
7704226
7731588
7767236
7741467
7779279
7739059
7783386
7822252
7817456
7773824
8086396
7835710
7934046
7782639
7882599
7910109
7900906
7891429
7885725
7811016
7818089
7807197
7880080
7594199
7914952
7919968
7818569
7880201
7968516
7881327
7948700
7946051
7977769
7993611
7972973
7865287
7913172
8070928
8026083
7989609
8054406
7925982
8027241
7967004
7908106
7972310
8076377
8026494
7919452
8095363
8003058
8055502
7955853
8023323
8185135
7972452
7972475
8011966
7963618
7985178
8073840
8117341
7927971
7998842
7870357
8007836
7965878
7932931
8056953
7957374
7897146
7822089
8064848
8006043
8017931
7971179
8017799
8112398
8091834
8219423
8011106
7994781
7965806
8056569
7955055
7903908
8028794
7949622
7982041
7997212
7941917
7915541
7951582
8096448
7986785
8029696
7979358
7980709
7995000
8020466
8040577
7945188
8074313
7985095
7930821
8017854
7932633
8094537
7988946
7884466
7899505
8011790
8042440
7958509
8179799
7980386
8014999
8094800
7833909
8018091
7964474
7963364
7847550
8106422
7940206
8068785
7870271
8159658
7991534
7978443
8072955
7988654
7973251
8030866
7964482
7943182
7930669
7954589
8063855
7973434
8025811
7919615
7784375
7900816
8037559
7862679
7954087
7919347
7919759
7951758
7941816
7832232
7917863
7837951
7957092
7823465
7871654
7850252
7978977
7944112
8059259
7928547
8119311
7972591
7943277
8077764
8030012
8072512
8035180
8003498
7969050
8086121
8026711
8426389
8095143
8120029
7890849
7927703
8134628
8162926
7895811
7951979
8037604
7722996
7958336
7848653
7827349
7922255
7848070
7868132
7947181
8109792
8025983
6552648
7689897
7551893
5395511
7844896
7892273
7945760
7970087
7824844
8082269
7925789
7977064
8242062
7946676
7960265
8031863
7891236
8117664
7930790
7869589
7806546
7912867
7794185
7850806
7801630
7752783
7878164
7876241
7808379
7795791
7978914
7861433
7851427
7821031
7729985
7848576
7808813
7755367
7903312
7712715
7451437
7416776
7359123
7591130
7728289
7770177
7727700
7673822
7780332
7721319
7690371
7278828
7550707
7707689
7495763
7528665
7503700
