34298374
34092268
33538885
35089457
34825607
35088436
33947153
34265123
34916304
35205630
33998694
34489234
34531766
35355276
34754402
35162654
36836854
35057600
35117784
34932153
34617722
34999339
34222806
35893590
35712818
36378782
35395817
36880788
35536792
35959406
36427276
35931989
36750366
36050333
34898236
35574334
35048623
36442118
35604694
35303059
34737925
36087268
36407438
34563918
35088935
35100664
34706826
35632170
34829397
35417006
35495670
35695665
35154183
35893924
35154340
35915733
35397041
34793157
34902519
34561862
35069461
35314771
35268951
34851462
34979426
34514264
33690768
35018373
34254208
34512770
34247285
34107962
33741840
34770656
36493907
34447917
34184911
33804052
34424693
35676709
35212929
35516794
35105076
34604822
34796649
36303654
35914383
36166193
35822975
35526282
35370803
37265357
36560837
35565056
35854377
35977705
36544348
36267382
35599868
35016268
35751009
36109201
35352102
35614482
35326093
34691648
35190771
35028332
33853763
34884580
34109905
34532169
35193779
34335773
33767292
34974665
35170858
34016120
35478636
34781766
35408303
34314261
33831412
35556111
34818942
33727808
34327433
35325861
35892444
32956483
33824226
33701836
35166703
33944001
33311556
34040886
33173943
33258500
34738010
32880732
32705247
33928901
33765205
32820994
32908241
33629233
33475404
33793325
31618782
33203668
32820256
33624131
32830120
33022159
32706721
32821555
33237559
33870595
34009256
33953386
33681228
34340350
33595732
33761990
33998757
33708852
32981905
34136437
32946882
33067449
33081822
33044317
32010319
32960796
33056639
33080161
33755438
33143114
32587071
35576737
33273557
33577268
33240936
34331588
33469384
34063129
33989512
33455099
33115235
31392375
33816438
34279630
33541455
33688540
33592330
34614058
33855390
34262530
33789642
26928912
32112204
31123663
21438676
34882176
34654270
33970552
34455615
35683553
34745584
34618741
35154842
36019347
34620732
34501272
34163296
35729713
33685412
33315551
35463891
36026162
35038182
35745226
35553482
36075970
35859786
35081392
35921212
35417310
35620384
35980162
35152377
35412800
35534786
36593633
34798847
34876984
36033581
35271331
34266132
33889521
33476871
32279930
34642115
33797833
33684649
33872091
34941298
33590286
33891312
33197179
32520580
33403687
33022243
32552842
32233486
32241067
7471105
7556432
7682191
7554626
7650828
7631627
7684489
7715658
7753235
7728851
7759971
7721856
7762525
7808226
7801351
7759392
8071913
7817003
7911880
7768355
7864207
7888267
7883261
7874727
7867383
7796135
7799700
7793894
7859829
7575995
7895306
7904852
7807394
7864384
7948114
7861193
7929736
7927041
7959866
7974056
7952874
7849626
7893998
8052061
8007334
7974429
8038182
7913707
8008596
7947904
7887623
7955390
8061985
8005674
7905693
8078427
7983862
8043221
7941614
8001216
8169611
7957491
7958102
8001692
7948337
7970055
8055195
8100483
7911885
7980663
7856491
7990830
7948650
7917745
8044268
7942226
7877367
7807231
8049528
7993551
8001866
7959166
8005840
8098665
8073419
8205119
7995844
7974225
7951889
8039648
7934435
7891591
8012180
7936527
7970843
7983121
7924256
7900847
7932053
8077469
7972778
8017246
7965853
7961747
7974834
8007000
8025794
7929924
8057886
7969968
7915932
8001627
7917520
8079709
7969933
7873849
7882198
7994091
8024804
7940729
8162873
7965638
7996614
8078832
7818518
8002138
7945947
7944978
7834352
8094905
7922479
8052951
7853848
8146294
7973833
7967779
8056882
7968621
7958126
8017602
7948794
7930051
7911400
7935695
8050781
7957700
8007717
7901824
7765416
7885717
8021787
7843055
7936293
7902554
7908414
7937558
7923246
7818286
7900107
7822655
7938651
7805868
7855167
7839408
7966982
7927049
8047113
7913553
8103010
7955795
7927426
8062962
8014549
8052440
8021396
7986133
7958176
8072790
8011089
8412967
8076096
8101542
7878441
7910355
8120653
8149864
7878522
7937049
8022239
7710511
7944833
7833687
7813914
7908123
7832788
7848184
7934259
8091243
8009844
6534544
7673011
7536126
5381403
7827664
7879861
7931207
7955304
7810431
8064467
7906767
7960614
8222671
7929526
7941663
8015489
7879405
8101522
7915923
7856741
7793886
7898960
7781279
7836236
7787585
7737590
7865173
7862772
7790288
7779111
7964584
7846379
7837699
7809467
7715663
7832182
7793802
7741821
7890950
7703921
7437940
7401063
7342596
7584013
7707584
7759389
7711132
7662964
7769632
7710283
7677663
7263271
7536733
7691555
7480735
7513924
7488549
