34333109
34131064
33542046
35140776
34897783
35138585
33988897
34315622
34951427
35227020
34019529
34540265
34594132
35359384
34793816
35191483
36894187
35070767
35178249
34961414
34658867
35054873
34255973
35921454
35757904
36433232
35437288
36905637
35570305
35993845
36507381
35975554
36774428
36106173
34953757
35613100
35091871
36474643
35647887
35359277
34776371
36122762
36439864
34608887
35127050
35109596
34734389
35654621
34872485
35468970
35540938
35748714
35186870
35932003
35212657
35965059
35450757
34808218
34914259
34609765
35086629
35331282
35332374
34886053
34981761
34554435
33758040
35049523
34298665
34533490
34277634
34131955
33772340
34803469
36517335
34482110
34244979
33827749
34451064
35704748
35270709
35559307
35133144
34625999
34826321
36312726
35965191
36214058
35851545
35569722
35415898
37300024
36597471
35602105
35893834
36018643
36603114
36306181
35631069
35063046
35788993
36153238
35379498
35660526
35373177
34753932
35221310
35056786
33882921
34925901
34149872
34570973
35258043
34350720
33825127
35014028
35218712
34042424
35519657
34827173
35451670
34335856
33873131
35567334
34856269
33759644
34375884
35347498
35928196
32974813
33829528
33733892
35199008
33968604
33342116
34046517
33181042
33288655
34810191
32888467
32732571
33938739
33809980
32859998
32940296
33661980
33508311
33827801
31657886
33228599
32835448
33656067
32842760
33060900
32727538
32859081
33266673
33901320
34060355
33973004
33730421
34389489
33635429
33776247
34015656
33731267
33000222
34163279
32970397
33102190
33121298
33072786
32021929
32999782
33078018
33127874
33770272
33143791
32620478
35593056
33318946
33591863
33260663
34375096
33488802
34104130
34029296
33494195
33157965
31405241
33842681
34291776
33572772
33717158
33623131
34661430
33855938
34287360
33822063
26969194
32143512
31154633
21471112
34923712
34686906
33998172
34467740
35715729
34783548
34645334
35192469
36064158
34632400
34530891
34190794
35769339
33726912
33345699
35490391
36081283
35066095
35791533
35574911
36108139
35917420
35110067
35961393
35481108
35656174
36045824
35175452
35446401
35586033
36635325
34849981
34908433
36063113
35332056
34276954
33916316
33509841
32301744
34653984
33839562
33703297
33898228
34967002
33615468
33927031
33253863
32537587
33438753
33060339
32585812
32264524
32268825
7487259
7571397
7692639
7572959
7669686
7652223
7704490
7733026
7768526
7741630
7776121
7744227
7784582
7822458
7819169
7774428
8090735
7834650
7935050
7785938
7883882
7907492
7901206
7890470
7884639
7819409
7817785
7807094
7879623
7593000
7919689
7921628
7826556
7882083
7971798
7879099
7950727
7945988
7980774
7995662
7969693
7866108
7913744
8072169
8028333
7990963
8056907
7933974
8029298
7972038
7906976
7977311
8078197
8029544
7926903
8100886
8010003
8058907
7953959
8020054
8186380
7971764
7982385
8014214
7962017
7986983
8077522
8120589
7933318
7996614
7875217
8007730
7965776
7934615
8059580
7961694
7899200
7823868
8065876
8008174
8023557
7974733
8020821
8113779
8091387
8221964
8015065
7993868
7968102
8056123
7952102
7908044
8032557
7956597
7991522
7999131
7945259
7918052
7949757
8095842
7988914
8034375
7982039
7983027
7997230
8025304
8042199
7946833
8076884
7986037
7933648
8022686
7940459
8095527
7987515
7891952
7899985
8007757
8041743
7961519
8182980
7983148
8014948
8091721
7835898
8019726
7967966
7959692
7853096
8110738
7934617
8072707
7870756
8161713
7994553
7980045
8070153
7986241
7979069
8031093
7962599
7940442
7935447
7954091
8066088
7976174
8026553
7921724
7783776
7901830
8035295
7860411
7951977
7922704
7923398
7960598
7936332
7836674
7917253
7836517
7961209
7824378
7875076
7856097
7982923
7944188
8062479
7933835
8123498
7973684
7947119
8079474
8028693
8072414
8038156
8007978
7970425
8085620
8029556
8428543
8094591
8118963
7892356
7928374
8135138
8168275
7896811
7955761
8038282
7726587
7958874
7852571
7831251
7924646
7852347
7871378
7948479
8110631
8027018
6551980
7692597
7553809
5393653
7846123
7896449
7949143
7972832
7828159
8084160
7925238
7978364
8242147
7946336
7961979
8034221
7897750
8119965
7932929
7872995
7809718
7915301
7795258
7849431
7804896
7756204
7880166
7878051
7810880
7797214
7987491
7861561
7850199
7824578
7730455
7850918
7811013
7756717
7910553
7718125
7452269
7419093
7357289
7594456
7726885
7772690
7725115
7676871
7784654
7724339
7696696
7280265
7552835
7709575
7500331
7529257
7504983
