34290742
34101509
33507477
35080062
34841882
35076150
33923406
34265375
34903603
35189179
34002186
34508158
34552306
35343294
34736595
35144009
36836526
35034081
35135827
34917487
34610064
34984737
34218506
35870151
35715021
36365627
35388992
36856178
35511536
35944673
36434880
35923648
36727654
36052760
34886672
35566503
35054405
36441971
35590371
35317503
34734178
36075621
36374931
34560637
35066265
35064952
34669307
35593057
34833137
35395065
35475879
35678080
35158332
35893036
35147139
35892227
35398035
34755025
34879341
34583543
35042650
35302890
35263211
34844140
34951242
34499673
33703490
35007697
34243038
34484103
34219464
34096148
33728042
34774866
36477067
34412776
34188699
33784134
34411348
35645845
35207375
35507111
35078058
34586822
34776255
36275167
35935402
36158124
35798186
35507952
35361488
37256445
36568716
35549203
35819597
35978949
36551319
36253126
35602827
35014419
35736176
36077397
35318305
35609601
35318231
34692282
35151829
35001400
33832396
34874894
34109976
34521053
35191274
34304713
33741532
34947135
35161850
34002637
35474428
34777597
35392315
34285230
33831593
35533161
34804369
33709089
34312605
35300600
35876761
32905158
33790860
33693577
35153095
33925906
33312387
33991831
33148440
33245266
34760350
32836178
32695233
33900574
33741225
32798323
32890975
33593118
33467094
33771139
31610075
33168879
32784074
33631509
32799805
33019825
32663880
32784379
33239012
33848100
34007588
33939256
33657163
34326898
33593467
33731499
33960887
33692558
32946509
34106770
32924033
33040697
33075131
33027866
31966488
32936805
33026075
33060786
33729213
33106355
32574698
35557000
33266412
33541312
33208160
34325839
33431073
34059217
33981281
33435356
33129282
31366181
33797824
34252089
33509459
33661157
33562609
34602806
33817847
34243772
33756349
26917603
32086084
31081015
21431035
34882706
34638061
33924996
34425753
35646813
34731836
34605483
35132595
36011126
34583345
34479917
34138865
35728635
33676199
33300145
35452069
36006164
34990396
35734083
35533729
36045834
35860450
35056087
35928332
35414478
35594541
35967752
35147371
35395632
35527339
36569660
34795058
34857677
36010576
35276961
34250309
33874449
33466427
32249841
34594538
33789394
33675115
33847395
34894384
33556181
33874577
33200343
32515144
33378628
33020843
32517776
32218149
32229118
7483129
7571858
7689839
7566934
7661845
7643874
7695692
7728809
7763959
7738716
7774344
7738997
7780360
7818980
7813834
7767087
8083461
7827963
7928910
7779021
7879958
7900975
7897337
7888190
7881629
7806696
7811760
7805952
7869566
7589880
7912532
7916609
7821633
7878558
7961516
7876841
7944113
7942254
7973259
7993904
7966611
7861938
7906654
8067207
8020674
7983442
8048035
7922605
8022442
7964234
7901035
7967497
8077272
8024404
7918438
8092032
8001971
8050168
7951105
8016794
8177448
7972017
7971779
8012096
7958046
7982786
8071047
8114284
7923719
7991951
7866697
8004369
7961147
7931259
8056156
7951877
7891790
7817969
8060864
8001007
8014201
7967739
8016370
8108925
8085032
8218701
8011019
7989425
7961660
8048912
7947937
7903440
8030181
7949693
7980621
7993720
7938340
7910870
7946945
8089637
7983410
8028517
7976334
7978547
7990107
8017574
8035436
7939657
8069686
7981341
7930611
8017180
7932514
8091438
7980692
7882188
7897058
8006613
8036930
7952153
8177376
7973333
8012195
8090659
7830318
8014360
7957699
7956279
7847245
8101310
7932332
8065859
7866546
8156090
7991012
7973410
8067535
7981785
7972609
8023488
7957272
7936688
7923742
7947388
8060074
7969752
8022734
7915197
7777672
7892268
8029971
7859204
7946818
7919336
7916500
7948323
7936098
7830530
7911899
7833809
7951205
7816259
7870257
7848719
7976440
7940031
8057175
7923749
8115021
7967085
7941022
8068731
8023721
8063109
8032876
7998948
7968228
8082847
8023272
8424901
8088733
8111695
7885122
7920997
8126783
8165730
7888399
7952593
8038671
7722207
7954371
7843556
7821279
7920587
7841624
7861938
7941541
8101917
8018951
6544143
7682361
7543944
5386114
7840905
7891971
7936904
7969376
7820229
8077537
7921857
7971447
8239087
7940940
7953811
8025573
7890268
8112279
7928643
7868136
7803317
7905176
7791279
7845548
7795512
7750362
7872562
7874926
7803712
7787984
7975259
7857941
7849823
7820450
7727544
7845528
7803010
7751453
7903577
7712638
7448679
7411606
7353153
7589679
7719578
7768641
7721638
7667557
7777558
7717928
7688349
7278445
7549386
7706486
7491364
7526138
7500576
