34306715
34094690
33511918
35088692
34843261
35103991
33950186
34261933
34932417
35203751
33999311
34501806
34548974
35332338
34755997
35161825
36857526
35065363
35131847
34942154
34611827
35018339
34231410
35893256
35726258
36387759
35419812
36881446
35530037
35960429
36459702
35922248
36726322
36057461
34903970
35585905
35051076
36446614
35615662
35320176
34730793
36090682
36391899
34579653
35089746
35097054
34699208
35616852
34857102
35422647
35482773
35705324
35176108
35912008
35161087
35920826
35407031
34764198
34900422
34597251
35060474
35284979
35265991
34866191
34976148
34523159
33716671
35023405
34241232
34490027
34253471
34096427
33737630
34779681
36486327
34446035
34204654
33798628
34430719
35672603
35224868
35499899
35071185
34596941
34790850
36277459
35947600
36188543
35817827
35528686
35371699
37245986
36567288
35555043
35833235
35982011
36575508
36265443
35616307
35017272
35748759
36117480
35339083
35617288
35322816
34713700
35186695
35030402
33838658
34879993
34113756
34542795
35187638
34328011
33773006
34978233
35182394
34006035
35475816
34804227
35427858
34295773
33830864
35538005
34810190
33720923
34326900
35329177
35882600
32925737
33793409
33699122
35161742
33942826
33306802
33990192
33158622
33261554
34770922
32858272
32696952
33919506
33765744
32805381
32881834
33618150
33473610
33779169
31620020
33198142
32806469
33634925
32820968
32999385
32682215
32829263
33236341
33857150
34023483
33939760
33675445
34365686
33610286
33737058
33993546
33694678
32970467
34116354
32938646
33070065
33091377
33042638
31977164
32954788
33031935
33078780
33742238
33103035
32581278
35554003
33259992
33565241
33226898
34317324
33460163
34062283
33976571
33436264
33118989
31363014
33800420
34275478
33551226
33686765
33587547
34629462
33852474
34254743
33778725
26955532
32100218
31109467
21457313
34890227
34650610
33968767
34430588
35658383
34731618
34591643
35138796
36024680
34574519
34482158
34160331
35722195
33677748
33299287
35459767
36023125
35024927
35742870
35557738
36055283
35885128
35064404
35928438
35420021
35623279
35998055
35133431
35412828
35526965
36574670
34807304
34864927
36020112
35269222
34257208
33895553
33457664
32254691
34625846
33807419
33677329
33861759
34928178
33569522
33881738
33210287
32501985
33383620
33033697
32542876
32242707
32251091
7487072
7573211
7691960
7570386
7667165
7651202
7702114
7730480
7768480
7744167
7777507
7739386
7781097
7819409
7816790
7772557
8091154
7835853
7931283
7787030
7880907
7908048
7902008
7893544
7885461
7813845
7819009
7809874
7876678
7594208
7916427
7918880
7820607
7880214
7965283
7881970
7947484
7946984
7980111
7993782
7969056
7867378
7909157
8074565
8025463
7989843
8058593
7929338
8031477
7968446
7905505
7972946
8084964
8030601
7922075
8099283
8005861
8055625
7957419
8023614
8183816
7971512
7973446
8017268
7965339
7989342
8076393
8122008
7927585
7996229
7877438
8007426
7966709
7938272
8061652
7961299
7895061
7825125
8067678
8008759
8017564
7971467
8019699
8115913
8091532
8218036
8015554
7991417
7968055
8059209
7952957
7902446
8032005
7952523
7985093
8000136
7946266
7917136
7950002
8094731
7986496
8032695
7983325
7983931
7993430
8024365
8044437
7947798
8073654
7985170
7932969
8020632
7936835
8096635
7989375
7890574
7903013
8009670
8039332
7961863
8183424
7980919
8015312
8093332
7833858
8017900
7962958
7963063
7847348
8104161
7934614
8071762
7870642
8165319
7991056
7976570
8072650
7986786
7977517
8030809
7963770
7941486
7929812
7953342
8062331
7974214
8028406
7915886
7782840
7903600
8039142
7862906
7952030
7917018
7920877
7958948
7937470
7836395
7918263
7837487
7959240
7824140
7874400
7851874
7985767
7942975
8062543
7926055
8120810
7974877
7944822
8078891
8029078
8069898
8036249
8007023
7969368
8086013
8028076
8427721
8090596
8119670
7891560
7924087
8138023
8164149
7896031
7953349
8038498
7722599
7960785
7850888
7831651
7925263
7848143
7871677
7952572
8108632
8027138
6553759
7688178
7551454
5397082
7842581
7895356
7947062
7972165
7821888
8080913
7922169
7972300
8242591
7945761
7958406
8032227
7892782
8116216
7931906
7874335
7810661
7914095
7794955
7851160
7802521
7756910
7878539
7879207
7808335
7795807
7982870
7860366
7853122
7819848
7728488
7850970
7808252
7755865
7904096
7715961
7453217
7413351
7354121
7597714
7726070
7770031
7723721
7676380
7784437
7722856
7692765
7277939
7551245
7708373
7496403
7530961
7507422
