34270782
34063913
33487804
35068784
34801854
35064160
33907066
34242759
34898623
35150631
33960363
34471715
34523450
35332501
34745784
35144876
36817066
35026863
35104435
34893490
34586348
34986084
34191877
35857742
35685321
36341721
35366772
36858918
35493578
35924608
36415243
35899926
36708118
36030078
34862550
35533835
35043192
36420871
35585878
35271034
34690593
36056084
36345626
34527323
35043705
35053236
34650799
35573957
34802468
35396570
35457953
35671435
35128285
35864844
35124451
35873229
35360880
34738488
34845341
34556215
35025470
35260285
35234232
34814193
34943232
34504002
33661748
34972898
34216801
34473378
34195649
34064817
33691655
34737707
36431158
34392908
34163912
33741620
34388241
35619986
35168386
35496692
35042121
34545900
34759557
36257019
35903569
36157449
35779572
35487529
35334234
37217143
36508619
35525172
35792930
35959423
36519397
36232566
35579442
34988638
35735229
36076953
35303215
35567604
35288226
34654676
35131195
34989007
33782894
34851316
34082774
34504717
35164371
34287148
33746583
34927375
35127335
33965521
35437930
34735921
35378068
34262078
33798595
35499117
34792771
33680050
34304930
35274645
35845422
32870148
33754410
33640241
35133550
33906504
33287427
33962939
33117636
33222330
34711199
32806319
32659696
33870260
33712304
32776954
32859595
33571397
33418058
33748328
31567579
33156572
32787149
33587133
32781678
32982026
32657333
32796858
33202764
33810964
33991412
33914809
33631056
34306977
33565577
33692485
33961979
33658488
32923163
34089227
32904927
33023710
33063615
32983300
31939775
32939247
32991335
33041850
33704350
33074456
32553992
35523517
33239105
33530016
33189523
34305974
33423911
34001142
33941384
33407264
33081328
31339171
33769161
34240170
33498291
33636234
33564770
34589196
33800798
34214354
33729945
26884080
32062459
31064956
21422123
34847723
34591967
33904819
34397320
35620944
34693941
34573428
35125902
35980053
34549726
34443476
34129201
35683438
33651530
33272601
35409495
36012414
34983970
35713629
35493088
36017959
35836669
35045001
35908112
35392825
35583199
35941565
35106541
35376116
35482814
36566548
34788006
34844598
35974660
35223696
34184074
33861511
33449093
32229906
34561196
33769003
33641743
33828735
34889095
33522383
33843574
33170189
32468755
33357847
32970847
32518531
32208329
32200786
7489563
7570724
7695004
7574474
7665819
7648844
7703148
7734009
7771318
7740303
7777626
7740718
7780366
7824645
7821729
7774878
8088759
7837019
7935862
7783010
7881347
7912812
7900454
7890937
7885586
7812233
7815984
7812245
7875992
7596436
7916869
7920959
7821704
7881571
7967865
7878415
7946743
7948247
7983535
7992552
7969948
7867379
7909470
8072452
8027898
7991952
8052097
7928662
8028625
7968716
7904986
7974765
8080241
8030312
7924103
8098369
8001299
8056226
7955988
8023282
8184813
7975139
7973549
8015445
7966770
7990910
8072679
8120345
7928826
7999872
7872099
8006624
7965575
7934756
8058402
7955964
7897606
7816681
8065558
8007057
8015745
7976978
8021964
8111075
8089552
8224188
8015765
7998103
7968802
8056098
7953709
7903592
8026792
7954211
7988501
7999389
7942152
7917583
7951834
8096600
7988929
8037982
7980112
7979390
7994486
8023477
8039443
7948406
8073788
7986748
7931904
8023021
7937327
8095815
7986967
7886888
7899020
8010798
8039926
7956128
8180805
7980918
8016980
8092858
7835402
8021046
7966174
7958712
7847229
8104827
7934425
8064740
7872560
8161718
7995479
7978305
8071209
7988425
7976819
8026645
7962232
7941063
7927762
7953124
8065815
7974975
8025424
7917098
7780372
7898231
8039749
7862839
7952188
7921176
7921875
7956686
7935891
7829165
7917212
7837988
7956454
7823501
7873824
7853920
7984880
7943819
8059355
7930806
8121635
7972348
7946948
8072992
8026314
8073120
8034737
8003370
7970841
8084930
8031230
8428448
8093454
8119889
7892056
7924823
8136671
8161912
7892736
7954254
8037414
7726528
7958471
7852861
7829115
7922981
7852748
7870899
7950161
8110751
8021102
6543617
7690092
7548167
5392058
7842965
7891797
7942533
7971588
7824270
8080031
7921817
7978161
8242496
7944830
7956033
8034596
7893810
8115419
7934007
7870864
7811090
7912405
7797176
7846473
7798849
7754857
7880968
7878194
7808501
7797959
7980792
7860647
7855376
7821706
7732346
7851739
7807544
7755340
7907256
7713037
7456351
7413128
7354430
7592040
7723447
7773990
7728559
7674199
7783303
7723902
7692302
7276656
7552941
7702887
7499681
7531405
7501965
