34231406
34024342
33438165
35024291
34791525
35010349
33855099
34204117
34858740
35130697
33918740
34437974
34488906
35276401
34703386
35095949
36762269
34964396
35059240
34868075
34535775
34946901
34145309
35801950
35635913
36292366
35323964
36809605
35461061
35879105
36362822
35861210
36668548
35974710
34814929
35496983
35018297
36364662
35531123
35250076
34643651
36020586
36318435
34496256
35015352
35028516
34618154
35553835
34767585
35339944
35430700
35631900
35103271
35821313
35088567
35852474
35327717
34697972
34828357
34501666
34983395
35229574
35184906
34755494
34872767
34439621
33619973
34954409
34192389
34412602
34170479
34031934
33642539
34703819
36407382
34362625
34119311
33713345
34358142
35568695
35139211
35442988
34991551
34522106
34730994
36199759
35859362
36107935
35746547
35440316
35283050
37172355
36492535
35479431
35756213
35923434
36506666
36180047
35546637
34930927
35671646
36029839
35265626
35535924
35245907
34616141
35083744
34933629
33748998
34796420
34041444
34458038
35129076
34248227
33684390
34883776
35106772
33924439
35423350
34714287
35340003
34223622
33749273
35458213
34714077
33637568
34247742
35235698
35809918
32859766
33732455
33618282
35102813
33857952
33248815
33941563
33094926
33176706
34658738
32778220
32613809
33844522
33666088
32735915
32815367
33545704
33390857
33713010
31524532
33120063
32707534
33561210
32727513
32937552
32595399
32728915
33138942
33779818
33945934
33853605
33608510
34270210
33519597
33658142
33906855
33625660
32878660
34032464
32860459
32971768
33010547
32954535
31910483
32871766
32959462
32993448
33675602
33024573
32525761
35488176
33194783
33497962
33137816
34252276
33376647
33977911
33901695
33359839
33014279
31274858
33714263
34185762
33458693
33591723
33503002
34540750
33751975
34184889
33719423
26857364
32019181
31039878
21388979
34820063
34548877
33872842
34366029
35589717
34668105
34533587
35057830
35935279
34509222
34417215
34085708
35654576
33605511
33218735
35364283
35967076
34958002
35671365
35459824
35986008
35804811
34999694
35870532
35340774
35543584
35912294
35078679
35319727
35470635
36518784
34745730
34785089
35936021
35203441
34170972
33823168
33377455
32207380
34544774
33728720
33594783
33788659
34862448
33493689
33816857
33140112
32419477
33296643
32963146
32452205
32148570
32179128
7491757
7574849
7697394
7575533
7673293
7651723
7704310
7734140
7774888
7746210
7779028
7744692
7787375
7829077
7823858
7775950
8094365
7838533
7936018
7788567
7883713
7916025
7905407
7890531
7889574
7815096
7824328
7815855
7879700
7596122
7920607
7924074
7826610
7883773
7969710
7884066
7955083
7949459
7983934
8000636
7971866
7872107
7914459
8076950
8031266
7995302
8061103
7934318
8034606
7969500
7911272
7978363
8089095
8033514
7928125
8104872
8007852
8063792
7961718
8024296
8189423
7977827
7976622
8018904
7966392
7991934
8075944
8123498
7934508
7999982
7877686
8013938
7967259
7936463
8065301
7961878
7900991
7826993
8069791
8009638
8019839
7976499
8026764
8118856
8099032
8222886
8017553
7999658
7975002
8059721
7954139
7909864
8036241
7958015
7990186
8005812
7946648
7920440
7956114
8097469
7991329
8036472
7984952
7982894
7997152
8026565
8042227
7950521
8077618
7989217
7937469
8024779
7940716
8097716
7990945
7892882
7908640
8014016
8051363
7962848
8187872
7985219
8017246
8099210
7834079
8023855
7967360
7963850
7850882
8113084
7940569
8075057
7875675
8166147
7996889
7986915
8075601
7991201
7977550
8034289
7963653
7946049
7929951
7955051
8068101
7979998
8032480
7920654
7782651
7905852
8035723
7867536
7954333
7925310
7920533
7957758
7938765
7835453
7921344
7837646
7962551
7825243
7878250
7855880
7984745
7947053
8063567
7928931
8126364
7974980
7949612
8081148
8031564
8072318
8038836
8006719
7977410
8089235
8035908
8434090
8095720
8124887
7894071
7928428
8141152
8167118
7895663
7957499
8038755
7723860
7960225
7851602
7831743
7928236
7854764
7872955
7949767
8116267
8032031
6550982
7692527
7553451
5391749
7850235
7895916
7948853
7979089
7828565
8087367
7930832
7980620
8247365
7951156
7963545
8036318
7897489
8118512
7934852
7873401
7814956
7917833
7801294
7853171
7802970
7762882
7883871
7884775
7808815
7799180
7985066
7867159
7855025
7827784
7733321
7856280
7812990
7758996
7913933
7718075
7455947
7412847
7362758
7596264
7728158
7775491
7728085
7681327
7783574
7727177
7696281
7279020
7553839
7713117
7495656
7528499
7507557
