34202020
33990024
33397561
34987334
34713404
34979640
33814723
34158385
34812885
35064455
33871226
34374030
34428393
35239538
34664701
35033407
36737896
34934343
35030219
34830487
34492556
34883146
34106656
35776696
35594008
36260177
35280384
36751247
35412698
35842086
36318149
35811545
36613463
35931692
34782759
35441687
34951995
36343355
35489643
35202550
34613250
35967737
36262944
34444989
34941599
34976271
34558309
35501837
34714357
35309672
35394371
35588474
35037810
35776084
35030556
35797846
35269800
34661202
34770872
34469013
34946194
35178955
35130861
34728894
34851377
34390995
33577614
34897821
34138397
34377762
34124390
33967273
33606486
34652931
36343892
34309808
34088301
33672104
34312271
35524305
35082218
35382001
34953476
34476351
34652606
36148842
35786775
36061930
35698143
35391017
35236278
37121384
36457468
35439358
35697006
35878079
36445999
36133016
35507257
34895327
35634996
35979409
35215082
35491811
35197465
34578267
35061583
34892265
33711652
34771512
33981467
34393812
35099201
34222109
33635965
34833703
35044105
33892498
35363863
34654567
35286970
34172606
33688051
35418809
34682330
33599326
34197685
35191959
35762551
32802023
33669958
33558622
35019251
33802326
33171709
33859041
33052701
33125767
34603419
32727982
32579555
33800304
33619312
32678245
32769846
33492083
33350600
33671857
31484567
33063707
32691119
33511817
32697071
32881071
32568878
32671151
33106894
33723497
33892214
33819392
33548724
34216055
33483186
33609269
33865279
33571117
32832113
33995279
32815158
32934541
32967464
32904728
31871527
32838797
32906014
32930071
33623511
32987938
32460055
35444277
33154016
33442375
33092339
34217410
33333274
33939213
33859824
33335631
32992322
31262898
33676095
34142287
33406392
33537367
33458649
34489055
33701709
34131342
33642203
26824818
31971587
30984964
21347023
34774427
34524527
33845691
34316854
35554164
34620130
34488888
35045801
35908620
34475822
34358446
34033774
35600290
33576115
33185394
35348024
35894532
34883807
35622991
35420348
35943877
35746621
34949195
35821940
35311892
35495253
35877738
35027784
35278507
35415486
36460521
34678032
34756392
35918999
35150050
34127227
33767961
33344909
32149754
34492303
33685345
33556889
33759993
34800460
33468199
33751308
33085849
32388012
33266479
32887591
32421310
32101565
32129028
7493259
7575251
7695124
7575150
7665841
7651321
7701635
7733155
7769586
7738194
7776488
7740655
7782028
7827317
7822552
7770489
8093997
7835327
7938036
7789123
7882223
7911889
7902657
7892334
7888569
7815385
7821244
7810026
7878800
7594140
7915769
7918791
7826711
7882889
7969514
7879824
7951389
7948712
7980761
7994841
7975344
7867129
7909517
8073540
8023517
7992811
8052306
7933514
8026943
7970287
7907185
7976401
8080603
8027063
7923794
8101542
8003143
8061385
7959009
8025094
8187619
7974524
7969955
8017188
7965878
7988606
8074748
8122467
7932724
7998636
7873277
8009540
7967132
7934249
8063618
7956571
7899661
7823174
8069206
8006609
8018214
7972690
8022047
8117887
8088924
8220613
8011457
7995481
7970069
8056362
7953824
7909876
8032670
7952424
7985737
8004644
7943408
7917267
7954122
8097010
7990945
8033848
7981096
7982760
7995016
8026967
8042768
7945772
8075400
7988495
7932310
8020280
7942059
8097961
7985900
7886318
7903167
8011198
8044617
7960178
8181794
7980947
8011578
8096767
7833162
8020248
7961262
7961457
7849397
8109003
7934343
8067818
7867883
8163119
7990369
7980001
8074806
7989177
7974542
8030390
7962882
7945571
7927012
7952901
8066036
7973680
8029212
7922225
7778818
7900458
8040575
7864020
7952326
7919148
7919557
7951099
7937626
7834119
7916396
7837122
7957521
7823982
7872611
7851074
7984727
7941341
8059917
7927591
8120285
7977322
7945840
8075885
8032384
8071775
8033406
8002459
7971607
8085962
8028094
8432346
8094048
8122366
7890065
7927849
8136632
8167066
7895610
7954910
8037588
7723782
7958443
7849541
7829516
7924841
7850067
7868618
7949180
8111479
8020357
6545179
7685390
7549499
5387918
7846306
7895106
7948413
7970910
7826056
8084679
7925879
7980920
8245359
7948471
7957539
8035228
7894984
8117617
7935398
7878020
7808922
7909157
7798834
7851616
7803287
7756560
7883776
7881403
7806683
7797840
7984916
7863502
7854257
7823710
7727551
7849139
7810517
7759466
7909000
7715952
7453103
7413313
7357488
7595812
7727489
7771040
7726831
7676261
7786303
7723308
7693917
7277965
7550070
7704143
7496179
7527247
7505208
