31325614
31123557
30573269
32042132
31802485
32022987
30933506
31251116
31857473
32110600
30980134
31436210
31502256
32291169
31686401
32082086
33851304
31961654
32119019
31843873
31552521
31932724
31190536
32766092
32590724
33208297
32306158
33684124
32414354
32754015
33301581
32820524
33563505
32979218
31850219
32476712
32008792
33307403
32527769
32263213
31709225
32996282
33256610
31560070
32046508
32058125
31681067
32546640
31828539
32388203
32450757
32645108
32160785
32872478
32133808
32954751
32420054
31825516
31894901
31595128
32206453
32301454
32277898
31885853
31978941
31534827
30789022
32137932
31320107
31562802
31291024
31177791
30853674
31840824
33478577
31511209
31267968
30960396
31514434
32660458
32245305
32522045
32096681
31680444
31838716
33355421
32930437
33191504
32815601
32549729
32403864
34162867
33578616
32601810
32857722
33004303
33547865
33250780
32668133
32107946
32781395
33118440
32417223
32683182
32406632
31809858
32271161
32118382
31007387
31974315
31246463
31667718
32289523
31474001
30928234
32074686
32277212
31171371
32654067
31891333
32655895
31464968
31028595
32735743
31950427
30922876
31495972
32445952
32949394
30191429
31002928
30902331
32291734
31248117
30562748
31235161
30440136
30525668
31963822
30146074
29979323
31134054
30984679
30102064
30180600
30882495
30743373
31053720
29009422
30478165
30106627
30870361
30128486
30314740
29999710
30122323
30519579
31075219
31255651
31183678
30976639
31549155
30953106
31028497
31251232
30971505
30303161
31370351
30270272
30385551
30402470
30372461
29389975
30302623
30372891
30418167
31062238
30463294
29943772
32990689
30612785
30871717
30556874
31596025
30854150
31450116
31259842
30806849
30477420
28779313
31100276
31571196
31109825
31012536
30898266
31883574
31155696
31621814
31092422
24381643
29408880
28755596
19524761
32176436
31987483
31265164
31715651
32888944
32058800
31878573
32387977
33388597
31907776
31779393
31489512
32948330
31025779
30625001
32668151
33227197
32284756
32977128
32777419
33261248
33062398
32329685
33138283
32682457
32832115
33256478
32389502
32607177
32780400
33769458
32076057
32141576
33204335
32575875
31507973
31185649
30767913
29676497
31953633
31196553
31015684
31207506
32155347
30908203
31197550
30543087
29873652
30724624
30383129
29921968
29618366
29591568
6940634
7014821
7119115
7024267
7106351
7095189
7123853
7156671
7198982
7178336
7196880
7166051
7209026
7261924
7239074
7200424
7556392
7258133
7359914
7209060
7295377
7329553
7309285
7322046
7312969
7257317
7248882
7261296
7302031
7037288
7355901
7350909
7269363
7325095
7383571
7308461
7368355
7384326
7401278
7414547
7382212
7303416
7346622
7475761
7439935
7407780
7458590
7353325
7441438
7393619
7334943
7399642
7498535
7459538
7347026
7541182
7435473
7478925
7378888
7435958
7616385
7398874
7402717
7436721
7388135
7400855
7473474
7552657
7347541
7415734
7291893
7420114
7377065
7363163
7507101
7380201
7316958
7255145
7481987
7438235
7447733
7408416
7445980
7532093
7510273
7664826
7454489
7441189
7410093
7487024
7393145
7367796
7489085
7398688
7433067
7445031
7398660
7368576
7400112
7531033
7432816
7479780
7424412
7427988
7434594
7455163
7477916
7389033
7494542
7420683
7364992
7453827
7383092
7520847
7412739
7335813
7348780
7438720
7504200
7399265
7642911
7413110
7446324
7559280
7290346
7449871
7406049
7416020
7312346
7520501
7372760
7493994
7325788
7606887
7420431
7417220
7501080
7420183
7429715
7454819
7385434
7383503
7368302
7378910
7488443
7413406
7461838
7366845
7214384
7341109
7460839
7307622
7386957
7354902
7354026
7387596
7377243
7282456
7364822
7290513
7404079
7275086
7340225
7310192
7432336
7388114
7494517
7376892
7546671
7410030
7385169
7508975
7454264
7501638
7470325
7443965
7420794
7520984
7457876
7907915
7528026
7556357
7338609
7382764
7586484
7625331
7349068
7406583
7479974
7156297
7410343
7316199
7333811
7379733
7310042
7336278
7405585
7571173
7477807
5975196
7123282
7037264
4924506
7324170
7376704
7403638
7434012
7311000
7550850
7391486
7449511
7737913
7419850
7425297
7495825
7377666
7567517
7377392
7357630
7303224
7391947
7292125
7338719
7302408
7252585
7360634
7368965
7299684
7289194
7482642
7346686
7336346
7315354
7237555
7334614
7297130
7255087
7402884
7191356
6945735
6904087
6848983
7107489
7216012
7250012
7208308
7169688
7257071
7203877
7164119
6771660
7040125
7181517
6976949
7002528
6970981
