35358229
35190333
34626840
36223490
35955272
36203041
35062700
35403168
36044409
36313400
35122093
35641184
35700150
36450839
35897336
36295487
37922786
36198163
36296256
36076456
35770600
36158949
35361918
37025756
36846815
37531944
36559696
38014309
36664994
37081428
37615583
37078048
37882665
37205963
36049741
36731005
36216034
37611129
36759763
36461196
35886157
37267013
37573302
35737399
36241762
36258147
35883219
36802002
35981749
36587555
36628084
36884481
36309290
37069499
36341185
37036057
36543603
35930167
36066172
35748054
36192589
36477036
36411662
36013647
36137190
35684894
34870713
36151974
35479886
35687697
35415884
35277700
34949171
35939818
37635216
35630542
35357853
34937401
35610361
36842416
36401983
36704764
36253316
35779272
35959824
37424328
37102187
37342782
36985626
36696207
36545519
38429106
37697217
36771640
37022650
37158976
37745072
37433783
36775954
36194210
36951562
37281768
36499211
36815090
36515303
35920463
36388352
36206511
35019581
36050595
35303250
35727100
36412834
35518851
34962472
36151550
36377462
35206106
36654342
35964852
36553192
35502254
35026922
36679501
36005139
34900379
35517677
36467466
37081015
34136287
35001556
34905526
36374893
35089253
34493476
35236934
34342894
34418469
35917333
34032138
33889460
35098388
34953642
34029474
34086057
34811248
34692847
34955505
32804427
34387875
33992161
34812396
34015265
34230188
33867672
33999165
34443384
35056245
35209897
35137543
34889918
35533713
34725903
34919283
35176747
34881966
34163700
35310030
34122891
34260716
34298723
34259133
33186712
34160988
34202278
34269200
34948508
34319283
33783844
36664401
34485858
34759357
34424806
35543008
34611510
35196467
35169082
34619196
34303338
32517857
34975343
35448110
34647274
34858284
34753867
35813410
35006511
35368600
34950506
27954942
33249173
32239750
22307135
36060932
35809685
35124943
35610323
36841010
35924119
35784138
36320547
37145303
35778425
35664729
35314485
36886036
34826531
34549340
36621595
37215512
36161494
36896037
36690979
37232620
37022778
36223657
37079565
36576941
36756605
37123603
36284912
36544325
36678223
37745633
35940639
36032798
37160336
36368858
35373812
35015669
34573867
33343240
35687245
34908963
34777923
35012135
36041636
34685851
35003804
34329794
33612085
34491265
34129051
33639401
33327634
33332668
7482044
7571861
7690597
7566834
7656707
7641533
7700693
7729945
7760660
7732500
7775519
7736650
7776187
7811165
7811689
7763851
8054872
7825021
7919481
7774927
7878863
7900642
7893198
7877018
7866704
7800398
7803497
7791462
7859529
7583946
7895947
7905581
7803905
7867177
7957364
7866370
7938540
7929899
7964763
7979820
7957949
7851024
7896156
8062391
8011477
7978310
8044540
7911551
8019382
7950687
7888960
7957011
8065130
8011195
7912123
8073533
7987150
8041836
7944475
8013050
8167431
7962600
7963951
8009036
7954918
7978795
8069402
8097654
7930812
7991863
7867970
8001421
7963208
7927950
8035666
7953805
7886482
7815340
8060720
7991216
8003133
7960286
8008438
8105110
8077821
8196991
7997150
7977981
7955607
8041901
7943381
7884474
8003123
7945692
7969406
7981614
7924351
7897040
7939219
8082248
7977322
8015497
7969650
7968622
7979069
8016885
8030526
7938521
8069923
7976912
7929903
8012973
7931522
8089656
7984600
7877608
7890402
8005378
8027416
7949191
8156764
7971325
8013044
8072640
7827312
8011013
7959589
7946958
7838333
8105463
7934365
8068749
7867308
8147080
7994202
7978774
8069961
7985899
7963766
8030591
7966728
7940185
7930508
7958192
8066191
7973468
8024994
7909275
7789577
7903333
8042122
7862066
7957804
7922313
7931786
7961549
7941679
7830443
7914865
7836370
7953830
7817407
7866812
7853728
7980626
7940813
8063527
7924444
8121086
7980113
7952633
8082692
8031935
8075295
8041055
8002800
7967057
8085936
8028741
8395549
8093118
8116832
7898865
7918796
8129252
8151257
7890874
7950699
8036779
7734067
7951673
7846139
7822927
7921633
7853066
7859179
7947996
8092637
8021097
6575648
7694959
7562813
5437466
7835645
7886691
7942577
7963718
7811162
8073731
7915557
7968634
8213807
7941546
7952962
8026829
7882756
8109108
7937372
7863997
7798776
7902260
7783890
7837470
7792329
7745077
7869775
7868068
7798580
7782808
7966374
7848745
7838688
7814042
7713988
7843391
7804004
7741586
7890480
7708713
7452439
7422347
7361718
7585665
7718858
7768329
7724201
7668064
7781251
7715485
7694215
7283274
7550064
7709950
7500996
7538964
7505882
