33911674
33707723
33145574
34691477
34423483
34689310
33549436
33886549
34532631
34759015
33597818
34097565
34137679
34933640
34356387
34749588
36427558
34641122
34722545
34502738
34179942
34584970
33813616
35469756
35283535
35935757
34987589
36423788
35102389
35510459
36018077
35498188
36297554
35641743
34471286
35144096
34654804
36015641
35175517
34896819
34303204
35677639
35969548
34173474
34675125
34676497
34289931
35208419
34409017
35016238
35093026
35295216
34760837
35507588
34753865
35514015
34993542
34396917
34491195
34194721
34688060
34907185
34859536
34464509
34568555
34114352
33321429
34645225
33890310
34131475
33832214
33740242
33364695
34387999
36086679
34056168
33808661
33443070
34058461
35250841
34840300
35126225
34681072
34197844
34400416
35885317
35532948
35785326
35410006
35121414
34990476
36860720
36190031
35163429
35452189
35585028
36177313
35870712
35251298
34622197
35373974
35723348
34963291
35233323
34948657
34326417
34813636
34628684
33488876
34502189
33752935
34149725
34827099
33974196
33417805
34595930
34801500
33642384
35127498
34431337
35050583
33934830
33478975
35193339
34451961
33361926
33974233
34949655
35509961
32589346
33455455
33342195
34827986
33589718
32974623
33675987
32842605
32917477
34398138
32520760
32365685
33567826
33396673
32485829
32557540
33265839
33143889
33452273
31329814
32853767
32469976
33275738
32501335
32698229
32373734
32487396
32904706
33523888
33696142
33602126
33355908
33999672
33286095
33412865
33653124
33361566
32632255
33801875
32623991
32748656
32759214
32725925
31669899
32653060
32720734
32754556
33434657
32811975
32273724
35250847
32959979
33242580
32899702
34002348
33149150
33735720
33639755
33130445
32801879
31077268
33467578
33959888
33283605
33354310
33261934
34308726
33523387
33937761
33456984
26564087
31756786
30858814
21192629
34560677
34323368
33623941
34111021
35354296
34420166
34277964
34805967
35707853
34250250
34163492
33828572
35389222
33370268
32994054
35121279
35689590
34705073
35411777
35195632
35723982
35533035
34743261
35593241
35096878
35298744
35648574
34804501
35080718
35188784
36253129
34461574
34540547
35675249
34935934
33914756
33559454
33115510
31936493
34281343
33502637
33352575
33573106
34578155
33249482
33562705
32883838
32174186
33042992
32690592
32239981
31886209
31900595
7392147
7474878
7594219
7474400
7562612
7551601
7599552
7634204
7668505
7634063
7672469
7638931
7678632
7721721
7716722
7669682
7987637
7733457
7827861
7678969
7773558
7801589
7794822
7786177
7779774
7708540
7712643
7710524
7770622
7491667
7812306
7813807
7720063
7781000
7857056
7774967
7842890
7842697
7871787
7884246
7861979
7764586
7805160
7961434
7917559
7882651
7946257
7822281
7918111
7863462
7801288
7868076
7972352
7925100
7816672
7990759
7897703
7953758
7848732
7916663
8078386
7866539
7866974
7911156
7857607
7881465
7964659
8017832
7825820
7893228
7765271
7904240
7858829
7830818
7957795
7850916
7789495
7722223
7958256
7899293
7914772
7871472
7915678
8003027
7983859
8115962
7910688
7891631
7862845
7950833
7851656
7809549
7931994
7848186
7883051
7898026
7842182
7818778
7853699
7989683
7891620
7932122
7879965
7879985
7890644
7918997
7938866
7841808
7973965
7885371
7831211
7915981
7836917
7994212
7884751
7786492
7797984
7905201
7942477
7859159
8080092
7877296
7911981
7997832
7735421
7914063
7867259
7862979
7751379
8000777
7837854
7964052
7778280
8058243
7892105
7882278
7972263
7883234
7880075
7925764
7860307
7841326
7826077
7852478
7963057
7872757
7927255
7819877
7685342
7801602
7934327
7761319
7852942
7823871
7823144
7855663
7834583
7737593
7821325
7742363
7858076
7725127
7778570
7757395
7887463
7842996
7962336
7835766
8019984
7875798
7845204
7977584
7925793
7974263
7937126
7904694
7876726
7987131
7928590
8332044
7993554
8020153
7794529
7830763
8040941
8067050
7796029
7857593
7940482
7628449
7860735
7758888
7745923
7831824
7755904
7777604
7857570
8012822
7927264
6441387
7585458
7465268
5312748
7752714
7803545
7849090
7876336
7736343
7987887
7828794
7881819
8150143
7851838
7865045
7936851
7804348
8022651
7835491
7782062
7720115
7823606
7707282
7760912
7715341
7670051
7789840
7788144
7719244
7709567
7894145
7770780
7764905
7733287
7644607
7758434
7716909
7671093
7815694
7622475
7366424
7325420
7268624
7510135
7638586
7682997
7643487
7586680
7690824
7633603
7601783
7188358
7462731
7616175
7412707
7434916
7409699
