33897189
33684080
33086497
34678457
34407698
34633842
33503577
33813604
34462802
34751681
33558367
34029903
34099829
34902929
34296196
34688172
36388141
34586695
34665563
34483726
34144436
34546656
33779465
35420990
35241354
35896027
34931634
36404855
35065081
35472237
35969842
35470053
36260511
35611209
34438229
35115327
34593459
35976504
35138760
34863280
34263766
35607078
35917301
34113585
34622805
34632193
34227641
35155680
34389224
34968989
35032599
35232092
34708086
35454842
34717450
35485905
34959590
34335238
34440764
34135917
34635265
34866886
34815531
34410033
34517663
34060084
33278108
34591107
33839510
34061249
33810648
33671896
33326290
34328547
36052198
33997735
33770180
33386988
33995002
35189764
34789409
35086921
34625056
34162121
34351879
35851833
35480600
35733286
35366898
35083798
34925551
36795882
36127119
35139772
35392649
35556560
36126246
35819148
35197862
34602002
35331961
35663453
34928871
35207125
34912060
34271068
34771377
34591657
33417337
34444842
33677120
34120235
34786789
33897233
33342521
34537652
34774944
33597563
35077403
34369122
35004149
33893708
33442705
35141398
34400711
33311039
33911897
34919766
35459894
32545401
33382732
33289977
34756139
33543054
32904953
33612686
32785327
32858084
34357807
32471434
32306294
33509378
33360226
32417398
32515000
33207610
33071811
33384819
31261042
32797194
32421306
33221964
32434794
32614127
32315060
32442750
32854962
33458952
33641487
33552706
33292565
33923861
33244746
33372249
33603542
33308183
32584660
33720212
32578736
32694195
32700133
32680725
31625033
32577218
32677346
32689768
33366610
32750470
32208315
35196925
32899575
33176455
32821166
33955036
33098674
33692143
33600278
33082977
32750713
31011703
33426694
33879960
33222063
33292732
33207817
34239675
33467972
33885496
33398573
26529659
31704734
30819668
21158975
34510337
34270244
33578310
34058682
35292316
34363682
34221715
34768996
35658501
34244023
34106635
33791202
35327344
33317571
32920965
35067989
35666333
34649011
35382501
35159328
35689449
35484025
34699526
35558201
35041382
35233516
35618169
34750511
35011888
35171731
36225380
34442312
34508852
35636972
34927990
33885731
33526105
33086023
31898126
34254881
33451201
33326288
33522725
34549923
33230963
33519451
32845516
32141548
33014150
32657094
32187943
31849450
31876035
7412786
7491902
7608061
7495731
7586169
7568178
7619710
7643711
7686659
7659323
7694607
7653095
7696844
7744771
7730899
7685631
8008894
7750421
7844951
7700932
7793295
7823538
7813545
7806617
7801684
7730495
7731180
7730077
7791427
7508775
7831422
7836017
7740742
7796727
7882309
7793182
7860903
7863177
7890143
7908765
7881269
7780764
7824735
7978944
7940261
7902922
7963683
7842560
7941609
7880743
7819309
7883852
7993330
7944944
7838360
8015519
7918631
7971079
7869350
7933121
8099695
7889464
7887018
7929358
7877590
7898271
7986524
8036283
7849670
7910208
7788618
7921464
7883086
7848313
7979632
7869866
7812083
7740285
7980553
7919249
7934700
7891871
7935828
8027785
8006969
8138024
7930491
7913262
7880215
7972131
7868176
7825231
7951484
7872275
7906270
7919425
7860170
7836641
7871557
8014233
7907479
7952187
7901483
7906233
7913278
7937729
7960745
7862035
7989684
7903076
7847441
7940124
7857444
8009639
7900621
7808120
7824293
7927003
7962537
7876400
8103136
7900612
7934232
8018901
7755364
7936256
7883718
7884527
7771025
8022990
7848723
7985544
7791716
8081992
7908566
7901319
7991266
7901954
7896815
7946764
7879603
7862755
7849208
7867754
7980347
7891950
7940555
7838782
7701758
7818178
7953041
7781978
7872420
7834006
7842962
7874273
7856178
7754611
7839942
7759121
7876432
7741307
7798812
7779564
7903693
7860874
7979710
7846580
8040561
7893216
7866254
7998972
7948055
7991948
7959745
7922761
7893743
8008782
7950337
8354505
8011201
8037409
7807192
7850648
8059525
8086492
7817777
7876978
7962161
7644623
7883664
7773767
7765156
7846940
7776536
7792425
7874239
8035726
7945877
6458156
7605714
7485151
5323119
7771906
7821981
7867171
7897674
7754651
8009295
7850726
7905953
8169402
7875377
7883878
7960250
7821999
8040592
7851237
7801037
7742927
7842731
7727141
7779375
7733030
7689999
7808919
7810474
7736485
7728431
7913030
7791617
7782307
7757470
7665591
7781651
7738360
7687773
7840362
7644155
7385257
7340895
7287322
7528539
7655972
7707078
7657380
7604868
7714566
7655263
7624413
7208106
7483917
7634297
7427803
7454261
7431124
