33856867
33665392
33073699
34638304
34390585
34639613
33475175
33838066
34446466
34731337
33541018
34022681
34083276
34870292
34283959
34681358
36361062
34559989
34673705
34448770
34139025
34524240
33739106
35398567
35203964
35874451
34895570
36377391
35056030
35449942
35940732
35422346
36230821
35578637
34402814
35094208
34563491
35958878
35121244
34842288
34261697
35602337
35892501
34100140
34600620
34614945
34214068
35131503
34359414
34940495
35008327
35218219
34686010
35430343
34693468
35453238
34942824
34326689
34423200
34111743
34608856
34827851
34791860
34376810
34479104
34045190
33263342
34571854
33789338
34045700
33778463
33653455
33300614
34323259
36013657
33970549
33742436
33390014
33983675
35189847
34774946
35054793
34613162
34133249
34329424
35824747
35461824
35732210
35349438
35056279
34920566
36802561
36111272
35114454
35367736
35534885
36114942
35795369
35159814
34573882
35310229
35645176
34888108
35161946
34881283
34251013
34728606
34571062
33411225
34423157
33677070
34083632
34760128
33880853
33332645
34539933
34732707
33584791
35069366
34356926
34990514
33877710
33418619
35105276
34385536
33316351
33913589
34894371
35447082
32524221
33400768
33288345
34735388
33512475
32882499
33591262
32759307
32866984
34320455
32453123
32284157
33495658
33328053
32415128
32479193
33203291
33053998
33363250
31244479
32798368
32408284
33220714
32404984
32620746
32312950
32417568
32829104
33442411
33609122
33534571
33270529
33921769
33201894
33352874
33583234
33294127
32573236
33718239
32575749
32684046
32698349
32659100
31624749
32553771
32636583
32672235
33355096
32722400
32183321
35168745
32876480
33153671
32824581
33932402
33077051
33673820
33570861
33073171
32729267
30988633
33402871
33874357
33192210
33279072
33196766
34223196
33438253
33873535
33376123
26516247
31676331
30785850
21160415
34476724
34258162
33558647
34044722
35278988
34354656
34216480
34748889
35638997
34204006
34088954
33769502
35319559
33303810
32922948
35063347
35631016
34632097
35372052
35150203
35650223
35467979
34670698
35529227
35019186
35208303
35603909
34756248
35021004
35143215
36205880
34408075
34486784
35624024
34890370
33865922
33509754
33084464
31874941
34229759
33443122
33288417
33485984
34528541
33196508
33508788
32835645
32128987
33008824
32642575
32175470
31851992
31873155
7408310
7493503
7606389
7492626
7586678
7571909
7616307
7652581
7686872
7659498
7693216
7654178
7698671
7740714
7733436
7688102
8007726
7746678
7847744
7698519
7794106
7822951
7813263
7804195
7796777
7731471
7729388
7726824
7792539
7507727
7829395
7831679
7738922
7796951
7879918
7793050
7856794
7865012
7893560
7907448
7883606
7783460
7825651
7978933
7935340
7904070
7963863
7841648
7939457
7881295
7819618
7885857
7993986
7942826
7839388
8016291
7919540
7973943
7870626
7932978
8101456
7888371
7885772
7927537
7873236
7899541
7985095
8040935
7844320
7913688
7784408
7924034
7880500
7850093
7975838
7867946
7810562
7745457
7979680
7920140
7934914
7889079
7934210
8027672
8003043
8136967
7932041
7914406
7880853
7971566
7874716
7828635
7951783
7873291
7904458
7922313
7862083
7837481
7869891
8010874
7912012
7951492
7900266
7900267
7912558
7940599
7960558
7862198
7993556
7899906
7850256
7937122
7854677
8009401
7902144
7808069
7817434
7928276
7963915
7880027
8101604
7898725
7933396
8016080
7757419
7940807
7884943
7883791
7773596
8024948
7858128
7988225
7791681
8080598
7909111
7898731
7991668
7905392
7894409
7947092
7879118
7863165
7845707
7872056
7979568
7895881
7943877
7834966
7702147
7821981
7956124
7782800
7871865
7842304
7842259
7877396
7857291
7754941
7836038
7760224
7879334
7744094
7794865
7777263
7907013
7864492
7983762
7850472
8044868
7897464
7867066
7999973
7950745
7987844
7956701
7921765
7894744
8004025
7949666
8353906
8013411
8039092
7813896
7849446
8061565
8088051
7817821
7879124
7961600
7643067
7881224
7775006
7758418
7847387
7774792
7796758
7871142
8036887
7945901
6457360
7602682
7478052
5326476
7771549
7822046
7870210
7898284
7754944
8009068
7852494
7906271
8169714
7872708
7883783
7956738
7821967
8041487
7855488
7801394
7741611
7841039
7728757
7782104
7732392
7686203
7810340
7809051
7734186
7726432
7915876
7791383
7785226
7755317
7666936
7780698
7738553
7688711
7839461
7645645
7385736
7342240
7285793
7527224
7654971
7699716
7656985
7605666
7713647
7652605
7621000
7211905
7483789
7636306
7427288
7459876
7435296
