33846117
33631832
33046272
34612705
34355833
34590055
33440001
33776603
34423248
34694683
33497962
33992369
34038907
34845064
34249386
34651635
36354552
34544763
34641085
34396483
34104993
34488431
33715850
35378614
35181638
35841489
34873844
36336993
35016886
35410562
35915662
35404114
36211578
35537030
34373913
35050828
34526033
35900207
35088569
34791735
34208153
35571702
35867473
34054317
34564423
34566135
34188280
35093640
34330750
34887810
34995047
35196433
34655572
35393867
34648886
35423860
34912137
34286469
34379393
34107264
34562984
34795842
34763868
34376019
34468696
34021522
33225884
34541562
33768786
34022603
33742099
33621349
33263307
34283941
35972896
33932980
33699150
33328469
33947639
35158181
34721999
35022698
34568797
34114483
34289401
35800681
35431206
35683386
35318259
35012951
34869456
36745158
36084104
35069367
35336259
35488998
36073775
35749661
35119664
34553604
35271915
35606750
34862018
35130949
34846280
34205717
34700013
34544784
33388552
34397719
33644295
34037561
34732734
33851634
33302237
34487061
34722841
33550217
35045872
34306746
34962521
33825979
33380388
35080044
34338042
33265608
33873431
34835777
35393141
32483434
33328661
33232906
34704616
33503226
32856301
33563022
32722166
32814109
34287513
32422700
32250678
33474194
33303507
32371836
32469693
33176441
33054851
33331877
31222537
32762687
32360913
33160884
32389322
32582374
32261962
32372378
32817177
33439263
33570801
33490115
33249162
33897346
33186155
33327925
33547525
33240128
32517055
33679973
32543521
32638562
32634576
32611053
31561563
32516495
32628445
32655585
33309341
32684423
32140522
35125370
32855987
33132974
32783727
33882963
33051566
33652612
33542572
33036340
32685889
30969926
33367637
33849630
33155714
33256816
33179421
34175607
33402139
33815672
33357160
26484242
31666171
30756775
21122963
34462510
34237988
33528960
34012723
35239435
34302535
34189482
34721712
35605229
34171298
34067082
33735077
35284114
33276729
32885591
35005500
35597649
34603529
35300617
35116782
35622515
35438420
34651212
35488151
35003396
35183922
35551739
34705573
34988126
35101776
36150547
34365123
34446539
35592728
34870542
33826012
33459578
33036167
31854601
34201559
33413548
33276574
33455908
34507323
33165660
33448647
32804296
32097091
32973997
32614076
32149655
31814991
31827032
7409955
7488469
7607537
7490962
7583066
7562850
7612715
7645172
7682070
7657602
7689191
7651605
7691173
7736684
7727316
7684780
8006994
7745685
7846641
7693010
7788169
7818105
7809345
7802448
7793979
7725638
7730199
7720853
7790222
7503379
7828016
7828778
7739716
7793167
7875426
7786070
7854296
7855780
7886374
7901881
7875779
7778254
7821355
7976343
7933412
7896342
7959053
7836956
7934825
7875176
7816802
7882815
7988985
7938017
7832417
8012204
7917428
7968350
7865029
7933653
8095298
7884383
7881339
7925549
7873872
7900569
7979291
8032996
7841893
7908510
7783857
7918674
7875166
7844164
7971833
7866107
7805185
7736597
7975380
7918521
7929961
7886005
7930023
8025440
8000100
8134601
7925526
7909233
7879576
7965921
7865321
7821168
7950129
7867313
7900944
7914996
7857845
7830369
7864126
8009114
7902462
7946521
7894661
7893644
7906463
7933316
7955347
7859826
7985625
7899100
7845272
7929060
7852006
8007309
7899124
7802554
7821102
7920524
7961416
7873280
8101520
7893159
7929521
8012549
7748585
7931558
7879734
7875719
7765365
8019306
7847053
7980744
7788228
8077577
7906318
7895319
7983747
7899999
7890600
7943943
7874919
7859651
7842100
7865549
7979034
7889578
7944848
7832135
7697041
7817625
7948853
7774415
7870559
7835922
7836361
7869778
7855641
7756516
7830679
7754936
7872947
7739354
7792826
7776617
7900313
7855405
7973035
7845294
8039815
7892782
7856569
7988936
7940854
7985041
7955157
7920513
7886777
7999313
7940400
8347856
8012490
8034845
7806010
7844004
8055973
8086524
7812620
7873935
7955403
7641247
7876266
7770139
7755951
7847854
7770793
7789368
7869059
8026535
7945062
6453092
7602543
7477070
5316049
7769075
7822584
7866865
7894894
7748836
8001342
7846579
7899914
8168643
7866979
7881641
7953558
7819224
8038612
7848677
7796421
7734427
7839715
7721674
7776959
7728789
7684728
7806849
7804511
7732836
7724223
7910618
7783383
7780774
7749464
7659854
7774956
7734712
7686030
7835645
7638354
7382018
7338180
7280705
7522484
7652890
7699745
7652196
7606222
7707346
7645534
7619716
7203546
7479763
7632712
7423043
7451157
7425718
