33178055
33004301
32412268
33961376
33701560
33949898
32797451
33139294
33774435
34040461
32867068
33346814
33388852
34177727
33592704
33986837
35714537
33878642
33976555
33748930
33434654
33813439
33048271
34687844
34509133
35150830
34215667
35653789
34323855
34713394
35238127
34735511
35523873
34889136
33686777
34390794
33874256
35227786
34417261
34142788
33563238
34882836
35184191
33404377
33906352
33919273
33528651
34445319
33667948
34243885
34308632
34533003
34010288
34729666
33987185
34777320
34247744
33646257
33716853
33434427
33935496
34150911
34124217
33709406
33817095
33358361
32581322
33900965
33117022
33342190
33103587
32973479
32620381
33658452
35330056
33289106
33070455
32699494
33306031
34501146
34078208
34368017
33926439
33480629
33636711
35151624
34767099
35045781
34678996
34372669
34230890
36068435
35410371
34423030
34678846
34835510
35408985
35091903
34468863
33903118
34614789
34950857
34225930
34478476
34206931
33595762
34058288
33896932
32753351
33759968
33005591
33399496
34088072
33222341
32683503
33850965
34078655
32915634
34411735
33662288
34350506
33212572
32750865
34457989
33701026
32659028
33237426
34228848
34770807
31862074
32741957
32625615
34067247
32919300
32245728
32939906
32124499
32210984
33692303
31821329
31667805
32833129
32687858
31782234
31872722
32577520
32429127
32710878
30611945
32140118
31770215
32559066
31792097
31979644
31653811
31781146
32189979
32808662
32960987
32892966
32632276
33285198
32598714
32703930
32942434
32641360
31939140
33065503
31925206
32041106
32059526
32022296
30978536
31943418
32035537
32057300
32718160
32085000
31575556
34585013
32259098
32519839
32184858
33293151
32447680
33075956
32937637
32424786
32084867
30381299
32760384
33249513
32615629
32644185
32567222
33583426
32790633
33242003
32743792
25915584
31068070
30216424
20653745
33860684
33639880
32923514
33381373
34639233
33689676
33575409
34087243
35009102
33576224
33438212
33126356
34645067
32670080
32283610
34383736
34974523
33984081
34687112
34482922
34986742
34808604
34005603
34851876
34369180
34551939
34945142
34090082
34360556
34483545
35510719
33744111
33837346
34941370
34247639
33194733
32839706
32433261
31275571
33600135
32823689
32670354
32861015
33866488
32552184
32852588
32174667
31485844
32364287
32004170
31534920
31234387
31224954
7288681
7372474
7485492
7374386
7461246
7449757
7491606
7522409
7564108
7536629
7567019
7531567
7570025
7615711
7605877
7564355
7895614
7621281
7719037
7572897
7663970
7691731
7680150
7681921
7675487
7608444
7607070
7603362
7664093
7385536
7706648
7710749
7622061
7679448
7747201
7667774
7733494
7737845
7762097
7780956
7751439
7654771
7700270
7850069
7805549
7773083
7834223
7717866
7809586
7753604
7690438
7763673
7864090
7816548
7708801
7892769
7794504
7843620
7738686
7802075
7968352
7763439
7762896
7799798
7749265
7766895
7851235
7905648
7713417
7774797
7657152
7791326
7744198
7725689
7858163
7739811
7680442
7611209
7849774
7793152
7804691
7763194
7806000
7898694
7875249
8013654
7806588
7792203
7761794
7844619
7745494
7704707
7828646
7745650
7777322
7794310
7742395
7713828
7745305
7886588
7785219
7823957
7775278
7774063
7787966
7812703
7833011
7737180
7860785
7777541
7721367
7807824
7733005
7880144
7773289
7682096
7699680
7795288
7841076
7749112
7983403
7770622
7803113
7895547
7627589
7810248
7755180
7759874
7652172
7887245
7728546
7854368
7668078
7959146
7781346
7772205
7859650
7775074
7776409
7818677
7752285
7734453
7716957
7740535
7853304
7767016
7818838
7708765
7569197
7692827
7824917
7656555
7742664
7709602
7711832
7742597
7727564
7633219
7715489
7637086
7752126
7624790
7675809
7651240
7778482
7734831
7848220
7724585
7909872
7762009
7736629
7868309
7813675
7861485
7829320
7795866
7766632
7872875
7817479
8240741
7884663
7907425
7683067
7724929
7931122
7966269
7692373
7750451
7826844
7512619
7752618
7651576
7646427
7723349
7650109
7674115
7748378
7911345
7820099
6327067
7479162
7362622
5204345
7652400
7706294
7745271
7773079
7640267
7879469
7729743
7781381
8055298
7753963
7756931
7832979
7701985
7916206
7729097
7681843
7622864
7720942
7610036
7661490
7615950
7570674
7686073
7690641
7619256
7609244
7798781
7671717
7665289
7636361
7551911
7658739
7619950
7573371
7721819
7522285
7262626
7225671
7170379
7413791
7539663
7582941
7537126
7489624
7587178
7530988
7496003
7089457
7362189
7511531
7303623
7336930
7307872
