35263861
35068845
34522734
36105354
35850847
36101059
34957148
35293450
35924798
36199772
35006979
35516698
35576083
36359841
35777776
36188421
37802161
36083519
36173808
35968426
35629251
36037921
35248452
36907181
36726484
37428247
36444575
37928307
36542245
36972154
37480500
36986858
37795457
37084569
35925240
36618068
36104791
37489917
36654280
36363438
35756455
37150424
37456368
35621906
36124771
36158242
35733111
36698343
35861055
36470111
36536945
36759623
36177423
36965931
36214723
36939230
36423144
35813649
35963315
35623644
36071201
36357308
36303016
35881068
36041223
35557037
34740852
36045673
35335189
35557840
35290998
35155261
34823985
35815722
37496238
35483247
35227679
34837405
35493144
36717942
36284021
36568037
36137053
35652963
35841604
37325210
36998121
37219322
36877961
36564777
36410843
38311317
37609625
36631309
36892367
37043149
37635191
37317344
36676407
36073336
36819913
37166793
36404593
36662844
36407699
35792555
36258755
36061170
34918287
35955202
35178665
35616325
36283620
35396590
34850099
36032911
36242825
35070904
36523478
35854616
36438728
35396284
34928525
36567921
35887937
34789203
35422487
36352946
36964913
34021147
34876599
34775427
36255524
34959839
34372800
35107784
34220849
34297738
35824669
33913776
33774766
34951981
34809904
33911835
33962967
34688412
34551781
34826167
32681482
34272799
33862162
34673565
33902587
34112760
33745730
33879079
34325084
34945097
35105843
35029646
34769028
35420139
34611251
34790000
35057785
34765038
34038555
35198262
33993699
34138294
34137582
34128697
33080632
34037622
34077263
34142173
34830275
34179985
33666674
36542586
34353775
34634187
34286112
35395492
34495417
35075491
35049711
34502385
34186918
32403288
34867814
35318857
34511627
34739565
34641727
35690180
34898199
35268655
34832004
27854859
33138343
32123348
22210494
35946247
35686622
35010003
35511839
36714455
35795648
35658814
36203535
37012924
35664196
35539733
35191496
36767231
34712087
34410925
36498202
37087045
36061749
36803838
36582603
37079220
36889929
36095851
36957201
36472451
36663578
36990551
36175125
36409338
36550743
37625384
35814895
35897327
37044011
36273864
35240049
34889944
34441620
33233713
35573878
34798432
34675759
34902361
35929952
34591318
34896927
34212476
33493331
34390356
33998461
33519001
33208478
33226471
7486938
7571529
7694584
7570168
7661111
7647484
7703558
7730985
7763897
7735001
7779365
7736012
7779553
7814339
7815000
7769434
8060440
7827897
7922947
7780055
7876689
7903277
7896678
7881793
7874923
7807026
7809397
7799470
7864304
7585801
7898487
7913674
7813517
7870825
7956434
7872576
7943779
7930323
7968384
7985961
7961518
7857191
7900197
8063588
8016280
7986252
8045177
7920054
8022627
7955737
7896833
7963161
8065535
8019354
7915235
8080045
7989615
8048361
7950610
8016885
8170034
7964408
7971359
8009268
7958960
7979762
8066839
8106270
7932681
7994948
7870706
8006038
7967542
7927659
8037556
7955639
7888218
7821287
8062572
7995309
8010871
7961290
8016802
8110081
8086455
8205075
8004384
7981350
7960476
8045593
7945459
7889675
8013817
7943817
7974803
7987159
7930282
7903359
7946996
8086209
7983947
8022244
7978352
7970577
7987369
8017713
8033501
7936939
8079340
7983804
7934168
8018533
7934544
8091943
7987425
7883228
7890608
8006323
8030554
7956306
8164540
7977905
8020830
8077096
7830499
8016671
7963503
7947995
7842578
8110158
7937343
8068870
7868600
8150588
7995406
7980421
8075931
7988195
7975256
8034689
7969362
7941340
7930029
7959414
8068920
7976259
8027010
7912404
7792225
7909480
8044535
7864236
7960575
7926879
7929580
7961569
7943340
7837507
7920269
7841616
7957209
7825506
7870102
7855375
7985154
7945099
8069238
7929539
8124439
7977199
7948886
8084025
8039660
8079530
8044012
8010027
7973116
8085694
8034345
8400086
8094429
8120988
7894780
7920498
8134634
8156066
7896478
7957102
8043734
7734775
7958613
7847152
7819747
7926936
7857265
7865043
7952706
8097997
8024989
6576507
7698082
7565054
5433525
7841093
7889642
7947675
7970905
7815056
8075115
7916741
7970062
8216764
7946850
7955192
8026813
7888767
8113208
7937229
7865411
7802147
7909970
7789476
7845959
7788896
7747190
7872815
7871668
7804309
7789256
7967652
7855142
7841930
7817849
7721867
7849501
7802479
7747622
7898296
7709842
7454265
7421352
7364389
7586738
7722212
7773907
7728573
7669908
7792255
7721831
7699154
7284148
7554185
7710504
7503909
7536664
7512624
