35185972
34991696
34417929
36008091
35766045
35995682
34854996
35188464
35827152
36101552
34919092
35427612
35489040
36268765
35686443
36115513
37727338
35978889
36056876
35853229
35550467
35943406
35159124
36801150
36663004
37327395
36336156
37844260
36475878
36850084
37377673
36886135
37709849
36994855
35825157
36494930
36016431
37390676
36546577
36246060
35673466
37051132
37344350
35514559
36012481
36045003
35633408
36572352
35786835
36376512
36433456
36642183
36099471
36851216
36135442
36837326
36313459
35709406
35853485
35532701
35974216
36248422
36205917
35782473
35931079
35459084
34667585
35932765
35217925
35449206
35181939
35075140
34727130
35716596
37399295
35398130
35145092
34737010
35381101
36611981
36180414
36482679
36048382
35550240
35748893
37198110
36874629
37119991
36761995
36469275
36316157
38202726
37523094
36533806
36814179
36944842
37520267
37220347
36544349
35986793
36719633
37048406
36282884
36591279
36286239
35683405
36169756
35988990
34802303
35825998
35072446
35502958
36168803
35292696
34764290
35928319
36167431
34971920
36434135
35752102
36322154
35275857
34812477
36465533
35800808
34672337
35323390
36261717
36867038
33908950
34773699
34653883
36143588
34871612
34272387
34993712
34123618
34210238
35705396
33840958
33657652
34867764
34720143
33786742
33869597
34577920
34444713
34727208
32572048
34164491
33761211
34581717
33794680
33998381
33644783
33762212
34191413
34824167
34983282
34931487
34653453
35314843
34503046
34685599
34951710
34658290
33924545
35096312
33914538
34044112
34059206
34018606
32958765
33925459
33980041
34032725
34717560
34072148
33553280
36469116
34245187
34525160
34205333
35310374
34405473
34998244
34940879
34399951
34087240
32324530
34746213
35223829
34435980
34649559
34520740
35604803
34802142
35155096
34733120
27770387
33029042
32038543
22152620
35857301
35606319
34899021
35387794
36621200
35692317
35556588
36098582
36927743
35550828
35449342
35093049
36659348
34635745
34302686
36420610
36984550
35957264
36686643
36493073
36990379
36814030
36023003
36851818
36354390
36547019
36898953
36085501
36331385
36457081
37515566
35724226
35805031
36962076
36176896
35164557
34796984
34365728
33140368
35499391
34686954
34582504
34800014
35836262
34476863
34802877
34122568
33400003
34308103
33920202
33434633
33113858
33131309
7492609
7573369
7697527
7571446
7665390
7649229
7705711
7733222
7767093
7736546
7781957
7741468
7782560
7820286
7816641
7778115
8064671
7832368
7924812
7778951
7882750
7905873
7900648
7884502
7883613
7808873
7810965
7805032
7870618
7586704
7905320
7915958
7818528
7873910
7960980
7870438
7948666
7934877
7970729
7989311
7964868
7859923
7902673
8067354
8017829
7986853
8047821
7919466
8028568
7962848
7903088
7964617
8075700
8020242
7922299
8085189
7993220
8050974
7952476
8019029
8173932
7968059
7972536
8013634
7961655
7984142
8077554
8107978
7931660
7997603
7874649
8010737
7972631
7933231
8044314
7959921
7893899
7825304
8065511
7997299
8012385
7968450
8017990
8112389
8088394
8205652
8005476
7987885
7962272
8048622
7945616
7893736
8018920
7949027
7983062
7992552
7932822
7908890
7943794
8094623
7982023
8024072
7975871
7980372
7986134
8021061
8042208
7946362
8076773
7981168
7935997
8021851
7933413
8096258
7989803
7886801
7902046
8012562
8034537
7958716
8165081
7975918
8018484
8082115
7835108
8018675
7969736
7953579
7848385
8112352
7939896
8071510
7869380
8154078
8000508
7985887
8077765
7989431
7973087
8041327
7971238
7945974
7934172
7960471
8075762
7977113
8027053
7915257
7794224
7909654
8043463
7869993
7965080
7927073
7931996
7961935
7941207
7836791
7919286
7842578
7960448
7823852
7871982
7856509
7989529
7946296
8068464
7928585
8128658
7985147
7955372
8085264
8040648
8081092
8044455
8010653
7974790
8088665
8033863
8408340
8096993
8121298
7900906
7927403
8138055
8161637
7899390
7958738
8044976
7740244
7959092
7847495
7829011
7928996
7854786
7868419
7956110
8102578
8029028
6577944
7700058
7567243
5433894
7845987
7894013
7944617
7968941
7818386
8077463
7921631
7973020
8221342
7943102
7958427
8032397
7888801
8120357
7937769
7874587
7804862
7911172
7789656
7847092
7795928
7754987
7880908
7873534
7803351
7790899
7974436
7856974
7848954
7818285
7720928
7848874
7807127
7752734
7901486
7715191
7456274
7425132
7365813
7589920
7719864
7776875
7729598
7677708
7789223
7727330
7701245
7289219
7556116
7715312
7506053
7539475
7509526
