35066201
34852736
34290796
35891595
35638728
35881606
34724589
35073813
35700704
35956989
34803674
35292804
35360583
36152437
35564738
35974143
37610930
35879570
35943095
35742895
35415484
35826906
35036290
36687807
36518900
37203205
36218493
37701500
36341485
36767335
37277479
36742309
37581101
36889334
35702373
36393766
35885142
37264902
36434091
36112740
35533341
36924835
37221270
35399349
35903067
35911791
35524929
36455614
35649110
36237632
36304273
36517035
35969876
36731225
36009707
36706550
36227527
35611316
35730173
35418019
35855767
36126023
36085336
35668208
35820485
35347319
34541888
35820965
35102514
35346406
35063859
34929323
34602354
35605232
37283754
35292726
35011650
34619788
35258220
36493088
36050332
36356015
35896425
35421448
35633321
37092957
36746874
37003689
36659565
36344353
36208201
38088984
37398062
36400411
36677439
36820183
37414169
37094785
36432588
35834199
36607573
36939186
36166833
36464523
36157924
35540287
36014911
35852858
34682886
35708910
34948621
35361893
36039911
35157387
34633130
35816151
36026149
34838484
36320266
35625427
36219137
35146623
34681100
36338121
35672880
34584331
35201965
36152849
36709616
33785094
34647901
34544861
36029351
34749044
34157650
34874721
34015844
34079397
35579023
33707340
33545989
34748334
34578706
33665200
33729896
34463470
34315290
34604649
32472021
34015531
33658871
34464843
33662958
33876597
33512561
33654885
34080291
34718003
34847054
34805577
34548154
35182289
34381549
34574450
34838540
34533829
33797130
34981355
33784341
33907066
33915732
33908855
32834561
33778030
33859443
33907480
34605084
33964215
33445814
36346765
34134293
34404266
34063394
35193344
34285653
34873388
34800465
34270403
33945038
32180740
34637787
35112298
34305187
34518596
34414577
35477417
34679975
35048986
34596762
27646490
32904620
31919953
22057685
35749632
35491345
34775892
35283119
36513138
35583742
35438889
35981605
36806641
35431717
35309511
34977744
36555187
34521690
34161002
36263252
36857960
35826883
36571386
36373749
36873386
36698844
35908188
36727798
36241597
36440312
36792139
35969603
36207638
36353723
37406586
35605930
35685712
36807727
36072066
35047105
34693609
34232658
33023271
35373635
34569835
34455931
34676083
35710360
34352969
34681158
34015369
33282431
34185391
33798549
33310003
33004607
33018299
7485041
7567261
7690812
7568710
7658619
7644366
7700325
7726542
7762665
7729949
7776903
7733815
7779043
7816399
7811992
7768225
8064739
7831808
7922126
7776497
7875682
7903576
7896995
7881899
7872191
7802699
7804774
7799259
7865999
7588458
7905959
7906369
7816788
7873754
7957163
7873212
7942265
7929994
7969575
7982316
7960068
7852863
7896809
8064491
8014882
7978247
8046243
7917647
8022716
7955658
7895977
7959798
8066705
8016522
7917561
8079721
7995395
8051333
7947476
8017732
8170825
7965507
7966185
8009988
7958679
7981057
8071588
8107449
7926909
7992982
7870357
8001710
7964954
7931472
8042915
7953811
7888178
7819980
8059595
7994849
8007343
7963998
8008579
8106923
8085485
8203693
7998972
7985138
7961619
8043541
7943425
7891789
8017717
7944704
7972541
7987959
7930712
7904309
7944188
8084121
7984202
8021947
7975836
7973925
7981589
8014699
8035197
7939119
8072897
7978939
7930205
8014164
7931436
8091272
7984954
7882874
7892769
8005884
8031156
7955514
8162560
7971027
8011691
8079515
7831154
8020072
7964283
7954122
7839567
8107043
7935973
8068913
7866448
8151848
7994290
7977983
8075956
7986216
7968857
8033993
7965829
7942563
7927533
7956200
8066001
7973059
8023414
7914884
7790520
7897373
8042874
7862900
7958057
7920516
7925745
7958763
7939655
7834759
7913423
7838558
7958610
7820786
7866605
7853945
7984465
7942343
8062171
7928409
8125092
7974180
7946785
8082320
8031568
8071717
8040677
8004637
7972254
8084627
8035684
8405596
8094434
8117292
7894162
7923055
8134346
8158517
7891171
7952981
8038134
7731686
7956508
7847046
7819908
7925057
7850451
7864686
7950925
8098680
8019720
6566447
7691176
7558614
5425570
7843083
7891388
7939690
7965225
7818770
8076713
7919486
7970368
8220283
7944613
7956389
8028789
7883975
8117642
7934516
7866250
7798678
7905862
7788989
7841991
7794498
7750913
7878566
7866142
7802886
7787985
7971078
7855132
7843868
7817605
7717738
7846302
7802293
7744783
7899298
7709275
7454288
7412505
7359290
7586461
7717184
7771928
7726558
7669175
7783513
7718261
7697048
7283403
7552730
7708356
7497846
7536236
7507312
