47421
11440
14004
12098
25499
11316
11391
11632
11837
12123
15459
11585
12249
484008
15791
32099
2334054
19117
512524
13749
11764
43130
11225
364878
15145
12834
12600
12547
11296
12984
90526
12885
14692
559130
15647
40826
12175
56075
12549
82486
11767
12704
13604
25745
19582
12072
12200
12062
11371
13717
13383
14294
410883
297640
17408
1042473
575420
691225
22067
14546
1247505
25885
178520
45314
13110
11239
17495
1004914
20288
17951
11594
13199
11177
18995
689314
17381
688398
31665
18029
13487
14359
12688
13004
12648
15561
935915
21487
12377
12836
13700
12909
16205
516102
18051
14990
15019
21585
14839
262498
583031
19778
30478
13691
13251
19452
13145
15385
91168
12741
23407
13448
13042
12396
13239
11367
11475
12691
16686
1213821
23681
1551576
40435
17477
1603162
22252
91810
13787
438259
28730
32025
12083
11538
19734
1271411
20616
20698
412594
193731
1067064
20587
11699
12050
10586
10939
12904
158134
497532
1013510
19896
109344
12294
11837
41610
12596
10910
11996
11644
13018
79609
13726
272305
21734
1259920
54101
93298
12654
84184
14102
10729
11451
10849
10368
11258
80944
11802
11859
270109
200192
12270
2793731
22500
21212
28978
17996
876488
1201202
32667
311419
18089
28265
12257
15620
1652613
11964
12321
12895
12890
1301228
94222
23403
150755
15585
12592
41214
11662
13157
11587
13738
454926
15003
12284
1883020
293103
17262
334027
13065
11276
11817
11841
14817
10868
11761
12123
12179
15318
18637
21240
12049
55118
1158955
22600
12328
51484
11784
11613
12635
14872
791227
18863
26128
13293
204032
991909
713078
13201
11497
10732
12445
28971
33523
10455
10260
154647
15103
12240
9421
8665
2090
2651
2234
4622
2114
2129
2171
2225
2244
2936
2135
2290
89008
2979
5870
430805
3561
95259
2537
2210
7927
2150
66008
2751
2346
2269
2237
2061
2312
16969
2362
2615
104923
2910
7567
2272
10113
2318
15577
2223
2230
2431
4853
3621
2245
2313
2194
2178
2558
2410
2595
76979
53751
3142
193586
103407
129789
4102
2741
230180
4706
33286
8664
2440
2146
3335
186666
3761
3389
2148
2496
2087
3515
126736
3259
125363
6000
3455
2483
2658
2314
2433
2370
2933
176516
3864
2246
2365
2495
2399
2867
94847
3259
2731
2677
3865
2665
47135
110118
3676
5610
2522
2396
3535
2415
2831
16757
2460
4328
2508
2440
2263
2531
2147
2089
2305
3159
224545
4378
287694
7464
3320
294851
4058
17202
2561
82228
5140
6166
2281
2181
3568
242292
3937
3848
83084
36805
193393
3959
2248
2292
2000
2047
2500
30750
95843
186622
3806
20205
2379
2205
7929
2396
2068
2290
2187
2396
15058
2524
50997
3999
238230
10274
17666
2333
16138
2661
2114
2170
2052
2004
2197
15373
2294
2298
50663
38801
2365
524483
4359
4097
5422
3304
169792
225712
6011
57707
3453
5507
2290
2819
313266
2238
2333
2333
2415
242043
18500
4294
28372
3001
2360
7670
2177
2491
2182
2513
85763
2782
2290
353988
54672
3251
63430
2385
2199
2225
2186
2656
2058
2140
2220
2210
2744
3440
3938
2197
10274
220302
4193
2269
9623
2130
2158
2340
2671
148105
3493
4772
2449
38491
185098
135067
2518
2169
1957
2341
5461
6305
1932
1912
29082
2822
2337
1782
