47804
11197
13732
12024
26090
11686
10692
11729
11758
12407
14509
11469
12032
481866
16190
32299
2332749
19393
509793
14082
11911
42506
10634
363721
15396
12797
12542
12013
11604
13297
90358
12069
14408
561360
15932
41336
12280
56155
12429
83689
12107
13188
12684
26794
20069
11462
11888
11598
10847
13761
12854
13825
412515
296962
16692
1042359
577531
694068
22059
14570
1249499
26044
179047
44730
13329
11627
17494
1004649
20130
17745
10852
14471
11743
18461
689869
17943
685535
31012
18460
13229
13766
12751
12621
13406
15152
934245
19953
13022
12323
12737
13086
16314
512482
18504
14355
15079
21231
15157
265453
583244
20512
31346
12542
12908
19931
12701
16524
92507
12809
22132
13089
12809
12184
13412
12037
12185
12586
17729
1210621
23551
1554436
39745
17844
1601408
21528
90158
13973
437592
29506
32356
11926
12710
19372
1277184
20850
20409
416484
196335
1073107
20858
12021
12215
10991
10433
12784
156940
496198
1015443
19075
110526
11647
11606
42369
12762
11002
12063
11358
13452
80563
13995
269579
21164
1264145
55150
90426
11809
84379
14355
11139
11037
11564
11154
11127
81803
11940
11889
272967
199825
12054
2797267
21918
21689
28780
17872
877172
1200145
33389
312922
18768
28475
12047
15186
1656906
12286
12573
13781
13036
1307921
95284
24351
151934
15390
12420
41559
11530
13615
11955
13542
454667
15489
11595
1885045
292975
17427
332862
12762
11482
11166
12078
14829
11114
12198
11867
11954
14852
18113
21030
12137
56246
1161982
22249
11637
51137
12273
11726
12915
15760
794313
18438
25328
12422
206119
993314
719282
13457
12671
10540
12369
29394
33724
10319
10062
154626
14663
12528
9694
8733
2093
2626
2207
4742
2188
2003
2177
2173
2303
2794
2132
2265
88788
2989
5979
430886
3587
94701
2606
2254
7863
2007
65735
2843
2337
2291
2139
2136
2354
16820
2235
2569
105194
3000
7666
2283
10165
2326
15763
2249
2356
2330
5079
3700
2142
2195
2106
2085
2535
2335
2520
77318
53635
3025
193893
103565
130253
4061
2749
230818
4721
33394
8406
2441
2170
3376
186990
3751
3354
2035
2736
2213
3456
126933
3360
124947
5874
3474
2431
2548
2327
2355
2492
2864
176426
3625
2357
2264
2354
2413
2864
94131
3324
2627
2721
3828
2753
47571
110612
3778
5740
2319
2355
3679
2354
3031
17043
2434
4083
2449
2410
2245
2557
2271
2201
2310
3308
224516
4361
288496
7229
3392
294936
3872
16922
2601
82261
5233
6184
2263
2389
3525
243216
3950
3807
83742
37387
194288
4009
2301
2298
2060
2030
2490
30587
95735
187221
3680
20495
2242
2180
8115
2379
2109
2327
2136
2498
15242
2532
50663
3888
239055
10404
17189
2222
16235
2669
2176
2110
2199
2147
2170
15530
2308
2315
51157
38840
2329
526552
4261
4153
5371
3271
169673
225958
6117
58056
3588
5435
2286
2833
314129
2324
2370
2522
2467
243177
18653
4488
28615
2946
2310
7730
2114
2511
2260
2440
85804
2866
2188
354490
54617
3273
63314
2352
2211
2107
2204
2668
2053
2213
2162
2165
2674
3388
3893
2241
10391
221081
4129
2169
9543
2178
2206
2352
2847
149202
3434
4607
2281
38829
185519
136394
2560
2373
1980
2317
5534
6300
1900
1864
29049
2738
2379
1858
