48855
11429
13223
12045
26318
11708
10775
11342
11157
12202
14905
11298
11786
482172
16813
33040
2335713
18744
512854
13323
12243
42843
11171
366594
15509
13184
13191
12072
10910
13368
88694
12579
14221
559477
15313
42354
12797
57629
12794
83475
11431
12370
13194
25538
20343
11425
11716
12293
10718
13571
13092
14004
411519
296410
16832
1039597
575746
693244
21169
14773
1247288
25633
179859
44833
12529
11733
17803
1002907
20958
16875
11468
14315
11145
18506
690836
17267
684576
32175
19730
13026
13284
12627
13627
13105
16244
937210
20586
13150
13184
13838
12677
16273
513340
18149
16176
15326
21130
15057
266065
583348
20982
31703
12907
12964
19603
12746
15531
91868
12531
24043
13359
12504
12342
13358
11450
11662
12865
16566
1218406
23371
1551720
40571
17821
1605760
21005
90823
13373
433826
28314
33164
12243
12020
19727
1278289
21260
20804
416204
194226
1066405
20257
11887
12211
10559
10714
13341
156334
498851
1017815
19762
108534
11494
11806
39980
13144
10623
11437
11823
13445
80090
12930
273352
21214
1260272
54377
91251
12374
86655
14538
11828
11277
10864
11254
11307
82982
11701
12114
269955
196984
12582
2794607
22390
21800
28671
17508
882014
1207665
32588
312068
18452
28773
11688
15212
1656636
12781
12552
13191
12637
1301568
94328
23848
151959
15204
12966
41980
12149
14184
11582
12988
457446
15505
12191
1878336
293398
17150
332990
12377
11095
11867
12345
14671
11345
11532
11560
12068
15513
18591
20863
11810
56359
1160081
23096
11610
51675
12410
11520
12132
15863
787888
18535
25859
13234
202483
992495
713782
13543
12582
10327
12178
28594
32995
10718
9846
153257
14528
11988
9679
8919
2126
2523
2192
4775
2160
2035
2115
2093
2240
2851
2102
2209
88852
3155
6076
431707
3477
95248
2519
2278
7905
2092
66445
2869
2405
2363
2157
1990
2398
16580
2315
2559
105180
2888
7690
2384
10519
2369
15708
2150
2230
2385
4831
3723
2126
2171
2205
2033
2470
2393
2582
77025
53573
3088
193320
103556
130231
3954
2813
230590
4645
33486
8440
2324
2215
3370
186460
3881
3205
2142
2680
2098
3438
127090
3265
124774
6093
3675
2399
2444
2275
2526
2492
3073
176589
3759
2375
2399
2531
2373
2888
94443
3324
2948
2809
3807
2693
47735
110356
3836
5814
2387
2368
3605
2379
2881
16947
2408
4419
2503
2313
2257
2592
2162
2113
2306
3110
225567
4327
288227
7481
3425
295942
3868
17034
2489
81697
5064
6333
2287
2272
3597
243674
4054
3851
83820
37098
193309
3951
2299
2324
1994
2047
2607
30564
96527
187578
3773
20077
2202
2214
7723
2486
2057
2197
2284
2466
15180
2413
51219
3908
238516
10286
17447
2349
16586
2718
2288
2138
2104
2188
2200
15641
2272
2311
50687
38440
2424
525301
4352
4172
5438
3247
170830
227323
6020
57951
3535
5562
2244
2794
314396
2390
2363
2379
2353
242382
18446
4370
28492
2903
2420
7872
2249
2664
2164
2360
86087
2882
2305
353434
54432
3236
63347
2261
2146
2218
2308
2655
2145
2098
2093
2209
2801
3488
3872
2162
10467
220808
4279
2157
9674
2231
2158
2248
2862
148187
3427
4717
2401
38291
185230
135391
2603
2345
1915
2348
5464
6200
1946
1853
28763
2703
2295
1823
