47531
11313
13483
12330
25972
12081
10950
11427
11585
12233
15406
11468
11869
484403
16658
31054
2329381
18426
515626
13849
12394
43268
11370
367076
15409
13295
11997
12346
10708
13069
90321
12509
14810
561990
14532
41311
12466
56416
13226
84495
12138
13081
12572
25716
19996
11118
12132
12156
11265
14275
13123
15019
410155
295260
16700
1046002
572235
689654
21562
14605
1247727
25091
177798
45017
12520
12406
18014
1005894
20211
18185
11087
13346
11264
18964
690110
16783
686807
31829
18131
13350
14226
12235
13005
13501
14829
938008
21460
12551
13159
13125
12965
16314
514079
17739
14998
14719
20571
15199
264607
578682
21167
31019
12846
12872
19627
12507
15884
91786
12024
23902
14219
12730
12471
13725
11873
11672
12618
18181
1213798
23198
1543440
40138
18237
1598179
21537
92184
13513
442137
29557
31357
12279
12801
19214
1276660
21145
20767
416499
193005
1062724
19666
11821
12429
11229
11180
13436
158274
493820
1018317
19660
108128
11367
11911
41202
13056
10760
11246
11712
13441
80426
13282
270143
21811
1260368
53543
92366
12512
82764
14997
11466
11177
11472
10460
11135
81007
11818
11943
271072
200766
12640
2793501
22731
20785
28509
18117
876127
1205201
32135
311510
18013
28222
12222
14836
1654976
11892
12571
12850
13305
1313193
94041
23495
151160
15881
12678
42197
11606
13956
11931
13255
453193
15274
12666
1885754
296492
16909
335224
13456
11782
11012
12431
14761
11211
11999
11973
11189
14944
18550
22108
12034
56314
1156091
22390
11460
51857
11957
11757
12381
15575
793616
18815
25499
12647
204032
993007
715078
13145
12214
10097
12016
27298
33461
11084
9941
156747
14940
12315
9459
8646
2100
2580
2292
4749
2214
2064
2149
2150
2250
2960
2136
2241
89177
3156
5763
430517
3435
95702
2517
2312
8016
2170
66523
2834
2428
2183
2192
2034
2333
16916
2274
2678
105449
2724
7573
2330
10170
2411
15907
2268
2325
2279
4859
3646
2056
2294
2178
2157
2641
2371
2728
76875
53513
3032
193939
102766
129696
3947
2744
230458
4573
33228
8484
2309
2295
3459
186971
3778
3425
2072
2531
2111
3509
126932
3112
124743
5983
3415
2427
2634
2224
2402
2588
2841
176828
3903
2288
2399
2480
2403
2880
94553
3237
2701
2668
3728
2705
47365
109792
3904
5727
2365
2367
3594
2322
2916
16958
2310
4413
2636
2389
2292
2610
2233
2141
2269
3417
224826
4305
286578
7370
3481
294388
3941
17334
2515
83071
5265
6058
2288
2420
3502
243179
4032
3844
83828
36801
192850
3813
2246
2347
2074
2147
2625
30849
95272
187304
3790
20045
2193
2235
7851
2447
2078
2148
2192
2457
15210
2448
50703
4028
238727
10172
17629
2328
15995
2796
2215
2119
2169
2012
2186
15349
2277
2279
51012
38976
2439
525208
4409
4017
5366
3371
169689
227384
5911
57884
3476
5436
2302
2776
314037
2229
2367
2361
2475
244176
18489
4320
28460
3032
2404
7902
2143
2623
2224
2429
85509
2822
2363
354555
55123
3173
63801
2420
2276
2081
2297
2649
2097
2166
2184
2041
2668
3456
4069
2212
10454
219860
4149
2110
9614
2122
2191
2260
2855
149076
3465
4622
2330
38643
185493
135913
2536
2301
1889
2295
5190
6218
2013
1860
29418
2760
2334
1802
