47972
11327
13581
11904
25587
11337
10886
11875
11747
11958
15817
11243
12315
481549
16255
32103
2336008
18975
509023
14008
11877
43577
11419
362808
15671
12606
12516
12441
11673
12969
89563
12076
14301
559171
15122
41531
12507
55417
12394
82058
11797
13324
13183
24741
19736
11663
11479
11409
11594
13877
12966
14898
408349
297094
16362
1039597
580511
695560
20568
15338
1245943
25851
180041
44791
12875
12049
18347
1000369
20176
17871
11015
13986
11441
18621
690612
17438
683038
31670
18678
12814
14400
12808
12910
13069
15745
935399
20578
12927
13775
13411
12598
16467
517094
17243
14965
15570
21285
16193
260583
586472
20645
30459
13129
12823
19120
12488
15796
93441
12989
24318
12887
13309
13120
13227
12001
11093
12158
17566
1211784
23486
1552616
40429
17869
1598612
21962
91169
14073
436874
28590
31555
12344
13223
20249
1276285
21373
19956
416368
191772
1067625
19976
11043
12180
11157
10466
13464
157683
495284
1016845
19535
108503
11278
13029
40999
13351
10715
11248
11989
13698
78487
13077
275258
22157
1260908
54329
92500
12717
83840
13552
10938
11151
11428
10214
11122
81053
11949
12023
268505
199156
12079
2795271
22168
21486
30083
18275
876523
1202917
32221
311470
17595
28327
11756
15005
1652473
12132
13412
12982
12660
1307005
94412
24399
151534
15869
12417
41322
11978
13451
11582
13814
453430
16053
12216
1881952
293034
16046
333334
12651
11230
12276
12177
15026
11387
11774
11454
11554
15035
17520
21685
12854
55542
1161783
21834
11859
50986
11609
12234
12199
14335
794051
18591
25836
12685
202969
995498
712116
13194
11791
10808
11854
27912
32938
10887
10124
152745
14368
12732
9128
8683
2090
2606
2143
4659
2072
2053
2168
2176
2222
3021
2104
2300
88780
3002
5909
432144
3521
94824
2580
2216
8043
2170
65778
2908
2301
2306
2217
2172
2298
16838
2272
2566
105024
2839
7663
2297
10071
2276
15497
2222
2353
2379
4676
3631
2191
2171
2097
2188
2533
2370
2741
76593
53808
2995
193087
104502
130751
3832
2873
230566
4681
33646
8449
2368
2273
3526
186135
3727
3319
2053
2606
2166
3466
126984
3256
124579
6011
3504
2375
2647
2322
2423
2472
2977
176400
3737
2324
2500
2494
2348
2895
94920
3136
2739
2821
3809
2888
46778
110842
3823
5602
2413
2334
3476
2331
2907
17236
2467
4445
2438
2513
2397
2531
2230
2030
2218
3297
224944
4362
288278
7397
3409
294961
3981
17105
2585
82121
5043
6029
2330
2490
3642
242933
4081
3705
83758
36664
193189
3872
2114
2293
2090
2014
2617
30734
95410
187772
3732
20211
2211
2409
7903
2526
2068
2172
2280
2501
14915
2396
51669
4097
238353
10302
17480
2365
16140
2521
2156
2099
2120
1976
2180
15443
2317
2293
50389
38729
2335
525100
4251
4154
5614
3356
169922
226540
5946
57934
3395
5458
2231
2795
313706
2245
2530
2363
2385
243081
18506
4482
28463
3032
2322
7667
2205
2539
2196
2490
85710
2983
2256
354148
54618
3034
63457
2301
2193
2298
2250
2699
2109
2145
2099
2094
2697
3262
4039
2362
10311
221242
4073
2161
9522
2053
2265
2267
2614
149148
3433
4696
2344
38412
185638
135110
2514
2226
1981
2288
5302
6188
2011
1884
28699
2720
2416
1748
