48022
11178
13785
12574
25707
11310
10937
11287
10922
12035
15866
12091
12193
483352
16234
31805
2325680
18967
512860
13748
12193
43138
11554
366903
15614
12607
11716
12372
11269
12674
89393
12501
14699
558021
15941
42425
12798
57416
13187
82079
12437
13431
13139
26014
19780
11378
12311
11579
11061
13513
13080
14467
412306
298263
17674
1043637
578955
690427
21790
14447
1243242
25144
180833
45621
12604
11927
18558
1014112
20514
18082
11155
13759
11449
18655
690542
17123
685762
32140
18953
13330
17032
12457
12527
13220
15446
937298
20605
13124
13028
13486
13522
16801
515361
17913
15211
15345
20857
15003
263636
587222
20072
31083
13382
12895
20508
12832
15398
91257
12468
23456
13856
12788
12516
13659
10854
11904
12155
16693
1211182
23714
1559941
39503
17546
1600437
21867
90774
14088
436937
29043
31794
11988
11772
20124
1276244
20993
19370
414512
194723
1065259
20447
11823
12354
10037
11074
13359
158221
496191
1018592
19488
109630
11804
12461
41863
13796
10392
11258
11077
14018
79175
13374
270365
20910
1260754
54658
90878
12715
84585
14145
11159
10224
11403
11278
11475
81078
11415
12068
272780
198236
11867
2800533
21707
21157
29302
18303
877618
1209525
31842
311638
17606
29102
12022
14982
1657045
12280
12914
13661
12724
1308818
94253
24025
152725
15399
12337
40968
11991
13484
11825
13508
452697
14847
12208
1888103
293474
16846
334833
12502
11363
11160
11941
14725
11464
11757
11856
11886
15916
17777
22095
12080
55158
1159505
22701
11797
51474
11803
12000
12254
14766
789144
18762
25625
13108
202556
992960
715515
13512
11999
10736
12097
29113
33654
10382
9443
155633
14239
11929
9835
8755
2057
2598
2297
4631
2104
2064
2090
2035
2211
3033
2207
2282
88953
3021
5878
430179
3516
95388
2533
2296
7929
2182
66631
2870
2270
2179
2238
2049
2278
16731
2323
2631
104611
2960
7856
2399
10413
2431
15516
2343
2382
2344
4947
3615
2105
2297
2082
2086
2489
2388
2665
77138
53786
3229
193821
103923
129600
4057
2743
230270
4567
33721
8579
2347
2236
3561
188123
3868
3418
2071
2594
2163
3466
126880
3207
125173
6081
3558
2436
3130
2263
2331
2498
2918
176694
3731
2361
2363
2479
2485
2941
94672
3258
2792
2785
3775
2678
47348
111146
3684
5760
2500
2349
3733
2393
2867
16820
2409
4326
2589
2373
2327
2597
2077
2148
2201
3195
224499
4373
288973
7205
3371
295206
3968
17063
2633
82191
5188
6075
2257
2221
3626
243463
3998
3600
83405
37056
192966
4000
2262
2316
1889
2103
2606
30947
95693
187802
3764
20258
2267
2303
8016
2584
2012
2181
2114
2535
14987
2485
50814
3841
238671
10320
17260
2389
16217
2658
2175
1938
2173
2173
2227
15425
2239
2248
51236
38634
2295
526403
4213
4039
5444
3375
170015
227854
5903
57655
3352
5604
2274
2833
314058
2286
2446
2495
2407
243383
18522
4394
28709
2945
2326
7665
2185
2521
2210
2402
85422
2794
2270
354855
54693
3155
63564
2274
2210
2122
2187
2664
2147
2114
2161
2160
2863
3335
4060
2204
10221
220487
4247
2177
9570
2104
2232
2285
2636
148412
3486
4673
2410
38329
185675
135706
2577
2251
1979
2311
5531
6320
1907
1753
29211
2652
2308
1883
