48412
10887
14250
11915
25833
12200
11312
11276
11363
12026
15476
11391
11699
481767
16931
32386
2333500
19625
514169
13149
12833
43808
11614
363551
15032
12928
12057
12499
10954
12265
88524
12025
14725
563419
15060
39663
12944
57142
12591
83022
11984
13118
12495
25989
19800
11046
12218
11789
12100
14351
13239
14776
407360
296117
16681
1048342
574345
692311
21890
14577
1257171
24124
178523
44973
12185
11596
17923
1001320
20775
18315
11543
14150
10738
19460
691079
17676
683208
32057
18408
13261
16823
12744
12579
13208
14199
939663
20973
13209
13363
13754
13258
16771
513374
17395
14748
14814
21271
14951
266462
582033
20441
32094
12310
12416
19157
12928
15713
91472
12575
23494
13255
12752
12334
13461
11095
11424
12374
16572
1211381
23391
1545746
41159
17920
1603747
22220
91746
13878
437403
29855
31471
12759
12172
18973
1278973
21576
19997
412627
192347
1064413
19273
11934
12827
10921
10611
13213
157825
493475
1014856
19603
109838
11591
11936
41205
13029
10771
12636
11634
13159
79726
13625
273262
21291
1263874
54103
89521
12351
83845
14255
11064
10708
11652
11299
11560
81067
11997
12088
271983
197571
12332
2796032
22004
21764
28665
18271
878851
1210542
33312
315225
17380
28535
11820
15363
1644061
12600
13101
13114
12664
1311388
95207
24600
149270
15329
12819
42054
11847
13851
12019
13661
452246
15364
11882
1883652
293728
16991
337086
12240
11460
10979
12206
14745
10917
12040
11845
11802
15211
17197
21604
12476
54780
1161812
22648
12410
51731
11938
11180
12529
15486
794281
18356
25647
13131
205197
996237
715014
12832
11884
10437
12074
28864
34252
10599
9919
156603
14131
12422
9305
8842
2027
2652
2206
4647
2256
2110
2091
2056
2237
2933
2143
2211
88853
3152
5985
431562
3579
95559
2416
2415
8146
2171
65811
2794
2372
2204
2222
2041
2200
16635
2230
2649
105610
2818
7322
2416
10405
2317
15640
2252
2328
2286
4950
3606
2045
2276
2159
2279
2653
2418
2687
76529
53544
3075
194750
103583
129951
4041
2744
231989
4445
33319
8523
2245
2187
3431
186320
3847
3477
2162
2645
2062
3634
127092
3324
124390
6038
3481
2438
3106
2307
2361
2490
2725
177326
3805
2370
2435
2536
2445
2977
94251
3171
2708
2664
3828
2675
47586
110174
3715
5894
2278
2232
3521
2412
2936
16848
2371
4339
2469
2365
2269
2580
2097
2081
2255
3151
224565
4325
286917
7518
3448
295845
4033
17279
2556
82074
5265
6034
2342
2287
3437
243728
4078
3712
83010
36687
192812
3735
2306
2410
2045
2012
2534
30755
95303
187149
3739
20329
2225
2262
7889
2474
2111
2425
2229
2440
15118
2515
51181
3875
239419
10223
17152
2332
16213
2703
2172
2017
2212
2170
2238
15436
2309
2345
51149
38434
2380
525771
4254
4140
5381
3386
170038
227897
6145
58449
3309
5474
2213
2820
311924
2353
2475
2415
2411
243671
18712
4516
28099
2910
2405
7886
2185
2622
2251
2473
85309
2820
2222
354213
54649
3194
63953
2243
2216
2092
2261
2633
2041
2195
2164
2151
2756
3223
4042
2288
10173
221266
4180
2291
9645
2101
2118
2300
2793
149091
3381
4688
2392
38688
185997
135524
2456
2250
1898
2311
5469
6434
1977
1870
29440
2685
2379
1762
