48211
11370
13768
12528
26807
11870
11445
10914
11062
11753
15285
11838
12251
484301
16722
33170
2331106
18789
512752
13398
12171
42009
11608
364625
15098
12681
12946
12261
11354
12629
89096
12607
14735
558327
15174
40479
12314
55294
12442
81738
11708
13300
13361
25304
19233
11293
11797
12326
11574
13885
13719
14621
410196
297613
16318
1046262
577244
691255
20991
14899
1249322
24828
177692
45931
12981
11769
17847
1005389
20809
17825
11052
14157
11394
18858
692452
17261
687196
32927
18839
13558
16651
12339
12783
12454
15992
940439
20552
13044
12329
13148
13564
16725
518794
18930
14968
15441
20616
14755
264502
584873
20112
31106
13456
13548
18522
12811
15209
91928
12471
24399
12751
12594
12339
13190
11794
12137
12450
16823
1209961
22218
1544499
41298
18239
1601321
21282
91163
13777
436609
28757
32117
12130
12252
19546
1274691
20779
20938
415131
194915
1065605
19906
10874
12137
10515
10593
13843
158231
491886
1014542
20163
109255
11698
11808
41610
13467
10810
11772
11538
13424
80465
13231
274736
21179
1258769
52872
91599
12608
84158
13884
10978
11092
10936
10482
10900
81294
12011
11390
270228
199652
11753
2792579
23106
21353
29608
17770
874772
1209582
31778
311927
18189
28060
12270
15674
1656803
12461
13083
13078
13202
1311231
94926
24180
151110
16453
12346
40558
12078
13828
11956
13596
453202
15446
11959
1879618
295053
17494
335234
12958
11443
11585
12292
14966
11368
11425
11942
11663
15068
18414
21248
12725
55589
1157854
22638
11855
50000
11613
11728
12572
15329
790659
17816
25505
12931
205437
993515
720784
13507
12435
9870
12154
28080
34140
10409
10041
155706
14686
12365
9478
8838
2117
2620
2280
4916
2188
2154
2052
2090
2160
2937
2208
2302
89206
3139
6084
431120
3491
95361
2468
2291
7757
2202
65910
2763
2318
2344
2210
2090
2265
16711
2321
2651
104832
2866
7432
2320
9998
2289
15456
2201
2334
2392
4811
3510
2123
2225
2221
2183
2580
2469
2641
76833
53751
2982
194341
103687
129739
3902
2789
230565
4553
33250
8665
2364
2210
3426
186897
3906
3352
2083
2657
2147
3500
127291
3249
125189
6181
3551
2472
3092
2264
2355
2356
3030
177386
3768
2363
2264
2423
2502
2918
95351
3383
2772
2819
3734
2597
47461
110793
3717
5713
2463
2453
3429
2408
2827
17036
2399
4439
2387
2368
2251
2546
2200
2211
2250
3188
224111
4146
286648
7544
3513
294899
3892
17101
2560
82159
5147
6217
2257
2326
3536
242981
3957
3862
83433
37098
193235
3825
2106
2300
1985
2032
2681
30975
95032
187235
3826
20252
2257
2210
7871
2546
2100
2272
2185
2442
15309
2452
51539
3897
238203
10029
17447
2379
16137
2611
2162
2084
2085
2052
2121
15417
2336
2191
50659
38864
2278
525071
4459
4090
5550
3285
169464
227845
5947
57947
3463
5400
2334
2921
314155
2333
2479
2389
2512
243755
18693
4431
28284
3142
2324
7526
2203
2617
2253
2462
85540
2859
2227
353836
54800
3291
63855
2373
2227
2200
2297
2693
2134
2089
2170
2133
2709
3379
3916
2322
10337
220410
4183
2185
9383
2094
2213
2344
2764
148386
3339
4654
2361
38885
185408
136616
2606
2342
1868
2319
5349
6389
1920
1836
29270
2747
2380
1809
