48028
11147
13414
12323
26884
11209
11304
11414
10823
12121
15142
11447
12307
481893
15821
32233
2331795
19161
511948
13750
12128
43466
11988
365696
15362
12839
12397
12614
11811
13065
88718
12289
14503
557712
15227
41569
12489
56924
12791
81896
12007
13344
13209
26011
19553
11403
11757
11586
11747
13439
13643
14998
409904
297405
17302
1046034
576627
689592
22249
14432
1249748
24696
177782
45566
12576
11950
17822
1001674
21426
17547
11351
13793
11752
18321
694647
16771
684558
31378
18615
13498
13992
12896
12602
12774
16000
938162
21278
13126
13101
13510
13032
17107
511415
17496
15012
15076
21455
14709
262663
584607
20046
30517
13133
12794
18817
13296
15431
92546
12877
23785
13388
13366
12399
13031
11603
11640
12483
17297
1210858
22792
1557619
40128
17683
1606531
21895
91015
13568
433399
28983
32239
12767
12114
19757
1278676
20517
20359
412667
190491
1066479
19787
11329
12229
10906
11237
13099
155951
494522
1015203
19917
108481
11618
11729
42417
13766
10186
11860
11617
12599
77999
13339
270125
20634
1260318
53236
91392
12382
84773
14351
10627
11720
11195
10536
11094
81828
11956
11276
271911
196840
12188
2788228
22340
21541
28456
18773
874781
1206164
31827
312101
18634
28812
12461
14330
1656235
12112
12297
13283
12806
1310180
94582
24979
148513
15761
12802
41409
11569
13403
12141
14357
456307
15709
12254
1888779
295915
17347
333478
12963
11696
11316
12511
14908
11568
12305
11959
12078
14701
17807
22373
12240
56521
1162922
22463
11763
50409
12147
12056
12459
15524
794957
18839
25662
12987
205693
990444
709811
13262
12289
11024
11842
29695
33217
10225
10202
155206
14494
12573
9681
8791
2065
2586
2231
4867
2065
2104
2140
2029
2233
2916
2116
2313
88567
2972
5999
431122
3562
95085
2554
2291
8038
2207
66296
2791
2337
2274
2273
2196
2340
16598
2246
2613
104618
2875
7611
2339
10377
2333
15536
2225
2363
2399
4918
3602
2124
2199
2121
2264
2498
2513
2722
76722
53724
3175
194067
103484
129392
4140
2701
230723
4537
33236
8547
2308
2235
3450
186413
3985
3280
2108
2579
2196
3419
127521
3109
124719
5895
3510
2493
2601
2345
2374
2434
3043
176692
3855
2404
2376
2501
2383
3014
93883
3196
2751
2743
3855
2588
47257
110556
3673
5673
2389
2320
3455
2485
2855
17109
2445
4375
2489
2486
2300
2476
2200
2159
2264
3263
224148
4213
288751
7346
3375
295738
3991
17068
2524
81515
5210
6143
2388
2296
3584
243743
3948
3784
82996
36367
193117
3851
2212
2310
2036
2136
2575
30480
95425
187372
3808
20126
2234
2207
8031
2595
1971
2293
2192
2333
14914
2456
50738
3800
238050
10063
17384
2316
16234
2682
2074
2245
2155
2018
2163
15490
2330
2181
51127
38212
2350
523931
4272
4119
5382
3461
169389
226775
5922
57923
3588
5516
2343
2675
314119
2260
2317
2403
2410
243519
18523
4556
27973
3017
2379
7794
2138
2500
2268
2542
86156
2933
2284
354784
55050
3268
63445
2350
2269
2139
2300
2654
2166
2229
2189
2191
2691
3320
4095
2244
10463
221103
4127
2144
9428
2182
2215
2331
2789
148904
3480
4642
2399
38797
184640
134482
2507
2310
2032
2276
5622
6225
1895
1932
29151
2728
2378
1803
