47131
11252
13458
11698
26113
11996
11133
11744
11145
11805
15759
10970
12153
484914
16439
31197
2330338
19087
506994
13413
12342
42326
11311
365699
15013
12806
11949
12954
11278
12953
89419
12933
15044
561365
15533
40982
12756
55202
12976
82760
12257
12752
13151
25672
20168
11667
11274
11968
11081
13926
13393
14544
405844
297422
16343
1048083
574687
694611
22004
14589
1244632
25041
182430
45353
12732
12447
17726
1007355
20448
18104
11080
13705
11006
19136
690591
17192
690275
32999
18058
13047
18149
12251
12818
13936
15430
929658
20386
12918
12920
13597
13237
15952
515254
18378
15186
15025
21245
15896
263937
581946
20190
31592
12951
13544
19311
12364
15865
92511
13045
23012
13519
12742
12155
13687
11461
11888
12955
16367
1211918
23101
1555324
40411
18134
1595665
21582
89588
13573
436083
30044
32479
12252
12279
18242
1275801
21058
20226
411997
194545
1069510
20003
11876
12710
11366
11160
13239
156136
494470
1010419
19445
110255
11381
12690
42675
13331
11247
11996
11485
13675
79423
13292
270169
21409
1263927
53688
91678
12756
83656
14580
11238
11087
11083
11066
10733
82011
11425
12215
270654
196694
12342
2802560
21922
20712
28972
17153
874755
1204870
32141
310156
17818
29336
12208
15474
1648334
11457
13282
12710
12689
1306235
96030
24258
150940
16174
12104
40624
11824
14997
12122
14272
453890
15737
12236
1887134
295511
16836
333263
13418
11174
11321
11860
15398
10979
11993
11541
12451
15690
18999
22009
12888
56251
1161929
23224
11817
51369
12341
12153
12380
15418
792974
17851
25088
13671
204186
990791
714547
13182
12060
10490
12405
29323
33279
10928
10268
154573
15160
11601
9365
8672
2089
2535
2145
4726
2191
2110
2198
2085
2169
2997
2065
2303
89300
3064
5782
430859
3528
94344
2473
2329
7866
2159
66309
2762
2310
2200
2323
2078
2317
16713
2394
2697
105271
2894
7570
2386
10120
2386
15634
2294
2291
2379
4859
3688
2179
2145
2176
2102
2580
2402
2660
76009
53609
2983
194182
103311
130405
4079
2752
230089
4575
33999
8531
2389
2292
3393
187411
3829
3410
2091
2608
2065
3604
127155
3232
125684
6241
3415
2371
3347
2213
2412
2607
2921
175482
3683
2350
2359
2507
2458
2805
94649
3337
2785
2725
3784
2823
47203
110259
3734
5815
2397
2470
3522
2330
2912
17043
2509
4218
2483
2367
2242
2606
2182
2146
2341
3145
224635
4271
288674
7439
3477
293717
3935
16828
2534
82140
5388
6242
2284
2328
3336
242877
4018
3770
83040
37121
193789
3885
2267
2378
2138
2128
2577
30491
95434
186274
3699
20464
2195
2343
8135
2524
2134
2297
2166
2541
14962
2439
50739
3918
238950
10165
17446
2376
16061
2698
2161
2100
2123
2156
2127
15545
2201
2323
50797
38342
2382
526002
4243
3964
5429
3172
169441
226883
5993
57597
3415
5649
2293
2871
312705
2152
2519
2316
2415
242581
18813
4448
28460
3085
2262
7599
2180
2793
2291
2594
85693
2925
2286
355023
54836
3154
63210
2430
2185
2118
2198
2749
2062
2182
2079
2260
2801
3545
4073
2349
10437
221221
4236
2217
9534
2174
2264
2321
2744
148782
3318
4553
2516
38635
185104
135318
2532
2290
1926
2368
5554
6230
1991
1897
29086
2850
2191
1758
