48856
10873
13521
12147
26226
11247
10964
11788
11567
12476
15111
11751
12615
484782
17397
31115
2331478
19430
513673
14247
11723
43291
11601
364805
15286
12677
12466
12939
11907
12426
87942
12640
15069
557835
15370
42399
12407
55535
13033
80240
11942
13377
12607
26500
19766
11570
12844
12234
11783
14008
13445
14739
407633
298481
16521
1046941
574867
693293
21699
15256
1252902
25425
179419
45202
12485
11738
18239
1002711
20259
17953
10889
13637
11618
18824
688924
17565
685450
31737
18223
12596
17968
12609
12940
12540
14912
934519
20795
12833
13515
13299
12991
16157
513757
18470
14524
15268
21009
14716
262444
583808
20007
30805
13414
13014
19083
12213
15787
92236
12587
24259
13464
13344
12124
13308
11617
11303
13475
16874
1209384
24070
1549915
41177
17766
1596334
21640
92010
13635
435676
28311
32302
12152
12657
19671
1280312
21541
20706
416245
194200
1062978
19779
11383
12837
10726
10400
13417
157333
494034
1012901
19414
110788
11649
11622
41729
13265
10615
12322
11691
13044
79761
13397
271411
21156
1264106
53776
91023
12456
85629
14470
11351
11384
10733
11208
11463
82133
11538
11879
271566
199375
12114
2795303
22405
21226
28099
18364
878746
1210114
31842
310000
18007
27557
12338
15150
1660707
12057
12953
12682
12617
1307875
95788
24210
151545
15772
12338
40816
11558
13528
11740
13612
457317
14949
12494
1882500
295221
17543
333884
13334
11230
11504
11877
14666
10863
11764
11935
12280
15623
17568
21288
12642
55891
1162432
23019
11882
51496
11995
11927
12961
14856
792557
18455
25847
12852
204677
996247
715421
12873
12269
10943
12576
29241
32815
10545
9939
155136
15311
12408
9610
8913
2059
2558
2237
4799
2100
2061
2169
2134
2340
2869
2184
2362
89079
3231
5790
431543
3586
95356
2610
2190
8005
2192
66136
2790
2286
2300
2303
2191
2194
16465
2328
2690
104736
2847
7757
2320
10064
2399
15214
2250
2393
2302
5063
3619
2137
2389
2237
2218
2574
2471
2693
76441
53941
3044
194197
103430
129851
3984
2852
231502
4659
33421
8490
2340
2208
3537
186371
3761
3364
2038
2593
2170
3510
126774
3263
125021
5984
3448
2321
3294
2288
2384
2372
2812
176176
3809
2341
2451
2464
2365
2878
94376
3330
2659
2778
3773
2626
47237
110658
3677
5698
2457
2379
3472
2248
2926
17046
2386
4460
2527
2476
2204
2521
2185
2068
2411
3212
223938
4487
287392
7537
3384
294105
3962
17364
2545
81849
5034
6210
2289
2359
3599
243827
4107
3833
84033
37115
192815
3861
2220
2410
2041
2003
2628
30679
95274
186691
3701
20454
2248
2184
8000
2516
2080
2347
2220
2409
15114
2451
50988
3906
238971
10277
17367
2307
16429
2731
2229
2147
2047
2162
2218
15576
2260
2287
50916
38800
2326
524853
4307
4100
5307
3366
170160
228009
5899
57580
3475
5311
2331
2835
314775
2238
2431
2328
2369
243139
18750
4436
28530
3060
2309
7612
2136
2525
2181
2440
86037
2798
2332
353768
54850
3267
63640
2419
2212
2142
2183
2642
2021
2136
2180
2222
2822
3259
3970
2317
10299
220879
4243
2230
9560
2143
2194
2360
2714
148622
3436
4702
2379
38562
185809
135630
2464
2309
2001
2386
5585
6096
1933
1828
29106
2867
2365
1819
