48355
11027
13912
12363
26782
11430
11311
11382
11007
11995
15708
11839
12022
482017
16621
32102
2338818
18881
512136
14118
12011
44314
11990
364662
15568
12512
12323
12524
11716
13368
90803
12945
14878
559766
15250
41315
12113
56425
13448
82602
12275
13025
13251
25045
19593
11681
11540
11750
11772
14351
13576
14441
412153
298014
16742
1044047
575197
694010
22522
14238
1252344
24937
180915
45021
12940
12114
18857
1000286
20659
18224
11159
14234
11585
18841
692074
17289
683178
31123
17777
12702
16861
12558
12719
13430
15550
939336
20916
12740
13066
13785
13129
16696
515674
17296
15478
14318
21250
15504
265060
584385
20369
31658
13000
13556
20081
12947
15062
92714
12795
23608
13421
13379
12786
13559
11648
11407
13040
18032
1217430
23867
1554553
40356
18734
1604160
21587
90243
13652
436538
30067
32459
12102
12347
19412
1276460
21466
19742
413537
191989
1057131
20139
11970
12566
11094
10408
13527
156243
496648
1016293
19634
110615
11306
12209
41477
13161
10995
11157
11542
13349
78816
13381
274469
21518
1261267
55997
90104
12328
84441
14879
11480
11331
11501
11230
11219
80042
12172
12489
273753
198431
11443
2806306
21535
21114
28937
17600
877986
1205002
32431
310434
18256
28607
12176
15848
1654156
12385
12933
13017
13162
1315585
95941
24018
153213
16213
12199
42736
11866
13739
12188
13349
455659
14828
11879
1883020
295117
17371
335815
13402
11954
11726
12043
15408
11755
12148
12308
11898
15087
18678
22127
12798
55791
1166192
23299
12076
51456
12138
11715
12818
15472
801168
17792
25767
13339
205274
990703
718160
13737
12283
11008
11945
29916
33734
10788
10206
155269
14522
11785
9447
8795
2023
2637
2251
4878
2122
2119
2136
2038
2211
3020
2190
2239
88584
3118
5921
431889
3500
95228
2632
2241
8148
2276
65968
2842
2246
2262
2209
2147
2359
17021
2362
2659
105152
2856
7557
2287
10192
2462
15669
2285
2354
2401
4757
3623
2172
2211
2155
2210
2618
2453
2656
77138
53641
3076
193686
103577
130230
4164
2688
231540
4534
33748
8411
2386
2278
3564
185903
3864
3389
2062
2644
2180
3508
127037
3243
124460
5869
3359
2298
3078
2277
2381
2548
2957
177163
3809
2303
2370
2552
2396
2910
94909
3151
2860
2572
3817
2781
47511
110681
3768
5798
2398
2474
3671
2385
2792
17129
2414
4343
2493
2515
2341
2576
2194
2074
2346
3407
225280
4439
288282
7392
3523
295816
3976
16980
2521
82039
5339
6191
2240
2339
3548
243199
4085
3697
83324
36602
191703
3886
2278
2359
2093
2011
2590
30497
95806
187224
3740
20531
2247
2256
7935
2483
2130
2131
2199
2431
14963
2466
51488
3941
238601
10592
17195
2335
16222
2778
2247
2137
2204
2140
2191
15130
2372
2389
51383
38436
2232
526841
4194
4078
5451
3316
170127
226818
5955
57623
3491
5523
2307
2922
313829
2311
2427
2395
2490
244314
18794
4409
28767
3077
2281
7937
2185
2551
2275
2393
86025
2775
2220
353945
54955
3248
63830
2421
2315
2190
2227
2766
2186
2204
2270
2162
2723
3486
4090
2328
10258
221355
4259
2219
9565
2144
2181
2323
2810
149982
3313
4703
2453
38794
184906
136111
2633
2342
2022
2296
5648
6308
1962
1923
29279
2758
2260
1783
