46443
10932
13639
11555
26490
11694
11170
12014
10666
12181
15662
11728
12040
483433
17001
32666
2333649
18681
510192
13942
12124
43670
11427
368141
15521
12494
13093
12598
11416
12888
89087
11977
14515
556241
15691
41574
12497
55827
12963
83750
11853
13024
13305
24642
19727
12168
11887
11640
11456
13993
13450
13942
409580
297349
17125
1045027
574226
693310
21556
14671
1252021
25620
178688
45913
12484
11782
18337
1001256
20709
17609
11124
14596
11385
18167
689458
17777
684815
31389
18991
13209
13828
12792
13315
13373
16268
937493
20137
13079
13187
13509
13369
16227
512184
17708
15130
15011
22110
14733
262837
582486
20202
30767
13301
13777
19470
13116
15439
90718
12381
23410
14146
12616
12668
12625
11655
11580
13380
17655
1216657
23078
1558609
39589
17463
1599063
21679
91371
13463
435534
28155
32526
12591
11865
18861
1277727
21211
21046
416102
194207
1064621
20191
11505
12344
10556
10931
13114
157508
498126
1016679
19476
109816
11562
11568
41364
12801
10219
11656
11570
13014
78152
13352
271328
21452
1260135
54922
90466
12913
84961
14572
11030
11152
10692
10756
10979
81963
12321
11805
270015
199964
11952
2792498
21573
22098
28787
16930
877974
1208173
32334
310961
17548
27834
12023
14885
1653367
12127
13350
13419
12194
1312806
95040
24286
150992
15747
12326
41733
11086
13643
11899
12850
450108
14926
11623
1886411
297107
17040
333029
12980
10798
11656
11736
14994
11198
12059
12058
11455
15497
18617
21685
12435
56010
1165472
23097
11749
52184
11995
11552
12167
15641
791092
17351
25600
13069
204624
990029
718840
13604
11332
10876
12088
28537
33563
10503
10055
154677
14508
12485
10287
8450
2024
2594
2125
4801
2164
2097
2278
1996
2226
2975
2174
2246
88907
3168
6013
431113
3458
94707
2585
2262
8045
2172
66618
2847
2294
2377
2227
2116
2295
16615
2187
2604
104359
2942
7639
2347
10134
2360
15760
2198
2310
2414
4658
3611
2263
2218
2114
2180
2580
2438
2595
76630
53766
3099
193836
103120
130091
4007
2790
231382
4673
33353
8626
2304
2216
3511
186213
3879
3324
2052
2746
2138
3397
126602
3317
124711
5991
3553
2426
2537
2318
2498
2510
3060
176753
3676
2368
2391
2513
2476
2846
94046
3258
2788
2729
3979
2661
47140
110160
3712
5666
2444
2520
3569
2440
2830
16795
2355
4303
2636
2341
2303
2404
2194
2110
2426
3343
225274
4299
288656
7279
3358
294296
3978
17102
2509
81882
5004
6239
2351
2253
3409
243282
4053
3896
83770
36820
192418
3885
2223
2361
1978
2055
2534
30750
95924
187429
3732
20378
2256
2149
7976
2458
1987
2226
2183
2389
14765
2460
50766
3883
238184
10403
17270
2396
16222
2685
2156
2143
2070
2061
2117
15548
2383
2292
50697
38874
2273
525239
4205
4206
5431
3148
169710
227106
5989
57685
3352
5377
2200
2730
313003
2301
2515
2450
2313
243537
18641
4476
28329
2964
2325
7789
2049
2523
2227
2348
85091
2771
2167
354253
55333
3183
63171
2392
2047
2183
2216
2677
2079
2198
2202
2097
2771
3524
3973
2270
10386
221868
4238
2174
9686
2121
2157
2276
2863
148473
3255
4675
2401
38615
184850
136104
2560
2125
2018
2305
5387
6306
1937
1858
29055
2704
2365
1950
