49325
11396
13178
11632
25795
11610
10991
11785
11490
11762
15499
12307
12416
485498
16640
31727
2335915
19701
518463
13654
12463
44612
11132
364140
15376
13001
12621
12386
11384
13804
87414
12849
14087
560560
15678
41217
12494
56739
12567
82825
12264
12919
13304
25813
20041
11178
12200
11656
11448
13549
14151
13854
406500
294346
17354
1044048
578254
693587
22482
15126
1259805
25181
179462
45418
13265
11694
18043
999812
21221
18347
11282
13898
11478
19363
691636
17418
682992
31784
18439
13209
16102
12226
13457
13019
15644
931992
20846
13117
13317
13771
13184
16345
518433
17651
14527
15121
20953
15362
264462
585879
19510
30530
13136
12463
18470
12834
15028
91847
12699
23851
13415
13033
12197
13442
11725
11358
12755
16841
1211245
23731
1551795
41176
17942
1588594
22331
90662
13699
437875
29924
31847
11997
12793
19596
1280169
20888
19319
415692
193993
1067350
19829
11870
12586
10872
11390
13699
157108
495289
1014417
20073
107948
11313
11926
42211
13083
10918
11513
12156
13034
80810
12813
271789
20195
1263885
54443
90607
12557
84458
13338
10762
11655
11041
10235
11138
80929
12162
12612
270962
197153
12527
2791846
22248
21545
28532
17494
877136
1204118
32078
309978
17420
27489
12480
15536
1650262
12269
13313
13064
12426
1307237
93867
24234
150636
16178
12626
42177
11572
14798
12017
13580
458919
14657
12661
1883958
291413
17531
334143
12576
11685
10935
12158
14451
11298
11851
11271
12090
15323
18355
21548
12294
56272
1166087
22303
12133
52173
11896
12038
12642
14701
794672
18015
26071
14113
204636
992297
714931
13443
11784
10717
12442
29157
33342
10567
10021
155852
14335
11986
9738
8983
2128
2508
2129
4715
2124
2078
2218
2146
2182
2946
2271
2334
89459
3057
5841
431454
3633
96192
2570
2365
8218
2129
65912
2810
2339
2332
2191
2085
2447
16421
2339
2536
105183
2924
7567
2343
10251
2309
15655
2268
2310
2380
4876
3715
2055
2303
2135
2180
2501
2580
2514
76403
53385
3157
193723
103547
130061
4147
2867
232329
4602
33349
8552
2444
2216
3404
186052
3948
3426
2121
2609
2128
3537
126982
3255
124650
5967
3461
2405
3006
2226
2477
2466
2973
175795
3784
2399
2427
2543
2394
2901
95206
3194
2645
2752
3768
2791
47400
110890
3628
5601
2423
2263
3363
2398
2742
16973
2418
4348
2489
2435
2222
2558
2234
2066
2294
3207
224495
4400
288208
7482
3445
293103
4054
17142
2548
82365
5368
6129
2245
2422
3549
243710
3992
3598
83598
36885
193306
3838
2298
2343
2024
2164
2624
30655
95730
187236
3791
20016
2191
2238
8116
2478
2105
2233
2315
2379
15274
2387
51039
3695
239309
10258
17258
2343
16187
2532
2145
2192
2070
1994
2176
15395
2334
2440
51030
38343
2399
524102
4286
4127
5368
3254
169972
226879
5925
57631
3312
5295
2356
2881
313335
2306
2493
2420
2340
243444
18411
4453
28393
3068
2337
7888
2134
2754
2242
2454
86651
2738
2363
354469
54263
3303
63582
2303
2258
2078
2252
2611
2114
2163
2081
2200
2775
3427
3963
2221
10453
221580
4117
2235
9707
2120
2236
2309
2665
149336
3321
4800
2607
38574
185433
135652
2591
2201
1952
2380
5534
6189
1919
1859
29301
2669
2306
1826
