48287
11320
13198
11609
26515
11067
11203
11175
11584
12380
15871
10915
12032
482202
16596
32264
2335638
18690
513998
14049
12002
43317
11259
365708
15970
13301
12109
12666
11807
13265
89658
12741
14961
566182
15805
40854
12308
55843
12610
83321
11664
12645
12633
25023
19326
11613
12059
11620
11379
14091
13343
14442
410571
295679
16074
1045846
574355
692879
21792
14728
1250682
25092
181400
45908
12736
12560
18136
1011099
20420
18138
11546
13893
11531
18742
691145
17538
683709
32407
18627
12871
15332
12355
13048
13873
15164
942395
20808
12975
13059
13270
13498
15894
513615
17494
14777
14609
21138
14596
262660
586148
20483
30854
12944
13351
20226
12952
16732
91610
12781
23226
14140
13333
12283
13416
11746
11867
13140
16834
1212037
24773
1554690
40354
17803
1604261
22061
92182
14039
436397
29084
32461
13048
12777
20532
1278557
20926
20262
415610
194546
1064283
19798
11573
12846
10487
11402
13195
157613
495996
1012139
19420
109794
11270
12854
41326
12610
11083
12271
11223
12434
79067
13038
273919
20903
1261679
55732
91973
13002
85182
14644
11326
11544
11973
10264
10943
82224
12014
12475
270297
200048
12610
2799177
22255
21590
28256
17937
876698
1212247
31138
312193
18285
28561
12031
14677
1659242
12570
12544
13263
13237
1310338
94813
24331
152329
16180
12818
40735
11138
14255
12158
14257
454224
15681
11634
1888645
292848
16978
335557
13230
10782
11467
12124
14341
10970
11649
11511
11530
15667
17986
22503
12485
56224
1157157
23275
12298
52686
11666
11999
12310
15214
790697
18238
25869
12584
206215
995549
715836
13890
12731
10370
12514
28036
34032
10332
9909
156528
14711
12616
9535
8833
2111
2512
2145
4825
2065
2104
2088
2173
2298
3036
2057
2269
88692
3116
5928
431827
3437
95442
2604
2254
7990
2139
66107
2929
2394
2250
2266
2176
2399
16814
2363
2701
106005
2990
7503
2295
10113
2326
15754
2212
2298
2312
4725
3559
2146
2286
2113
2137
2592
2428
2667
76939
53407
2920
194216
103519
129825
4080
2739
231010
4560
33778
8658
2356
2327
3454
187808
3811
3379
2149
2600
2163
3501
126993
3293
124477
6093
3490
2398
2834
2269
2412
2583
2891
177580
3776
2358
2383
2453
2467
2837
94517
3223
2668
2655
3790
2625
47144
110878
3776
5672
2380
2424
3682
2398
3095
16976
2435
4222
2609
2468
2281
2539
2235
2200
2395
3197
224579
4559
288620
7419
3370
295568
4043
17306
2616
82168
5186
6245
2380
2394
3709
243254
3984
3770
83720
37042
193243
3841
2211
2383
1958
2157
2562
30766
95743
186591
3710
20336
2176
2359
7872
2376
2129
2356
2182
2327
15007
2425
51224
3847
238501
10536
17454
2406
16304
2748
2200
2142
2261
1999
2140
15535
2339
2340
50745
38726
2438
525727
4335
4126
5284
3340
169798
228202
5803
57944
3470
5470
2282
2702
315227
2322
2382
2415
2492
243162
18610
4451
28686
3071
2381
7674
2067
2675
2251
2595
85765
2923
2152
354986
54407
3166
63546
2389
2138
2210
2243
2591
2042
2117
2106
2108
2825
3371
4135
2258
10356
220317
4301
2241
9818
2055
2267
2264
2764
148550
3372
4710
2321
38766
185840
135640
2614
2400
1933
2393
5354
6319
1904
1872
29354
2741
2395
1838
