47821
11756
13103
12239
25796
11700
10523
11637
11257
12366
15315
11988
12215
487095
16656
31002
2339678
18302
512959
13389
12554
43617
11296
364603
15035
12836
12699
12605
11648
12888
90122
12345
14800
563186
16106
42274
12046
55644
12754
83792
11906
13175
12515
25788
18860
11730
12234
11792
11592
13851
13946
13994
411917
297469
16315
1045930
582951
697881
21574
14933
1256126
25401
181708
45492
12158
11738
18295
1006514
20316
17998
11190
13586
10838
18872
692423
17505
685189
32134
18847
13587
16216
12895
13255
13415
16279
939462
20618
12692
13268
13223
13008
16414
516083
17976
15283
15343
21646
14358
260071
587809
20401
31103
13173
12827
19998
13350
15527
91165
12719
24129
13237
13148
12586
13776
11667
11380
12845
17626
1213387
23183
1552601
41119
17349
1605711
21805
91374
13871
436826
28880
32618
13611
12473
20583
1281823
20671
20625
415681
194618
1069542
20069
11164
12930
10712
11450
13527
156908
494438
1014927
18746
107772
11033
12399
41602
13166
10332
11730
11716
13663
79362
13449
269491
21134
1267936
54131
91878
12707
85381
14274
11136
11378
10936
10973
11256
82061
12062
12308
271652
199179
12288
2807241
22684
21196
28464
17962
883404
1211371
32856
314698
17681
27644
12369
15174
1656835
11834
12836
14136
12809
1315183
95131
23590
152708
16322
12640
41676
11626
13517
12171
14056
457667
15560
12304
1893051
295192
16758
333390
13294
11293
11427
12290
15273
11184
12120
11688
12048
15584
18814
21381
11829
55459
1161877
23007
11501
51801
12252
12496
12445
15538
790931
18149
25852
13264
204038
996223
718232
13123
11986
10467
12627
28361
34782
10500
9897
155493
14674
12677
9785
8720
2198
2502
2228
4666
2158
1977
2148
2103
2277
2957
2241
2280
89558
3093
5732
432281
3392
95263
2489
2343
8009
2167
66115
2755
2305
2303
2252
2171
2270
16873
2271
2670
105573
3028
7746
2204
10090
2342
15774
2202
2332
2265
4873
3481
2151
2289
2158
2177
2532
2547
2597
77020
53755
2977
193851
104658
130764
4044
2826
232035
4660
33852
8541
2261
2191
3500
187330
3777
3347
2112
2553
2030
3524
127454
3239
124823
6075
3532
2459
3000
2327
2440
2558
3103
177228
3752
2292
2440
2441
2391
2907
94877
3248
2784
2780
3879
2603
46734
111406
3767
5712
2444
2333
3697
2494
2855
16852
2403
4421
2462
2449
2316
2637
2208
2089
2340
3317
225068
4295
288010
7520
3289
295700
4033
17140
2597
82120
5100
6230
2556
2346
3679
243657
3930
3807
83533
37025
193533
3852
2174
2430
2028
2148
2614
30592
95277
187426
3569
20042
2160
2305
7849
2494
1985
2269
2213
2502
15048
2476
50512
3863
239590
10292
17492
2389
16347
2673
2184
2159
2076
2129
2225
15572
2319
2326
50995
38805
2382
526863
4412
4068
5339
3329
170893
227915
6036
58454
3393
5336
2299
2817
314176
2208
2407
2565
2422
244378
18656
4322
28735
3096
2403
7831
2138
2522
2264
2534
86185
2874
2309
355632
54805
3124
63207
2426
2197
2152
2278
2725
2071
2174
2140
2180
2793
3485
3962
2154
10328
221161
4215
2120
9607
2178
2325
2286
2811
148357
3384
4699
2470
38460
185735
136024
2487
2282
1916
2421
5392
6470
1948
1843
29133
2760
2404
1846
