49138
10679
14061
12528
26085
11351
10792
11835
11259
11753
15014
11437
12878
490356
16998
32687
2328193
19423
515051
13656
12258
42597
11140
361425
15029
13309
12450
12392
11775
12953
88948
12464
15398
558837
14694
41591
12551
56343
12944
85554
11662
13742
13066
25521
19845
11764
12396
12196
11809
13978
13633
14507
411490
298129
16556
1043566
581309
692308
22464
15549
1255591
25298
179758
44866
12368
12286
18414
1006122
20091
18487
11459
14824
11361
18996
696608
17831
686912
31487
18521
13627
15723
12468
12717
13317
15746
936143
20756
13687
13061
13472
12958
16672
518791
17459
15078
14884
20957
14804
262855
588001
19358
31255
13463
13223
19494
13224
16927
91677
12609
23475
14259
13542
12220
13481
12153
11246
13239
17673
1214810
22577
1552013
40349
17335
1602163
21866
90467
13396
439478
29685
31708
12945
12305
20107
1276012
21056
20280
415457
192322
1070681
20542
12129
13094
10760
10741
13612
157048
495769
1014384
18746
110300
11300
12045
41027
12738
11008
11009
12011
13152
80659
13935
267151
21316
1264343
53700
92155
12548
84390
14057
11269
11581
11502
10852
11001
81300
11978
12448
271504
199387
12703
2811607
22532
21278
28821
17971
879013
1210010
31310
313375
17433
28253
12355
15427
1658423
12022
12634
13265
12807
1315444
94558
24087
151836
16161
12439
41413
12103
14116
11463
13605
457604
15241
11934
1882962
296694
17206
334548
13168
11989
11672
12415
15568
10971
11185
11927
11851
15307
18034
21706
12493
55754
1166149
22869
12871
51159
11982
11612
12593
15720
796108
17916
25855
13257
205128
994286
717006
13949
12237
10327
11955
28458
33528
10423
9607
154750
14856
12153
10173
8961
1997
2650
2274
4726
2052
2015
2202
2075
2145
2924
2186
2396
90081
3166
6049
430388
3614
95651
2508
2308
7870
2103
65616
2778
2433
2293
2205
2149
2319
16602
2317
2789
104863
2749
7668
2328
10245
2400
16241
2175
2443
2348
4849
3671
2188
2310
2187
2215
2621
2490
2647
76999
53885
3042
193626
104613
129894
4110
2923
232081
4580
33570
8497
2314
2281
3547
186870
3747
3454
2110
2765
2140
3494
128168
3336
125040
5937
3477
2452
2903
2254
2388
2503
2999
176854
3745
2471
2388
2484
2406
2984
95530
3193
2800
2706
3746
2654
47151
111227
3582
5776
2476
2430
3552
2478
3079
17003
2417
4348
2635
2533
2244
2584
2283
2064
2390
3364
225079
4177
288239
7421
3320
294893
3991
16935
2521
82663
5309
6063
2383
2312
3653
243380
4037
3762
83974
36636
194058
3959
2312
2445
2000
2033
2612
30675
95707
187476
3595
20396
2220
2256
7893
2426
2128
2169
2260
2417
15303
2565
50184
3932
239351
10257
17564
2350
16262
2653
2173
2199
2223
2102
2194
15526
2313
2368
50956
38893
2465
527877
4399
4089
5438
3284
170427
228138
5779
58129
3371
5448
2330
2824
314474
2271
2416
2430
2433
244959
18597
4425
28585
3039
2348
7766
2227
2622
2125
2456
86338
2865
2217
354500
55141
3222
63680
2411
2341
2186
2305
2791
2059
2020
2155
2161
2740
3393
3990
2302
10345
221913
4237
2359
9508
2119
2179
2339
2847
149273
3310
4753
2452
38732
185802
136307
2615
2317
1934
2312
5404
6224
1930
1821
29137
2794
2346
1922
