47388
11556
14416
12293
25584
11479
10906
11960
11370
11930
15463
11747
11819
488851
16742
32144
2343257
18518
516968
13691
12040
43052
10794
363930
15862
13508
12931
13306
11355
13544
89025
13259
14584
559385
16212
41614
12327
56532
12843
84373
12200
12677
12756
26007
19297
11554
11649
12090
11981
14395
13627
13695
411057
299185
16112
1045382
573355
693849
21573
14319
1254664
25219
181525
45792
12644
11884
17831
1004469
20195
18189
11249
14057
11288
19189
691336
18061
686876
32400
18610
13495
15124
12855
12288
13018
15953
935050
21350
13113
12585
12938
12614
15737
515660
18027
14950
14667
21077
15426
261185
586741
20904
31379
13262
12791
18928
12668
14834
92675
12885
23359
13645
12748
12662
13823
11720
11571
12879
17677
1211955
23513
1559146
40253
18338
1602889
22233
91844
14080
436701
28834
32130
12646
12780
19632
1279796
20243
20583
416281
191994
1065842
20122
11815
12465
10433
10842
13736
157934
496011
1017720
19337
109842
11229
12091
41662
13606
11308
11865
12135
13479
77202
13218
270192
21227
1267072
54690
92645
13234
84241
14006
11435
11246
10883
11078
11281
81160
12349
12092
269723
199644
11459
2798768
21918
21988
29471
17355
879207
1209326
32393
311015
18623
28675
12047
15337
1651128
12479
13662
13566
13203
1315989
94302
24636
153323
15515
13010
41032
12007
13773
12302
13386
454813
16123
12100
1891386
295372
16732
331230
12574
11179
11485
12467
15056
11788
12103
12140
11923
15486
18656
22011
12139
55539
1159583
22717
12115
51234
12163
11356
12362
15499
793086
19061
26650
13236
205512
994306
714957
13540
12187
10443
12008
28763
33654
10322
9779
154279
14803
11754
8986
8625
2146
2719
2273
4664
2121
2058
2220
2115
2182
2958
2209
2205
89750
3127
5935
433275
3433
96026
2538
2272
7947
2071
66013
2907
2464
2362
2369
2099
2403
16688
2405
2621
104944
3048
7637
2327
10221
2383
15981
2294
2295
2303
4946
3562
2142
2212
2171
2261
2640
2484
2488
77063
53976
2949
193984
103098
130084
3995
2708
232195
4590
33971
8583
2363
2234
3405
186852
3805
3418
2065
2666
2111
3578
127128
3414
125338
6140
3534
2472
2817
2350
2322
2458
2981
176452
3881
2362
2282
2406
2346
2788
94796
3259
2728
2670
3811
2768
47017
111020
3851
5771
2434
2352
3488
2348
2783
17042
2467
4304
2555
2386
2317
2642
2222
2097
2337
3327
224867
4348
289606
7402
3539
295471
4088
17244
2636
82238
5139
6143
2343
2442
3635
243698
3884
3844
83703
36546
193461
3903
2272
2345
1952
2072
2644
30790
95381
187420
3684
20393
2187
2269
7932
2547
2163
2277
2278
2450
14705
2416
50648
3944
239691
10364
17635
2497
16254
2632
2218
2108
2077
2131
2155
15360
2417
2315
50852
38952
2203
526211
4267
4230
5541
3238
170238
227922
6043
57655
3557
5581
2264
2833
313921
2336
2580
2475
2475
244989
18522
4508
28907
2959
2411
7678
2246
2618
2290
2414
85711
3023
2244
356104
54989
3139
62944
2300
2176
2183
2295
2701
2163
2202
2253
2126
2746
3484
4076
2226
10338
220478
4155
2231
9558
2170
2119
2301
2780
148916
3527
4848
2431
38747
185498
135651
2593
2269
1898
2310
5461
6329
1890
1801
29009
2770
2267
1726
