48429
11724
13888
12040
26626
11848
10909
11729
11498
12372
15599
11562
12104
483866
17068
31551
2333902
18401
512111
13874
12199
42617
11062
368123
15339
12750
12512
12193
11370
13069
90782
12403
14885
565405
15349
40880
12718
56535
12545
83143
11593
13215
13710
25598
19711
11472
12432
12278
11629
14408
13611
13883
408350
298209
17409
1041931
572608
695620
21873
15135
1251624
24668
177768
44723
12817
11986
17671
1005164
21205
17912
11166
13179
11238
18344
688132
17542
684829
32557
18635
12960
13122
12021
12347
12793
15613
933810
20268
12747
13254
13242
13491
16677
512995
17624
14243
14539
21393
15087
263165
584579
20265
30326
13247
13435
18916
12934
14697
91997
13383
23219
13385
12729
12601
13082
11786
11102
12849
16767
1211989
22893
1554250
41286
17974
1600029
21218
91273
13667
434148
29631
31750
12981
12729
18408
1281657
20814
20871
419044
193110
1066242
19902
11879
12758
10534
11255
13637
158323
494095
1019073
19705
111110
11431
12330
41567
13080
10998
11467
11951
12780
78326
12865
269757
20666
1253806
54746
90605
12352
86115
14963
10937
11524
11510
11249
10227
82640
11960
11640
273047
197910
12452
2797648
21472
21177
28443
18428
881218
1214291
32524
311854
17853
28200
12043
15374
1653223
12485
12583
13282
13412
1310526
95293
23948
149346
15875
12138
40537
11582
13994
11517
13711
449880
15301
11730
1888565
294512
17242
338280
12837
10965
10957
12666
14338
11071
12222
11897
11914
15555
18765
21696
12580
56129
1160672
22242
12192
52975
11859
11642
12752
15146
791475
19407
25471
13304
204061
992827
716812
12875
11658
10446
11914
28403
32950
10658
9938
154133
14684
12603
9070
8774
2127
2603
2205
4816
2173
2036
2164
2113
2253
2992
2101
2267
88943
3202
5834
431277
3432
95084
2547
2274
7842
2102
66519
2814
2327
2289
2176
2088
2288
17011
2297
2688
106043
2887
7508
2345
10283
2321
15669
2174
2365
2494
4839
3618
2144
2321
2231
2193
2646
2507
2579
76594
53815
3164
193518
103115
130223
4086
2828
230659
4520
33127
8439
2347
2227
3391
186742
3964
3327
2074
2492
2094
3410
126557
3310
124982
6129
3529
2371
2411
2178
2315
2419
2932
176025
3701
2316
2399
2456
2473
2907
94102
3175
2602
2640
3832
2715
47214
110443
3738
5605
2444
2417
3484
2406
2726
16982
2537
4302
2541
2379
2346
2527
2232
2047
2344
3177
224242
4264
288008
7524
3448
294611
3883
17111
2561
81541
5284
6063
2420
2426
3364
243887
4030
3861
84026
36719
192812
3832
2324
2411
1967
2114
2654
30816
95331
187869
3742
20517
2231
2296
7943
2477
2123
2217
2256
2325
14893
2382
50745
3802
237150
10442
17172
2336
16481
2805
2129
2204
2175
2158
2011
15651
2336
2275
51218
38497
2379
525507
4167
4068
5348
3414
170461
228507
6014
57833
3424
5388
2272
2843
313371
2363
2381
2409
2484
243422
18602
4374
27989
3043
2277
7573
2139
2622
2162
2429
85009
2829
2182
355200
54856
3262
64186
2322
2134
2045
2325
2630
2082
2202
2172
2142
2788
3491
3970
2289
10357
220773
4093
2261
9792
2100
2170
2340
2745
148486
3566
4639
2410
38415
185378
135684
2476
2166
1902
2285
5387
6168
1981
1857
28919
2773
2389
1726
