48778
11417
13302
12433
25636
11423
10857
12231
11567
12461
15998
11366
12099
481622
16253
31065
2342071
17814
514468
13574
12275
44056
11770
365628
15690
12899
12801
12275
11822
13626
90403
12756
14686
561253
15711
41897
12669
55707
12787
82773
11591
13096
12956
25527
19702
11575
12349
11520
11368
14470
13697
14451
409504
299796
16677
1048282
580167
694677
21292
14815
1252388
25370
179618
44591
12878
11870
18365
1010595
20763
17995
11659
13994
10965
18049
688220
18172
686184
31789
17809
12687
14681
12548
13428
13448
15897
936943
21248
12800
13286
13029
13197
15957
518359
17953
14670
14332
20980
15511
263343
590916
21139
31769
12991
13041
18864
13364
15626
92172
12567
23516
13517
12675
12151
13450
11533
11401
12928
16781
1218435
22830
1554603
41461
18316
1605502
21916
90678
13221
437614
28521
31726
13577
13110
19835
1285000
21283
20581
418389
195575
1067459
20346
11077
12744
10916
10804
13235
158242
495706
1022192
20185
111142
11694
11945
42118
12838
11282
11529
11915
13453
79369
13537
270604
21242
1265512
54831
91481
12610
82443
14411
11204
11112
11299
10822
11370
82290
11466
12088
270806
199213
12209
2810168
22002
21206
28671
18153
875203
1204150
31796
311508
17915
27944
12385
16125
1661403
11619
12912
13191
12675
1313126
95878
24055
150037
16022
12353
41008
12266
14561
12139
13244
455200
15571
11964
1892908
293884
17177
335262
13868
11447
11785
12943
15588
11515
11845
12016
11521
14878
18235
21795
12232
55641
1163586
22661
12391
50806
11783
11707
12309
15271
795345
18817
26049
12993
203864
993510
714049
13543
12132
10605
12450
28521
33442
10702
9597
154747
15022
12262
9954
8893
2129
2523
2281
4679
2120
2043
2294
2141
2288
3021
2123
2281
88672
3047
5744
433185
3338
95317
2523
2281
8120
2196
66358
2890
2355
2352
2202
2167
2428
16864
2358
2614
105424
2943
7770
2388
10184
2374
15616
2186
2343
2396
4842
3629
2154
2303
2098
2140
2665
2504
2601
76851
54128
3047
194545
104180
130419
3975
2773
231410
4614
33485
8451
2412
2212
3493
188047
3878
3379
2161
2688
2082
3348
126365
3398
125112
5983
3343
2318
2716
2275
2503
2492
2997
177027
3810
2330
2413
2416
2429
2843
95117
3288
2682
2597
3821
2769
47307
111687
3855
5877
2404
2385
3464
2497
2885
17087
2400
4311
2573
2427
2221
2544
2161
2090
2390
3194
225643
4280
288536
7579
3486
295610
3998
16966
2439
82302
5098
6090
2506
2453
3598
245225
4093
3801
84159
37241
193511
3918
2158
2415
2048
2050
2552
30856
95862
188383
3848
20635
2227
2238
8084
2473
2173
2243
2267
2485
15104
2512
50818
3885
239582
10402
17497
2366
15918
2709
2153
2136
2144
2076
2222
15582
2229
2323
50867
38760
2315
527838
4274
4094
5362
3377
169970
226856
5912
57546
3481
5434
2321
3006
315429
2163
2411
2386
2377
244575
18829
4408
28221
3052
2310
7637
2250
2753
2262
2388
85807
2877
2214
356327
54788
3216
63664
2531
2227
2213
2373
2798
2123
2158
2137
2095
2696
3379
4032
2219
10336
221316
4179
2251
9476
2066
2202
2315
2752
149481
3514
4792
2363
38515
185838
135486
2574
2264
1967
2348
5422
6258
1996
1798
29146
2796
2317
1890
