48557
11604
12697
12226
27028
11431
11046
11813
10831
12272
15549
11901
12142
484752
16338
32447
2332950
18216
511834
14063
11874
42981
11138
365032
15863
13583
12810
12536
11227
13812
89905
13100
14702
558863
15918
42185
12718
56139
12777
83899
11886
12837
12467
25043
19226
11237
12169
12131
11139
14126
13343
14399
411319
299909
16431
1050966
579720
695636
21096
14427
1261411
24617
179921
46739
12779
11520
19061
1004494
21210
18511
11379
14121
11448
18542
691443
18239
683466
32125
18333
13209
14909
12189
12490
13096
15219
937684
20714
12983
13397
12898
13606
16738
515813
17416
15533
14925
20851
15390
263874
584262
20086
32597
13466
12609
19109
13102
15997
90301
12784
23652
13596
13832
12381
12443
11773
11394
13003
17352
1215239
22575
1553889
40403
17928
1600650
22295
90901
14781
435344
29905
32034
12749
12372
19185
1282004
21236
19353
414550
195263
1060543
18905
11270
12880
11052
11568
12903
157544
493231
1018454
19161
110557
11255
12593
42830
13802
10697
12026
11497
12964
77906
13283
271944
21150
1261213
53533
92511
12279
84684
13883
11053
10949
11499
11360
10972
81120
11478
11984
270825
200191
11472
2814350
22403
21435
28602
16786
878980
1204876
32872
310244
17871
28727
12386
15532
1662214
12048
12596
13739
12825
1316220
96839
24520
151272
15986
12780
40920
11814
14025
12341
12953
454789
15661
12579
1891347
291903
16451
334687
12660
10962
12158
12084
15417
11254
11877
12336
11934
15364
17505
21518
12260
56000
1161371
22974
12099
51314
12093
11894
11906
15038
796217
18185
25268
12971
205670
995796
717150
13755
12496
10571
11866
28993
33915
10349
10198
155572
14561
12682
9663
8851
2135
2463
2247
4885
2131
2094
2229
2016
2300
3011
2220
2300
89389
3068
5994
431911
3418
95204
2598
2251
7923
2096
66110
2921
2471
2352
2260
2069
2464
16905
2405
2637
104924
2994
7797
2386
10218
2333
15852
2225
2294
2252
4748
3555
2107
2281
2196
2090
2605
2429
2633
77220
54247
3054
195352
104298
130599
3907
2718
232948
4517
33583
8757
2361
2146
3635
186886
3938
3476
2122
2660
2166
3516
127396
3438
124735
6061
3490
2395
2741
2219
2350
2468
2885
177019
3738
2345
2437
2393
2491
2916
94977
3183
2810
2725
3780
2781
47411
110679
3690
5979
2504
2308
3510
2399
2974
16675
2454
4364
2517
2587
2265
2358
2230
2097
2372
3300
225425
4220
288711
7339
3448
295405
4020
17162
2728
81925
5364
6162
2388
2327
3501
244672
4044
3570
83528
37183
192627
3679
2191
2432
2054
2187
2503
30842
95422
188016
3667
20434
2186
2349
8132
2612
2050
2310
2176
2399
14846
2465
51011
3915
238698
10180
17526
2313
16282
2614
2190
2070
2184
2170
2155
15378
2247
2321
50930
39051
2214
528810
4296
4100
5345
3147
170732
227305
6041
57595
3457
5537
2357
2900
315776
2248
2383
2485
2415
245277
19000
4499
28468
3050
2401
7663
2178
2583
2287
2355
85865
2921
2341
356121
54418
3078
63608
2322
2147
2241
2227
2740
2110
2150
2224
2164
2736
3288
3965
2262
10416
221210
4279
2249
9629
2131
2197
2205
2693
149456
3394
4640
2411
38932
186136
136171
2632
2368
1935
2302
5462
6327
1909
1939
29376
2730
2411
1856
