49381
11412
12859
11921
26147
11409
11345
11429
11326
11948
15218
11724
12830
484978
16077
31307
2335489
19217
514375
14375
11773
44161
11337
364677
15815
13465
12645
12500
11612
13603
89976
12480
14687
563648
15663
42327
12191
56157
13245
85218
11639
13341
13275
25906
19931
11286
11615
11521
11670
14285
14141
14674
407476
295601
16782
1046144
576426
691899
22365
15345
1260121
24719
180071
44451
12690
12322
17725
1003099
20822
18597
11134
13636
11755
19043
698330
18265
684371
32002
18937
13459
14391
12448
12869
13185
15433
937778
20874
13032
13413
13827
13294
16285
516948
17950
14937
15130
20712
15232
265685
582389
20619
31396
13016
12904
19241
13144
15331
93056
12950
23258
13772
12366
12644
13141
11640
11173
12235
17090
1211955
22756
1555045
42106
17530
1602733
21559
92477
13433
437339
29325
32024
12763
12257
20134
1281000
21066
20028
414119
195555
1063837
20087
12065
12207
10438
10761
13302
156260
495134
1016529
19352
110311
11752
12020
42773
12746
10743
11906
11171
13859
79190
13727
270644
20943
1270558
54135
93317
12528
86130
14698
11395
11511
11004
10586
11235
81363
12021
11534
273289
199093
12296
2813956
22491
21635
28911
17499
879484
1206610
32349
309549
17690
27923
12077
14974
1655656
11985
12991
13575
13310
1314104
95290
23693
150864
16156
12517
41475
11704
13311
12381
13740
457186
15851
11966
1890557
293955
16952
335950
12535
11451
11951
12297
14718
10638
11912
11935
12348
15836
18376
21315
12589
55635
1164985
22699
12339
50883
11717
11988
12324
15182
801126
18939
25454
12813
203574
995268
718221
13643
11818
9807
12037
29033
33339
10186
10303
154760
15075
12160
9656
9011
2115
2462
2195
4752
2074
2124
2171
2123
2206
2921
2179
2378
89356
3022
5756
432003
3529
95500
2652
2217
8203
2141
66170
2894
2460
2322
2227
2131
2401
16977
2292
2631
105914
2915
7752
2317
10222
2379
16025
2197
2379
2412
4917
3697
2120
2174
2099
2200
2645
2563
2703
76716
53447
3087
194572
103607
130132
4128
2905
233265
4533
33480
8439
2329
2301
3397
186954
3910
3496
2071
2549
2171
3598
128280
3378
125028
6063
3588
2482
2697
2256
2444
2460
2920
177103
3802
2368
2421
2531
2474
2874
95073
3262
2701
2752
3711
2763
47732
110515
3789
5783
2384
2373
3486
2450
2830
17208
2487
4342
2567
2288
2312
2514
2227
2047
2268
3223
224748
4214
288718
7689
3342
295521
3949
17332
2505
82319
5305
6150
2399
2298
3654
243964
4022
3656
83367
37357
192935
3911
2311
2315
1968
2063
2571
30603
95642
187713
3705
20515
2300
2259
8160
2428
2063
2320
2119
2541
15068
2540
50991
3891
241047
10259
17746
2348
16492
2760
2217
2183
2102
2057
2188
15408
2312
2212
51300
38705
2366
529195
4335
4164
5465
3215
170405
227607
5961
57509
3416
5386
2277
2788
314759
2252
2442
2491
2502
244527
18663
4369
28370
3087
2357
7767
2168
2502
2313
2486
86433
2934
2234
356142
54739
3144
63988
2306
2232
2269
2284
2677
2000
2132
2167
2230
2857
3464
3925
2303
10355
222039
4218
2262
9462
2065
2233
2327
2722
150325
3526
4703
2384
38473
186066
136554
2569
2216
1829
2312
5486
6189
1885
1928
29223
2784
2317
1871
