47946
10889
13659
12142
26186
11435
10738
11195
10959
12214
15099
11247
12291
487984
16281
31676
2348668
19390
512930
14490
12369
42133
11535
363040
15661
12954
13212
12829
12480
13379
89570
13241
14901
563267
15440
41463
13344
56315
13110
83024
11938
12778
13175
24986
19938
11299
12131
11559
11120
14107
13751
14089
411335
298954
16597
1045939
575433
692952
21983
15575
1249732
25433
179709
43201
12826
12004
18277
1006038
20257
17908
11019
13930
11629
19107
689301
17372
686960
32072
18695
12706
15029
12254
12750
13560
16172
931992
21181
12748
13006
13388
12973
16998
516993
17198
15272
14559
20283
15374
266399
584339
20650
31539
13105
12756
18386
13207
16464
91498
12527
23573
14127
13066
12157
13869
11641
11418
12823
17372
1211317
22543
1554316
39361
17980
1605795
21798
90713
14116
437087
28847
32842
12432
12642
20021
1276918
21104
19442
415172
194968
1069913
20000
11878
12344
10786
10660
13229
158222
497121
1016441
19562
110584
10918
11464
42841
13422
11337
12068
11326
13596
78816
13967
272028
21290
1265977
54411
92437
12521
84970
14030
11282
11543
11837
11399
10771
82208
11943
11587
270838
200163
12487
2805358
22629
21486
29474
18461
883016
1211232
33429
312131
18103
27657
12507
14936
1650443
12537
13423
13326
12922
1310790
94959
23838
152926
16291
12622
41684
11520
14308
12631
13544
449478
15300
12199
1904089
295069
16696
335692
13762
11746
11514
11664
14944
11789
11653
12182
11569
15214
18411
21721
12722
56840
1162901
22770
12046
52193
11840
11747
12380
15158
796200
18387
25857
13320
204778
992236
718461
12979
12374
10422
12533
29093
33321
10546
9952
153450
14764
12161
9475
8783
2027
2635
2223
4765
2094
2004
2126
2019
2242
2914
2095
2312
89879
3036
5849
434596
3589
95186
2685
2347
7846
2169
65794
2873
2355
2375
2309
2289
2373
16890
2427
2651
105922
2916
7608
2496
10191
2433
15644
2237
2276
2381
4775
3676
2094
2251
2109
2117
2600
2525
2626
77116
54071
3047
194634
103705
130367
4081
2922
231454
4620
33527
8177
2363
2238
3490
187087
3804
3343
2055
2603
2182
3524
127223
3285
125293
6039
3510
2329
2791
2220
2375
2576
3054
176103
3861
2343
2366
2479
2369
3013
95102
3140
2788
2650
3658
2735
47850
110659
3792
5823
2434
2319
3376
2472
3048
16905
2424
4310
2614
2432
2230
2683
2226
2069
2316
3261
225138
4198
289109
7246
3445
295697
4001
17118
2636
82179
5186
6329
2330
2402
3636
243579
4051
3592
83729
37192
194230
3937
2279
2311
2021
2003
2549
30942
95919
187822
3753
20426
2123
2189
8200
2571
2186
2301
2184
2509
14966
2580
51166
3864
239528
10243
17638
2356
16362
2619
2193
2193
2251
2199
2106
15590
2306
2224
50960
38997
2384
527390
4369
4132
5514
3417
170910
228252
6196
57912
3542
5349
2360
2780
313769
2355
2513
2399
2457
244451
18570
4387
28782
3146
2370
7805
2127
2670
2368
2446
84860
2832
2263
358119
54999
3178
63931
2507
2306
2172
2174
2716
2208
2114
2197
2110
2744
3471
4079
2317
10542
221519
4201
2224
9687
2110
2214
2299
2729
149784
3436
4694
2440
38659
185789
136356
2499
2304
1928
2409
5469
6253
1942
1848
28843
2770
2336
1800
