48347
11870
13207
12102
25443
11822
11564
11513
10972
12471
15722
11294
11178
484005
17348
32236
2332457
18155
514939
13253
12405
44068
11441
365651
14740
13108
12962
12528
11634
12696
89325
13410
14563
562879
15836
40674
11959
57181
12915
83044
11789
12894
13576
26237
19477
11244
11989
11236
11313
14491
13431
14189
410033
297637
16892
1052723
582881
694675
21768
14466
1257749
25562
180481
45383
12651
11980
17780
1010718
21443
18515
11604
14153
11516
18393
689263
18075
686141
31421
18260
12942
14785
12846
13074
12966
15609
939316
20413
13573
12967
12920
13115
16803
512973
18518
14652
14926
20280
14709
260513
588961
20584
31695
12745
12630
18691
13045
16608
93615
13304
23364
13702
14043
12756
13345
12034
12016
12366
17523
1220478
23495
1554275
40724
18534
1606830
21882
91441
13249
439219
29206
31617
12587
11984
19593
1280826
20202
20708
416174
196590
1057949
19888
11652
12708
10831
11161
13298
158444
496010
1017743
19193
110634
11493
11983
41002
11698
10491
11796
11975
13693
79337
13661
271675
21437
1262635
54725
90480
12438
83810
13685
11030
11229
11351
10563
10690
79488
11679
12576
268610
199411
12386
2809421
21840
21363
29203
17298
882891
1215224
32037
311600
18457
28651
12426
15049
1654320
12382
13627
12888
12204
1314893
95169
23729
149658
15580
12687
40182
11755
13674
11947
13042
456232
15231
12072
1890407
295802
16809
334297
13250
10874
12168
11664
14530
11587
11818
12210
12230
15322
18694
21477
12445
55352
1160306
23171
12123
50700
12187
11358
12539
15509
796097
19049
25790
13027
203594
993814
718701
13106
12491
10673
11904
29091
33811
10448
9940
156967
14583
12898
9761
8896
2207
2519
2225
4631
2184
2156
2160
2053
2290
2988
2133
2119
89154
3260
5929
431981
3382
95819
2471
2324
8155
2180
66280
2748
2406
2370
2227
2159
2251
16695
2437
2615
105711
2959
7489
2219
10303
2397
15728
2229
2313
2420
4966
3602
2089
2245
2046
2155
2662
2472
2598
76868
53836
3088
195641
104910
130736
4045
2729
232617
4687
33683
8570
2379
2271
3415
188121
4012
3456
2167
2661
2130
3469
127103
3348
125246
5978
3465
2360
2734
2322
2446
2433
3006
177505
3722
2454
2407
2405
2412
2959
94469
3370
2714
2716
3647
2655
46914
111633
3798
5850
2336
2303
3450
2417
3021
17278
2554
4320
2560
2636
2320
2566
2276
2172
2231
3301
226184
4302
289054
7470
3523
296167
3995
17193
2499
82559
5227
6098
2344
2292
3563
244570
3905
3874
84174
37288
192006
3854
2234
2389
2021
2128
2607
30934
95744
187675
3728
20584
2243
2233
7799
2237
2008
2259
2264
2509
15049
2519
51306
3949
238988
10417
17364
2329
16226
2593
2161
2122
2141
2082
2088
15169
2294
2386
50582
38881
2421
528268
4240
4052
5479
3204
171417
228726
5992
57948
3550
5528
2381
2823
314597
2322
2571
2361
2294
244739
18666
4373
28228
2998
2396
7479
2194
2550
2256
2354
86204
2828
2234
355753
55282
3180
63637
2427
2141
2257
2181
2607
2155
2144
2219
2229
2782
3475
4012
2281
10319
220889
4280
2235
9436
2135
2172
2295
2783
149561
3549
4718
2368
38454
185903
136278
2518
2350
1972
2273
5542
6335
1940
1869
29464
2740
2448
1870
