47743
11228
13959
12236
26302
11411
11450
11927
10824
12034
15845
11798
12020
486592
16567
32223
2344177
18860
516814
13647
12070
42890
10865
364125
15553
12917
13029
12319
11933
13272
87879
12964
15166
559243
15035
42248
12126
57368
12641
83827
11704
13206
13055
25749
20434
11440
11648
11560
12192
14095
13638
14223
411142
298745
16570
1044772
578421
690663
21548
14218
1254927
25986
181723
43842
12608
11285
18297
1006713
19682
18595
11745
13317
11385
18706
691490
18148
683036
32832
18238
13055
14484
12540
13090
13342
15234
943279
20905
13143
12821
13690
12754
16371
515963
17703
14893
14686
21667
15343
261753
583457
20107
30356
13000
12899
19173
12402
15960
91753
13090
23273
12999
12605
12642
12635
11230
11625
12033
15920
1212157
23119
1555935
40270
18154
1601196
21826
91948
13693
435389
29353
32085
12442
12464
19975
1280373
21595
19678
417692
196682
1064371
19995
11771
12514
10844
10820
13281
156609
492848
1018023
19868
108580
10926
11792
41699
13494
10800
11850
11567
13432
79482
13535
272107
21407
1266211
54473
90942
12584
83619
14686
10998
11263
10768
10709
11305
79931
12483
12104
269868
200819
12664
2802588
21653
21008
28111
17551
874414
1210930
32864
312367
17348
28903
12391
15112
1653000
12450
13640
14267
12657
1320245
96227
23990
152789
15673
12849
42112
11479
13735
12234
13556
458116
15301
12341
1889137
293535
16724
335215
13295
11707
11416
12161
14349
11515
11708
12491
12070
15505
18535
22524
12544
55068
1161286
22828
11514
50406
11980
11480
12038
14867
793824
18466
25914
12877
205433
992550
719137
13853
12825
11099
11389
29131
33720
10375
10111
156510
15383
11963
9997
8750
2099
2649
2240
4781
2101
2156
2235
2024
2235
3047
2205
2250
89916
3096
5925
433611
3525
96350
2509
2284
7972
2064
66059
2877
2374
2345
2195
2219
2331
16584
2375
2718
104853
2853
7747
2254
10436
2310
15752
2208
2369
2357
4897
3771
2114
2237
2092
2302
2590
2455
2629
77163
53917
3037
194439
104125
129954
4041
2737
232765
4735
33898
8292
2349
2118
3470
187572
3684
3520
2214
2543
2121
3464
127347
3394
124603
6199
3482
2373
2718
2281
2445
2515
2907
178357
3784
2377
2321
2531
2346
2890
94938
3173
2720
2655
3900
2790
47177
110730
3723
5601
2412
2336
3522
2344
2940
16963
2461
4285
2449
2378
2335
2409
2143
2096
2212
3042
225372
4236
288935
7413
3435
295717
3976
17268
2571
82012
5217
6163
2339
2335
3649
244790
4119
3683
84372
37533
193343
3917
2259
2326
2044
2077
2586
30628
95288
188003
3799
20162
2124
2209
7956
2568
2131
2264
2209
2489
15191
2510
51143
3918
239603
10401
17348
2324
16113
2754
2161
2157
2072
2101
2199
15186
2395
2318
50692
39149
2413
527602
4167
4079
5281
3269
169860
228440
6079
58159
3355
5562
2314
2830
314263
2329
2576
2566
2406
245805
18869
4439
28756
3024
2446
7860
2117
2559
2254
2441
86609
2853
2274
356063
54837
3148
63662
2454
2309
2162
2255
2593
2131
2117
2274
2202
2812
3458
4146
2300
10265
221472
4195
2177
9380
2130
2146
2221
2703
149267
3447
4738
2379
38724
185684
136699
2678
2425
2030
2158
5484
6308
1934
1885
29422
2847
2244
1867
