47906
11258
13961
11663
27036
11647
10728
11561
11827
12677
15885
11779
12211
484772
16516
31982
2330274
18736
517899
14303
12087
43818
11121
365052
15189
12551
12388
12171
11429
13173
90261
12944
14731
557459
15496
41387
12088
57203
13025
82135
11634
12646
12891
26290
20077
11612
12022
11310
11610
14239
13656
13935
410048
297141
17332
1054979
575196
688450
20507
14700
1256528
25503
181463
46755
13133
11264
17743
1009821
21442
17503
11100
15331
11647
18575
689983
17462
684751
31278
18033
12950
14789
12893
12941
12938
15966
941447
20570
12227
13236
13653
12896
16474
511973
18165
15472
15669
22199
15650
264623
585577
20208
31432
13175
13281
18612
13305
15271
91000
12695
22931
13823
14100
12620
13182
11454
11252
12776
17030
1212621
23141
1552779
41121
17657
1601552
22027
91542
13409
438920
29494
31447
12470
13235
20227
1275288
21485
20353
416056
192490
1063119
19869
12005
12188
10686
11511
12973
157736
493732
1020233
20260
109873
10862
12227
40945
12424
10850
11428
11729
13438
78349
13414
269142
21130
1264691
54181
92969
12017
84218
14305
10807
11003
11085
11064
11110
82051
11911
12031
270188
196905
12659
2807753
22334
21843
28345
17391
879895
1210629
32822
313156
17968
28517
12048
15024
1656654
12424
12844
13166
12526
1313545
93386
23971
150761
15394
11979
41283
12211
14200
12605
14248
455178
15444
12591
1882602
292855
16828
331696
12529
11555
11269
12034
14514
11086
11745
11937
12204
15233
18185
21158
12381
55663
1162044
22847
11880
51506
11734
11110
12576
15247
797962
18891
25744
13282
205708
993922
719482
13300
12318
10733
11888
28713
33644
10585
9837
155276
14943
12067
10229
8763
2106
2620
2160
4910
2146
2033
2188
2198
2304
3053
2189
2314
89357
3107
5928
431452
3487
96430
2633
2316
8111
2103
66116
2798
2294
2293
2182
2108
2344
16926
2379
2630
105156
2931
7606
2277
10364
2351
15566
2221
2232
2349
5037
3724
2164
2248
2086
2211
2676
2494
2535
77009
53819
3197
195892
103591
129695
3834
2826
232409
4681
33987
8761
2407
2139
3441
188247
3996
3284
2077
2861
2193
3446
127014
3283
124950
5937
3359
2383
2755
2309
2427
2455
3025
177945
3715
2237
2431
2529
2382
2869
94313
3298
2810
2842
3959
2825
47567
110971
3685
5777
2442
2414
3447
2442
2828
16851
2429
4226
2606
2645
2352
2521
2190
2059
2306
3269
225237
4295
288707
7553
3348
295765
4026
17232
2558
82724
5287
6057
2321
2493
3636
243112
4063
3811
84042
36720
193061
3840
2321
2301
2023
2174
2514
30871
95452
188192
3877
20320
2146
2295
7787
2360
2104
2193
2227
2461
14945
2522
50664
3879
239599
10352
17653
2260
16102
2663
2150
2092
2123
2141
2161
15575
2278
2305
50820
38338
2467
528094
4339
4203
5361
3249
170759
228180
6059
58159
3469
5502
2263
2780
314900
2359
2423
2371
2386
244757
18341
4404
28484
2933
2228
7747
2257
2624
2358
2596
86005
2857
2348
355114
54655
3159
63164
2290
2238
2123
2203
2644
2056
2148
2171
2213
2743
3388
3970
2262
10401
221711
4226
2174
9655
2076
2111
2305
2757
150173
3494
4722
2451
38941
185800
136617
2513
2349
1950
2261
5482
6244
1955
1837
29244
2798
2304
1960
