48591
12110
13470
11670
25880
11458
11074
10991
11090
12031
15529
11250
12592
483303
16236
31612
2332695
18677
518792
13822
12244
43605
11478
361481
15380
12809
12302
12410
11334
12432
88963
12671
14437
562574
15528
41116
12438
55691
12808
84700
12320
13317
12689
25409
19167
11525
12044
11888
10933
14237
13088
14829
409443
298803
16362
1044880
577197
693654
21622
15257
1251666
24727
180226
45469
12702
12054
18226
1006594
20124
17220
11276
14358
10989
19235
692469
17646
681509
30887
18269
13630
15209
12927
12955
13635
15272
937097
20917
13677
13139
13469
13200
17136
509155
17872
14764
14805
20692
15054
263073
582341
20047
31916
13681
13377
19795
13084
15311
91574
13091
23843
13899
12648
12980
13344
12232
11200
12630
17301
1214901
23426
1549855
39783
17651
1603168
21674
89913
13401
443914
28936
31726
12424
11966
19762
1278567
20451
20490
414374
194019
1065621
20376
11811
12076
11245
11045
12914
157038
495948
1017871
20098
108315
11218
12047
42333
12912
10832
11742
11381
13327
78367
13070
269443
21893
1258357
54766
91968
13167
83771
14070
10991
11109
10931
11797
10966
82050
11960
12016
271377
197083
11825
2805201
21610
20502
29118
17376
880992
1211895
31810
308914
17818
27844
12780
15194
1657053
12407
12414
12674
12633
1311878
95405
23219
148924
16246
12777
41183
11857
13891
11539
13704
447397
15504
11665
1886096
295468
16437
332846
13539
11113
11988
12034
14467
11806
11995
12479
11882
15486
17828
21174
12242
56279
1163521
22888
11980
50736
11879
11502
12190
15193
793371
18242
25436
12834
203036
994787
715283
13238
12157
10153
12412
28781
33513
10201
9299
154312
14196
12880
9392
8886
2210
2582
2150
4699
2108
2083
2090
2064
2205
2993
2087
2372
89169
3071
5824
432309
3497
96301
2534
2352
8062
2164
65634
2826
2333
2250
2217
2082
2260
16665
2329
2595
105680
2938
7598
2294
10086
2368
15961
2311
2397
2306
4822
3542
2132
2254
2175
2091
2628
2395
2724
76911
53982
2986
194023
103960
130303
4008
2868
231876
4555
33631
8608
2388
2268
3509
187591
3749
3244
2095
2706
2043
3589
127513
3312
124468
5887
3459
2497
2798
2355
2441
2579
2927
177262
3813
2455
2421
2489
2448
2984
93749
3236
2717
2711
3716
2722
47198
110503
3727
5852
2526
2430
3602
2416
2816
16976
2481
4388
2611
2346
2377
2536
2287
2025
2311
3247
225692
4333
288395
7314
3368
295815
3968
16900
2494
83501
5198
6105
2354
2285
3615
243727
3928
3795
83621
36969
193439
3952
2277
2240
2115
2103
2498
30628
96006
188004
3833
20175
2197
2252
8076
2433
2106
2275
2185
2442
14844
2424
50810
4004
238884
10402
17572
2435
16172
2653
2145
2117
2099
2259
2159
15523
2343
2284
51105
38509
2297
527611
4227
3988
5470
3248
170963
228491
5928
57479
3431
5355
2422
2795
315116
2343
2373
2333
2395
244393
18615
4281
28127
3075
2423
7692
2202
2570
2166
2499
84561
2866
2195
355453
55018
3071
63555
2465
2182
2228
2232
2577
2197
2177
2252
2165
2798
3353
3999
2226
10397
221624
4249
2228
9483
2143
2171
2285
2748
149354
3381
4683
2377
38392
185633
136008
2552
2277
1881
2389
5477
6224
1890
1734
29064
2653
2473
1809
