48808
11090
13913
12588
26313
11724
11553
11271
12157
11930
15661
12209
12535
483897
17455
32230
2337162
18921
512619
13230
12446
43473
10845
361755
15337
13256
12773
12419
12062
13593
91186
12504
14714
563657
15682
41275
12386
57322
13527
81852
12008
13272
13102
26128
19237
11868
11991
11530
12068
14295
13264
14203
410970
299170
17190
1053969
573032
693140
21598
14905
1248375
25986
181642
44833
13556
11545
18541
1006014
20398
17867
11540
13921
11731
19295
692765
16999
687128
31738
17094
13067
14922
12310
12907
12909
15330
936536
20775
12809
13202
13386
12864
16693
506018
17789
15040
14852
21737
15003
261309
584952
20109
30371
13158
12540
18927
13493
16417
92785
12483
23478
13105
13009
12372
13116
11755
11261
13037
17237
1211380
23183
1555424
40258
18216
1602624
22226
90997
13536
438621
28933
33202
12160
13079
18959
1276990
20469
20667
413408
194829
1062074
19327
11295
12530
10825
11073
13609
157880
495622
1016619
19648
109100
11424
12291
42230
13624
10614
11868
11459
13349
78923
14184
273832
20896
1264127
55179
92540
12430
85412
14534
11204
11137
10713
10897
10964
82153
12457
11869
268007
197951
11783
2801112
20919
21234
29042
17830
881202
1204685
32760
311292
17422
27957
12475
15737
1651580
11843
12888
13252
12754
1308339
94450
22411
153484
15463
12472
42480
12157
13845
11617
13611
454170
15460
12474
1886589
292354
17063
334504
12642
11364
12189
12035
15313
11420
11734
12409
12299
15031
19100
22158
12350
55739
1161939
23325
12022
51758
12208
11417
12753
15513
790119
18251
26149
13212
202967
996679
719493
13568
11900
10558
12126
28612
33171
10337
9811
156822
15240
12293
9701
8879
2055
2646
2303
4801
2168
2166
2137
2245
2177
2999
2269
2384
89200
3235
5978
432723
3546
95489
2412
2329
8033
2068
65549
2816
2417
2350
2224
2224
2445
17087
2309
2641
105937
2939
7581
2304
10416
2446
15502
2263
2364
2393
4951
3545
2191
2255
2114
2289
2637
2414
2586
77039
54013
3177
195487
103256
130222
4035
2815
231440
4752
33892
8410
2497
2158
3528
187190
3818
3377
2164
2631
2189
3579
127731
3213
125411
6016
3282
2416
2767
2266
2426
2465
2915
177066
3780
2333
2414
2506
2393
2960
93445
3228
2753
2699
3898
2685
46934
110763
3705
5635
2428
2294
3492
2493
3040
17118
2408
4351
2469
2448
2261
2519
2228
2071
2396
3247
224870
4320
289132
7388
3485
295822
4093
17219
2513
82725
5133
6311
2278
2457
3460
243552
3949
3841
83387
37219
192800
3773
2199
2337
2039
2124
2647
30896
95823
187848
3776
20238
2204
2297
8034
2578
2040
2300
2162
2446
15016
2616
51445
3854
239860
10439
17689
2375
16461
2733
2200
2136
2094
2082
2148
15608
2409
2259
50427
38647
2287
527105
4096
4090
5500
3361
171050
227101
6041
57758
3385
5354
2316
2885
314114
2221
2432
2435
2384
243918
18584
4154
28700
2995
2332
7936
2255
2610
2188
2434
85867
2853
2321
355493
54518
3214
63693
2320
2222
2303
2189
2760
2159
2104
2253
2253
2701
3536
4102
2276
10338
221229
4295
2208
9685
2173
2135
2367
2823
148749
3388
4797
2425
38393
186331
136715
2600
2259
1954
2283
5402
6225
1929
1866
29477
2864
2358
1885
