48140
11229
13840
12216
25796
11125
11316
11297
11234
11602
14958
11120
11844
483375
17383
32061
2337630
18669
510473
13709
12498
43250
11403
362545
14678
12979
13335
12115
11654
13691
87336
12562
14821
562740
15338
40804
12407
55767
12772
83407
11962
12803
12873
26130
19673
12041
12667
11733
11653
14449
13141
14768
408634
294833
16414
1043043
578862
691701
21523
14869
1246765
25219
180685
43778
13012
11584
18103
1004398
21645
18441
11699
14266
11530
18692
693860
17304
682207
30719
18307
13264
14977
12396
13087
12859
16080
941808
20464
12769
13277
13722
13378
16702
504600
17580
14732
14488
21437
15473
263206
582747
20390
31510
12949
13073
19345
13166
14901
90656
13341
24346
12920
13308
12583
13371
11601
11374
13112
17561
1216096
22275
1545595
40562
17810
1603769
21092
90452
13542
441655
29555
30720
12570
11796
19300
1278355
21862
19416
412197
192852
1067920
20233
10989
12155
11175
10590
13624
157645
493083
1011686
19188
109948
11180
11493
42868
13222
10841
11662
11709
13006
80078
12646
272209
21766
1259740
55606
90580
13119
84236
14254
10873
10925
11678
10734
11496
81458
12000
11935
270451
201051
12238
2802325
21959
21247
28729
17698
874995
1202202
31749
312150
17421
27873
12080
15670
1651992
12286
12992
13143
13158
1315197
94606
24639
151244
15883
12653
42123
12059
14298
11900
14050
450682
15138
11412
1886396
296179
17066
333942
12766
11382
12014
13135
14799
11057
12320
11777
12326
15946
18604
20650
12442
56087
1161536
21977
11540
50511
11716
11621
12365
15740
793842
18351
26245
13070
206243
993325
715715
12963
11927
10278
12065
28897
33740
10750
10059
153891
14233
12321
9681
8854
2080
2637
2238
4655
2039
2112
2135
2088
2176
2865
2059
2207
89125
3240
5893
432756
3479
95072
2538
2352
8045
2169
65669
2711
2360
2403
2184
2171
2441
16486
2326
2656
105725
2880
7439
2295
10178
2395
15781
2229
2317
2345
4959
3621
2238
2338
2120
2206
2680
2411
2691
76740
53380
2980
193925
104090
130130
4037
2811
231216
4611
33729
8254
2380
2191
3487
187364
4039
3446
2197
2712
2151
3539
127683
3253
124509
5857
3455
2429
2742
2240
2445
2438
3036
178034
3747
2353
2434
2525
2459
2935
93029
3216
2729
2643
3822
2740
47319
110689
3745
5764
2391
2386
3520
2432
2774
16851
2540
4422
2421
2484
2294
2501
2215
2096
2370
3314
225237
4160
287651
7417
3360
296015
3879
17017
2528
83111
5287
6000
2328
2274
3541
244042
4198
3585
83056
36854
193977
3905
2102
2274
2061
2013
2646
30870
95087
187062
3726
20429
2187
2160
8167
2475
2059
2256
2240
2393
15190
2334
51278
4031
238886
10578
17333
2465
16158
2679
2136
2087
2253
2077
2242
15383
2346
2299
50750
39256
2351
526843
4249
4091
5433
3286
170330
226839
5917
57916
3340
5352
2295
2909
313856
2304
2450
2417
2486
244932
18608
4496
28560
3016
2394
7885
2233
2644
2208
2536
85154
2831
2151
355688
55148
3222
63487
2316
2211
2258
2395
2662
2070
2231
2138
2238
2869
3450
3854
2280
10417
221450
4094
2123
9408
2103
2192
2349
2833
149243
3427
4808
2396
38899
185458
135891
2443
2251
1893
2300
5474
6281
1972
1873
29138
2664
2370
1863
