48818
11204
13345
12360
25617
12132
10947
11389
11578
11731
15479
12471
11978
485589
16022
31628
2334495
17985
514111
13233
11835
42308
11086
364438
15030
12768
12272
12535
11667
12584
90668
12646
14201
561626
16006
41150
11991
55441
12700
83432
11967
12956
12661
25913
19559
11240
12701
11483
11316
13811
13251
14521
408394
299595
16535
1046344
574286
696525
22085
14300
1243623
25078
180842
46379
13076
11988
18293
1003688
21523
18501
11062
13618
11162
19284
692054
17360
685489
32148
18502
12923
13239
12451
12388
12998
15155
939240
20906
13124
12548
12813
12264
16491
514232
18079
15212
14186
21252
15358
262150
585755
19907
31005
12635
12814
19619
12181
16354
91405
12299
22132
13720
13375
11935
13070
11287
11722
12888
17820
1212439
22709
1551549
40993
17576
1596038
21613
91385
14002
440743
29531
31172
12468
12038
19689
1279794
21286
20070
414305
193974
1067345
20647
11028
12285
10579
10861
12863
157187
492561
1018089
19992
110076
10933
12312
41843
13009
10813
11424
11474
13034
80633
14231
271273
21024
1262164
55657
90329
12222
83819
14717
11786
11117
10994
10989
10808
81426
11422
12057
271690
199974
11844
2800444
22017
21100
29158
17770
876498
1206991
32132
313008
17797
29232
12736
15364
1645033
12356
13189
13244
12997
1307257
95474
24151
148250
15673
12473
41831
12089
13410
12651
13288
457666
14702
12389
1890664
294945
16480
334558
13082
11434
11225
13248
14941
11568
11680
11857
12233
14892
18597
20676
12458
55145
1158350
21982
12001
51395
12174
11565
12015
15146
797793
18249
26168
12534
202676
995555
717106
13582
12196
11205
12242
29617
32974
10581
9892
156061
15129
12580
9837
8952
2062
2536
2255
4690
2231
2033
2141
2168
2143
2978
2307
2258
89271
2973
5872
431186
3377
95383
2426
2252
7812
2071
65992
2741
2305
2243
2241
2136
2235
16947
2315
2530
105247
3023
7632
2231
10058
2327
15699
2240
2337
2297
4923
3610
2064
2371
2079
2164
2516
2396
2635
76528
54132
3017
193811
103293
130558
4100
2668
229846
4600
33672
8708
2427
2241
3503
186561
3951
3408
2068
2598
2071
3622
127000
3261
125022
6117
3472
2365
2452
2257
2333
2452
2889
177104
3777
2371
2283
2379
2259
2911
94490
3277
2751
2565
3836
2777
46923
110803
3609
5716
2338
2323
3601
2301
3027
16880
2352
4121
2520
2494
2200
2489
2140
2131
2351
3377
224428
4147
287982
7456
3373
293753
3921
17113
2604
82943
5273
6008
2328
2256
3607
243690
4055
3783
83432
36866
193075
3949
2131
2355
1993
2039
2502
30661
94943
187467
3753
20316
2107
2317
8004
2444
2059
2206
2158
2401
15298
2614
50782
3870
238596
10545
17215
2321
16099
2756
2309
2131
2097
2122
2110
15457
2217
2293
51047
38830
2276
526043
4261
4108
5427
3303
169881
226994
5933
58056
3414
5610
2398
2830
312250
2282
2507
2419
2444
243224
18681
4427
27882
2970
2324
7802
2205
2519
2334
2416
86233
2747
2314
355224
54873
3113
63362
2365
2208
2114
2425
2688
2135
2102
2169
2217
2700
3482
3851
2259
10193
220437
4069
2223
9602
2120
2188
2275
2741
149731
3420
4731
2311
38278
185765
135732
2601
2271
2037
2338
5607
6139
1942
1870
29311
2775
2412
1859
