47674
11624
13857
11979
26675
11636
10520
11638
11484
12207
15491
11966
12309
483763
16621
32233
2340634
18837
512934
13615
12145
43052
11567
365062
15359
12559
13053
12485
11478
12969
88177
12949
15079
555510
15564
42491
12387
54756
13508
83828
11919
13276
12847
25678
19287
12251
12081
12317
11209
14180
12260
14308
410552
297563
17181
1046638
574119
696208
21598
14871
1250413
25330
179506
44302
13525
12209
17929
1005837
20512
17422
11447
14016
10962
19008
690203
17455
686380
32431
18918
13283
14112
12628
13610
13130
15529
938192
20863
13000
12790
13929
13151
16105
513907
18257
15587
14869
20817
14922
264631
583512
20012
30782
13095
12988
18776
13118
15961
92783
13190
23451
12946
13171
12496
12940
11693
12036
13295
17614
1213699
22447
1549536
38541
17539
1599573
22109
90543
13615
438378
29334
32233
12738
11802
19266
1282591
21907
21036
415954
195203
1065431
19192
11801
12541
10888
10492
13033
156533
493748
1014694
20217
109339
11252
12341
41835
13220
11126
11307
11652
13094
78452
12981
274238
21398
1261590
54664
93676
13118
84015
14062
10873
10898
11203
10600
11084
83158
12228
11669
270840
198389
12511
2795489
22534
21578
29448
17819
879826
1203903
32474
313208
17548
27844
12881
14810
1647431
12807
13653
12953
12922
1313973
94303
23439
150104
15863
12472
41075
11987
13804
12151
13920
455450
15180
11817
1889198
292482
17766
337734
13561
11149
11442
11998
15427
11524
12463
12220
11572
15648
17877
21302
12120
55206
1159103
22617
11978
53661
11962
11599
12145
15209
796143
18492
25888
13425
203988
999118
715313
13548
11334
9883
12637
28752
33840
11092
9922
155802
14761
12475
9664
8675
2127
2583
2192
4797
2145
2008
2162
2117
2228
2969
2185
2287
89112
3127
5960
432170
3489
95468
2530
2290
7952
2171
66133
2828
2286
2366
2209
2106
2296
16515
2358
2706
104402
2917
7839
2300
9975
2473
15783
2244
2368
2307
4843
3521
2280
2288
2253
2106
2609
2277
2597
76822
53882
3134
194194
103292
130778
3983
2797
230699
4668
33502
8408
2508
2295
3417
186688
3852
3302
2159
2634
2052
3545
126705
3233
125079
6146
3586
2404
2578
2299
2518
2447
2959
176942
3818
2334
2342
2593
2446
2847
94474
3309
2850
2700
3741
2677
47525
110325
3686
5687
2428
2362
3469
2456
2934
17177
2507
4332
2452
2466
2299
2439
2249
2205
2391
3342
224422
4127
287889
7037
3379
294479
4057
17078
2549
82398
5202
6242
2394
2233
3507
244029
4130
3922
83495
37122
193133
3749
2243
2389
2057
2006
2544
30578
95214
187222
3849
20294
2204
2318
8009
2515
2141
2192
2217
2414
14854
2453
51337
3905
238522
10295
17821
2425
16135
2633
2106
2072
2131
2080
2177
15770
2393
2214
50896
38669
2416
525452
4373
4182
5542
3274
170301
226616
6060
57912
3372
5345
2438
2776
312801
2400
2546
2385
2437
244758
18463
4267
28216
3005
2330
7716
2189
2565
2270
2521
85959
2828
2225
355403
54420
3367
64016
2494
2181
2139
2224
2725
2171
2257
2232
2088
2796
3368
3911
2210
10252
220719
4179
2196
9916
2103
2157
2233
2792
149467
3423
4728
2480
38543
186426
135668
2597
2160
1841
2389
5442
6352
2051
1849
29415
2778
2362
1841
