47657
10843
12987
11914
25834
11019
10572
10944
10819
11707
15450
11179
11989
476810
16146
31556
2309659
18507
501457
13653
11496
44173
11141
363726
15380
12156
12444
11411
11237
13309
90948
12812
13749
565604
15009
40550
12084
57118
12977
80618
11362
12817
13089
25562
20169
10975
11440
11151
11162
14305
12810
13668
408069
299975
16795
1028159
570545
692714
21487
14512
1233715
25238
176974
45043
12919
11390
17907
992324
20646
18083
11204
13673
11041
18804
677730
16269
688565
31767
17599
12653
12008
11933
13090
12527
15634
926246
20321
13133
12964
13393
12531
16493
497311
17632
14566
14534
19916
15481
262551
583221
20317
29149
12578
12418
18823
13091
15293
89588
12316
23617
13326
12687
11989
13104
11208
11589
11857
16499
1203320
22567
1530048
39868
17581
1592892
21886
89208
12996
431968
28360
30813
11705
11689
19265
1262680
20276
19335
411134
189060
1066899
19778
11037
12004
9899
10697
12800
154338
497206
1008909
19444
111627
10763
11084
41812
12018
10699
11593
10917
13329
78172
12987
268356
20041
1253363
53370
88805
12165
82755
13737
10138
11022
10668
10583
10670
78618
11728
11757
267791
197967
12122
2760643
22402
21592
28000
17323
868397
1193904
31890
311506
17487
27843
11734
15205
1641470
11663
12859
12696
12155
1298667
94377
23812
144749
14971
12387
40492
10979
13531
12005
12647
448457
14407
12371
1863946
290715
16306
336011
12969
11256
11697
11772
15054
11237
11576
11548
11379
14486
17849
21596
11598
54647
1166727
22303
11664
51256
11095
10864
12334
15564
781390
18274
25704
13112
202408
989205
710106
13232
11338
9693
11469
28761
32290
10536
9556
153221
14609
11835
9200
8661
2008
2454
2168
4648
1994
1974
2021
1965
2156
2912
2042
2223
87033
2986
5772
423513
3418
92533
2484
2159
8130
2094
65519
2761
2183
2236
2031
2042
2348
16891
2335
2446
105349
2772
7399
2221
10301
2368
15066
2123
2276
2360
4782
3661
2064
2146
2023
2069
2600
2313
2514
75963
53792
3022
189455
101802
128892
3941
2717
226396
4581
32772
8373
2350
2084
3421
182741
3809
3363
2067
2568
2055
3454
123717
3083
124307
5953
3321
2308
2223
2115
2406
2337
2956
173334
3659
2342
2375
2469
2284
2891
90967
3168
2656
2611
3566
2724
46813
109541
3719
5330
2275
2228
3426
2411
2816
16484
2339
4334
2449
2368
2180
2500
2101
2109
2157
3132
221346
4128
282426
7261
3347
291135
3981
16653
2397
80762
4986
5877
2155
2209
3516
238360
3844
3586
82453
35722
192000
3800
2089
2264
1864
1990
2493
30142
95286
184481
3697
20529
2114
2074
7931
2276
2033
2191
2043
2416
14832
2384
49948
3702
235145
10050
16789
2266
15750
2570
1972
2098
2058
2001
2065
14905
2256
2254
49867
38399
2306
514939
4299
4091
5244
3214
166811
223126
5885
57366
3372
5348
2217
2774
309698
2151
2393
2324
2255
240167
18426
4336
27129
2847
2294
7528
2001
2526
2238
2302
84227
2665
2286
348139
53845
3070
63400
2345
2170
2163
2171
2693
2091
2086
2078
2060
2569
3351
3960
2101
10046
219838
4091
2152
9477
1971
2008
2274
2756
145439
3361
4693
2358
37952
183434
133710
2507
2109
1763
2149
5415
6041
1944
1767
28718
2708
2265
1729
