47152
11482
13109
11968
25419
11209
10619
11292
10996
11345
14814
11179
11818
482268
16813
31913
2320691
19141
503047
13370
11851
42246
11068
366674
14425
12143
12198
12384
11909
12824
89774
12465
15297
561220
15086
41176
12589
55729
13090
81280
11574
13307
12451
24923
19098
10964
11345
11285
11576
14041
12902
14356
404441
297136
17802
1028710
573855
687536
20312
14060
1230976
24503
175800
42889
12727
11319
17665
999701
19929
17082
11151
13457
11041
18599
674643
16604
680369
32326
17983
12878
12763
12380
13120
12697
14391
929305
20349
12388
12268
12478
13150
16660
504250
17390
14349
14795
21831
14771
262178
587214
19796
29878
12469
12789
19005
12420
15428
90674
12264
22756
13375
13021
13008
13280
11635
11170
12655
16874
1206504
22934
1539952
40748
17007
1589650
21323
89432
13727
433073
28853
32396
11737
12056
19156
1270825
20523
19961
411488
192684
1069721
20001
10908
11738
10505
10581
13380
156742
496892
1010221
19349
110317
10674
11040
41955
13079
10513
11340
11586
13267
80015
13391
270981
20282
1249752
54577
89629
11948
82085
14063
10652
11109
10398
10329
10961
79412
11682
11256
268888
198773
12096
2776739
22214
20192
28631
17502
874866
1200024
32425
311173
16862
28228
12259
15405
1647075
11763
13348
13104
12466
1298643
93367
23863
142683
15443
12489
40396
10746
13406
11929
12896
452153
15408
12057
1868524
291530
16675
333665
13000
11337
11197
12038
14685
10794
11251
11780
11235
15439
17893
21041
12411
54942
1163740
21635
11869
52797
11219
10792
12454
14923
782894
17983
26259
12953
203923
992724
714308
13074
11930
10035
12024
27866
32328
10731
9664
150871
14489
12465
9559
8533
2143
2449
2156
4557
2064
1998
2102
2024
2072
2841
2083
2222
88094
3094
5864
426644
3535
92804
2437
2219
7783
2098
65871
2643
2230
2227
2194
2144
2245
16762
2281
2703
104780
2817
7530
2358
10045
2405
15242
2168
2363
2231
4708
3527
2029
2128
2032
2156
2581
2304
2601
75361
53280
3188
190052
102611
128280
3764
2617
226330
4446
32746
8105
2317
2078
3364
184705
3692
3223
2054
2528
2089
3448
123749
3085
123230
6080
3350
2321
2394
2225
2410
2348
2720
174354
3670
2237
2227
2311
2411
2922
92244
3138
2609
2684
3905
2647
46746
110502
3631
5498
2285
2287
3392
2305
2824
16645
2356
4142
2488
2413
2351
2496
2182
2023
2291
3185
222287
4225
284311
7422
3240
290999
3858
16643
2535
81137
5092
6188
2211
2274
3437
240398
3895
3679
82498
36401
192702
3790
2104
2211
1984
2002
2535
30423
95285
185343
3621
20244
2060
2055
7975
2448
1986
2157
2192
2436
15076
2483
50657
3717
235109
10288
17022
2241
15573
2625
2066
2124
2004
2003
2122
14985
2266
2144
50227
38385
2322
518262
4254
3906
5321
3198
168490
224416
5993
57479
3208
5381
2307
2820
310418
2183
2519
2384
2356
240517
18278
4349
26766
2960
2345
7419
1973
2449
2203
2334
84912
2834
2228
349143
53969
3118
63229
2354
2197
2099
2222
2626
1994
2030
2142
2032
2805
3323
3913
2268
10160
220074
4004
2204
9640
1987
2052
2293
2668
146248
3260
4715
2369
38293
184056
134560
2488
2236
1853
2276
5284
5983
1936
1784
28245
2701
2353
1803
