48377
11028
13544
11718
24816
11599
10411
11518
11556
12210
15299
10760
11503
482495
17077
30996
2316965
18671
508337
13576
11991
42684
11177
363794
15008
11956
12133
12186
11327
12773
88580
12056
14707
556245
14295
41207
12426
56587
12536
81169
11788
13122
12408
25024
19482
11387
11818
11782
11563
14095
13347
14183
401076
296166
16878
1029719
572197
689078
21559
15239
1238019
24102
176671
43000
12399
12137
17707
996368
21019
17862
10785
13324
10842
18316
679349
17584
684116
31492
17122
12345
12666
12717
12762
12324
14711
932897
21089
12696
12649
13369
12839
16408
505567
17527
14890
14258
20533
14816
261461
582188
20065
31753
12131
12709
19212
13256
15245
90788
11953
23010
12617
12288
11984
12625
11802
11276
12267
16449
1201731
22424
1538823
39759
18376
1597272
21120
90387
12975
437865
28228
31228
12762
11814
18240
1267790
21263
19918
409345
189408
1068579
19580
11356
11976
10724
10356
12522
155412
496087
1005966
20206
108916
10897
11581
42255
12985
11027
11687
11146
12912
78266
12867
267740
20379
1248316
52311
90938
11845
83004
14008
10966
10701
10998
10923
11115
81075
11688
11711
272483
197053
12199
2779918
22442
21672
28516
16969
874663
1197518
32499
311167
18639
27424
11760
14754
1642891
11748
12074
12538
12030
1299317
95569
23447
143029
15715
12184
40878
11500
13872
11889
12401
452347
15092
11878
1869030
291127
16608
334537
12945
10726
11777
12001
15127
11564
11229
11159
11574
14414
18089
21578
11528
54539
1162299
21978
12087
50685
11849
11941
11939
15123
782341
18095
25167
12751
204888
994913
707742
13282
11682
10275
12128
28906
32362
10505
9750
152785
14193
12272
9135
8744
2045
2559
2139
4513
2103
1926
2145
2118
2235
2926
1997
2154
88377
3151
5765
425779
3408
94033
2492
2229
7849
2080
65640
2719
2161
2223
2132
2066
2312
16425
2193
2609
103750
2673
7580
2348
10217
2281
15309
2208
2302
2231
4685
3553
2084
2196
2097
2154
2612
2427
2608
74970
53160
3101
190074
101980
128612
3951
2840
227574
4413
32713
8122
2278
2215
3392
184358
3904
3325
1983
2476
2058
3404
124391
3263
123966
5928
3189
2208
2341
2293
2406
2301
2789
174776
3824
2289
2304
2457
2333
2839
92403
3208
2701
2536
3649
2642
46690
109659
3684
5764
2228
2325
3502
2459
2793
16610
2292
4204
2336
2281
2182
2378
2223
2039
2204
3129
220987
4102
284079
7254
3450
292622
3821
16869
2430
81873
5024
5979
2379
2222
3303
240253
4022
3732
82308
36008
192312
3751
2173
2244
2019
1962
2431
30075
95209
184700
3862
20072
2107
2192
7989
2428
2089
2212
2073
2366
14903
2391
50162
3748
234950
9922
17135
2192
15833
2592
2132
2033
2094
2109
2177
15241
2275
2259
50877
38260
2322
519639
4359
4177
5278
3127
168952
224331
5969
57393
3557
5274
2187
2729
309782
2158
2312
2261
2262
240701
18518
4280
26902
2985
2239
7575
2114
2579
2206
2238
84907
2772
2160
349941
53952
3100
63235
2338
2094
2200
2208
2690
2136
2031
2038
2117
2617
3340
3953
2095
10126
219885
4036
2202
9303
2070
2225
2229
2682
146216
3311
4539
2353
38381
184786
133588
2520
2222
1867
2315
5414
5998
1912
1834
28736
2643
2299
1741
