48876
11296
13422
12072
25657
11197
10340
11248
11274
11539
15269
11776
11664
482781
15967
32044
2326449
19019
510021
12802
12229
44107
11020
366048
14698
12499
11883
11658
11014
12872
89920
12192
14899
560196
15507
40637
12442
53465
13110
80341
11910
12350
12571
25528
19700
11318
11773
11499
11370
13763
13361
14036
402587
301684
16032
1033589
566035
691526
21240
14768
1241204
25277
177256
45038
12542
11557
17906
994598
20507
17596
10911
14439
11029
18315
678146
17483
682788
31183
18259
13050
12767
12188
12427
12420
15927
928715
20319
12423
12613
13087
12365
16240
503340
18202
14561
13713
20518
14745
261281
579699
19944
30854
12720
11934
18719
12494
15373
90740
11670
23539
12672
12490
12098
12580
11942
10733
12751
17155
1203353
23051
1532445
39390
16728
1591480
20983
89694
13075
432559
28933
31417
12031
11448
18926
1269502
21516
19797
408298
191979
1078251
20235
11080
12073
10751
10363
12946
154731
494742
1008511
18811
109544
11241
11265
41911
13123
10166
10474
11235
13094
77395
13852
267849
20336
1254752
52561
88658
11850
84772
13610
10682
10985
10136
10697
10553
80723
11172
11746
267437
198564
11611
2776471
22487
20927
28900
17618
872864
1190347
32912
307089
17032
28671
11707
15120
1650929
11347
12546
12669
13097
1298066
94568
23044
144665
14809
12799
40986
11588
13836
11837
13423
451342
14997
11219
1874828
292751
16748
334892
12231
11114
12050
11186
14074
11515
11600
11860
11681
15228
17566
21247
12828
56092
1156758
22929
11956
51641
11742
10901
12016
15566
785841
18330
25795
12521
204015
998422
714249
13548
11903
10349
11205
27957
32812
9999
9469
152636
15162
11984
9342
8830
2087
2544
2194
4654
2043
1945
2106
2080
2173
2893
2162
2176
88250
2971
5903
427326
3498
94284
2379
2304
8127
2045
65853
2734
2261
2176
2077
2023
2290
16720
2195
2632
104533
2911
7481
2326
9680
2398
15043
2239
2144
2243
4809
3570
2100
2208
2064
2132
2513
2424
2552
74941
54015
2959
190987
101391
129085
3908
2762
228279
4590
33003
8428
2298
2149
3376
184024
3786
3291
2037
2678
2074
3420
124354
3246
123607
5861
3406
2389
2353
2228
2305
2353
3012
174401
3681
2234
2313
2387
2300
2812
91962
3279
2673
2504
3649
2611
46787
109349
3655
5652
2305
2162
3423
2343
2827
16698
2248
4274
2363
2320
2225
2409
2255
1995
2306
3198
222017
4241
283468
7196
3231
291426
3818
16822
2413
81101
5133
5978
2257
2172
3438
240421
4113
3642
81975
36417
194084
3869
2130
2251
1993
1967
2481
30170
95105
184949
3585
20218
2159
2105
7909
2456
1969
2017
2112
2411
14652
2546
50133
3757
236053
9853
16832
2222
16244
2567
2110
2061
1943
2047
2076
15250
2172
2241
50184
38414
2236
518755
4294
4072
5369
3263
168254
223204
6069
56654
3269
5526
2229
2799
311535
2096
2342
2299
2429
240410
18404
4213
27050
2818
2353
7627
2107
2583
2207
2413
84868
2785
2086
351050
54338
3144
63162
2235
2120
2248
2071
2526
2162
2092
2148
2111
2709
3294
3913
2300
10330
219342
4202
2168
9553
2050
2062
2225
2787
146900
3427
4658
2269
38440
185061
134484
2582
2193
1903
2159
5294
6135
1834
1762
28622
2808
2304
1739
