47806
11346
13018
11549
25915
11343
10852
10980
11349
12352
15075
11458
12310
481394
16116
31835
2319021
18317
503514
12787
12051
42890
11203
365106
14944
12943
12218
11808
11697
12925
89163
12595
14294
555786
15756
40835
12236
53311
12974
82195
11444
12808
12454
25293
19637
10847
11926
11260
11257
14197
12866
14060
400681
296340
16507
1034400
573143
694451
21101
14353
1236131
24919
175662
44179
12682
11668
17730
996269
20665
17207
11112
13568
10956
17962
682030
17003
687536
32579
17894
12067
12873
12255
12694
12696
15026
926467
19914
13100
12630
13718
12244
16393
502034
17089
13951
14735
20743
14875
261389
580391
20512
31481
13304
12388
18714
12649
15260
89889
11964
23060
13194
12610
12491
13269
11255
11030
12503
16595
1208283
22369
1530784
38829
17656
1597881
21667
89842
12843
433441
28940
31567
11853
11805
19062
1265265
20762
20357
411129
192572
1069636
20395
10582
12401
10100
10934
12598
157348
496617
1005356
19524
109232
11086
11958
41524
12379
10159
11479
11651
12661
78332
12611
268288
20619
1247167
55011
90559
11764
84758
13803
10826
10805
11227
10526
10138
81029
11843
11105
269723
196517
12187
2775203
21537
20850
28031
17244
868860
1197600
33052
307862
17711
28073
12444
15369
1647454
11959
13083
13177
12743
1296018
93947
22847
143591
15414
12079
40135
11464
13687
11773
13321
454708
15081
12295
1869582
290172
16856
334915
12796
10807
11383
11723
14321
10907
11468
11812
12263
14599
17816
21050
12331
55224
1160252
22250
11423
50891
11667
10795
12280
14173
783724
19237
25987
13133
205099
995936
712077
13221
11757
10594
11711
28244
31588
10688
9716
154271
14853
11793
9838
8651
2111
2479
2102
4698
2118
2052
2066
2094
2248
2912
2142
2307
88144
2972
5846
426794
3358
93152
2361
2262
7888
2129
65672
2734
2335
2207
2138
2134
2296
16579
2314
2552
103800
2885
7482
2309
9610
2358
15403
2144
2303
2242
4786
3591
2006
2211
2036
2104
2604
2375
2545
74549
53130
2990
191121
102301
129688
3850
2691
227250
4498
32591
8302
2323
2136
3352
184415
3837
3254
2043
2510
2046
3286
124799
3161
124648
6077
3357
2220
2392
2209
2403
2365
2847
173885
3632
2351
2293
2529
2247
2881
91945
3105
2526
2624
3693
2700
46758
109518
3691
5762
2399
2271
3423
2352
2798
16449
2289
4202
2476
2345
2253
2509
2141
2002
2260
3121
222696
4177
283595
7123
3378
292725
3914
16866
2394
81157
5115
6012
2209
2246
3408
239894
3950
3751
82731
36471
193024
3943
2051
2314
1899
2065
2423
30592
95168
184799
3718
20168
2141
2192
7832
2344
1943
2185
2174
2354
14753
2305
50185
3797
234758
10330
17259
2170
16120
2588
2090
2052
2130
2000
1978
15321
2296
2120
50201
38192
2319
518494
4171
3987
5282
3198
167828
224508
6049
56891
3398
5414
2354
2801
310766
2233
2457
2389
2401
240171
18335
4194
26925
2961
2277
7488
2114
2553
2187
2393
85379
2753
2242
350294
53896
3155
63312
2329
2125
2142
2151
2550
2038
2063
2155
2231
2620
3309
3886
2256
10168
219730
4061
2123
9411
2074
2028
2261
2584
146514
3549
4720
2396
38461
184960
134305
2501
2197
1949
2239
5350
5894
1970
1818
28795
2711
2241
1831
