47130
11341
13084
12114
25752
11197
10572
11278
10761
11571
14506
11813
11924
478719
16736
30948
2313041
18289
509079
13194
12560
41680
11421
362475
14823
12022
12051
12244
11419
13225
89768
12755
13731
558962
15416
40829
11812
55566
12628
82359
12274
12913
12207
25178
19147
11510
11712
11444
11451
14258
13354
14022
403965
295819
16288
1032773
567902
687954
21112
14763
1238349
25572
176884
44266
12065
11606
18014
1002209
20938
17019
10716
13000
11000
18557
678109
17185
681748
31176
18609
12829
12804
12307
12907
13084
15063
926192
19978
12160
12558
12822
12971
16195
499368
16920
15428
14104
20909
14613
260536
580299
19862
29357
13279
12511
19418
12229
16723
90262
12358
23173
12958
12872
12023
13161
11450
11567
12549
16474
1202379
22771
1528152
40609
17822
1593506
22429
89521
13069
436874
28939
31607
11752
12211
19666
1269578
20350
19748
410141
189110
1070736
19691
10784
12005
10000
10655
13292
157517
493789
1010910
19969
108014
10850
11661
41376
12776
10489
10981
11148
12680
77654
13068
270946
20729
1259465
53734
89647
11536
84161
14138
10885
10949
10931
10467
10373
80118
11932
12152
268812
199839
11521
2786395
21434
20956
28934
17429
869871
1195665
32294
309585
17991
27876
11822
15175
1639406
11537
12386
12873
12580
1305240
94828
23489
142478
15590
11979
40363
11834
13343
11837
13466
453975
14792
11736
1874161
293105
17282
332446
13084
10986
10960
11861
14572
11147
11073
11766
11662
15257
17892
20484
12314
56018
1158726
22858
11849
51936
11467
11396
11711
15411
787388
18387
25562
13251
199260
994950
714094
13201
11604
10066
11913
27297
33169
10662
9606
153251
14417
11850
9586
8548
2091
2513
2223
4659
2079
2002
2118
1974
2087
2743
2152
2238
87750
3104
5753
425749
3336
93974
2414
2351
7773
2113
65373
2739
2165
2185
2139
2090
2328
16723
2332
2469
104479
2876
7447
2217
10025
2295
15434
2293
2299
2174
4753
3540
2139
2158
2073
2149
2593
2421
2566
75193
53302
2990
191142
101564
128540
3853
2737
227550
4657
32679
8316
2194
2174
3410
185253
3906
3213
1989
2429
2042
3429
124101
3198
123800
5905
3471
2332
2328
2211
2423
2440
2881
174113
3644
2192
2264
2367
2380
2847
91535
3075
2764
2543
3726
2594
46500
109203
3655
5418
2433
2286
3552
2290
3009
16586
2316
4276
2446
2405
2182
2491
2159
2107
2307
3098
221788
4204
283264
7440
3354
292219
4080
16660
2456
81776
5123
6044
2192
2292
3518
240316
3913
3703
82259
35809
193050
3826
2079
2279
1885
2023
2516
30723
94721
185315
3788
19962
2085
2162
7857
2393
2014
2128
2110
2354
14765
2398
50506
3821
237018
10174
16903
2176
16007
2617
2128
2076
2080
2020
2033
15184
2273
2301
50395
38635
2204
520262
4112
4002
5356
3174
168046
224146
5975
57036
3449
5319
2213
2787
309339
2168
2336
2349
2359
241482
18545
4316
26699
3004
2255
7519
2189
2521
2223
2437
85438
2736
2163
350706
54472
3219
62878
2367
2118
2069
2169
2645
2057
1984
2144
2104
2708
3321
3786
2253
10392
219460
4236
2193
9595
2036
2133
2193
2770
147080
3377
4627
2408
37528
184778
134657
2494
2145
1851
2254
5120
6158
1937
1826
28703
2702
2257
1790
