47531
11053
13169
12012
26027
11015
11026
11203
11352
11857
15144
11209
11919
480020
16257
31563
2323529
18459
507662
13626
12382
43104
10776
363140
15001
12178
12383
12188
11977
12868
88885
11962
14763
560791
15635
41721
12732
54473
12790
81527
11643
12258
12691
25277
19286
11442
11543
11522
10465
13125
12929
13517
404196
298705
17279
1033907
573052
689701
22068
14557
1237997
24784
176346
44651
12834
11846
19051
998523
20002
17337
11013
14062
10822
18488
679349
17570
682367
31635
18053
12689
13417
11502
12062
13226
15518
924900
19945
12359
12675
13165
13320
15807
500908
17054
15155
14080
20147
14999
262178
583843
19508
29307
12146
13152
18366
12549
15284
90995
12712
23905
12597
13321
11972
12908
11479
11456
12660
16962
1204209
22887
1540119
39935
18175
1592706
21335
87473
13797
432684
28382
31401
12306
12306
19192
1273666
20699
19221
411039
188437
1063924
19884
11055
12301
10544
10120
13001
156747
493226
1007012
18907
110335
10894
11407
42334
12628
10676
10822
11383
12789
78623
12858
269094
20654
1257173
52701
88576
12598
83322
14231
10760
10463
10769
10338
10568
80427
11220
11246
267840
197625
11322
2782584
22352
21556
28710
18146
875416
1199120
32560
311586
16505
28615
12052
15148
1652420
11828
12789
13113
12063
1289896
93987
23275
145797
15431
12713
40225
11709
13733
11410
13183
452113
15001
11344
1879488
293003
16249
333069
13278
10770
11282
12226
14551
11418
11751
11768
11392
14875
18745
20582
12102
54523
1158502
22332
11537
50767
11536
11472
12396
15310
788097
18389
24173
12965
204598
992611
703837
12899
11884
10529
11156
28753
32760
11220
9756
154689
14366
12139
9925
8627
2059
2493
2187
4657
2032
2075
2078
2064
2189
2855
2083
2232
87982
3064
5808
427434
3439
94091
2505
2300
7931
2051
65571
2717
2190
2253
2190
2166
2259
16561
2200
2643
104675
2915
7650
2343
9810
2368
15273
2180
2176
2248
4771
3525
2106
2149
2090
1996
2402
2327
2495
75383
53747
3114
191206
102486
128883
4055
2688
227957
4505
32682
8437
2359
2181
3591
184821
3697
3262
2042
2635
2051
3433
124432
3258
123695
5907
3354
2301
2497
2100
2251
2486
2886
173865
3601
2244
2293
2456
2419
2789
91655
3088
2739
2555
3606
2670
46914
109827
3597
5375
2243
2366
3394
2304
2807
16716
2448
4373
2356
2468
2219
2420
2135
2095
2309
3199
222174
4207
284773
7283
3442
292154
3887
16388
2553
81248
5088
6026
2281
2292
3497
241073
3946
3602
82620
35680
191647
3826
2141
2324
1971
1914
2522
30551
94561
184923
3590
20245
2112
2131
8028
2367
2074
2092
2168
2323
14844
2369
50372
3785
236603
9960
16800
2348
15975
2662
2086
1958
2060
1988
2025
15206
2148
2178
49965
38335
2191
519840
4273
4065
5332
3336
168786
224704
6041
57751
3190
5469
2268
2749
312089
2212
2387
2347
2263
239777
18408
4259
27254
2963
2354
7556
2137
2556
2163
2381
85017
2763
2133
351966
54312
3079
63183
2418
2088
2090
2247
2656
2110
2110
2126
2110
2697
3477
3815
2206
10067
219348
4120
2126
9398
2045
2128
2310
2724
147517
3392
4356
2368
38330
184636
133104
2444
2247
1914
2087
5441
6119
2023
1823
28960
2669
2264
1887
