47960
11551
13113
11929
24476
11209
10722
11845
11502
12050
15147
11188
12111
478519
16301
31717
2306344
17851
509424
13955
11337
43163
11156
363857
15266
12884
12094
12281
11223
12876
89944
12326
14477
559493
14778
39882
11698
56331
13153
81733
12209
12591
12560
25419
19319
11189
11844
11088
10991
14087
12276
13957
399600
297753
17313
1032218
572777
687641
22048
14445
1233621
24202
175703
44751
12421
11362
17278
993221
20541
17405
11105
14009
11342
18422
681399
17473
679288
31060
17475
12801
13363
12507
12234
13142
14922
925425
20537
12545
12183
13376
12527
16765
500540
17319
14750
14465
20672
14663
264117
581810
20869
30652
12218
13414
18580
12100
15441
91466
11955
23811
12797
13028
12428
12662
11130
10978
12287
16865
1201023
23057
1536621
41551
17966
1594085
21677
89492
13705
433082
29873
31534
11938
12334
19427
1266749
20919
19864
412121
190875
1069810
20532
11308
12092
10415
10355
12751
157080
497512
1009509
19451
107853
10789
11307
41225
12941
10365
11317
11438
12769
78391
13280
266930
20743
1245968
54228
89820
12495
83101
13626
10754
10839
10913
10120
10810
79890
11441
10927
268717
198611
11826
2765692
22739
21277
28060
17112
870650
1188453
31363
310312
17517
27737
12151
14737
1650387
11543
12469
12951
12405
1299174
94067
22687
144766
15528
11915
41039
11331
13340
11983
13633
450736
15382
11569
1868884
292974
16699
335906
13231
11166
11352
12324
14092
11574
11209
11497
11066
14793
18045
21097
12066
55360
1160528
22624
11045
50960
12490
10679
12192
15128
777663
17877
25790
12179
202703
990538
714276
12842
12197
10171
11605
27922
34648
10309
9485
153903
14478
12187
9616
8664
2132
2503
2158
4471
2079
2021
2186
2129
2183
2861
2078
2222
87497
2998
5828
423625
3286
94044
2539
2126
7922
2083
65562
2796
2315
2187
2206
2033
2229
16727
2242
2580
104073
2717
7292
2163
10129
2415
15306
2240
2230
2268
4778
3545
2059
2204
2012
2057
2582
2236
2569
74434
53252
3147
189884
102074
128154
4047
2747
226403
4409
32544
8354
2273
2142
3293
183706
3817
3203
2068
2592
2118
3403
124659
3215
122811
5844
3290
2318
2425
2271
2282
2441
2818
173255
3729
2288
2189
2444
2308
2960
91354
3133
2692
2592
3671
2629
47121
109412
3777
5605
2244
2427
3360
2273
2821
16672
2275
4317
2419
2426
2259
2400
2092
2053
2218
3152
221259
4271
283386
7506
3368
291353
3924
16717
2537
80872
5245
6066
2244
2334
3496
239736
3954
3712
82502
36044
192198
3924
2149
2274
1951
1926
2460
30520
95014
184607
3697
19798
2078
2116
7774
2388
1974
2163
2123
2340
14863
2423
49770
3821
233884
10256
16951
2326
15876
2521
2070
2080
2088
1929
2096
15030
2176
2067
50084
38294
2261
516122
4342
4112
5205
3147
167573
222152
5790
57060
3324
5333
2286
2734
310474
2139
2327
2327
2334
240248
18389
4154
27009
2943
2194
7640
2053
2485
2196
2443
84472
2856
2176
348800
54099
3111
63458
2403
2159
2126
2251
2534
2127
2015
2078
1988
2656
3364
3873
2187
10200
219518
4141
2035
9405
2165
1997
2237
2729
145112
3325
4665
2235
38025
183801
134151
2424
2266
1881
2218
5233
6343
1900
1761
28713
2684
2319
1831
