48725
10929
13526
11769
25456
11056
11252
11520
11052
11613
14812
11283
11868
480612
16590
31723
2328480
18112
509427
13083
11484
42420
10901
360547
15532
12741
13073
12403
10686
13270
89258
12127
14129
560843
15322
41594
11682
54922
12608
80584
11104
12920
12966
25160
20571
11327
12007
11757
11015
14368
12643
14980
407891
296932
16248
1033939
571244
688721
21638
14431
1241653
25097
179782
43571
12341
11711
17406
999546
20341
17160
11031
13450
11028
18287
681370
16918
684638
30553
17850
13580
12913
12263
12457
12928
15217
929233
20050
12503
12535
12725
13078
16162
503745
17272
14325
14986
20362
15153
267097
586750
19949
30705
12487
12772
19531
11995
15239
90500
12360
24178
13721
12466
11981
13222
11090
12077
12453
16713
1208703
23137
1540566
39934
17838
1596248
21665
89708
13208
433780
28468
33085
12314
11828
19043
1267553
20651
20440
409776
189829
1065960
19128
10512
12048
10380
10384
13117
156348
494453
1010257
18440
108371
11066
11944
41302
12434
10919
10520
11139
12458
78464
12846
270980
21165
1248127
54154
91127
12116
82262
13633
10183
10790
10393
10459
10871
81492
11565
12125
271335
199872
11814
2791844
21787
21384
28739
17416
879168
1195690
32096
306650
17612
28817
12391
14274
1643447
12074
12746
12637
12527
1295598
95392
23906
144327
15944
11950
40377
11372
13395
11884
12565
447636
15550
11728
1876676
291850
16694
337118
12722
11196
11143
11733
14536
11584
12100
11826
11196
15411
18212
21698
11921
55256
1165616
22318
11583
50421
11490
11614
12256
14596
780901
17711
25634
13416
203358
991908
709875
13064
11901
10666
11905
28575
33068
10086
9585
152956
14574
12052
9670
8785
2008
2575
2134
4589
2000
2116
2147
2064
2135
2829
2091
2205
88310
3074
5888
428300
3360
94113
2401
2170
7849
2074
65252
2833
2327
2364
2223
1956
2362
16637
2212
2523
104936
2877
7595
2171
9873
2318
15169
2097
2304
2377
4755
3730
2106
2215
2096
2073
2615
2317
2693
76086
53309
2992
190871
102324
128766
4027
2722
228579
4566
33426
8171
2275
2194
3352
184915
3807
3242
2066
2504
2072
3418
124970
3178
124024
5780
3348
2482
2372
2184
2301
2428
2936
175062
3621
2262
2290
2343
2379
2849
92294
3152
2585
2700
3683
2697
47712
110793
3652
5593
2285
2342
3563
2262
2773
16652
2333
4434
2507
2339
2198
2518
2075
2173
2237
3106
222768
4244
285094
7263
3411
292539
3942
16856
2467
81568
5030
6345
2290
2253
3428
240477
3955
3775
82464
36116
192302
3726
2035
2274
1928
1989
2536
30484
95048
185558
3539
20043
2160
2270
7768
2352
2096
2023
2115
2313
14865
2408
50689
3876
235236
10216
17251
2274
15753
2530
1980
2054
1960
1999
2137
15474
2246
2285
50654
38705
2272
522042
4194
4115
5348
3246
169511
224432
5990
56682
3347
5517
2311
2630
310917
2240
2383
2332
2341
240598
18613
4358
27042
3021
2227
7478
2076
2492
2240
2245
84308
2872
2182
351930
54132
3125
63840
2319
2145
2123
2168
2634
2126
2148
2173
2047
2716
3370
3983
2181
10252
220892
4100
2111
9384
2059
2144
2233
2660
146308
3302
4680
2462
38226
184465
134276
2501
2236
1963
2283
5359
6143
1882
1799
28645
2720
2296
1830
