47400
10779
13195
12265
25689
11428
11089
12113
10654
11600
15448
11404
11739
482793
16577
31587
2320199
18122
512200
13401
11831
43145
11565
361273
15166
12712
12626
12607
11448
11948
91167
12351
14629
560458
16269
41434
12029
56028
12242
82606
11112
12923
12805
25399
19390
11886
11463
12012
11358
13798
13157
13632
412025
298017
15871
1034285
576660
688608
20872
14858
1237965
25171
177190
43989
12565
11891
17720
996823
20624
18101
11275
13453
11097
18141
681307
16811
680779
31637
18287
13248
12947
11601
12668
13237
15025
931088
20375
12216
12582
13357
12317
15790
505380
17461
14419
15184
19732
14984
265292
583705
20468
32033
12348
11802
19714
12615
14904
90725
12358
23685
13457
12726
11358
13299
11637
11573
11676
16638
1207672
23374
1539068
39716
17840
1592704
20885
91582
13024
437446
28673
32249
11672
12379
18516
1270344
20259
19384
409552
191788
1069584
18812
11042
12148
11199
10610
13624
157710
497026
1009034
18737
107850
11288
12025
40638
12792
10564
11332
11217
12777
79418
12728
269007
21318
1252557
53598
90840
12053
82722
14169
10446
10739
10705
10374
10601
80647
11518
11962
270290
197002
11998
2790011
22293
20407
28962
17388
874399
1197164
31368
305441
17104
27867
11681
15251
1651817
11447
12447
12210
12510
1302602
95099
23892
141987
14888
12111
41346
11139
14027
11731
13232
448664
15202
12234
1869603
293653
16080
334403
12598
10961
11064
11833
13987
10982
11668
11588
11886
14703
17599
20413
12070
55041
1159134
21686
11259
51815
11182
10643
11757
15332
781378
18195
26059
12867
200012
993840
709031
12577
11529
10366
12174
29057
32868
10353
9805
154174
15118
12228
9412
8617
2002
2480
2221
4647
2086
2071
2232
1974
2131
2931
2129
2166
88447
3051
5808
427453
3345
94799
2462
2230
7939
2176
65268
2726
2311
2303
2239
2090
2133
17038
2238
2624
104628
2990
7598
2243
10098
2218
15547
2110
2287
2331
4794
3520
2158
2151
2146
2129
2558
2392
2472
76896
53605
2916
191063
103263
128969
3908
2765
228033
4582
32945
8308
2319
2242
3380
184929
3832
3377
2105
2533
2091
3374
124967
3124
123509
5992
3447
2402
2355
2142
2356
2458
2830
174906
3670
2210
2284
2449
2295
2758
92514
3151
2600
2756
3532
2711
47315
109961
3782
5850
2291
2138
3580
2316
2720
16660
2342
4313
2525
2358
2105
2458
2212
2103
2129
3141
222983
4325
284858
7250
3424
292062
3824
17101
2425
82053
5099
6189
2185
2333
3369
241181
3901
3612
82417
36405
192872
3657
2115
2243
2069
1995
2600
30643
95428
185317
3547
19875
2176
2207
7728
2404
2048
2161
2134
2341
15144
2319
50231
3894
236206
10145
17233
2230
15874
2649
2037
2059
2065
1997
2051
15274
2241
2292
50524
38107
2304
522066
4302
3929
5352
3219
168519
224660
5812
56606
3273
5346
2204
2809
311987
2134
2364
2236
2344
241504
18521
4348
26687
2835
2283
7662
2046
2601
2164
2384
84555
2769
2235
350691
54508
3005
63027
2280
2122
2089
2171
2491
2033
2073
2140
2137
2658
3292
3766
2204
10149
219804
3957
2104
9618
1982
1983
2187
2749
146165
3372
4726
2386
37736
184863
133942
2370
2185
1888
2321
5417
6157
1922
1869
28931
2840
2318
1783
