47740
11527
13288
11836
24838
11146
10484
11301
10873
11761
15222
11031
11748
482379
16928
31609
2319627
18537
506530
13355
11562
42743
10546
367206
14667
12306
12671
11818
11716
13590
90631
11591
14032
557034
14815
40755
12671
55144
12392
82416
11882
12327
12662
25250
19581
11226
11691
11603
11182
14293
13517
13583
405698
294013
16167
1034814
578901
689909
21934
14485
1240081
24505
177432
44877
12669
10921
17459
998181
20221
17077
10955
13532
11080
18261
684492
16933
682412
31504
18789
12602
13196
12560
12758
13387
15453
927083
20500
12679
12028
12607
12213
16012
507363
17609
14774
14478
20707
15462
264415
583458
19703
29782
13232
12628
18841
12656
15273
91495
11825
22835
13085
13441
12141
13091
10794
10838
12005
16412
1202718
22478
1538303
39382
17503
1592301
20956
90490
12739
433602
29073
32986
12243
11848
19208
1274745
20102
19686
409540
192194
1066094
19215
11347
12084
10626
10465
12612
155061
492348
1013001
19935
108416
11151
11779
41807
13062
11144
11315
10923
13016
77122
13333
265994
20807
1255620
52386
89486
11984
82102
13983
10694
11060
11244
10099
10218
82548
11284
11450
265744
199084
12197
2782903
22346
21020
28202
17590
871638
1197472
32562
311624
17443
28392
12434
15157
1654491
12033
12691
12216
12522
1301914
94966
24082
141028
15838
12205
40672
11358
13239
11232
12480
450437
15259
11872
1874699
291898
16775
333255
12588
11601
10633
11712
14300
10808
11061
12205
11067
14924
18037
20996
12293
54412
1163133
23012
11345
50440
11583
11119
12073
14747
780756
18560
25834
12842
203747
993672
715089
13716
11697
10076
12240
27995
32903
10323
10010
151468
14276
11759
9040
8686
2121
2518
2152
4533
2028
2011
2104
2009
2143
2896
2062
2204
88382
3141
5837
427818
3429
93690
2473
2175
7830
2033
66294
2690
2255
2303
2103
2148
2404
16964
2128
2523
103943
2743
7441
2348
10011
2263
15497
2172
2226
2295
4768
3564
2094
2185
2091
2105
2636
2436
2495
75763
53134
2930
191443
103393
129113
4039
2725
228405
4460
32999
8427
2337
2053
3339
184761
3801
3205
1995
2530
2071
3442
125427
3132
123855
5936
3511
2304
2411
2255
2404
2511
2916
174473
3666
2254
2181
2330
2243
2847
92965
3169
2683
2647
3695
2726
47215
110272
3665
5453
2408
2291
3412
2334
2822
16800
2307
4200
2454
2488
2210
2491
2046
1979
2196
3145
222229
4113
284867
7199
3353
292110
3808
16917
2353
81482
5181
6292
2275
2253
3490
241739
3844
3670
82386
36397
192203
3693
2198
2265
1997
1947
2480
30281
94700
186264
3815
20061
2158
2197
7909
2454
2138
2145
2058
2372
14575
2476
49875
3781
236432
9916
17066
2252
15720
2628
2082
2104
2117
1929
1983
15612
2194
2195
49747
38598
2325
520569
4322
4062
5304
3239
168148
224771
6018
57689
3339
5465
2336
2795
312745
2230
2357
2239
2345
241202
18580
4397
26413
3029
2255
7585
2098
2502
2104
2255
84650
2812
2188
351995
54316
3122
63113
2315
2263
2011
2132
2566
2020
2030
2229
2001
2672
3371
3835
2230
10128
220487
4245
2076
9373
2040
2081
2257
2661
146239
3428
4670
2353
38396
184822
135068
2593
2204
1833
2331
5287
6142
1935
1839
28441
2665
2242
1716
