46556
11173
12970
11526
26054
11046
10710
11038
10694
12356
15634
11132
12073
482156
16733
31559
2325046
18417
506631
14159
11873
42870
11495
363416
14683
13166
12371
12076
11273
12773
89491
12256
14652
559798
14748
40178
12086
55373
12780
81771
11429
12440
12581
24137
20447
11258
11415
11500
11291
14002
13155
13605
406689
295677
16562
1028243
572906
691153
22512
13746
1245154
25413
176069
44347
12238
11376
17424
995476
20207
16806
10881
14303
10622
18476
685835
17010
681673
31093
18239
12808
13229
11918
12517
12897
15598
931247
20207
12486
12713
13298
12342
16609
503349
17509
14466
14308
20101
15018
262833
584832
19427
30465
12204
12589
18677
12488
15362
90805
11821
23101
12626
13164
11884
13571
11582
11254
12292
17065
1207809
22853
1541377
39702
17888
1590398
20907
89876
13846
434486
29171
32183
11581
11760
18000
1272164
20088
19570
409811
189489
1066437
19927
11584
11605
10572
10599
13498
157531
494150
1010912
18942
108616
10624
11428
41253
12849
10227
11135
11127
13055
77732
12880
270154
20937
1256298
53712
89085
11842
83537
13561
11246
10312
10703
11126
10618
80909
11362
11641
269137
197042
11830
2782779
22561
21167
27490
18126
875231
1198714
31570
309771
18377
27956
11590
15000
1648533
11838
12729
12973
12372
1301292
96957
24478
143865
15611
12351
40695
11374
13833
11459
13849
450877
15077
11958
1878832
291915
16449
335940
12826
10963
10788
11680
14437
11192
11742
12281
11589
14408
19005
20506
11762
55153
1165438
22886
12189
51884
12139
11790
11686
15516
782960
17914
25144
12934
205815
995112
709442
12940
12146
10154
12241
29185
33474
10553
10137
154302
14787
11760
9541
8458
2093
2464
2128
4687
2048
2020
2045
2000
2262
2997
2053
2260
88388
3113
5791
428196
3429
93944
2576
2262
7872
2130
65630
2689
2333
2227
2177
2100
2230
16779
2233
2631
104541
2784
7449
2284
9997
2361
15351
2156
2234
2269
4551
3664
2083
2134
2074
2143
2565
2418
2476
75982
53244
3026
190134
102527
129426
4195
2615
229382
4628
32721
8355
2284
2103
3340
184682
3742
3168
2008
2688
1999
3432
125729
3178
123796
5888
3427
2332
2408
2180
2340
2409
2943
174832
3658
2244
2308
2432
2304
2907
92236
3160
2658
2556
3607
2671
46973
110091
3591
5580
2247
2296
3409
2324
2822
16706
2291
4254
2346
2457
2154
2576
2180
2074
2227
3247
223027
4195
285569
7262
3384
291619
3817
16804
2578
81203
5146
6128
2162
2224
3294
241737
3872
3651
82413
35879
192654
3875
2204
2192
1976
1984
2578
30663
94923
185833
3610
20092
2059
2150
7816
2416
1968
2114
2102
2384
14697
2363
50587
3841
236648
10187
16944
2251
16027
2540
2171
1964
2045
2159
2090
15256
2198
2243
50324
38223
2308
520622
4352
4132
5222
3368
168863
225212
5799
57338
3483
5357
2162
2775
311944
2223
2384
2365
2342
241569
18882
4422
26965
2929
2317
7671
2081
2582
2152
2522
84776
2815
2210
352369
54110
3058
63426
2349
2140
2050
2172
2593
2047
2086
2231
2111
2595
3504
3778
2118
10203
221017
4195
2250
9619
2121
2229
2151
2753
146414
3297
4579
2373
38591
185688
133984
2465
2275
1846
2306
5464
6123
1934
1896
28935
2782
2230
1777
