47712
11440
13009
11392
25469
11438
10534
11399
11612
12072
14749
11094
12121
480325
16266
32354
2321298
18772
508812
13961
11691
42921
11082
364721
14844
12437
13027
11910
11606
12746
89964
12568
14232
561317
15454
41991
12387
54347
12194
81972
12340
12287
12513
25676
19778
11293
11711
11691
11302
13548
13092
13560
404000
296126
16500
1039999
574738
689145
21621
14698
1236668
25163
179149
44684
12159
12421
17936
1000570
20530
17373
10659
13360
11109
19227
682326
16637
685151
30509
18131
13186
13313
12438
12869
12738
15048
929256
20657
12179
12207
12527
12054
15803
502117
17835
15210
13822
20883
14776
262472
585952
20451
29715
12638
12679
18803
12884
15331
91720
12277
23728
13297
13791
11805
13517
11485
10828
12621
16904
1209397
22550
1548894
39802
17159
1595817
21969
90061
13382
437446
29527
31132
12335
12463
18665
1270558
20645
19691
410304
192341
1063552
19800
10657
11543
10358
10551
12854
156213
492889
1008243
19612
106450
10956
11994
41160
12336
10118
11220
11057
12428
80043
12527
268897
21342
1262391
53107
89742
11742
83060
13983
10139
10942
10858
10163
10493
80268
11405
11978
269955
196478
11662
2780160
22176
20512
28373
18081
874794
1200005
32109
308263
16956
27677
11235
15011
1648294
12250
12731
12545
12483
1298818
93806
22611
143670
15341
12537
43153
11868
13089
11311
13095
455141
14384
11197
1866993
290775
16142
335473
12121
11252
11176
11585
14053
10368
11670
11450
11462
14654
17202
21577
12021
55290
1161292
22429
11786
51441
11632
12022
11724
15626
790569
17963
25657
13363
202119
993109
713661
12694
11681
10123
11952
28793
33656
10193
9935
154213
15117
12202
9110
8653
2160
2476
2068
4649
2101
1985
2142
2135
2212
2796
2053
2275
88030
3057
5943
428234
3443
94329
2559
2163
7881
2073
65862
2736
2218
2361
2139
2116
2270
16831
2284
2526
104770
2882
7660
2315
9857
2253
15486
2290
2191
2273
4850
3606
2103
2182
2109
2089
2506
2370
2518
75528
53306
3026
192000
102771
128850
3990
2750
228122
4582
33304
8353
2238
2324
3389
185395
3825
3259
1988
2509
2083
3568
125168
3125
124285
5775
3422
2436
2445
2227
2408
2396
2844
174670
3754
2182
2222
2313
2201
2798
92020
3266
2803
2500
3757
2627
46948
110610
3752
5459
2303
2298
3396
2388
2830
16877
2354
4370
2483
2539
2147
2559
2199
1988
2263
3233
223524
4125
286385
7210
3252
293010
3958
16875
2484
82103
5259
6008
2305
2361
3390
241011
3963
3676
82460
36579
191800
3852
2037
2180
1957
2012
2471
30377
94824
185563
3754
19657
2112
2236
7909
2333
1937
2125
2080
2316
15123
2325
50281
3946
237945
10070
17009
2198
15956
2595
1995
2064
2066
1957
2060
15191
2230
2291
50458
38146
2233
520372
4247
3949
5327
3318
168608
225285
5920
56966
3266
5335
2110
2776
311778
2274
2386
2313
2332
241235
18331
4164
27000
2948
2363
7943
2180
2450
2091
2353
85383
2681
2102
349899
54061
3057
63396
2213
2169
2060
2150
2511
1906
2095
2080
2087
2638
3236
3965
2189
10160
220066
4127
2188
9552
2060
2220
2172
2782
147732
3353
4645
2433
38049
184718
134645
2418
2199
1860
2212
5441
6205
1881
1833
28849
2821
2316
1721
