47203
11110
13353
11956
25079
10871
10791
10814
10694
12477
14820
10844
11711
482395
16571
31415
2320991
18281
505223
13531
12388
43452
11320
362627
14561
12406
11995
11577
10954
12499
88779
12085
14648
556936
15187
41884
12417
55337
13414
82459
11566
12386
12566
25861
19592
11352
11782
11775
11080
13518
13258
14187
404511
296155
17122
1031439
570891
689961
21064
14715
1241461
24977
177021
45254
12928
11500
17989
998201
20328
18060
10860
13563
10761
18381
682859
17488
677177
33339
17640
12718
12713
12496
12752
12487
15121
929580
20569
12907
12993
13484
12767
16836
503585
17662
15180
14188
20590
15039
262969
587356
20080
29834
12339
12487
18816
12589
15270
91260
11833
23475
13582
12965
12219
12693
11467
11334
12692
16772
1204868
22931
1540286
41308
17881
1585466
21768
88369
13776
435607
29102
31487
11867
12252
18612
1272685
20456
19600
413929
190569
1067298
19428
11629
12855
10451
10520
13216
158351
495829
1009413
20003
108397
11357
11891
41043
12980
10576
11657
11912
12775
78922
13441
271022
20596
1253172
54085
90795
12238
83675
13436
11050
10912
10873
10388
11029
81792
11668
12015
270239
198585
11877
2777912
22359
22086
28842
17829
873091
1196863
32449
309180
17140
28235
12067
14763
1651791
12248
12977
12613
12266
1297604
94243
24178
144996
15770
12275
40332
11111
13268
10985
13377
454082
15499
12345
1873356
294056
16464
335505
12863
10919
11332
11717
14885
11570
11534
11726
12084
14735
18171
21123
11498
55729
1161730
22615
11063
50590
11244
11047
12378
14531
786652
18138
26609
12592
201536
993291
708965
13008
12016
11154
12012
28322
32809
10057
9896
151918
14455
12007
9017
8596
2045
2596
2185
4529
2016
2010
2021
1997
2322
2847
2011
2183
88615
3048
5791
427848
3397
94059
2499
2309
8010
2117
65765
2644
2236
2170
2091
2035
2229
16633
2230
2615
104041
2853
7692
2293
10006
2456
15493
2161
2201
2288
4902
3592
2120
2181
2087
2070
2503
2426
2579
75537
53366
3111
190786
102461
128954
3872
2758
228578
4528
32921
8506
2401
2157
3465
184873
3804
3378
2031
2565
2004
3445
125323
3281
122908
6248
3329
2321
2342
2246
2363
2367
2873
174766
3723
2333
2375
2452
2356
2962
92351
3220
2735
2575
3694
2703
46904
110918
3650
5447
2318
2281
3445
2338
2837
16748
2239
4288
2527
2425
2215
2403
2171
2028
2301
3207
223171
4243
285218
7544
3385
291139
3978
16583
2547
81582
5159
6005
2216
2308
3378
241593
3906
3621
83217
36325
192573
3740
2209
2404
1966
1999
2537
30845
95202
185576
3781
20026
2210
2225
7760
2482
2031
2227
2248
2334
15034
2438
50698
3781
236340
10160
17198
2265
16000
2529
2149
2080
2035
2005
2163
15482
2246
2298
50497
38483
2273
520003
4283
4248
5382
3279
168644
224820
5975
57050
3312
5397
2229
2666
312584
2271
2474
2323
2295
240790
18485
4425
27223
3013
2322
7538
2061
2496
2053
2424
85578
2875
2294
351503
54481
3111
63536
2323
2123
2121
2141
2710
2141
2094
2132
2187
2647
3385
3879
2115
10247
220441
4157
2054
9406
2012
2074
2281
2629
147384
3356
4809
2278
37974
184768
133900
2521
2281
2034
2259
5344
6094
1857
1863
28587
2713
2290
1718
