48838
10605
13551
12190
25793
11012
10868
11319
10613
11689
15231
11227
11690
481904
16951
31025
2311349
18611
510261
13827
11629
42466
11075
362498
15519
12329
12576
12117
11260
12451
88711
12195
13535
559753
14991
40669
12415
55586
12716
82079
11342
13058
11732
24538
19057
11489
11694
11984
11326
13701
13030
14377
407131
295823
16617
1034012
571702
690390
21486
13959
1244007
25147
178858
44520
12285
11334
17084
997627
20263
17041
10725
13846
11343
17749
683035
16350
687272
36361
18380
12955
13483
12037
12301
12960
15973
930962
19703
12660
13185
13483
12484
15869
499408
17441
14551
14772
20593
15260
261713
585915
20189
30827
11718
12206
18320
12571
15840
90974
12453
23206
12918
12725
11956
12745
11117
11045
12318
17564
1203914
22906
1537179
40877
17438
1597477
21235
90907
13055
435948
29611
31187
12506
12191
19102
1273131
20400
20161
410858
188413
1065076
19361
10790
12479
10515
10179
12756
156827
494254
1005431
19590
107869
10613
11243
42389
12371
10424
11620
11594
13018
79678
12864
269402
20749
1255670
54731
89463
12348
80847
13688
10701
11529
10541
10545
10785
80739
11617
12147
270962
199475
11767
2779542
22250
20416
28205
17344
875347
1200347
31567
308898
17589
27611
11988
15139
1650756
11615
12508
13010
12469
1305776
95146
23288
143817
15940
12238
41642
11901
13494
11601
13448
457514
14622
11125
1867094
291880
16909
333257
12865
10863
11238
12345
14686
11218
11612
11440
11438
14597
17916
21655
12362
55689
1160896
21439
12117
51377
12132
10831
11918
14820
787453
18562
25479
12757
204030
993069
710878
12912
11978
10456
12082
28833
33524
9968
10289
153537
14098
12249
9200
8936
2012
2542
2238
4654
2042
2051
2114
1968
2178
2923
2111
2181
88163
3162
5755
426403
3459
94426
2505
2183
7849
2111
65435
2825
2226
2269
2161
2091
2209
16561
2237
2433
104657
2860
7452
2295
10027
2353
15537
2139
2322
2139
4649
3524
2122
2199
2156
2150
2538
2368
2634
76055
53376
3040
191677
102314
129168
3984
2671
229101
4547
33271
8392
2262
2125
3259
185101
3779
3218
1990
2558
2150
3304
125493
3090
124662
6827
3471
2376
2473
2167
2298
2390
3022
175275
3599
2292
2379
2464
2322
2803
91792
3163
2683
2652
3740
2710
46838
110695
3712
5666
2173
2205
3352
2328
2923
16765
2389
4270
2396
2386
2189
2416
2117
2026
2257
3306
222476
4243
284742
7504
3310
293560
3855
17069
2408
81902
5224
6005
2315
2300
3488
241453
3932
3723
82724
35775
192412
3747
2061
2353
1965
1976
2474
30582
95207
184987
3748
19889
2049
2117
7985
2354
2008
2243
2204
2395
15067
2370
50293
3743
236832
10399
17047
2303
15531
2557
2072
2152
2030
2030
2128
15284
2219
2276
50696
38699
2276
521016
4255
3947
5284
3169
169249
224963
5789
57356
3348
5361
2240
2774
312486
2189
2339
2363
2375
242389
18447
4280
26976
3023
2290
7817
2167
2539
2136
2422
86025
2705
2063
350787
54206
3169
63040
2329
2125
2103
2237
2636
2079
2062
2065
2087
2613
3304
3997
2258
10376
220095
3953
2212
9561
2130
2033
2215
2687
147491
3418
4589
2329
38404
184499
134308
2450
2295
1913
2270
5463
6270
1856
1902
28847
2636
2354
1720
