47181
11252
13371
11893
25831
11544
10975
11242
11051
12214
15149
11357
11588
480923
16679
32385
2322608
18949
506822
14095
11568
42376
11569
365270
15331
13310
12729
12346
11213
13044
90076
12671
14437
557766
15246
41744
12302
55229
12772
82794
11461
13262
12962
24787
20109
11280
11864
11891
11044
14129
12933
14494
401830
297508
16719
1033702
571697
684994
20458
14433
1244322
25637
179528
44657
12542
11160
18005
995731
20565
17660
11178
13690
10988
18751
680695
17320
683650
33599
17765
12663
13248
11691
12623
12943
16502
928599
20178
12236
11960
12366
12793
16192
504689
17451
14712
14630
21103
14957
263711
588862
19619
30668
12721
13084
18969
12503
14926
89638
12442
24437
13143
12365
12565
12908
11306
10837
12901
16950
1202752
22265
1547262
39857
16624
1595029
21779
90261
13546
434569
29036
31550
12426
11907
18621
1276527
20717
19446
410043
190832
1069966
19258
10751
12593
10007
10270
12943
156885
496135
1011476
18811
109475
11464
11661
41486
13072
10334
11121
11186
12231
79369
13180
269389
20796
1247933
53647
92189
12537
83416
13850
10841
10677
10020
10726
10577
80701
11682
11072
266636
199023
11873
2786880
21609
21487
28881
17041
877208
1197776
33128
308333
17852
27132
12033
15854
1649053
12452
12938
12624
12171
1304402
94697
23261
143748
16156
12719
40216
11389
14015
11777
13135
447577
15523
12120
1879602
295003
16768
332678
13047
11199
11361
11458
15076
11292
11831
12015
12043
14152
17804
21128
12027
55144
1158628
22409
11898
50144
11828
11638
12270
14752
782406
18216
25150
12598
204643
988179
709057
12885
12034
10461
11738
28984
32746
10267
9865
155475
14337
11971
8902
8676
2103
2497
2189
4667
2126
2057
2082
2075
2227
2889
2117
2160
88118
3102
5984
428038
3489
93808
2607
2156
7857
2156
65933
2799
2424
2314
2195
2057
2312
16764
2303
2600
104580
2849
7610
2296
9967
2316
15543
2181
2338
2330
4715
3687
2098
2244
2149
2099
2591
2370
2644
75059
53660
3044
191695
102529
128101
3789
2713
229414
4646
33432
8410
2302
2067
3427
184500
3845
3319
2093
2582
2078
3500
125252
3205
124078
6274
3370
2316
2399
2113
2358
2436
3084
174726
3681
2217
2183
2300
2330
2811
92527
3147
2708
2656
3740
2712
47328
111121
3609
5596
2347
2392
3476
2309
2763
16510
2370
4453
2431
2302
2328
2476
2131
1988
2315
3229
222659
4137
286677
7266
3163
292886
3954
16960
2502
81635
5148
6079
2325
2227
3408
242358
3932
3643
82509
36284
193125
3763
2068
2336
1873
1962
2502
30408
95385
186230
3619
20237
2227
2174
7937
2456
2007
2143
2121
2255
15017
2454
50447
3815
235848
10109
17500
2339
15963
2588
2092
2028
1922
2076
2100
15292
2266
2088
50104
38586
2259
521783
4157
4111
5393
3174
169541
224735
6081
57074
3471
5232
2257
2927
311926
2317
2428
2306
2298
242264
18433
4211
26951
3045
2395
7505
2075
2613
2221
2380
84204
2882
2261
353014
54682
3174
63022
2357
2169
2175
2103
2712
2094
2143
2189
2155
2547
3266
3884
2189
10265
219548
4157
2180
9288
2105
2176
2298
2649
146804
3397
4572
2304
38529
184052
134117
2466
2272
1896
2252
5469
6102
1859
1829
29116
2681
2292
1703
