46960
11000
13251
12196
24840
11586
10598
11323
11358
12702
14996
10736
11331
480431
16193
31651
2322353
18754
511413
13122
11989
42619
10813
364658
15317
13112
13137
12560
11565
12550
88919
13075
14178
560315
16049
41793
12241
55581
12721
82086
11359
13123
12645
25082
20083
10994
11560
11716
11163
15014
13709
14864
406732
297877
16132
1037213
577444
686683
21256
14709
1238920
25110
178988
42458
12637
11162
17701
995699
20681
17909
10948
13292
11009
19398
687488
17713
682526
34603
18063
12365
13249
11704
12696
13025
15442
934722
20355
12223
12218
12950
12184
16431
505158
17270
14264
14478
20710
14532
259235
585317
19403
29937
12927
12809
19137
12753
15063
90416
12139
24053
13570
12943
11741
12876
11051
11579
12106
16752
1201278
23013
1539332
41100
16681
1589779
21241
91209
13532
434411
28923
31004
11493
11778
19183
1273724
20822
19779
409893
190815
1063844
19313
10870
12353
10631
10369
12371
156803
494611
1008229
19200
107659
10784
11197
41646
12899
10296
11100
11185
13436
78917
13212
269536
20084
1253053
53578
90675
12809
83769
13585
10878
11172
10667
10483
10909
79515
11112
11897
266848
198572
12750
2780520
21944
20926
28704
17142
875507
1199369
31939
309673
17261
28904
11824
15094
1644765
12392
13452
11910
12524
1305534
94496
23572
144377
15423
12079
41606
11706
14083
11826
12998
453462
15392
11343
1876948
297310
16213
332534
11788
10727
11495
12123
15012
11312
11521
11520
11863
15268
17536
20737
11866
55942
1156769
21874
11671
49162
11607
10769
12777
14805
786828
18885
25204
12439
201558
994959
711761
13029
12080
10048
12265
28967
32716
10272
9698
156344
13827
12243
9469
8557
2037
2519
2224
4496
2131
2011
2103
2086
2346
2888
2026
2122
88341
3045
5854
428237
3463
94802
2425
2220
7827
2044
65791
2802
2370
2353
2244
2112
2268
16656
2392
2572
104712
3004
7650
2271
10066
2346
15377
2133
2329
2291
4700
3671
2063
2180
2144
2075
2731
2459
2714
76005
53623
2921
192106
103342
128626
3971
2736
228462
4597
33360
8062
2330
2090
3367
184681
3854
3331
2019
2510
2058
3565
126263
3369
124172
6488
3425
2263
2398
2152
2331
2438
2895
175671
3678
2220
2220
2387
2263
2915
92753
3116
2612
2620
3715
2586
46347
110227
3586
5526
2355
2347
3519
2391
2801
16615
2291
4361
2520
2418
2114
2461
2093
2093
2209
3150
221932
4234
284875
7442
3191
292140
3855
17103
2501
81575
5108
5982
2139
2248
3490
241882
3991
3690
82514
36197
192363
3760
2097
2312
1957
1967
2365
30590
95214
185673
3660
19950
2097
2092
7971
2410
1958
2142
2110
2443
14996
2404
50529
3687
236630
10129
17171
2389
15965
2528
2100
2123
2024
2012
2104
15032
2138
2252
49918
38555
2443
521455
4217
4025
5390
3208
169381
225256
5896
57401
3303
5562
2248
2789
311304
2259
2525
2211
2342
242240
18510
4283
27064
2946
2259
7758
2130
2618
2207
2347
85392
2885
2110
352075
55125
3047
63293
2155
2066
2156
2223
2670
2116
2051
2083
2178
2722
3303
3825
2159
10359
219626
4046
2160
9126
2051
1988
2330
2678
147462
3491
4609
2295
37968
185029
134686
2469
2294
1873
2327
5516
6086
1864
1814
29316
2583
2311
1783
