48136
11142
13275
12261
25506
11287
10538
11067
10811
12122
15220
11633
12776
483755
15879
32131
2317216
19125
508352
13793
12345
41764
11263
366147
15075
13106
12571
12528
10683
12358
88997
12046
14500
561474
15616
41793
12511
54606
13090
82078
11744
12864
12488
25768
20119
11266
11679
12112
10658
13632
12812
14046
404549
298400
16186
1030031
570896
691491
21302
14602
1239645
24803
176456
44930
12313
12257
17929
1001781
20653
17496
11193
13212
10446
17877
686063
16672
683449
33132
17689
12713
12914
11661
13127
12369
15257
936043
20085
12554
12346
13691
12486
16161
504483
16700
14842
14668
20790
14972
262351
581214
19937
30463
12287
12241
18818
12696
15215
88962
12097
24022
13108
13373
11491
12775
10860
10877
12278
16042
1205664
23302
1541139
40228
17940
1595345
21426
91600
13013
431658
28189
31086
12559
11824
19752
1273461
20327
19905
411450
190613
1062749
20051
11457
12722
10369
10449
12740
157635
492352
1011313
19443
107877
11267
11580
42611
12334
11201
11181
11159
13160
79966
13597
270225
21348
1253621
54162
90195
12010
84350
13969
10818
10867
11027
10104
10600
78901
11738
11755
271996
196574
12386
2784996
22655
20788
28547
17606
873330
1199876
31715
311379
17309
27845
12348
15336
1653996
12382
12784
12680
12046
1302029
93894
23107
142700
14935
11683
40749
11086
13139
12135
12999
456099
15272
11350
1876771
292137
16505
332748
12284
11471
11740
11837
15025
11384
11365
11881
11527
14747
17578
21747
12277
55427
1161316
22319
12056
51799
11307
10906
12149
15352
787383
17932
26018
12464
202309
992402
709498
13193
12167
10235
11915
28798
33630
10247
9780
154791
14923
12101
9111
8768
2070
2484
2252
4652
2062
1986
2091
2017
2206
2934
2164
2338
88615
3009
5928
427358
3527
94065
2549
2311
7694
2097
65940
2759
2373
2280
2197
1998
2184
16686
2211
2563
104974
2954
7679
2313
9876
2384
15480
2202
2318
2265
4876
3673
2082
2171
2150
2022
2538
2309
2535
75588
53638
2971
190744
102514
129292
3922
2751
228568
4557
32832
8430
2269
2288
3447
185642
3815
3254
2079
2449
1977
3331
125795
3161
124151
6228
3322
2336
2388
2125
2440
2344
2897
176153
3634
2259
2253
2552
2296
2879
92288
3025
2703
2671
3744
2657
46921
109701
3684
5529
2274
2205
3461
2352
2792
16367
2340
4395
2438
2486
2136
2428
2051
1999
2238
3056
222769
4305
285052
7350
3439
292742
3903
17188
2390
81063
5044
6014
2315
2242
3540
242121
3892
3698
82747
36141
192091
3863
2189
2412
1921
1976
2467
30604
94933
185829
3697
20021
2146
2171
8053
2346
2113
2186
2148
2404
15159
2495
50735
3917
236912
10207
17096
2266
16233
2588
2094
2028
2109
1987
2065
14963
2259
2264
50852
38205
2382
521702
4381
3996
5295
3261
169025
225411
5852
57668
3343
5335
2327
2788
312959
2286
2415
2295
2266
241615
18291
4222
26784
2868
2198
7568
2057
2454
2270
2364
85768
2842
2131
352119
54303
3123
63100
2278
2213
2184
2205
2683
2128
2038
2165
2088
2667
3258
3971
2237
10262
220508
4114
2209
9594
1976
2041
2248
2759
147612
3331
4740
2277
38084
184753
134154
2502
2275
1866
2288
5419
6258
1885
1803
28988
2772
2321
1748
