46917
11211
13343
11986
25961
11208
11193
11231
10900
11950
15306
10837
11504
480826
16686
31551
2326930
19134
512530
13614
11808
42617
11546
364352
14884
12670
12073
12003
10985
12682
89804
11957
14159
562954
15319
41177
12090
55992
12644
83567
11770
12759
13328
25525
20054
11221
11618
11492
11352
13446
13146
14048
405520
296114
17232
1039047
570404
692062
21418
14531
1244200
24542
176795
43926
12499
11800
18068
998861
20673
17881
10784
14278
10900
19002
685034
18039
682598
29859
18691
12279
13285
11867
12542
12961
15874
931094
19763
12807
13221
13125
12331
16611
505530
17174
14604
14354
20807
14819
261487
576858
20615
30840
12287
13359
19244
12165
15466
91335
12140
23576
13153
12901
11977
12756
12055
10626
12728
16943
1207878
22393
1539149
41001
17517
1595199
21788
90632
12930
436143
29582
31990
12434
12111
19228
1270929
21588
20173
409927
189529
1064556
19143
11810
12411
10990
10014
13134
156077
494734
1016261
19567
108370
10855
11917
41873
12450
10733
11372
11080
12668
78661
13439
270862
21018
1252627
52670
91565
12196
83241
14483
10773
10975
10971
10657
10438
82055
11116
11094
269719
198681
11930
2778665
22243
21422
28035
18045
871066
1201308
31844
308040
17642
27653
12360
14768
1653961
12261
13266
12378
12410
1301346
93874
24253
141591
15718
11967
40629
11022
13543
11959
13876
454334
14643
11922
1874706
291888
16381
334196
12859
10736
11336
12023
14582
10827
11609
11726
11793
15310
17930
21157
12463
56167
1158643
23112
11660
51574
11986
11563
12479
15060
787190
18332
25285
11595
200054
998148
714751
12926
11741
10494
12413
28121
33879
10033
9885
155301
15157
12070
9375
8612
2083
2551
2191
4694
2058
2097
2083
2016
2211
2904
2021
2141
88042
3103
5830
428998
3500
95041
2547
2231
7854
2158
65866
2733
2294
2198
2125
2030
2280
16805
2188
2516
105083
2891
7582
2232
10150
2318
15680
2210
2278
2392
4797
3645
2060
2175
2118
2122
2478
2382
2549
75752
53282
3133
192410
102386
129654
3958
2745
229149
4508
32780
8264
2307
2198
3415
185109
3862
3335
2048
2643
2039
3527
125782
3389
123991
5654
3526
2266
2419
2177
2350
2432
2997
175658
3612
2317
2381
2402
2278
2892
92816
3135
2647
2589
3723
2616
46752
109224
3824
5682
2253
2392
3497
2290
2858
16870
2300
4337
2487
2374
2186
2433
2272
1953
2262
3229
223573
4117
285347
7527
3330
293016
3950
17026
2401
81883
5241
6176
2302
2279
3492
241781
4095
3698
82447
36089
192145
3702
2266
2317
2068
1896
2527
30483
95162
186888
3706
19972
2094
2214
7923
2370
2069
2188
2085
2275
14935
2466
50822
3882
236395
9971
17391
2266
15975
2663
2072
2075
2088
2065
2020
15483
2148
2128
50335
38703
2271
521305
4329
4092
5258
3337
168658
225421
5905
57168
3386
5305
2326
2738
312967
2251
2487
2251
2357
242403
18402
4467
26697
2991
2257
7576
2049
2519
2259
2504
85733
2720
2202
351715
54241
3092
63363
2347
2109
2124
2186
2584
1995
2099
2144
2142
2723
3350
3881
2253
10402
220110
4250
2124
9562
2119
2148
2262
2701
147339
3390
4637
2144
37900
186039
135030
2488
2203
1916
2361
5303
6335
1879
1849
29117
2835
2307
1771
