48116
10589
13647
12773
25949
11725
10685
11469
11454
11601
14915
12047
11646
481003
16368
31589
2320054
18435
514041
13584
12158
43395
10265
364580
14826
13134
11864
12146
11299
12607
89386
12614
14713
562004
16410
41900
12561
55116
12839
81790
11690
12988
13298
25423
20397
11089
11446
11199
11397
13646
13214
14442
402565
300144
16929
1032253
569854
691569
21033
14671
1241191
24370
179249
43968
12444
11211
17827
1000866
20915
17964
10988
13454
10916
19471
681679
17518
685155
31324
18056
13007
13174
12713
13162
13056
15257
928144
19715
12421
11773
12316
13303
15954
501497
17419
14194
14301
20140
14894
261164
586586
19916
29883
12839
12885
18688
12540
15283
90120
11828
23552
13493
13279
11790
13190
12027
11107
12253
16900
1204228
22985
1541393
39376
17823
1600109
20845
92386
13125
434640
27850
31453
11539
12211
18732
1271203
19789
20123
411600
191751
1066926
19384
11000
12072
11011
10524
13043
157807
495323
1014059
19696
109433
10966
11447
41321
12916
11021
12217
10765
13221
80136
13005
268132
20835
1251323
54853
90836
12100
84739
13818
10379
10814
10433
10365
10780
81215
11798
11665
266990
195405
11621
2791415
21681
21041
29838
17964
873970
1199948
32919
309573
17692
27403
11792
14580
1650506
12102
12822
12617
12366
1298292
95019
24365
143654
15414
12902
41438
11233
13770
12255
13299
455371
15305
11693
1879118
295987
16191
333583
12925
11124
11306
11609
14097
11289
11653
11955
11127
14690
17462
21109
12476
54927
1160467
22392
11389
50706
12223
11631
12005
15045
784458
18514
25740
12938
201444
995732
711795
12797
11785
10407
11964
29207
32392
10337
9298
155112
14352
12445
9056
8745
1968
2603
2269
4711
2165
2022
2151
2098
2120
2871
2219
2190
88032
3066
5827
427899
3434
95224
2533
2274
8040
1975
65848
2705
2350
2160
2097
2069
2245
16670
2300
2612
105287
3037
7667
2332
9982
2339
15368
2192
2314
2385
4733
3735
2054
2138
2048
2151
2505
2416
2644
75435
54049
3115
191564
102340
129479
3889
2724
228769
4466
33443
8252
2316
2088
3395
185749
3908
3376
2046
2551
2047
3597
125187
3244
124589
5951
3391
2360
2391
2288
2413
2449
2862
175099
3574
2266
2172
2322
2439
2811
92073
3153
2627
2580
3641
2646
46738
110699
3658
5520
2347
2373
3423
2310
2860
16638
2227
4284
2507
2476
2182
2491
2243
2001
2209
3209
222964
4244
285530
7244
3381
293898
3805
17303
2444
81469
4923
6043
2135
2308
3406
241701
3810
3730
83048
36547
192856
3756
2114
2260
2055
1993
2498
30709
95351
186534
3768
20183
2132
2120
7854
2434
2103
2316
2013
2417
15190
2405
50255
3804
236294
10365
17356
2253
16179
2559
2008
2045
2004
2006
2134
15378
2267
2218
50127
37931
2214
523007
4219
4055
5560
3352
169110
225015
6087
57314
3379
5347
2203
2700
312271
2224
2393
2316
2315
241571
18566
4455
27086
2965
2408
7715
2077
2557
2280
2380
85950
2852
2181
353229
55048
3039
63168
2372
2161
2096
2141
2554
2140
2079
2159
2013
2646
3269
3902
2288
10216
220509
4152
2084
9463
2172
2189
2242
2718
146994
3434
4657
2393
38049
185481
134942
2470
2238
1908
2319
5503
6077
1918
1726
29042
2686
2348
1724
