47291
10928
12789
12075
25275
11149
10401
11668
10817
11824
15199
11242
11705
479487
17105
31878
2322690
19388
506465
13325
11351
42404
11507
363102
15671
12310
11815
12104
11369
12572
89053
12451
14491
560037
15857
40872
12277
55299
12900
80798
11725
13156
12552
25685
19672
11263
11601
11541
11315
13698
13544
13842
406435
297856
16638
1041574
575031
693810
21490
14074
1241719
25244
178238
44484
12621
11490
17914
999680
20553
17928
10802
14360
11006
18850
682722
17417
688133
32651
17662
12908
13205
12130
13137
13464
14293
939990
20426
12396
12892
13059
12427
15905
505270
16794
14270
14369
20750
14540
262161
580318
19488
30454
12512
12861
18163
12414
15148
90474
11662
22895
13213
12962
11387
13017
11479
11378
12591
17004
1207451
22665
1538146
39855
17923
1597002
21765
90225
13342
435692
28503
31997
12221
11884
19577
1268293
20600
20484
408095
191614
1067371
20021
11442
12643
11005
10610
13130
155731
496308
1011344
19317
109166
10401
11663
42708
12778
10288
11562
11181
12697
80087
13290
269244
20916
1252916
54655
91691
12016
84209
14428
11107
10507
11125
10432
10309
80698
11669
11654
268899
198711
11380
2787961
21333
20698
29326
17675
874543
1203929
32573
310689
17431
27646
11741
15226
1653614
11986
12529
12800
12714
1305382
94112
23738
144579
15429
12762
40567
11519
12967
11329
12928
454547
14743
11545
1874899
292441
17465
337651
12447
10862
10882
11692
14447
10949
12209
11422
12237
14786
17476
20694
11919
54694
1161866
21474
12024
50944
11737
11282
12348
15277
788003
18513
25418
12671
205219
991978
713566
12809
11729
10690
11374
28094
33442
10405
9404
154857
14413
12182
9563
8550
2040
2442
2203
4613
2069
1949
2140
2005
2200
2893
2113
2204
87946
3162
5844
428023
3562
93895
2446
2155
7844
2188
65656
2855
2259
2178
2183
2100
2232
16660
2285
2588
104807
2947
7535
2294
10075
2351
15262
2191
2303
2272
4837
3625
2105
2185
2114
2158
2544
2457
2553
75977
53692
3030
193193
103279
130006
3972
2613
229279
4612
33075
8339
2351
2125
3437
185756
3861
3345
2021
2703
2070
3549
125525
3281
124941
6221
3312
2373
2426
2200
2438
2517
2724
177056
3708
2275
2328
2412
2269
2823
92384
3048
2599
2590
3737
2594
46916
109710
3594
5545
2323
2354
3295
2319
2801
16703
2250
4192
2463
2413
2088
2468
2152
2075
2260
3212
223123
4145
285032
7289
3403
293286
3980
16858
2498
81789
5062
6130
2270
2250
3525
241223
3960
3747
82047
36359
192921
3850
2205
2367
2058
2046
2530
30383
95535
185985
3697
20133
2041
2210
8053
2396
1999
2219
2142
2331
15154
2471
50358
3854
236988
10304
17525
2267
16195
2677
2161
1999
2129
2014
2001
15298
2267
2222
50569
38596
2195
522111
4149
3995
5497
3265
169055
226271
6079
57307
3323
5278
2228
2792
312628
2260
2349
2317
2376
242310
18395
4337
27172
2956
2385
7553
2111
2422
2109
2359
85420
2727
2139
351892
54460
3251
63988
2257
2113
2062
2124
2589
2064
2191
2078
2221
2669
3266
3863
2199
10107
220390
3992
2200
9476
2084
2138
2315
2785
147687
3454
4643
2339
38579
185175
134768
2448
2205
1925
2189
5307
6216
1913
1759
28937
2714
2301
1833
