46796
11022
13076
11493
25739
11223
10830
11342
11204
11898
15471
11067
11880
479146
16894
32455
2331150
18758
511484
13367
13012
43306
11489
363949
14620
12737
12323
11659
11017
13040
87681
12892
13568
559122
15489
41951
11823
55799
13075
82951
11787
13257
12632
24688
19623
11001
12105
11893
11002
13830
13201
13861
408104
296978
15536
1034646
575140
688083
21853
14058
1242766
24195
177668
44110
13137
11471
17446
998701
20818
17489
10226
14053
11298
17729
680059
17876
684366
36029
17928
13177
12283
12535
12233
13069
15424
928508
20560
12979
13513
12966
12407
16696
504799
16989
14693
14517
20512
14594
263229
588387
20799
30223
12913
12617
18855
12250
15519
90601
12440
22443
12975
12580
12149
12893
11198
11192
12912
16834
1208625
22550
1542873
40112
17155
1593046
21088
89517
13308
434886
29292
30469
12354
12008
19000
1272192
21161
19717
411560
191768
1064649
19081
10914
12411
11298
11026
12608
156175
494204
1010460
18820
109754
10781
11637
42748
12608
10327
11072
11863
12712
78941
12977
268804
21495
1259853
54579
91254
12544
84508
14065
10341
10288
10874
10166
10915
79781
11247
11824
269089
197399
12020
2784496
21584
21235
28436
17511
870715
1195780
32469
307374
17341
27616
11753
15613
1643521
11751
12210
13738
12428
1308566
94817
24696
143667
16116
11631
41096
10798
13850
11818
13045
453683
14950
11796
1878037
291902
16625
333000
12670
10847
10969
11672
15163
10764
11780
11978
11661
15560
17422
20796
12194
55989
1161544
22365
12050
51766
11566
11697
12115
14811
789518
17889
25482
12706
202139
995998
710461
12895
12306
10211
11910
29083
33490
10694
9801
154183
14321
11744
9274
8505
2040
2469
2068
4693
2058
2064
2132
2060
2166
2936
2042
2206
87984
3105
5995
429933
3469
94895
2464
2402
8001
2154
65705
2714
2317
2251
2104
1998
2284
16401
2357
2434
104531
2916
7703
2228
10143
2372
15621
2245
2370
2285
4683
3588
2067
2258
2158
2053
2538
2434
2553
76249
53442
2835
191817
103321
128949
4047
2643
229024
4414
33150
8286
2416
2166
3328
185270
3871
3291
1918
2660
2075
3311
125095
3325
124554
6777
3411
2381
2277
2274
2311
2443
2867
174632
3752
2313
2427
2403
2302
2933
92769
3092
2699
2652
3648
2586
47013
110878
3852
5540
2339
2311
3416
2291
2849
16643
2380
4140
2440
2355
2210
2447
2121
2063
2323
3179
223535
4148
286101
7386
3290
292878
3809
16854
2459
81591
5226
5814
2309
2273
3523
241876
4057
3680
82970
36473
192554
3708
2099
2337
2122
2092
2450
30397
95271
185813
3617
20266
2079
2174
8055
2358
2014
2154
2247
2342
14958
2424
50420
3935
238272
10273
17344
2306
16271
2593
2031
1957
2086
1963
2100
15094
2167
2232
50463
38352
2278
522037
4221
4088
5375
3262
168570
224931
5996
57083
3368
5289
2161
2873
311837
2198
2320
2469
2349
243067
18569
4510
26943
3075
2179
7650
2011
2602
2183
2343
85380
2763
2177
352652
54376
3089
63228
2313
2166
2071
2172
2732
2022
2139
2184
2133
2792
3230
3812
2218
10334
220714
4121
2225
9636
2048
2193
2228
2670
148190
3330
4640
2329
38032
185424
134351
2474
2267
1907
2300
5485
6290
1959
1856
28925
2695
2232
1764
