47076
11146
13986
11603
25809
11355
10737
11056
11276
11759
14472
11352
11936
481399
15996
32153
2313699
18696
506658
13034
11993
42799
10483
367686
15136
12905
12578
12486
10977
12930
89423
13127
14217
556740
15392
40542
12231
53973
12694
81045
11743
13029
12685
24720
19377
11288
11419
11166
11288
13953
13388
14359
402272
296452
16201
1033049
572497
688302
21446
14814
1238001
25942
177858
43388
12383
11605
18350
992812
21277
17946
10847
13610
11210
18546
680776
16912
681688
32541
17766
13125
12880
12359
12461
12942
15586
931687
21096
12801
12778
13182
12512
16307
498221
17731
14212
15305
20511
14968
263117
583114
19709
29502
12962
12913
18854
11590
15181
91168
12128
23048
13052
13145
11904
13072
11333
11532
12777
16856
1208122
22531
1535544
39804
18044
1598486
22202
91839
13825
430922
27693
31795
12173
12036
19126
1266511
20733
20175
406636
190635
1065852
20131
11674
12255
10975
11223
13163
155948
492289
1014070
19127
108278
11048
11860
42434
12129
10774
11706
11438
12987
78171
12977
267435
20596
1246326
52451
89716
12159
82464
13863
10590
11099
11372
10224
11146
80061
11644
11915
269586
198645
11954
2774916
21590
21233
27926
17305
869364
1188032
32473
308619
17453
27287
11529
14659
1639424
11765
12744
12774
12560
1296661
93746
23032
145061
14795
12237
41395
11310
13515
11992
13011
453556
14588
12157
1874287
291774
15998
330353
12443
10572
11274
11835
14197
11053
11006
11870
12007
14454
17818
21577
12563
55100
1166085
22693
11973
50707
11794
11638
11697
14727
780288
18039
25628
13049
202522
994861
710558
12958
12133
10688
12127
27990
32059
9623
9435
154182
14783
12115
9657
8523
2064
2657
2108
4641
2094
2009
2036
2053
2129
2749
2090
2213
87571
2960
5844
424486
3453
93525
2424
2263
7903
1973
65769
2729
2318
2256
2243
2022
2314
16631
2347
2500
103732
2833
7404
2267
9788
2315
15257
2185
2307
2292
4678
3510
2111
2151
2018
2115
2555
2419
2609
74841
53236
2944
190437
102052
128322
3956
2766
227125
4647
32968
8110
2293
2184
3491
183710
3936
3319
2002
2555
2066
3430
124311
3134
123419
6132
3267
2394
2361
2243
2317
2443
2901
174485
3801
2283
2313
2421
2261
2858
91083
3190
2591
2786
3702
2671
46965
109724
3612
5410
2361
2302
3409
2162
2801
16708
2310
4218
2419
2437
2178
2473
2150
2090
2262
3149
222155
4174
283540
7233
3437
292123
3953
17119
2536
80319
4925
6022
2270
2232
3457
239344
3929
3756
81730
36112
191867
3880
2209
2273
2018
2104
2540
30347
94346
185527
3649
19897
2119
2192
8030
2321
2068
2257
2144
2423
14724
2388
49796
3756
234546
9802
16983
2266
15722
2577
2055
2075
2177
1981
2173
15017
2238
2211
50312
38441
2285
517415
4179
4089
5259
3184
167363
222577
5948
56759
3314
5251
2167
2681
308865
2203
2366
2301
2340
239368
18245
4216
27030
2818
2291
7719
2065
2499
2233
2315
84981
2685
2231
350095
54033
2999
62360
2261
2059
2097
2171
2566
2044
2022
2169
2177
2621
3330
3978
2286
10130
220245
4174
2194
9400
2114
2165
2170
2655
145265
3365
4649
2399
37966
184795
133788
2466
2238
1949
2283
5245
5948
1781
1749
28903
2733
2308
1815
