48011
10438
13300
11904
26600
11194
10417
11294
11007
11767
14947
11551
12710
480536
16108
31813
2327841
18567
510381
13711
11857
42205
10430
362946
13921
13073
11904
12158
11642
12171
88957
12181
14631
562069
15205
41976
12147
54593
13255
81669
11676
13044
12530
25701
20091
11681
11718
12054
11397
14413
12992
14478
405074
294785
17203
1036220
572058
691101
21255
14689
1237491
25021
177218
44214
12532
12245
17829
996008
21548
17922
11214
13884
11559
18515
678994
17187
683260
35556
17888
12656
12934
12261
12726
13391
14954
929179
20558
13412
13207
13725
12545
15714
504125
17634
14599
14037
20884
14644
261739
579262
19554
30495
13070
13252
19268
12918
15377
89450
12141
24374
13089
12970
12316
12885
11267
11763
12343
16560
1204024
22903
1541522
39620
17501
1590503
22058
90534
13586
436829
30002
30956
12503
11900
18981
1272169
20618
19914
409696
193558
1067754
19636
11543
12080
10684
11089
12947
155468
494808
1010731
18934
109617
10773
11571
42206
12903
10752
11747
11029
13311
77767
12537
269528
20302
1249010
52802
91937
11788
85038
14250
11091
11091
10948
10130
11241
79910
11411
11705
270263
198176
11762
2783651
22304
21074
27981
17109
871975
1201578
31691
305935
17581
27413
11838
15261
1645502
11920
12765
12576
12449
1301522
94984
22939
144299
14928
11959
40707
11349
13420
11694
12797
450414
14848
11913
1872449
292388
16811
333149
12389
10685
11505
11762
14757
10487
11973
12164
12830
14306
17466
20802
12444
55694
1158686
21793
10858
50051
11775
11939
12429
15079
790224
18256
25668
12747
203589
992150
713750
13227
12033
11010
12597
28571
33208
10632
9408
154943
15055
11635
9380
8688
1932
2508
2185
4792
2049
1953
2156
2064
2167
2887
2127
2346
88351
3012
5896
429086
3484
94581
2518
2261
7768
1979
65682
2568
2367
2198
2157
2128
2189
16687
2252
2614
105280
2838
7706
2262
9896
2417
15441
2163
2335
2223
4842
3670
2177
2203
2169
2148
2619
2371
2626
75726
53158
3137
192056
102573
129479
3899
2736
228425
4575
33042
8312
2265
2270
3427
184780
3981
3378
2074
2621
2156
3445
125002
3227
124171
6634
3391
2317
2391
2223
2366
2508
2838
175093
3767
2379
2413
2543
2335
2785
92487
3175
2659
2544
3777
2641
46914
109231
3558
5558
2410
2401
3527
2415
2849
16482
2333
4442
2452
2441
2281
2412
2129
2113
2243
3184
222775
4243
285533
7210
3354
292591
4044
16941
2521
82076
5287
5963
2323
2247
3495
242186
3924
3647
82512
36859
192940
3793
2213
2278
1977
2087
2517
30294
95298
186077
3635
20184
2085
2148
8084
2467
2080
2254
2061
2420
14820
2332
50500
3740
235943
9968
17545
2207
16284
2665
2158
2110
2095
1982
2185
15150
2208
2233
50632
38504
2282
521734
4287
4038
5215
3157
168787
226153
5879
56783
3328
5279
2200
2807
311770
2226
2401
2306
2366
241981
18583
4219
27038
2831
2239
7659
2098
2483
2217
2338
85021
2752
2181
351501
54498
3139
63289
2260
2122
2151
2205
2662
1964
2153
2212
2292
2579
3285
3896
2252
10353
219867
4046
2038
9309
2070
2245
2309
2741
147963
3433
4675
2370
38417
184818
135076
2540
2269
2008
2412
5392
6198
1956
1760
29138
2762
2222
1769
