46484
11955
13197
11646
25697
11093
10823
11273
11596
12661
15451
11281
11846
483466
15991
31969
2325780
18660
510621
13163
12177
42775
11201
364568
15200
12738
12592
12388
10925
12644
89252
12234
14292
562115
14572
40759
11635
55047
13148
80987
12125
12614
12877
25239
19526
11368
11563
11394
11191
13580
12998
13836
408244
298302
15778
1039576
571702
691881
20975
14156
1244979
25300
176838
44200
12604
12014
17873
1003473
20616
17790
11429
13991
10690
18374
683279
17727
682609
34262
18412
12457
13051
12166
12745
13008
15663
933934
20115
12849
13196
12514
12910
16483
504239
17601
16057
14520
21116
14365
264278
587174
19864
31228
12856
12471
18375
12996
15379
91195
11947
24226
13253
12985
12000
13145
11842
11077
12571
16565
1209000
22254
1548558
39859
17696
1600530
21942
90842
13594
432956
28016
31342
12837
11646
18894
1269494
21213
19591
411273
188591
1067266
20195
11511
12446
9962
10167
13139
157629
493410
1016217
19665
109405
10963
12128
42497
13490
10569
10985
10858
12921
78487
12628
271261
20473
1258998
54967
89371
12006
83977
13835
10395
10553
10533
11399
10573
82056
11851
11376
267754
199424
11998
2781935
21934
20690
29117
17250
872221
1200268
31235
310426
17594
28534
12257
14300
1647013
11424
12210
12221
12447
1299781
94093
23031
144062
15210
12431
39749
11094
13268
11650
12602
453471
14351
11437
1872502
292157
17194
332937
13341
11410
11180
11887
14418
12124
11531
12016
11506
14661
18296
21156
12287
55288
1161605
23223
11818
50969
11718
11459
12424
16126
788390
18883
26146
12554
200575
991307
709873
13922
12214
10167
11700
28956
33679
10895
9408
154363
15000
12397
8902
8538
2211
2516
2132
4656
2022
2027
2100
2150
2320
2944
2112
2218
88788
3004
5903
429230
3465
94826
2442
2309
7938
2125
65877
2782
2304
2329
2212
2036
2218
16692
2253
2540
105236
2742
7514
2177
10039
2422
15329
2306
2259
2316
4755
3587
2085
2154
2068
2096
2501
2364
2546
76377
53735
2890
192702
102642
129704
3865
2711
229709
4611
32907
8287
2330
2258
3424
185985
3876
3299
2101
2631
2028
3469
125593
3292
124162
6480
3482
2278
2392
2219
2353
2411
2937
175939
3681
2308
2384
2309
2399
2887
92420
3155
2899
2591
3762
2605
47261
110632
3616
5692
2354
2260
3376
2393
2843
16897
2309
4429
2460
2412
2201
2515
2229
2018
2265
3154
223591
4109
286828
7262
3411
294232
3975
17071
2516
81367
4955
5978
2379
2210
3447
241638
4056
3666
82981
35978
192940
3871
2190
2366
1904
1984
2529
30695
95092
187082
3739
20299
2170
2262
8148
2538
2019
2115
2064
2401
14940
2348
50655
3783
237858
10385
16981
2238
16118
2557
2030
2008
2020
2206
2089
15527
2267
2169
50250
38733
2336
521657
4237
3970
5422
3165
168760
225564
5802
57450
3357
5481
2274
2678
311509
2117
2300
2236
2354
241872
18451
4226
27115
2921
2326
7422
2020
2483
2208
2279
85329
2707
2089
351946
54359
3210
63110
2442
2218
2111
2179
2574
2250
2063
2187
2121
2634
3368
3914
2217
10233
220505
4279
2157
9489
2076
2147
2306
2900
147643
3510
4750
2320
37834
185178
134263
2670
2303
1862
2243
5483
6267
2020
1761
28998
2794
2365
1689
