48387
10815
13097
11621
25342
11160
10766
11338
11468
11762
15672
11627
11988
482485
16065
31474
2330515
18727
510955
13837
11895
43004
11096
362628
15249
12424
12136
12188
11024
12782
88506
13001
14690
562128
15486
41596
11935
55572
12257
81136
12126
12371
12268
24862
19313
11054
11611
11067
11667
13595
12920
14292
409105
296317
16399
1035533
571927
690746
20711
14188
1246533
25320
179739
43490
12220
11205
17234
1000671
20484
17875
11616
13313
10762
18130
684057
16894
686117
35708
17693
12694
12611
13379
12775
13242
14732
936674
20914
13028
12611
13255
12789
16027
503507
17405
14568
14004
20661
14831
263365
585791
20222
29718
12539
12725
19240
12702
15782
91668
12327
23103
13403
12862
11808
13487
11008
10733
12625
16468
1205481
21889
1543217
39930
18008
1599070
21421
92823
13017
435241
29418
31889
12894
11470
18934
1272298
20078
20122
412313
193033
1063898
19100
11298
11812
10241
10302
13012
155646
494800
1007942
19875
109013
11067
11524
42212
12788
10723
11722
11300
12646
77694
12856
270945
20530
1255492
54589
90431
12231
83883
13544
10454
10983
10905
10404
10645
81208
11485
12098
271512
195953
11759
2782454
21831
20929
28389
17642
872329
1203315
31397
314236
17725
27417
11338
14565
1648315
11968
12147
12759
13003
1298648
93719
23665
143558
15636
12190
41755
11875
13722
11985
13046
452253
15102
12079
1883384
291924
16572
333656
12986
11154
10885
11950
14770
11261
11704
11876
12235
14916
17630
21037
12271
54523
1165084
22936
11634
52090
11113
11498
11944
14592
779364
18329
26035
12481
202934
996929
710301
13411
11942
10283
12580
29260
33464
10244
9616
152482
14241
12043
8978
8866
2012
2505
2113
4535
2053
2006
2137
2112
2178
3031
2146
2241
88749
3003
5794
429705
3488
94659
2533
2225
7947
2126
65548
2812
2248
2209
2173
2003
2222
16639
2371
2604
105242
2909
7632
2239
10054
2264
15290
2276
2238
2218
4687
3519
2079
2136
2028
2207
2524
2361
2601
76294
53432
2992
191749
102822
129578
3852
2656
229836
4600
33387
8243
2272
2109
3290
185953
3793
3330
2146
2497
2009
3368
125948
3195
124789
6711
3336
2347
2330
2456
2342
2465
2778
176340
3772
2344
2311
2440
2343
2769
92420
3139
2665
2562
3699
2646
47008
110740
3726
5418
2364
2284
3514
2379
2903
16905
2360
4263
2522
2405
2173
2560
2090
1995
2283
3070
222729
4071
285921
7302
3420
294222
3901
17359
2429
81763
5212
6185
2389
2198
3421
241889
3809
3762
83235
36642
192590
3696
2168
2233
1907
1985
2496
30490
95524
185553
3820
20324
2159
2157
8028
2426
2063
2271
2132
2345
14727
2386
50596
3786
237134
10323
17215
2273
16175
2553
2059
2097
2086
2024
2097
15395
2184
2305
50926
38038
2257
522298
4207
3975
5378
3256
168869
226153
5831
58387
3393
5307
2144
2680
311944
2226
2292
2315
2429
241355
18446
4338
26812
2989
2289
7796
2171
2578
2246
2399
85219
2802
2240
354031
54328
3133
63208
2361
2192
2055
2179
2637
2113
2132
2158
2199
2685
3291
3907
2251
10109
221145
4204
2150
9699
1979
2177
2242
2647
146495
3378
4690
2305
38345
185793
134533
2595
2242
1934
2343
5494
6207
1886
1820
28803
2681
2289
1727
