48264
11363
13390
11625
25415
11559
10550
11689
11039
11847
14902
11089
11386
485715
16340
31869
2320198
18890
511459
13306
11894
41703
11090
365898
14311
13117
12163
12720
11379
12731
88932
12728
14671
558652
15110
42212
11802
56049
12787
79975
12026
12187
12331
24147
19735
11397
11036
11854
11204
14382
13128
14927
408088
295015
16174
1037785
572386
688798
21310
14448
1239741
25129
178739
43784
12702
11347
17685
998454
19930
17787
10798
13886
10817
19102
688127
17611
682116
34855
18400
12488
13386
12247
12577
12690
14862
932971
19891
12574
12832
13058
12527
15319
502553
17954
15403
14246
20321
14532
262265
583652
19829
30929
12689
13150
18671
12686
14959
91335
12174
23285
12931
12852
12459
12409
11684
11064
12152
16181
1209096
23426
1541507
39845
16732
1597837
21413
89226
13478
436519
29867
31651
12659
11952
18807
1274461
21137
20337
414749
192923
1066242
19388
11364
12251
10797
10747
12658
158508
493880
1010700
19127
109666
11381
11806
42356
12850
11086
10772
11502
13249
78398
12543
268691
20931
1256700
53783
91707
12214
85076
13795
10693
11138
10881
10965
10278
81399
11850
11392
272217
200840
11710
2791737
22306
20589
28255
16904
877454
1197907
31246
309391
17469
28588
11566
15477
1643861
11521
12157
13094
12639
1307068
94283
24310
142755
14895
11934
41201
11198
13140
11642
13162
452223
15194
12133
1879320
290843
17241
334762
12453
10363
11360
12171
14178
11306
11227
11141
11940
14404
17832
21583
11985
55225
1156019
21856
11383
49989
11443
10943
12166
15260
783502
18102
25063
12872
202727
995946
711619
13186
12262
10005
13019
27714
32907
10325
10031
153373
15118
11937
8985
8808
2087
2555
2101
4602
2144
1987
2193
2028
2180
2832
2056
2182
89173
3042
5853
428714
3525
94875
2454
2259
7758
2114
65969
2640
2372
2204
2258
2128
2263
16685
2318
2637
104746
2842
7767
2202
10055
2356
15053
2253
2196
2215
4563
3616
2109
2068
2131
2113
2616
2382
2712
76292
53152
2948
192436
102843
129130
3944
2707
229008
4596
33377
8284
2368
2133
3398
185470
3751
3351
2029
2583
2043
3504
126280
3285
124072
6512
3459
2283
2482
2260
2316
2371
2801
175698
3610
2286
2312
2437
2292
2699
92313
3227
2826
2600
3596
2613
46915
110253
3672
5672
2323
2386
3384
2374
2755
16942
2300
4292
2418
2410
2271
2367
2213
2037
2192
3077
223696
4349
286239
7274
3191
294088
3898
16776
2531
82057
5298
6033
2362
2243
3388
242371
4029
3782
83473
36748
192787
3720
2176
2305
2022
2043
2440
30983
95221
186373
3610
20269
2206
2223
8064
2415
2090
2076
2204
2427
14925
2334
50461
3858
237264
10228
17548
2256
16322
2598
2095
2079
2057
2106
2037
15410
2286
2175
51021
39142
2298
523230
4237
3957
5286
3151
169835
225243
5805
57649
3381
5512
2186
2855
311446
2158
2319
2392
2355
243054
18489
4432
26908
2860
2232
7704
2050
2443
2170
2395
85370
2794
2255
352931
54101
3210
63388
2298
2047
2171
2240
2570
2085
2047
2030
2154
2604
3345
3942
2172
10219
219909
4043
2119
9312
2035
2074
2273
2734
147088
3345
4559
2336
38339
185607
134674
2520
2291
1836
2500
5276
6153
1901
1872
28864
2795
2267
1699
