48189
11371
13512
11835
24991
11554
10813
11064
11573
11869
15374
11509
11739
483848
16800
31230
2327247
18116
508621
13959
12023
43235
11067
365982
14612
12773
12666
12327
10614
12687
88554
12552
13804
560555
14796
41057
11987
55252
12202
82994
12038
12875
13127
24884
19923
10837
12167
11410
11590
13400
12859
13297
407421
295862
16333
1047367
577481
692104
21386
15000
1245237
24865
179698
44052
13292
11671
17845
999511
20391
18212
11205
13757
11190
18924
682603
17739
686448
34827
18235
13135
13160
11750
13034
13565
15314
939424
20130
12735
12515
12995
12808
16001
504220
17361
14271
14916
20159
14699
261586
581377
20036
30379
12360
13242
19855
11865
15345
90724
12516
22974
13060
12996
11919
12576
11427
10888
12181
16873
1208906
23367
1541314
39936
17335
1599795
21533
89582
13581
434995
28506
31843
12171
12477
19606
1275750
20309
19225
407186
193338
1064997
19227
11331
12340
10013
10398
12324
158465
495044
1014313
19993
108861
11688
11349
40985
12649
10902
11133
11976
13338
79192
13212
270667
21490
1258324
53043
91849
12515
83736
14251
11040
11104
10973
9998
10389
80639
11499
11645
270026
199889
11664
2785342
22592
20714
28977
17133
879438
1200991
32028
309940
17666
28154
11883
15297
1651084
12218
13361
12167
12133
1301955
95700
24055
141360
15458
12183
40363
11261
13867
11564
13151
455194
15106
12288
1881324
293731
17038
334230
12798
11233
11494
11895
15237
11302
11546
12344
11773
15064
17905
21506
12016
54409
1154684
22817
11778
51338
11056
11195
12315
14723
784657
18500
26430
12720
202023
990928
710574
12856
11520
10476
12171
28351
33452
10764
9855
157174
14744
12306
9566
8787
2130
2542
2162
4542
2115
2048
2088
2116
2195
2923
2127
2177
89006
3094
5730
429098
3342
94531
2533
2238
7960
2078
66228
2636
2326
2309
2179
1961
2221
16508
2299
2514
104983
2791
7563
2206
9959
2254
15616
2264
2316
2373
4764
3598
2034
2253
2052
2170
2465
2369
2409
76134
53217
2994
194064
103681
129717
3963
2814
230078
4483
33417
8359
2419
2134
3433
185892
3834
3403
2114
2585
2106
3499
125398
3310
124612
6537
3439
2382
2454
2149
2423
2475
2934
176954
3693
2327
2286
2376
2388
2810
92447
3145
2616
2659
3600
2626
46878
109800
3692
5532
2261
2377
3591
2229
2842
16706
2391
4232
2456
2445
2197
2385
2176
1997
2218
3187
223745
4315
286090
7308
3302
294327
3872
16868
2522
81795
5120
6122
2265
2301
3547
242475
3900
3553
82214
36763
192925
3724
2169
2299
1863
1979
2390
30797
95375
186542
3793
20259
2242
2129
7821
2407
2094
2141
2237
2415
15068
2452
50829
3956
237799
10066
17427
2349
16109
2631
2160
2091
2097
1940
2027
15227
2235
2224
50671
38713
2266
522437
4366
4026
5482
3184
170250
225896
5984
57551
3393
5447
2234
2805
312923
2280
2484
2209
2280
242155
18666
4378
26673
2930
2265
7577
2068
2588
2161
2401
85587
2773
2301
353355
54739
3209
63484
2350
2172
2182
2176
2735
2062
2102
2219
2126
2713
3346
3982
2181
10116
219312
4228
2160
9608
2002
2102
2268
2639
147327
3444
4820
2368
38138
185185
134582
2452
2152
1937
2327
5416
6208
1983
1813
29388
2733
2350
1824
