47857
11399
13168
12145
25083
10874
10474
11273
10921
11818
15507
11855
11862
479960
16861
32603
2315772
19298
505776
12893
11858
42010
10988
362199
14740
13131
12094
12092
11374
12371
89489
12233
14182
556390
15311
40910
12530
54500
13502
80792
11134
12409
13320
24866
19311
11083
11861
11685
10636
14328
12996
13948
404337
296694
16614
1028472
572768
690351
21062
14467
1237176
24457
176263
42540
12554
11422
17944
996355
20439
17075
10762
13998
11110
18274
680296
17507
678291
32076
17725
13071
13208
12625
12590
12980
14485
925126
20124
12268
12400
12652
12647
15186
501619
16885
14875
14263
20202
14519
262191
584517
20494
29406
12569
13419
19405
12559
15461
90074
11642
23293
12049
12972
12030
13156
11694
11068
11724
16507
1204032
22950
1534508
39467
17402
1591823
21653
89744
13069
437432
28497
31778
11986
11949
20020
1268523
21078
20337
411876
188312
1070576
19081
11136
12203
10451
10266
13182
156689
494209
1011946
19752
109262
11361
11529
40488
13049
10092
11569
11410
13316
78026
13163
266976
20215
1254203
52581
89355
12585
84146
13812
10832
11359
10543
9728
10585
80459
11275
11701
269689
197049
12158
2779777
21511
21660
27919
17324
873045
1195529
31814
307125
17455
27994
11514
14945
1641719
11382
12699
12973
12144
1290958
96004
23524
142472
15846
12348
39813
11678
13663
11658
13321
453388
15349
12045
1869252
294803
16059
333053
12473
10582
11056
11810
14741
10577
11119
11621
11230
14790
18033
20873
12616
55416
1159139
22206
11700
51703
11736
11307
12102
13956
779843
18713
24604
12948
202603
992467
709985
13378
12434
10000
11661
28580
32073
10759
9579
153000
14859
12253
9642
8642
2105
2481
2165
4544
1994
1950
2117
2042
2139
2962
2138
2189
87790
3140
6014
424859
3548
93358
2370
2216
7782
2107
65128
2706
2364
2214
2135
2055
2188
16585
2244
2562
103694
2869
7536
2321
9823
2475
15188
2091
2238
2380
4707
3482
2033
2224
2114
2004
2599
2363
2523
75138
53295
3023
189819
102252
128631
3916
2697
226728
4455
32701
7971
2320
2136
3423
183788
3764
3209
1975
2607
2083
3378
124398
3245
122928
6019
3300
2382
2422
2293
2344
2421
2712
173510
3664
2197
2258
2354
2312
2706
91598
3083
2678
2590
3614
2574
46660
109955
3728
5389
2279
2370
3522
2334
2843
16510
2254
4247
2258
2378
2172
2464
2191
2011
2133
3114
221409
4221
283550
7250
3309
291241
3918
16734
2454
81580
5033
6058
2215
2231
3568
240119
3978
3770
82665
35593
192511
3690
2117
2268
1969
1959
2521
30410
94631
185254
3782
20129
2202
2147
7658
2456
1971
2192
2149
2425
14724
2408
49778
3697
235836
9957
16987
2342
16129
2563
2108
2112
2007
1887
2064
15114
2195
2256
50325
38204
2318
518705
4141
4110
5198
3189
168062
223526
5858
56567
3330
5320
2167
2760
309336
2127
2368
2347
2289
239232
18778
4273
26628
3040
2282
7378
2120
2509
2199
2355
85224
2831
2234
349043
54652
3007
63004
2251
2058
2051
2176
2618
1976
2006
2102
2039
2621
3314
3834
2290
10192
219204
4087
2131
9684
2062
2118
2227
2493
145615
3441
4467
2345
38082
184188
133645
2529
2309
1851
2228
5375
5913
1979
1753
28510
2757
2320
1801
