48063
10924
13403
11939
25895
11272
10525
10495
10777
11698
14896
11290
11733
480400
16059
32071
2330794
18402
512057
13872
11974
43664
11292
366009
14891
12698
11686
11893
11512
12887
88152
12177
14785
558878
14836
40783
12137
56398
13389
81779
11966
12724
13350
25399
19353
11101
11543
11396
11156
13890
13358
13531
409108
293486
16679
1037170
574155
691747
21660
14422
1240971
25807
178703
45603
12748
11552
17197
993957
19560
17649
11174
14160
11405
18262
684941
17513
683262
35184
17814
12636
13479
12162
13229
13391
15422
931988
20193
13149
12819
13615
13089
16208
506839
17664
15102
15127
20886
14836
263392
585284
19915
30159
12773
12706
19112
12658
14894
91634
12088
23359
13222
12614
11499
13062
11178
10705
12292
16714
1209089
23489
1549905
39899
17958
1605912
21649
89683
13942
435799
28217
31193
12058
12072
19004
1278335
21019
20596
406482
192433
1067829
19746
11865
12010
10307
10360
13159
156097
495287
1012323
19048
108676
11110
12222
40651
13241
10048
11189
11215
12649
78613
13271
271316
20611
1258241
53493
90964
11815
82190
14608
10599
10534
11071
10570
11075
80998
11613
11475
271419
198781
11938
2794753
22176
21108
28564
17750
877992
1201798
33366
310623
18073
28278
11977
15008
1653603
11615
13063
12918
12149
1303915
94434
23955
143185
15526
12256
41432
10862
13892
10693
13161
455964
14425
11578
1875119
293845
17443
333873
12249
10716
11140
12010
14516
11361
11424
11379
12125
14891
17642
20811
11588
53907
1158806
22342
11852
50542
11558
11378
11944
15345
787501
18581
24854
12995
200409
992159
715095
13237
11735
10300
12871
28158
32208
10320
9954
152834
14523
12272
9007
8746
2033
2547
2182
4699
2095
2011
1961
2003
2165
2850
2087
2198
88319
2995
5918
429891
3402
94933
2549
2280
8020
2117
66075
2719
2309
2158
2136
2103
2293
16487
2237
2655
104662
2813
7553
2243
10197
2421
15411
2266
2218
2429
4753
3553
2077
2177
2067
2099
2564
2392
2449
76317
53044
3038
192390
103010
129636
4060
2696
228979
4699
33334
8616
2363
2162
3273
184696
3698
3290
2089
2630
2125
3400
126204
3297
124322
6656
3356
2312
2447
2216
2452
2495
2879
176013
3670
2355
2333
2520
2419
2841
92932
3219
2767
2740
3714
2659
47152
110873
3650
5515
2332
2307
3537
2351
2736
16780
2306
4277
2451
2366
2110
2485
2135
1951
2263
3148
223611
4309
287362
7302
3455
295366
3953
16836
2616
82069
5017
6003
2232
2278
3447
242928
4020
3848
82023
36611
193465
3789
2242
2277
1913
1999
2509
30558
95361
186491
3638
20156
2146
2312
7797
2494
1962
2132
2119
2333
14970
2423
50900
3848
237575
10150
17257
2210
15844
2769
2073
1973
2115
2048
2136
15369
2265
2217
50982
38532
2326
524562
4269
4113
5336
3299
169932
226132
6188
57684
3448
5421
2265
2774
313097
2178
2447
2351
2298
242519
18529
4400
26906
2961
2317
7795
2023
2587
2039
2378
85945
2674
2160
352731
54654
3285
63366
2279
2080
2100
2223
2617
2117
2060
2096
2219
2665
3289
3856
2109
9978
220479
4131
2177
9470
2059
2087
2202
2767
147702
3469
4572
2420
37942
184992
135368
2549
2232
1886
2442
5368
6038
1885
1851
28813
2710
2359
1719
