47176
10629
13109
12111
25502
11106
10472
11461
10617
11946
15137
11365
12110
479541
16477
31022
2315293
18289
506657
13319
11998
42314
11277
362877
15267
12142
12383
12627
11448
13267
88524
12372
14673
556728
14780
40649
12260
53723
12661
81047
11305
12753
12260
25648
19638
11177
11486
12098
11479
13385
12701
13962
403127
293461
16566
1032743
571318
691825
22282
14970
1233519
25303
175581
43620
12263
11719
17706
994390
20488
18242
11044
13984
10795
18218
679140
17020
682391
32200
18207
12095
13471
12165
12721
12828
15411
928023
20558
12753
13016
12961
12741
15565
500176
17592
15315
14617
20925
14667
262851
582940
20316
30619
12531
13188
18439
12374
14528
92152
12597
22657
13493
12964
12028
12558
11919
10959
12528
16706
1201140
22946
1533573
38918
17562
1591783
21834
90467
13557
433278
28993
31656
11904
11903
19550
1267059
20500
20158
407650
190184
1070308
19127
11395
11590
10494
10572
12820
156338
491949
1004984
19789
110334
10973
12228
42035
12681
10309
11543
11611
12768
79505
12824
270162
20209
1250559
52084
88724
11882
82347
14256
10523
10493
11437
11304
10835
80340
10677
11494
268253
198913
11271
2773504
21584
20162
28465
17464
871810
1193278
32303
308199
17569
29005
11973
14870
1645921
12453
12714
12256
12054
1296470
94180
24413
145401
15131
12331
40084
11436
13944
11706
13475
454303
15572
11586
1872271
291629
16511
334100
13191
11108
11018
11353
15082
11399
12548
11937
11827
14649
17149
20832
11546
55779
1159561
21648
11838
51307
11522
11102
12372
15181
779631
19423
26045
12684
201410
994729
710073
12832
11762
10053
11759
28790
32978
9959
10188
153432
14281
12032
9201
8568
1974
2448
2197
4612
2053
1959
2150
1951
2179
2873
2143
2255
87777
3040
5698
425075
3359
93499
2445
2240
7781
2092
65194
2808
2212
2267
2251
2084
2368
16523
2290
2608
103892
2763
7407
2261
9689
2319
15180
2098
2276
2210
4837
3590
2064
2147
2168
2173
2468
2311
2487
74999
52764
3049
190640
101887
128931
4099
2802
226953
4556
32646
8165
2262
2187
3372
183949
3822
3389
2043
2565
2017
3364
124350
3183
123624
6032
3385
2208
2446
2189
2387
2403
2913
174211
3722
2268
2356
2411
2348
2735
91335
3166
2752
2677
3749
2572
46904
109676
3701
5579
2297
2386
3359
2287
2707
16905
2402
4178
2513
2438
2222
2370
2240
2029
2245
3140
221211
4191
282977
7102
3346
290959
3945
16907
2501
80996
5179
5965
2233
2246
3521
239592
3898
3712
81993
36099
192946
3705
2216
2203
1929
1995
2460
30512
94337
184078
3742
20327
2106
2267
7942
2414
2015
2211
2183
2341
15085
2356
50324
3715
235074
9827
16807
2243
15773
2642
2030
1994
2160
2137
2110
15189
2093
2188
50220
38527
2154
517550
4157
3881
5309
3232
168066
223541
5937
56855
3337
5525
2256
2717
310178
2329
2376
2249
2273
240006
18429
4457
27199
2870
2302
7486
2107
2553
2162
2402
85104
2856
2130
349874
53936
3127
63075
2408
2163
2035
2089
2721
2097
2243
2143
2135
2630
3222
3834
2103
10287
219505
3971
2160
9481
2048
2086
2255
2753
145500
3580
4682
2346
37793
184414
133799
2425
2179
1865
2265
5399
6182
1817
1894
28619
2641
2263
1747
