48632
10771
13362
11808
24903
11240
10972
11388
11278
11888
15420
11700
12007
477852
16048
31241
2314882
18267
508195
13717
12549
42498
11089
360902
14459
12643
12739
12183
11247
12501
89406
12515
14574
554369
15433
41813
12116
56071
12079
81658
11585
12770
11996
25196
19498
11369
12156
10924
11099
14029
12780
14482
401234
297460
16509
1026120
571767
688862
20947
14252
1238393
25782
176359
44642
12773
11329
18204
989595
20532
17196
10693
13487
11224
18571
682203
17464
685788
32422
18138
13126
12611
12598
12644
12351
15110
928856
21021
12882
12561
13302
12187
15870
502739
17311
15145
14140
20622
14809
260694
586684
19658
30104
13040
13352
19946
12227
15748
91913
12352
23347
12789
12872
12716
12814
11090
11516
12129
16845
1206691
23383
1532177
40954
16833
1595947
20601
90887
13241
433324
28401
31874
11801
12478
19043
1265790
20251
19021
404709
190798
1064467
20056
11432
12012
9577
10059
12746
156887
496781
1007669
18917
108715
10929
12056
41489
13223
10658
11128
11296
12574
80527
13072
267535
20345
1246633
53773
91119
12460
83311
13903
11118
10568
10943
10242
10228
81649
12159
11303
267925
198701
11938
2779536
22265
20316
29115
17484
867730
1193323
31599
308495
17282
28326
11941
15486
1645161
11753
12957
12175
12495
1301293
95984
23509
143897
15578
12709
40764
11048
13855
11524
13806
452274
15388
11536
1876543
291495
16574
330433
13200
11138
11087
11987
14606
10856
10931
11646
12012
14666
18058
20488
11527
54965
1156722
22645
11594
52282
12048
11273
12117
15003
784792
18585
25149
13312
206190
989549
711587
13419
11808
11145
12142
27848
33405
10095
9611
153724
14477
12057
9208
8776
1997
2506
2140
4480
2043
2031
2132
2058
2163
2925
2159
2244
87392
3033
5721
425114
3359
93763
2511
2352
7831
2074
64940
2651
2296
2315
2160
2041
2222
16664
2309
2597
103430
2896
7623
2220
10043
2203
15347
2147
2270
2144
4745
3552
2120
2254
1966
2069
2605
2297
2595
74716
53313
3009
189441
102298
128439
3846
2664
227616
4612
32745
8324
2348
2108
3474
183306
3807
3192
1988
2531
2080
3484
124803
3307
124218
6067
3390
2359
2315
2254
2337
2293
2853
174452
3769
2316
2288
2434
2234
2784
91847
3150
2726
2569
3674
2650
46592
110323
3574
5506
2406
2367
3593
2239
2870
16881
2342
4259
2383
2367
2327
2454
2111
2075
2213
3191
222428
4257
283139
7430
3204
291939
3744
16937
2469
81163
5068
6026
2227
2311
3488
239375
3823
3562
81217
36193
191931
3864
2176
2231
1790
1920
2472
30487
95233
184636
3575
20029
2089
2229
7870
2485
2052
2135
2154
2330
15164
2400
49843
3687
234511
10155
17250
2289
15942
2580
2140
2012
2081
1988
2003
15423
2336
2158
49888
38368
2300
518635
4265
3864
5486
3255
167182
223255
5812
57068
3314
5375
2246
2864
310169
2203
2437
2219
2331
241007
18671
4273
26985
2936
2377
7604
2059
2588
2141
2486
84875
2818
2122
351168
54136
3094
62596
2388
2149
2091
2197
2621
2035
1979
2129
2134
2644
3326
3763
2102
10144
218753
4168
2136
9599
2108
2122
2261
2694
146269
3446
4592
2416
38560
183713
134034
2571
2202
2034
2311
5264
6171
1860
1793
28753
2673
2302
1761
