50270
11306
12936
12312
26801
11048
10929
11839
11742
11763
15196
11393
12205
488921
16282
31118
2344211
19539
519483
13773
12003
43980
11054
361637
16086
11936
12050
11462
11141
12990
89458
12552
14054
560031
14971
40825
12228
56671
12767
83243
11469
12861
13302
26398
19407
10747
11629
11570
11862
13489
12981
13134
416806
294293
16853
1050734
581321
691654
21552
14949
1249131
24509
182211
45649
12528
10830
17874
1017611
20152
17346
11126
13328
11466
18685
698529
17855
687437
33230
17595
13076
12907
12282
13074
13107
15085
948924
20319
12338
13115
13327
13414
16431
521381
16755
15461
14011
20542
15248
264592
583742
20237
30647
12837
13116
19246
12163
15603
93027
12410
23780
13101
13087
12224
13191
11652
11413
12758
17074
1219107
23122
1556912
40201
17769
1610364
22432
90131
13799
444123
28333
32635
11833
12322
19326
1294889
20355
20671
417550
197123
1058759
19572
11371
12770
10491
10783
13299
158240
493496
1025360
19087
110381
10967
12648
42075
13346
11077
11477
11386
13241
80313
13320
273090
21319
1271075
55701
92344
11831
85230
14416
10912
10966
10845
10819
11067
82453
11836
12397
272251
195772
11870
2826078
22361
21623
28560
17900
883638
1220093
31580
314736
17106
28074
12242
14221
1672438
12193
13180
12738
12289
1320512
94314
24986
143377
15233
12066
41654
11370
14347
11816
13290
451759
15252
12112
1908603
294706
17031
333844
13042
10707
11495
12149
14499
11206
11882
11881
11582
15228
18000
22250
12438
56221
1156430
22454
12403
50511
11757
10964
12521
15009
801490
18486
25242
12248
207057
996299
718208
12736
12449
10883
12033
28217
34059
10066
9764
156774
15001
11811
9418
9271
2139
2505
2260
4906
2088
2085
2206
2182
2172
2952
2139
2303
90883
3052
5770
437716
3626
97539
2575
2306
8190
2113
66218
2984
2225
2226
2084
2077
2346
16947
2362
2552
106469
2849
7614
2306
10401
2361
15820
2181
2348
2412
5028
3582
2029
2199
2116
2252
2503
2405
2456
78969
53813
3128
197322
105608
131488
4030
2839
234019
4517
34362
8711
2300
2098
3459
191108
3816
3287
2113
2542
2166
3535
129792
3394
126331
6340
3411
2379
2426
2274
2441
2480
2887
180704
3760
2266
2446
2481
2518
2923
97120
3115
2827
2589
3712
2753
48040
111487
3755
5707
2384
2393
3582
2343
2879
17408
2435
4414
2481
2464
2296
2522
2237
2077
2333
3272
228036
4312
292120
7448
3425
299732
4094
17185
2587
84208
5124
6331
2240
2336
3529
249163
3945
3846
84917
37968
193692
3805
2199
2432
2001
2051
2580
31168
96203
190826
3718
20699
2123
2358
8135
2544
2149
2225
2193
2469
15433
2498
51875
3956
243194
10652
17762
2251
16537
2740
2138
2122
2116
2111
2173
15743
2320
2398
51609
38683
2308
536244
4360
4205
5440
3374
173024
231979
5907
58923
3348
5431
2303
2677
320476
2306
2514
2354
2342
248240
18700
4606
27220
2976
2308
7826
2129
2674
2237
2417
86064
2852
2275
362837
55405
3221
64030
2430
2114
2186
2272
2639
2115
2208
2206
2137
2763
3388
4190
2278
10554
222203
4214
2304
9496
2110
2097
2335
2752
151938
3475
4669
2318
39323
187736
137997
2472
2368
1989
2369
5433
6481
1857
1827
29787
2844
2282
1830
