48267
11463
13419
12166
26161
11216
10240
11731
11330
12329
15258
11755
12344
485729
16242
31866
2354315
18114
517565
12796
11608
42620
11532
363306
15160
12106
12986
12368
11606
12728
88569
12521
14456
561767
15252
41514
11813
57081
12976
83707
11889
12778
13152
25187
19313
10623
11572
11536
11568
13705
13043
14104
416167
298722
16614
1051084
584596
694160
21192
14912
1261233
25704
182801
46406
13133
11847
18075
1017756
20650
18252
11085
13438
11358
18995
700992
17509
685572
32613
19258
12734
13212
12779
13615
12245
15440
949134
20383
13010
12534
13373
12989
16713
524674
18374
15344
14793
20619
14232
262156
580979
19933
30897
13090
13070
18608
13344
14926
92595
12271
24261
12766
12710
12393
13156
11540
11915
13149
16684
1215611
23490
1564069
39699
17331
1605783
20719
89833
13739
440369
28797
31560
12488
12809
18870
1290346
20351
19316
419813
197176
1066086
19505
11154
11743
10393
10170
12201
154630
492843
1023844
18873
109277
10406
12197
41609
12919
10572
11477
11053
12956
78608
13607
272374
20452
1269054
54860
91705
12036
82769
14577
11099
11667
11111
10770
11265
80767
11542
11583
270532
200062
11902
2822647
21644
21007
28985
17589
883778
1223209
32307
315732
18704
27070
12164
15266
1667875
11938
12670
13003
13227
1327365
94856
23425
145212
15375
12670
41405
11779
13976
11868
13583
455490
15504
12249
1902888
293065
16458
333367
12596
11299
11723
11920
14709
11321
11632
12411
11818
15562
18214
21383
12267
56824
1159092
23417
11638
51140
11504
11841
12259
14896
799891
18315
25521
13006
204694
990658
718744
13330
11498
10826
11586
28700
34308
9536
9811
159738
14265
12261
9595
8974
2191
2572
2263
4790
2084
1979
2205
2130
2287
2932
2212
2347
90348
3081
5952
439475
3384
97272
2400
2205
8018
2227
66525
2814
2240
2428
2208
2138
2290
16747
2332
2612
106571
2889
7721
2242
10400
2395
15969
2252
2317
2373
4819
3609
2023
2172
2113
2196
2570
2420
2607
78905
54599
3102
197066
106275
131741
3984
2875
236049
4731
34373
8793
2476
2229
3502
191144
3887
3481
2101
2550
2136
3583
130341
3284
126072
6224
3662
2356
2431
2324
2541
2306
2956
180473
3739
2370
2328
2505
2419
3010
97599
3341
2794
2698
3737
2588
47503
111231
3689
5750
2439
2400
3414
2496
2801
17325
2375
4469
2421
2381
2263
2509
2215
2198
2412
3208
227522
4385
293567
7317
3324
298664
3828
17063
2556
83747
5250
6120
2346
2455
3456
248039
3963
3663
85304
37973
195290
3787
2170
2272
1972
1990
2367
30517
96032
190519
3634
20507
2071
2289
8029
2482
2061
2240
2127
2405
15068
2544
51656
3818
243083
10531
17719
2270
16113
2739
2169
2222
2124
2105
2220
15481
2265
2255
51342
39342
2329
536118
4214
4117
5520
3291
173033
232657
6071
59178
3607
5320
2309
2819
320053
2269
2415
2403
2540
249656
18813
4331
27452
2986
2411
7860
2180
2657
2228
2471
86617
2911
2271
361792
55082
3107
64128
2322
2207
2217
2213
2683
2138
2126
2260
2191
2843
3464
3981
2258
10602
222632
4351
2163
9664
2073
2242
2311
2707
151608
3459
4703
2404
39036
187046
137721
2574
2195
2003
2235
5482
6474
1784
1863
30298
2723
2328
1837
