49354
11403
13752
12329
26667
11685
10470
10802
11040
12134
15677
11943
11814
488119
16754
32026
2351896
19071
519560
13983
11564
43341
11104
363067
15040
13240
12557
12602
11321
12995
89519
12865
14781
557866
15441
42538
12826
56786
12780
83800
11353
13327
12853
25856
20119
10991
11840
11458
10956
14240
12989
13929
413199
298682
15907
1055664
582093
696950
21624
15095
1259116
24772
181436
44762
12338
12176
17968
1019122
20405
17519
11312
14162
11047
18638
694932
17517
683958
33528
18541
13298
13277
12256
12508
13087
15952
940420
20071
12811
12363
13513
12168
16002
522802
17573
15236
14611
21039
15331
265265
582852
19610
32201
12927
13177
18881
12827
15374
93475
12388
23904
12736
13557
12315
12817
10762
11237
12731
17144
1222028
23416
1559088
39698
17834
1611164
21842
91312
13566
442288
28293
32183
12702
12101
18852
1288973
20258
20145
417735
198154
1064397
19502
11483
11719
10482
10307
13141
159358
495069
1026589
20272
110095
10882
11234
41830
13007
11295
11598
11587
12644
78574
13498
274624
21457
1277317
56357
93921
12424
82470
14145
10530
10846
11331
10314
10979
82080
11798
11822
270990
198762
12501
2815725
21202
20317
29216
18021
881600
1224616
32200
314322
17532
28001
12883
15267
1673563
11940
13172
12767
12662
1326064
96519
24711
142259
15601
12392
41781
11147
13802
11379
14293
456903
15429
11903
1900576
291527
16612
332112
13136
10823
11683
11800
15014
11511
12057
11768
11626
15005
18582
21549
12968
55900
1157188
22382
12032
50930
11645
11492
12521
15082
805956
18729
26357
13150
208313
991053
713291
13973
12718
11051
12220
28151
33936
10187
9820
157271
14801
12791
9469
9102
2150
2643
2269
4881
2184
1985
2038
2054
2267
3070
2224
2265
90876
3139
5952
439518
3565
97576
2596
2202
8069
2106
66394
2773
2422
2315
2265
2114
2312
16889
2341
2661
105823
2895
7887
2449
10405
2375
15956
2156
2369
2382
4939
3693
2065
2235
2091
2101
2666
2360
2543
78478
54569
2952
198095
105748
132118
4041
2871
235475
4547
34123
8520
2330
2290
3437
191431
3854
3326
2133
2683
2087
3467
129208
3319
125951
6363
3516
2471
2470
2244
2331
2496
3046
179399
3638
2349
2317
2498
2274
2875
97238
3222
2794
2684
3808
2757
47883
111106
3622
5895
2389
2395
3503
2412
2877
17374
2403
4413
2404
2540
2285
2480
2065
2082
2349
3269
228906
4381
292389
7342
3445
299673
4021
17252
2582
83980
5101
6233
2397
2323
3479
247822
3919
3817
84826
38141
194901
3834
2255
2234
1955
1968
2589
31521
96398
191085
3866
20651
2142
2148
8067
2529
2180
2250
2253
2362
15092
2502
52030
3970
244221
10746
18102
2352
15982
2662
2070
2083
2157
2048
2160
15746
2319
2296
51437
39083
2429
534806
4172
3962
5509
3368
172353
233330
6007
58905
3370
5424
2433
2832
321078
2267
2506
2368
2402
248846
19138
4577
27091
2986
2333
7940
2089
2630
2164
2565
87080
2884
2246
361216
54914
3141
63825
2424
2124
2186
2213
2728
2169
2229
2139
2157
2715
3488
4008
2375
10580
222599
4187
2235
9534
2124
2188
2340
2722
152556
3502
4822
2452
39630
187022
136804
2674
2385
2045
2355
5405
6463
1924
1864
29797
2785
2469
1796
