48812
11466
14079
12196
26615
11372
11357
11659
12028
11992
15476
11967
12076
484621
16836
31144
2346113
18434
519227
13628
12076
43006
10470
365200
15048
12774
12233
12076
11288
12712
88468
12561
14294
561568
15269
41157
12455
55994
13095
83501
11426
12939
12521
25533
19456
11980
12107
11359
11184
14036
12845
14619
416730
296612
15894
1055646
579174
693291
21676
14374
1252285
25215
180275
44843
12982
11779
18771
1012101
20588
17492
10899
14213
11436
18629
694170
17811
684237
33769
18288
13165
13068
11556
12458
13600
16012
942281
20008
12772
12888
13355
12558
16128
518523
17491
14630
15195
20449
15496
265805
582339
20517
31755
13329
12618
19480
12346
14902
93184
12973
22907
13550
13141
11858
13084
11444
10799
11561
16818
1217307
22886
1555602
39320
17223
1603993
21557
90073
13532
439259
29301
33376
12164
12048
19551
1288199
20481
19736
417945
196922
1067205
20079
11668
11938
10822
10743
13234
158503
490238
1022497
18218
108577
11202
12074
42657
12489
11059
11293
11906
12347
78791
13961
273386
21381
1270861
55249
93214
12142
84764
14512
11165
11056
10928
10890
10792
82428
11583
11441
272198
197317
12057
2817283
21717
21924
28527
17416
884319
1224672
32333
311539
17401
28727
11529
15573
1667821
11786
12537
12877
12414
1321966
94917
23752
145680
16199
12361
41491
11667
13932
12110
13090
454025
15008
12398
1908152
290175
17108
333954
12827
11087
11160
12015
15296
10948
11509
11617
11870
15429
17539
20963
12130
57907
1154908
23011
11505
51668
12524
11611
12262
15525
805640
18067
25746
13436
204405
995655
722893
12966
12105
10191
12224
27920
33459
10970
9508
157959
14272
12189
9691
8968
2142
2660
2238
4889
2135
2163
2208
2218
2240
3008
2235
2248
90292
3193
5801
438385
3474
97513
2548
2275
8091
2024
66864
2807
2314
2266
2162
2104
2277
16828
2337
2602
106669
2915
7624
2346
10368
2457
15950
2168
2357
2308
4913
3611
2256
2280
2091
2142
2599
2364
2691
78834
54475
2901
198080
105404
131702
4049
2744
234178
4681
34005
8556
2400
2214
3659
190181
3913
3299
2057
2709
2154
3509
129256
3344
125926
6447
3476
2424
2436
2137
2352
2559
3040
179356
3641
2324
2366
2439
2330
2856
96800
3224
2693
2790
3753
2779
48033
111355
3804
5886
2486
2307
3606
2328
2812
17275
2507
4244
2575
2465
2203
2507
2189
1973
2146
3233
227512
4265
291934
7313
3320
298903
3974
17063
2542
83517
5244
6459
2288
2289
3577
247804
3951
3687
84736
37815
195062
3933
2257
2274
2054
2037
2573
31263
95642
190207
3531
20471
2212
2259
8190
2395
2142
2199
2300
2296
15180
2602
51824
4006
243233
10638
17846
2319
16531
2773
2204
2130
2096
2115
2127
15903
2254
2215
51778
38785
2393
535193
4241
4248
5412
3270
172816
232701
6074
58208
3354
5585
2190
2904
319957
2255
2383
2410
2348
248409
18773
4446
27723
3091
2364
7864
2203
2624
2284
2407
86543
2812
2313
362203
54625
3249
64350
2379
2185
2132
2230
2799
2066
2118
2144
2200
2838
3349
3917
2227
10844
222062
4302
2138
9706
2233
2213
2302
2832
152626
3349
4752
2486
38924
187282
138482
2519
2305
1912
2386
5355
6287
2053
1811
30135
2712
2321
1855
