47777
11778
14313
12127
26233
11336
11159
11609
10943
12126
15375
11689
12349
485836
16840
30119
2346408
18118
520161
13685
12581
43548
11624
363199
14650
13027
12692
12820
11641
12687
87675
12813
14628
558034
14948
42568
12531
56381
13106
83389
12245
12762
12731
25957
19500
11558
11158
11538
11223
13523
13027
14504
416478
298035
17041
1049980
580116
691388
21644
14805
1257718
25485
178991
44877
12687
11793
18909
1018646
20150
17699
10670
13784
11237
18738
698009
17175
690241
33567
18910
13020
12565
12785
12820
12944
15699
943556
20348
12785
13236
13183
12794
16914
521319
17555
15255
15162
20486
15834
261401
583840
19838
30930
12961
12276
19189
12947
15102
92413
12319
23426
13351
12711
12619
13298
11413
11130
12617
17196
1214013
21840
1555717
39550
17956
1611632
22252
90009
13230
444286
29372
32689
12163
12048
19364
1287243
20686
19629
418480
198289
1063515
19778
11453
12224
11328
10523
13322
157234
490100
1022535
18978
109893
10767
12278
41545
13320
10712
11099
11456
12421
76745
12970
271879
20492
1268006
53615
92553
12721
85743
14612
10837
11116
10318
10838
11450
81641
11659
12056
273955
198455
12135
2819741
21777
20396
29135
18366
885347
1219735
32378
318246
17519
28344
11985
14972
1661737
12684
12906
12698
12758
1327565
94470
24148
143598
15961
11697
42762
11573
13872
11994
13614
457392
14513
11426
1891790
290236
16992
331882
13036
10915
11288
12593
14017
11654
11006
11654
11693
14484
18338
21692
12424
56992
1155655
22350
11982
49839
11772
11708
12788
15657
802730
18381
25805
12948
205298
994607
719073
13169
11555
10571
11695
28663
34322
10487
10066
158919
14945
12468
9397
8853
2204
2737
2216
4828
2100
2128
2203
2059
2232
2953
2218
2310
90378
3135
5637
438383
3405
97546
2562
2378
8177
2226
66274
2734
2397
2365
2307
2180
2267
16616
2374
2672
105691
2850
7880
2370
10341
2398
15907
2312
2327
2339
4986
3617
2174
2103
2113
2142
2517
2384
2703
78885
54394
3120
197276
105468
131179
4024
2822
235543
4690
33805
8574
2398
2261
3644
191230
3839
3370
2016
2617
2132
3549
129804
3247
126877
6354
3576
2407
2362
2334
2438
2465
3010
179984
3728
2305
2449
2462
2363
2957
97071
3226
2798
2783
3698
2837
47356
111282
3679
5814
2411
2275
3554
2427
2816
17127
2399
4341
2519
2392
2345
2548
2191
2062
2331
3287
227219
4075
291871
7332
3481
300340
4120
17168
2548
84330
5298
6316
2311
2314
3561
247969
3987
3679
85171
38170
194715
3846
2221
2322
2132
1995
2623
31013
95616
190571
3661
20538
2110
2314
8074
2543
2073
2175
2200
2299
14724
2416
51474
3811
242877
10310
17841
2401
16581
2753
2158
2111
2017
2094
2226
15609
2293
2335
51915
39016
2372
535222
4307
3962
5497
3437
173421
231988
6068
59696
3419
5503
2292
2813
319003
2395
2467
2335
2397
249138
18699
4481
27361
3122
2233
8070
2154
2588
2262
2465
87240
2753
2170
360187
54559
3203
63814
2367
2159
2150
2324
2566
2195
2010
2136
2139
2606
3482
4062
2296
10669
221559
4191
2236
9430
2111
2198
2396
2880
152159
3444
4729
2400
39259
187341
137745
2539
2197
1970
2255
5506
6377
1958
1894
30156
2801
2394
1811
