48699
11842
13192
11976
26493
11916
10595
11320
11577
12244
15201
11576
12387
489267
16351
31658
2352222
18412
514563
14132
12504
43787
11388
364733
14396
12044
12184
12394
11294
13286
88587
12597
14884
560821
15476
41570
11779
57374
13071
82695
11479
12613
13229
26009
19570
11715
11524
11066
11576
13917
13318
14290
414228
294467
16492
1043950
579910
688274
21760
14866
1259550
24700
180676
45753
12668
11236
17697
1019350
19864
17490
11132
13738
11378
18934
700163
17861
686043
34128
18235
13233
13281
12908
13002
13123
15482
945257
20267
12355
12850
12633
12220
16793
519280
16623
14884
13974
21086
14601
263608
583864
19610
31350
13481
12594
19213
12931
15995
93398
12840
23106
13801
12922
12165
13514
11605
11485
12286
17586
1212065
22814
1561428
39826
16792
1611722
22209
90885
13657
442508
28997
32294
11644
11989
18836
1286697
20882
19760
418402
196707
1058466
20450
11834
12651
10832
10418
12871
156881
492537
1023425
19194
110299
11465
12407
41975
13208
10572
12382
11806
12848
78143
13641
273739
21682
1273980
55440
92216
12837
85322
13879
11407
10566
10978
10720
10510
80991
11091
11927
273576
197765
12596
2828306
21876
20940
28900
17497
881449
1221574
33046
312702
16694
28130
12493
16010
1665129
11700
12719
12798
12650
1324684
94464
23357
144691
15644
12361
41886
11991
13562
11687
13837
456717
15138
11687
1893452
294591
16072
333621
12984
10897
11389
11746
14439
10665
12209
10918
11909
15620
18158
21250
11386
56610
1161533
23151
11152
50869
12158
10946
12824
15533
804573
18618
25631
12940
208269
994761
720150
13304
11804
10811
11890
28204
34755
10267
9572
157317
14736
11580
9183
8968
2203
2539
2221
4850
2196
2018
2115
2186
2262
2973
2192
2330
90885
3132
5854
439102
3427
96716
2604
2371
8174
2162
66890
2701
2249
2280
2246
2111
2360
16756
2320
2670
106377
2955
7748
2230
10540
2405
15766
2176
2256
2385
4972
3649
2200
2192
2059
2183
2609
2460
2649
78273
53995
2994
195866
105406
130564
4058
2845
235826
4593
34211
8770
2351
2127
3428
191048
3740
3310
2075
2591
2165
3587
129955
3371
126470
6478
3497
2425
2463
2403
2450
2488
2953
179924
3704
2267
2360
2349
2271
2974
96393
3096
2720
2566
3794
2678
47777
111244
3657
5829
2497
2354
3559
2409
2980
17416
2490
4364
2615
2454
2244
2590
2213
2090
2259
3350
227003
4234
292650
7387
3280
299948
4073
17313
2583
84086
5244
6269
2201
2292
3466
247769
4032
3764
85229
38036
193675
3978
2315
2445
2049
1993
2514
30912
95941
190610
3724
20620
2219
2329
8058
2510
2081
2376
2262
2411
15049
2536
51926
4055
243588
10607
17855
2418
16643
2645
2282
2026
2144
2106
2093
15541
2202
2286
51877
38902
2461
536842
4298
4095
5445
3274
172402
232527
6181
58549
3278
5466
2398
2971
319219
2189
2440
2370
2399
249188
18742
4326
27524
3022
2332
7913
2217
2586
2215
2479
87196
2827
2196
360162
55411
3037
64251
2439
2159
2173
2189
2663
2004
2219
2021
2187
2845
3392
3967
2132
10602
223251
4317
2085
9536
2141
2097
2414
2840
152390
3507
4726
2405
39556
187610
137770
2586
2234
2041
2299
5322
6504
1887
1834
29758
2794
2234
1760
