49802
11797
13796
12904
27407
11693
10833
11537
11759
12094
15691
11999
12185
488699
16886
31869
2357500
18037
513963
13314
12240
44232
10743
360902
15476
12711
12576
12326
11320
12964
88057
12797
15333
564890
14980
41081
12695
55790
12852
82519
11833
12617
12775
25674
19479
11084
11933
11661
11189
13309
13354
14823
417651
301043
15971
1052418
584211
691976
20899
14619
1253378
24387
183673
45883
12447
11749
18173
1019019
20736
17569
10836
13995
11001
18409
702655
17443
689023
33810
17438
12961
12824
12120
11973
12444
15457
946329
20605
12467
12640
13303
13005
15900
516513
17257
15060
14922
21522
14345
259326
583146
19193
30678
13197
12379
19340
12517
15474
92296
12634
22629
13305
13175
12165
13681
11783
11342
12488
16805
1219481
23692
1558026
39924
17248
1608572
21404
91123
13891
441982
30494
31689
12858
13143
19037
1285610
20588
19763
418240
199911
1063363
19292
11752
12201
10716
10269
12988
156675
498080
1021861
19291
109431
10994
11050
42100
12892
10403
11157
11189
13085
78324
13742
275266
21521
1274565
56838
92415
12200
85983
13723
10954
11381
10566
10381
10890
81815
11938
12319
272533
196423
11836
2817951
20896
21015
28062
17442
880745
1226810
31123
313575
17552
29099
12062
14669
1666400
11941
13099
13417
12782
1323928
93708
24325
144377
15523
11886
41842
11832
14094
12146
13415
454831
14687
12158
1910462
292617
16847
337886
12694
11048
11207
12015
14612
11363
11659
12018
11619
14762
17778
20872
12337
56644
1158007
22949
11856
50343
11678
11109
12439
14956
802240
18560
24349
12590
206695
992525
719039
12698
11894
10496
11735
28538
34021
10872
9512
157170
14592
11910
9720
9229
2211
2624
2334
5007
2160
2036
2189
2179
2247
3015
2253
2319
90780
3186
5953
440345
3386
96705
2456
2322
8202
2080
65907
2857
2333
2295
2258
2084
2325
16607
2367
2752
107146
2848
7626
2386
10174
2384
15755
2245
2297
2354
4888
3632
2062
2250
2136
2117
2486
2485
2766
78978
54931
2962
197685
106076
131378
3908
2766
234573
4517
34724
8701
2353
2221
3521
191269
3904
3348
2039
2652
2059
3477
130604
3265
126708
6479
3311
2400
2380
2237
2254
2374
2955
180455
3805
2294
2334
2464
2447
2824
96170
3195
2808
2758
3900
2614
47038
111716
3564
5693
2436
2261
3585
2378
2881
17176
2417
4244
2507
2473
2248
2634
2243
2114
2273
3247
228281
4415
292224
7432
3322
299425
3911
17253
2611
83765
5435
6140
2430
2519
3491
247185
4005
3725
85256
38388
194758
3756
2305
2305
2030
2004
2531
30885
97004
190328
3688
20466
2179
2071
8150
2467
2010
2175
2139
2428
15038
2544
52225
4027
243838
10850
17846
2311
16781
2597
2184
2147
2058
2016
2174
15685
2326
2345
51735
38576
2353
535106
4149
4090
5319
3269
172799
232808
5829
58849
3402
5640
2320
2781
319648
2241
2484
2457
2427
248523
18617
4517
27434
3016
2238
7961
2189
2642
2322
2451
86833
2772
2224
363028
55124
3195
64747
2342
2189
2136
2249
2667
2135
2112
2216
2160
2662
3358
3945
2277
10651
222482
4324
2195
9502
2134
2105
2312
2737
152209
3467
4515
2360
39278
187157
137549
2454
2245
1950
2270
5469
6414
2024
1815
29824
2754
2291
1870
