48272
11372
13145
11511
26201
11738
10819
11558
11067
12036
14936
11857
12080
486542
17098
31248
2354906
18421
520905
13297
11842
41933
10904
365731
15604
12336
12755
12541
11460
13053
89609
12828
14976
561188
14546
41175
12463
57167
12321
83308
11751
12824
13101
25405
18873
11283
12094
11186
11527
13671
12893
14147
416262
300156
16349
1047368
581033
696328
21566
14063
1259840
25421
182313
45767
12862
12282
17563
1019840
20347
17913
10954
13488
11116
18814
701626
18181
688585
34252
18477
13194
12956
13397
13194
13425
15718
944461
19727
12554
13155
13500
12907
16023
517977
17579
14719
14485
21305
15159
260369
582560
19091
31796
13486
13454
19084
11592
15619
93664
12631
24154
13712
12868
12285
13521
11605
11218
12445
17070
1220181
22512
1566664
40012
17049
1608451
21860
89543
13400
443845
28871
31038
11731
12528
18623
1287658
20590
18946
418231
198396
1060113
19408
11241
11815
11127
10484
13189
155677
494823
1022278
18838
110152
11454
11580
41993
12589
10642
11706
11228
12328
78930
13354
274931
21177
1275753
54807
93268
12435
83351
14563
11161
11300
10921
10816
10904
81058
11602
11222
272462
197733
11376
2822015
21587
20945
27854
17028
881158
1218802
32496
314486
18435
27193
12019
14752
1673555
12043
12314
12045
12201
1324498
96277
24063
143553
15982
12119
41403
12107
13784
11850
13208
454513
15097
11849
1899054
295165
17457
332250
13328
11452
10988
12022
14437
11557
11147
12248
12101
14655
18291
21981
12507
54776
1160193
22427
11619
51433
11565
11138
12116
15150
806781
18964
25498
13169
205189
989029
719969
13788
12227
10184
12154
28902
33963
10519
9822
156621
14667
12161
9794
8831
2119
2558
2141
4804
2175
2055
2177
2084
2241
2896
2254
2257
90569
3185
5809
439243
3474
97918
2482
2235
7850
2100
66864
2867
2262
2380
2243
2097
2317
16960
2357
2732
106398
2784
7666
2340
10510
2286
15847
2213
2372
2387
4844
3528
2094
2250
2081
2225
2577
2374
2644
78799
54731
3048
196426
105556
132224
4045
2685
235949
4698
34345
8807
2415
2307
3394
191270
3877
3386
2067
2581
2090
3543
130451
3419
126449
6512
3500
2410
2386
2408
2466
2524
3007
179720
3632
2289
2438
2492
2411
2850
96553
3220
2736
2648
3873
2751
47225
111252
3546
5899
2481
2464
3513
2193
2939
17467
2460
4483
2567
2431
2276
2603
2214
2056
2252
3284
228037
4215
293753
7428
3300
299616
4050
17011
2536
84193
5194
6002
2222
2373
3377
248027
3991
3582
85183
38277
194012
3817
2191
2255
2114
2014
2595
30701
96652
190478
3625
20544
2222
2207
8091
2409
2082
2265
2142
2326
15180
2510
52136
3926
244291
10502
17969
2343
16266
2734
2169
2178
2146
2127
2160
15598
2250
2160
51788
38978
2218
535736
4278
4113
5273
3243
172626
231991
6045
59082
3587
5347
2261
2738
320537
2297
2339
2234
2315
248712
19069
4474
27414
3100
2289
7855
2245
2584
2246
2420
86309
2835
2215
360763
55563
3325
63869
2460
2280
2093
2267
2611
2137
2063
2218
2202
2669
3434
4096
2280
10291
223040
4169
2149
9716
2080
2112
2258
2740
153030
3558
4697
2445
39188
186710
137899
2659
2318
1901
2359
5554
6389
1971
1839
29837
2790
2335
1889
