49087
11027
13938
11791
25855
12387
10531
11167
11172
11486
15767
12052
12161
485980
17042
30527
2357074
18767
519437
13420
12575
42575
11116
364989
14775
13617
12478
11701
11446
12984
86694
12573
15071
562321
14548
42110
12883
57712
13006
82760
11426
13155
12803
25788
20691
12078
11327
11999
11793
13997
13623
14105
412169
294781
16957
1050906
584525
694194
20888
14871
1262560
24570
181345
46665
12538
11859
17714
1019541
21753
17831
10697
14345
10566
19657
697890
17403
685493
33569
18707
12376
12931
12152
12113
12770
14758
950418
20595
13034
12974
12718
12721
15987
522273
17154
14790
14676
20385
15175
262616
584864
20706
31359
12836
12310
18821
12604
15614
92811
12615
24044
13715
13392
12232
12860
11420
11321
12395
16754
1215414
22627
1554075
42078
17309
1612905
21103
90295
13432
440551
29648
32794
13368
12595
20098
1284251
20358
19838
416147
197705
1055952
19730
11373
12718
10531
10911
12979
158533
494118
1025740
19361
108199
11908
11737
42809
13585
10601
10760
11500
12581
79436
13857
274631
21862
1274810
56552
92376
12363
83334
13867
10587
11145
10680
10925
11279
81095
11609
11692
273489
197658
11868
2816170
22074
21829
28850
17655
880378
1229291
31837
314851
17017
28419
12595
15338
1671870
11840
13071
13011
12857
1325401
95163
24582
145087
15602
12185
42613
11245
13810
11446
13233
453727
15366
11856
1901819
295932
16065
329895
12970
10510
12114
11647
14660
10799
12283
12188
12284
15952
18944
22012
12369
56626
1160815
22603
12027
50445
11574
11229
12470
15266
800321
18055
25807
12966
207902
990278
723060
13424
12138
10117
12340
28998
35085
11008
10044
158047
15308
12306
9780
9069
2076
2675
2200
4759
2249
1999
2112
2103
2148
3035
2266
2287
90543
3172
5682
440021
3520
97717
2504
2395
8008
2122
66855
2735
2494
2319
2119
2115
2339
16405
2345
2713
106703
2761
7853
2396
10628
2367
15860
2175
2345
2315
4896
3831
2283
2176
2189
2265
2591
2499
2606
78103
53793
3108
196928
105983
131560
3932
2811
236238
4559
34200
8878
2355
2249
3423
191047
4074
3401
2030
2716
2013
3678
129506
3268
126138
6381
3541
2287
2389
2214
2301
2422
2835
181144
3760
2382
2400
2367
2385
2829
96909
3119
2712
2706
3682
2751
47585
111516
3808
5833
2409
2246
3504
2369
2855
17321
2436
4484
2597
2551
2263
2492
2203
2105
2278
3235
227459
4249
291528
7737
3348
300310
3890
17184
2533
83607
5328
6350
2502
2398
3678
247266
3975
3759
84719
38110
193576
3866
2190
2383
2007
2094
2519
31288
96132
191142
3735
20301
2319
2211
8242
2599
2015
2063
2187
2340
15287
2562
51948
4056
243953
10842
17728
2321
16291
2562
2098
2140
2061
2137
2232
15534
2263
2236
51741
38801
2290
535035
4284
4279
5415
3283
172140
233659
5942
58992
3331
5468
2355
2861
320874
2279
2461
2406
2472
249048
18828
4527
27641
3005
2350
8088
2082
2636
2190
2422
86419
2884
2232
361289
55622
3040
63469
2394
2095
2273
2178
2620
2055
2242
2238
2241
2897
3550
4062
2266
10654
223009
4217
2208
9514
2056
2146
2337
2773
151880
3409
4728
2390
39619
186978
138668
2607
2284
1894
2359
5556
6587
2029
1886
30008
2905
2390
1870
