49640
11681
13772
12151
26481
11690
10790
11767
11180
11988
15963
11137
11819
489323
16675
31161
2349836
18000
519744
13671
12233
42297
10996
364811
15159
12633
12751
12543
11632
13116
89409
12562
14936
563630
15696
42347
12718
56130
12579
85100
12255
13606
13221
25130
19615
11050
12349
11627
11560
14001
13291
14581
417395
298512
17344
1054009
581539
688313
21556
13875
1267707
24980
180152
44846
12877
12097
18174
1017826
19997
18231
10987
14104
11318
19133
702089
16664
688435
33743
17991
12543
13192
12184
12220
13335
15168
943994
20588
12329
12573
12914
12558
16842
521984
17771
15443
15040
20500
14419
262873
586806
20900
31008
13359
13266
18470
12794
15078
92780
13215
23671
13486
12948
12389
13193
11323
11114
12451
17186
1221721
22405
1554274
40381
17302
1605075
21553
91720
13427
445143
28656
32577
12340
12018
19953
1281721
20605
20270
422919
199268
1060818
19199
11381
12441
10590
10326
13361
157489
493665
1029028
18787
112287
10928
11555
41912
12949
10811
11566
11209
12585
78763
13363
276380
20942
1268336
55701
92149
12740
86551
14518
10723
10955
10502
10935
10910
83353
11569
11747
271926
198519
12193
2816801
21338
20847
29322
17554
885659
1226563
32128
314309
17381
27976
12062
14968
1664749
11937
13155
13206
12975
1332047
94335
23871
143213
15912
12607
42644
11218
13320
12075
13411
455056
14672
11771
1902744
295508
17173
335967
13401
10993
11588
11698
15223
11003
11362
12211
11949
15240
18597
22078
11004
55412
1158389
22099
11767
50645
11970
11810
12679
14751
805915
17759
25696
12452
206723
993317
721920
13466
11732
10040
11964
27896
34595
10683
9620
156669
14534
12105
9807
9108
2177
2619
2248
4836
2149
2045
2220
2116
2237
3074
2095
2250
91034
3120
5801
439063
3355
97415
2534
2308
7958
2098
66690
2819
2301
2339
2254
2201
2381
16857
2320
2706
106711
2968
7792
2395
10321
2349
16205
2335
2456
2423
4829
3640
2071
2308
2144
2224
2632
2442
2699
79062
54561
3164
197700
105593
130792
4038
2668
237285
4670
33967
8558
2410
2283
3516
190823
3787
3443
2078
2681
2150
3596
130442
3162
126508
6441
3432
2325
2439
2269
2319
2533
2913
179903
3771
2265
2309
2424
2343
2970
97083
3266
2848
2768
3700
2646
47541
112241
3916
5730
2491
2417
3413
2399
2798
17280
2528
4415
2529
2463
2287
2535
2173
2052
2272
3263
228603
4232
291872
7408
3305
299050
3947
17467
2542
84461
5199
6346
2294
2284
3677
246796
3991
3815
85890
38276
194120
3725
2231
2366
2044
2005
2566
31103
96166
191407
3625
21001
2146
2218
8060
2463
2118
2221
2174
2375
15148
2507
52324
3910
242812
10707
17725
2381
16779
2731
2150
2092
2027
2144
2152
15930
2273
2233
51640
39171
2368
534987
4187
4067
5524
3267
173393
232992
6048
58900
3364
5457
2265
2814
318952
2250
2485
2412
2469
250050
18632
4417
27335
3069
2341
8057
2104
2522
2301
2462
86809
2765
2204
361596
55674
3244
64503
2469
2189
2229
2195
2755
2050
2070
2256
2212
2764
3469
4112
2061
10364
222675
4144
2206
9573
2165
2220
2379
2727
153136
3389
4752
2363
39349
187271
138433
2623
2233
1903
2298
5363
6455
1982
1818
29763
2761
2344
1890
