48571
11856
13283
11643
26789
11629
11012
11276
11721
11729
14996
11205
11812
489575
16740
31356
2355308
18981
519340
14283
12502
44189
10594
367328
15200
12690
12667
12783
11619
13179
87862
12433
14749
560493
15166
41286
12751
57316
13095
83681
12253
12446
12900
25587
19433
11364
11881
11491
11154
13807
13431
13761
417957
297373
16288
1050231
585002
694650
22054
14933
1259225
24984
182394
45084
12485
11477
18106
1011401
20395
18064
11251
13690
11408
19033
698755
17104
685938
33555
19585
12380
13405
12509
12665
13133
15523
950070
20259
13096
12694
13597
12395
16823
524115
17296
14860
14444
20645
15717
263440
585810
20105
31416
13119
12588
19308
12117
15364
92553
12513
23427
13889
12810
12282
13214
11891
11471
11891
16635
1220281
23530
1559255
41383
17589
1610248
21765
90632
12861
437908
29422
32402
12343
12487
18990
1290213
20657
19301
417805
196130
1059489
19803
11775
11647
11309
10757
13053
156939
492722
1023115
18524
110515
11359
11748
41683
12588
10151
11375
10884
11969
78064
13412
274276
21035
1265680
54363
93708
12023
85145
14722
11216
10852
11051
10266
10877
82276
11431
11763
272997
198607
11478
2828498
21795
20788
27626
16692
885841
1221776
30756
314786
17559
27680
11932
14689
1664085
11870
12625
12653
12724
1328527
93574
24384
146304
15763
11846
41836
11770
13826
11695
13491
455516
14782
11380
1895995
294962
17118
333960
12736
11285
11484
12475
14827
11064
11615
11708
11432
15629
17940
21621
12054
56514
1159733
22153
11493
51050
11754
11750
11914
15389
805614
18174
25604
12400
207011
996686
718148
13136
11566
10146
12061
27875
34021
10278
9898
155261
14500
12105
9704
8954
2191
2567
2168
4922
2139
2116
2146
2181
2210
2902
2114
2253
90974
3134
5889
439592
3582
97557
2669
2367
8237
2026
67268
2829
2311
2318
2288
2190
2402
16642
2342
2682
106361
2880
7685
2376
10407
2433
15897
2323
2289
2344
4920
3600
2112
2297
2097
2156
2586
2493
2539
79090
54431
2980
197408
105878
131627
4086
2882
235592
4637
34296
8604
2338
2200
3535
189840
3875
3402
2104
2609
2186
3579
130061
3223
126440
6373
3734
2303
2488
2294
2386
2510
2952
181047
3706
2406
2351
2495
2318
3018
97299
3157
2764
2713
3767
2838
47851
111752
3730
5886
2448
2306
3548
2286
2859
17168
2430
4358
2651
2438
2269
2557
2295
2147
2197
3224
228683
4389
292673
7589
3415
299730
4005
17271
2417
83326
5265
6198
2325
2372
3503
248281
4012
3669
84885
37878
193960
3886
2309
2239
2115
2074
2593
31008
95819
190431
3594
20766
2201
2203
8023
2379
1998
2179
2094
2250
15004
2505
51913
3918
242526
10426
18029
2283
16530
2781
2185
2064
2119
1997
2153
15727
2251
2269
51785
39133
2262
537823
4290
4031
5270
3159
173501
232300
5766
58988
3386
5401
2276
2749
319414
2244
2374
2352
2405
249597
18507
4494
27761
3069
2240
7915
2163
2647
2201
2490
86845
2743
2161
360900
55398
3277
63972
2378
2248
2204
2315
2709
2076
2125
2145
2109
2847
3376
4050
2238
10507
222722
4138
2152
9587
2108
2206
2219
2756
152727
3388
4723
2295
39415
187966
137713
2542
2175
1914
2331
5369
6399
1916
1884
29557
2757
2354
1857
