47776
11294
13200
12425
26768
11202
11206
11561
11227
11675
15669
11787
12390
487036
16717
32041
2354366
18619
515521
13266
12051
42961
11893
365835
15959
12695
12710
12240
11870
12877
88235
12561
14235
560478
14882
41447
12663
57089
13108
84210
11522
12690
12688
25390
18944
10992
12217
11617
11348
13648
13469
14377
415438
295581
15897
1049458
581939
696823
21105
14893
1255443
25366
180548
46242
12376
11096
18965
1015630
20539
17501
10768
14231
11345
18796
700100
17315
689016
33723
18923
12815
13564
12443
12968
13727
14750
945012
19949
12838
13521
12876
12829
17347
523243
17295
15079
14559
20200
14835
262801
586080
20346
31687
13527
12273
19642
12939
15031
92358
12601
23975
12352
13286
12046
13423
11500
10769
12403
16962
1215895
23482
1562486
40098
17890
1612632
21414
92085
13577
440582
29704
31699
11954
12408
19011
1287152
20323
20119
418775
196283
1060210
19709
11220
12540
10835
10678
13268
157036
490256
1018556
19042
109950
10742
11705
42068
12495
10703
11459
11542
13380
77766
13172
273518
20948
1272561
55887
91960
12440
85007
14103
11033
10592
11319
11246
11112
81296
11811
11906
269945
197862
12187
2827408
21764
20939
27737
18035
886539
1224651
32100
314343
17531
27849
12208
15120
1673591
12346
12530
13181
12787
1325979
96026
24319
144667
15854
13681
41414
11154
13771
12148
14070
457135
15028
11853
1897423
292999
16846
331834
13234
11223
11427
12312
15408
11238
10906
11210
11698
14925
18350
22043
12517
55724
1160544
21813
12090
50477
11231
11450
12252
14845
801217
18272
25424
12247
207357
993199
718241
13512
11784
10313
11703
28344
34299
10791
9785
157415
14373
11811
8912
8784
2098
2549
2296
4880
2088
2108
2182
2107
2170
3007
2190
2341
90464
3130
5948
439663
3509
96810
2500
2306
8079
2271
67002
2977
2323
2379
2249
2201
2333
16766
2340
2574
106446
2816
7690
2402
10473
2433
16032
2196
2291
2317
4903
3531
2064
2312
2117
2180
2526
2491
2675
78619
54043
2983
197099
105604
132301
3963
2827
235352
4678
34116
8824
2360
2096
3654
190662
3824
3327
2023
2709
2147
3574
130220
3265
127025
6384
3572
2357
2533
2300
2454
2638
2826
180131
3672
2328
2444
2409
2410
3090
97283
3189
2811
2665
3630
2688
47490
112073
3731
5935
2510
2264
3633
2438
2798
17191
2424
4407
2363
2535
2245
2583
2226
2005
2244
3268
227867
4390
293054
7475
3450
300104
3992
17428
2524
83576
5334
6171
2250
2361
3513
247982
3941
3760
85085
37835
194023
3812
2180
2375
2064
2063
2607
30951
95670
190013
3689
20550
2149
2207
8111
2367
2114
2241
2195
2499
15014
2485
51955
3928
243529
10761
17778
2384
16534
2670
2173
2033
2141
2209
2190
15567
2305
2318
51294
39037
2318
536674
4273
4075
5313
3383
173351
232832
6014
58732
3411
5450
2347
2826
321236
2364
2399
2429
2446
248742
19015
4493
27536
3053
2544
7829
2109
2611
2295
2581
87185
2810
2215
360907
55085
3202
63788
2431
2238
2207
2283
2790
2132
2012
2078
2171
2735
3413
4120
2335
10369
223037
4075
2253
9510
2030
2148
2281
2739
152120
3424
4699
2277
39627
187235
137872
2559
2218
1938
2293
5377
6422
1990
1844
30044
2724
2285
1728
