48370
11434
13959
11922
26982
11923
10984
11275
10795
12074
15930
11986
11664
486374
16910
31585
2349462
18969
516335
13460
12424
44526
10780
363614
15624
12824
12452
12221
11583
12681
88323
12627
14264
558156
15171
41568
12281
57048
12396
83544
10986
12670
13318
25781
19598
11366
11871
11527
11614
13102
13651
14268
418581
295030
16874
1052111
583365
692397
21444
14029
1253992
24415
182448
46486
13362
11755
17488
1014661
20691
17841
11076
14162
11828
18613
700812
16932
683602
32860
18559
13385
13480
13104
12465
12836
14965
943909
20179
12812
12537
12690
12676
16951
521667
16763
14699
14712
21134
15202
263053
585608
20425
32365
12851
13098
19004
12808
15074
92151
11519
23143
13097
13012
11752
13245
11229
11147
12121
17198
1218986
22972
1560505
40680
18156
1612032
21423
90866
13334
438866
27812
31905
11927
12535
19070
1290238
20489
19909
417123
198622
1062546
19525
11562
11903
10933
10778
13484
155741
494257
1023068
19334
109142
11273
12285
41572
13259
11158
11662
11515
13315
77820
13210
272556
21772
1273641
54770
92584
11468
84623
13912
11012
11125
10791
10880
10838
81893
11935
11873
273031
195970
12826
2821577
22070
21840
28647
17299
889499
1228867
32390
311525
17783
28004
11854
15501
1663831
11550
12507
12465
12759
1324242
95698
23892
143214
15780
12593
41443
12350
13607
11552
13646
453421
15214
11922
1899409
292918
16774
335437
12586
11501
11395
11314
14485
11545
11904
11895
11560
14829
18933
21799
12157
57224
1158675
22486
11622
51150
11396
11755
12389
15990
804354
18255
26463
12703
206420
991027
721262
13025
11765
10326
11767
29669
33667
10639
9655
156902
15351
12314
9608
8895
2156
2649
2175
4913
2206
2100
2120
2051
2260
3086
2256
2182
90459
3201
5893
438867
3544
97144
2528
2351
8215
2022
66524
2899
2353
2302
2211
2179
2304
16740
2302
2610
106079
2893
7752
2312
10441
2334
15951
2082
2278
2462
4853
3633
2138
2250
2125
2197
2476
2519
2637
79192
53950
3119
197176
105874
131355
3985
2689
235030
4557
34267
8845
2460
2197
3414
190710
3931
3377
2087
2691
2215
3574
130260
3196
125984
6228
3529
2455
2538
2406
2380
2457
2877
179871
3715
2319
2340
2381
2383
3023
97074
3094
2724
2707
3769
2762
47618
111698
3800
5988
2413
2383
3498
2406
2838
17137
2292
4305
2489
2499
2190
2554
2213
2084
2255
3242
228312
4327
292751
7509
3493
300108
3948
17299
2539
83360
5068
6197
2288
2413
3538
248421
3925
3751
84685
38184
194363
3838
2271
2285
2059
2048
2603
30861
96476
190514
3735
20544
2211
2333
8062
2531
2147
2283
2199
2427
14937
2502
51765
4057
243770
10538
17839
2198
16404
2625
2182
2164
2074
2138
2147
15612
2347
2344
51806
38433
2470
535953
4349
4288
5448
3260
173999
233955
6066
58442
3449
5466
2253
2898
318995
2206
2394
2332
2436
248686
18935
4405
27192
3056
2386
7882
2302
2559
2163
2469
86475
2910
2230
361021
55271
3199
64426
2319
2275
2169
2113
2644
2152
2171
2156
2092
2726
3561
4076
2225
10685
222569
4214
2194
9662
2051
2218
2341
2920
152873
3420
4872
2339
39287
186664
137959
2513
2242
1917
2284
5631
6403
2006
1835
29958
2897
2340
1880
