50099
11108
13803
12025
26109
11603
10926
11214
11176
11684
15854
11791
11880
485068
16173
29848
2354311
18450
519834
13673
11654
42586
11098
360638
14778
12479
12481
12229
11815
13199
87345
12560
15100
561737
14522
40747
11778
56839
12337
84123
11515
12758
12781
25762
19468
12242
11792
11624
11815
13681
12665
14366
418067
298762
16990
1055504
587498
686548
20782
15135
1261503
25257
181661
46845
12578
11538
18700
1014156
20545
18417
10759
13626
11263
19141
699473
17535
685309
32929
18040
13053
13406
12766
13248
13475
15457
944237
20247
12461
12276
13367
12726
15885
523127
17822
15023
13932
21628
15541
263480
581245
19646
31083
12930
12740
18968
12567
15868
92124
12823
23219
12415
12429
13055
13500
11800
11527
12099
16919
1212771
23469
1554121
39577
17938
1614505
21634
91902
12837
442118
28620
31878
12347
12106
19484
1285812
20392
20335
417182
197840
1061577
19609
10955
12220
11143
10280
13107
158380
491302
1019006
19099
111040
11581
11569
41768
12395
10736
11971
11450
12870
78391
13702
274022
21525
1267938
54621
94318
11837
83620
14389
10759
10324
10742
10832
11254
81415
11161
12380
271874
198138
12557
2821344
21391
20761
27457
17699
886631
1224555
32992
312748
17290
28495
12504
15145
1666582
12461
12696
13512
12753
1330893
95900
24142
143926
15197
12052
41479
11475
13323
11813
13570
456332
15302
12303
1902354
291519
16641
333614
12517
10898
11253
12175
15677
11223
12008
12188
11819
16061
18463
21914
12646
55399
1159542
22502
12210
51597
11668
11312
12923
14299
804353
18083
26223
12789
207209
992293
718956
13076
12626
9716
12137
28411
33118
10265
9667
155568
14466
12316
9791
9278
2068
2626
2219
4817
2176
2058
2152
2086
2185
3008
2191
2234
90251
3068
5588
439694
3470
97503
2575
2251
7910
2145
65915
2750
2302
2292
2231
2193
2389
16541
2349
2717
106569
2748
7595
2252
10464
2310
16082
2199
2307
2353
4947
3634
2304
2199
2134
2254
2543
2329
2671
79063
54482
3149
198160
106557
130179
3882
2866
236221
4660
34196
8888
2385
2179
3599
190446
3868
3488
1987
2590
2143
3583
130195
3320
126384
6276
3453
2393
2548
2327
2455
2545
2949
179816
3724
2319
2245
2500
2390
2867
97388
3272
2772
2560
3910
2740
47628
111173
3651
5793
2389
2378
3487
2358
2943
17215
2463
4292
2344
2355
2413
2553
2259
2110
2243
3229
226986
4377
291993
7378
3474
300573
4010
17466
2441
84182
5165
6213
2326
2350
3552
247830
3969
3851
84907
38140
194603
3819
2165
2322
2089
1986
2538
31223
95864
190126
3662
20778
2256
2194
8068
2408
2076
2355
2206
2375
15070
2520
52076
3996
242954
10488
18143
2239
16252
2703
2119
2007
2076
2118
2207
15654
2216
2354
51659
38872
2462
535887
4139
4074
5234
3323
173605
232398
6152
58760
3341
5510
2385
2824
320137
2342
2435
2476
2452
250395
18968
4452
27319
2931
2274
7900
2150
2502
2205
2471
87083
2886
2309
361438
54988
3201
64057
2362
2179
2154
2232
2853
2121
2192
2237
2152
2960
3519
4065
2329
10397
222956
4239
2266
9623
2070
2111
2390
2604
152618
3409
4859
2380
39594
187023
138015
2524
2387
1806
2316
5496
6262
1925
1825
29545
2710
2375
1860
