48114
10872
13498
11885
26047
12054
10852
11585
11485
11660
14798
11031
12435
487930
16557
30517
2355124
18083
516540
13637
12092
43212
11516
366751
15105
13371
12899
11866
11333
13043
87490
12132
15089
558589
15831
41430
12427
55444
12358
82234
11697
13242
12702
25387
19125
11219
11720
11785
11203
13959
13211
14027
415272
297117
16824
1050641
579117
693400
21809
15173
1261424
24701
181657
46032
13208
11834
18300
1012768
20330
18188
11233
13049
10921
18228
702221
16753
685003
33726
18777
12341
13200
11897
12368
12893
15587
944963
20877
12876
13265
14014
12824
16038
524699
17942
14742
14413
20577
14635
262649
583574
19592
31210
13513
13174
19002
12516
15379
91640
12668
23527
13065
12949
11987
12993
11581
12068
13750
17418
1217998
23398
1560382
40806
17852
1607963
22074
90064
13162
443676
29479
32513
12716
12095
19358
1287528
20870
19982
414288
196204
1057403
19411
11146
12393
10416
10691
13575
158470
494404
1019634
19381
108689
11374
11444
43036
12968
10998
11361
11075
12984
79519
13577
274163
21074
1270329
55878
92803
12547
83939
14251
10766
11406
10849
10413
10810
80901
11749
11782
269772
196450
11469
2814720
22115
20529
28475
17766
880131
1221849
32878
311449
17588
28579
12300
15665
1672099
12300
12258
13235
12747
1324507
96175
23510
143659
15892
12459
40904
11407
13235
11727
13695
455552
15114
11970
1901721
292954
17301
330160
12840
11519
11514
11947
14712
10924
11895
11542
12120
14753
18158
21285
11665
56362
1156858
22182
11377
50962
11161
11761
12576
14874
802908
18031
25079
12798
206808
993712
718094
12718
11747
10285
11958
27860
32988
10516
9701
159523
14990
11948
9765
8894
2067
2554
2190
4790
2246
2073
2188
2174
2177
2854
2095
2337
90836
3124
5674
439581
3412
97028
2526
2313
8087
2225
66950
2793
2457
2367
2124
2145
2304
16642
2289
2755
105824
2988
7696
2360
10150
2278
15751
2207
2409
2275
4853
3529
2135
2259
2156
2118
2613
2423
2604
78683
54423
3107
197274
105210
131499
4081
2921
235866
4613
34354
8756
2457
2261
3497
190102
3874
3458
2097
2506
2071
3454
130358
3188
126143
6408
3571
2265
2467
2190
2306
2491
3017
180126
3822
2404
2449
2604
2397
2854
97541
3278
2700
2616
3741
2701
47834
111540
3650
5802
2520
2443
3515
2333
2899
17030
2424
4355
2477
2434
2232
2518
2226
2229
2473
3295
228076
4359
293187
7530
3433
299675
4055
17125
2517
84139
5286
6281
2349
2345
3536
247540
4022
3761
84486
37866
193823
3820
2191
2351
1982
2056
2666
31258
96394
189984
3756
20284
2221
2186
8291
2491
2132
2207
2133
2409
15243
2519
52013
3930
243280
10721
17883
2369
16398
2689
2104
2175
2106
2069
2132
15522
2296
2252
51262
38715
2235
534762
4307
4004
5420
3295
172621
232261
6125
58428
3419
5584
2320
2919
320129
2323
2330
2461
2395
248958
18980
4381
27175
3074
2370
7770
2154
2512
2230
2479
86682
2856
2238
361489
55224
3265
63481
2348
2273
2162
2200
2663
2058
2143
2137
2230
2688
3426
3960
2170
10479
222062
4155
2173
9534
2007
2194
2375
2727
152401
3411
4630
2352
39610
187086
137528
2475
2249
1926
2329
5363
6231
1960
1847
30325
2806
2299
1873
