49883
11905
13157
11663
27126
11558
10453
11500
11175
11508
15624
11574
12026
486674
16129
32088
2345010
18129
517869
13475
12247
44030
11440
362904
14909
12524
12587
12019
11341
13042
88505
12563
14618
560388
14996
41330
12636
57244
12236
83304
11922
12958
12899
26080
19931
11252
11826
11721
11431
13744
13135
14281
420798
298078
17085
1056198
583889
696054
22379
14472
1256490
24655
180350
45729
12194
12760
18599
1017990
20566
17474
11638
13446
11024
18239
704419
17555
683439
33201
17823
13101
12872
12121
12127
13573
15744
944795
21338
12492
12900
12780
13039
16362
521543
17867
14381
14395
20758
14693
261077
585881
20076
30343
12954
13069
19262
12574
15799
92815
11914
23068
13160
13416
12247
13204
11398
11572
12341
16818
1219732
22253
1565656
39221
17677
1613856
21579
90970
13606
440186
28158
31809
12209
12256
18461
1287437
20870
19184
417603
197471
1064430
19775
11658
12405
10597
10621
13661
160419
495026
1027966
19466
110140
10796
12808
41379
12936
10103
12055
11415
12743
78145
13158
274061
21118
1273017
56435
92313
12123
85137
14451
10406
11132
11254
10730
11006
82783
11484
12204
272126
197783
11995
2817244
22149
21716
28693
17477
882149
1223028
32079
313181
17156
28037
11917
14969
1663102
11974
12614
13534
12325
1329024
94690
24804
142195
15224
12672
42191
12277
13895
11501
13065
450572
15918
11848
1897552
292072
17048
337423
12340
10854
11713
11958
15379
11100
11281
12041
11859
15298
18844
21422
11858
56809
1155847
22835
11439
51525
11570
11385
11901
14881
802019
18385
25429
12753
205317
996765
718308
13124
12172
10221
12276
28677
33846
10296
9686
157646
14565
12187
9446
9207
2247
2545
2154
4914
2153
2014
2187
2137
2133
2985
2152
2270
90650
3064
5988
438740
3410
97178
2542
2315
8241
2202
66370
2755
2281
2366
2181
2147
2344
16708
2351
2667
106364
2867
7665
2373
10482
2312
15914
2234
2341
2367
5001
3669
2098
2247
2165
2178
2541
2419
2664
79670
54448
3115
198360
106098
132082
4139
2747
235365
4578
33964
8752
2283
2389
3616
191154
3904
3306
2196
2559
2097
3441
131094
3337
125935
6339
3405
2417
2373
2233
2279
2545
3032
180158
3917
2304
2353
2393
2444
2898
96844
3317
2665
2635
3741
2677
47256
112000
3751
5659
2394
2393
3574
2349
2936
17279
2316
4339
2520
2523
2277
2541
2181
2158
2238
3200
228320
4196
294032
7293
3438
300548
3995
17272
2552
83743
5100
6155
2311
2351
3426
248145
3988
3593
85045
38134
194973
3851
2266
2382
1998
2053
2668
31537
96680
191514
3743
20631
2127
2381
8027
2458
1977
2300
2172
2385
14965
2432
51946
3944
243605
10774
17770
2311
16584
2725
2058
2121
2182
2107
2172
15837
2292
2373
51651
38978
2349
535250
4299
4214
5401
3278
172803
232601
6029
58765
3343
5483
2287
2779
319190
2275
2417
2485
2343
249782
18803
4564
27126
2968
2381
7981
2282
2642
2170
2397
86148
2959
2205
360785
54942
3222
64528
2291
2141
2226
2237
2741
2068
2081
2196
2178
2783
3517
4008
2214
10613
222353
4279
2161
9666
2084
2154
2253
2721
152403
3446
4657
2369
39366
187622
137743
2555
2313
1916
2407
5488
6342
1917
1826
29867
2770
2351
1800
