48095
11233
12968
12251
26844
11664
11072
11780
11493
11775
15212
11684
11934
490565
16437
31478
2360915
18895
519518
14245
11711
43677
11074
362674
15547
13320
12813
12600
12241
12683
87857
12256
15044
558826
15037
41486
11958
56673
12201
83325
11779
12830
12932
24911
19281
11139
12014
11666
11902
14060
13211
13502
415445
298725
17024
1057050
583493
692668
21317
15120
1259404
25104
178138
46424
12953
12387
17502
1013867
20231
17614
10616
13786
11544
18620
696593
17231
688022
32858
18322
13408
13594
12562
12768
13177
16067
946807
19811
12591
12720
12754
12931
16861
524520
17629
14564
15015
20866
15171
262924
583165
20001
31522
12791
12993
19290
12681
15773
92590
12027
24541
13530
12972
12238
12660
11262
11641
12494
16540
1217951
21622
1557126
41274
17417
1616600
21735
91056
13341
439851
29304
31629
11951
11803
18835
1291673
20411
19399
419034
197620
1054753
19163
11442
12649
10763
10743
13443
157353
496358
1017677
19977
109585
11543
12272
42615
13038
10789
11303
11360
12706
77275
13087
273337
21269
1277648
55076
92834
12265
86870
13790
11857
10649
10939
10536
10883
82176
11975
11930
272377
197154
11205
2815107
22045
20787
27869
17901
883883
1224817
31540
313352
17592
27715
11999
15380
1659698
12084
12596
13251
12942
1325445
95050
23628
143759
16180
12411
41950
11462
13252
11593
13622
455212
15416
11870
1902753
296612
16572
335464
12689
11463
11579
11756
14315
10986
11329
12129
11833
15158
18084
21025
12138
56999
1159410
22265
11916
51116
11470
11608
12578
14588
802298
18836
25046
12511
208520
995038
722422
13213
11980
10421
12117
29284
34660
10398
9671
159186
14464
12500
9873
8939
2108
2478
2260
4934
2159
2121
2252
2163
2228
2953
2204
2264
91318
3112
5914
440898
3585
97519
2685
2224
8183
2120
66436
2905
2436
2341
2290
2299
2311
16662
2278
2722
106202
2868
7739
2246
10372
2290
15938
2221
2335
2380
4782
3540
2069
2291
2115
2278
2565
2457
2498
78642
54606
3152
198360
106063
131380
4000
2912
235556
4618
33540
8818
2443
2337
3391
190626
3837
3364
2017
2639
2198
3553
129426
3253
126597
6258
3484
2451
2554
2311
2399
2516
3050
180635
3665
2311
2356
2392
2405
2991
97467
3244
2633
2748
3745
2738
47741
111453
3740
5865
2367
2364
3582
2365
2948
17348
2315
4530
2545
2447
2244
2441
2170
2135
2287
3179
227596
4087
292523
7645
3403
300986
4002
17304
2523
83523
5273
6163
2254
2257
3503
248723
3929
3647
85116
38037
193141
3772
2232
2402
2080
2048
2649
31008
96705
189910
3815
20620
2231
2343
8227
2487
2090
2216
2185
2368
14889
2418
51813
3928
244876
10530
17809
2331
16746
2577
2348
2051
2131
2054
2142
15670
2353
2320
51665
38884
2207
534861
4285
4029
5315
3314
172843
232928
5936
58748
3451
5381
2274
2872
318433
2262
2390
2444
2450
249304
18847
4392
27315
3108
2348
7955
2156
2505
2200
2507
86945
2901
2267
361439
55831
3146
64370
2321
2244
2187
2203
2622
2071
2079
2209
2176
2810
3382
3934
2242
10723
222823
4120
2214
9625
2084
2218
2347
2663
152149
3545
4648
2338
39707
187548
138496
2535
2276
1929
2365
5575
6489
1931
1825
30247
2723
2404
1913
