49661
11275
13260
11928
26244
11981
10577
11905
11069
11784
15342
12070
11945
486331
17412
31465
2353365
18801
515970
14234
12078
43356
10911
362483
15275
12625
12822
12721
10772
13217
87344
11868
15020
564851
15567
40479
12106
56872
12738
83720
11743
12593
12612
26338
19144
11106
11811
11642
11469
13824
13556
14124
413864
294740
17328
1052108
587307
694620
21118
14964
1256474
24861
182064
46308
12755
11348
17464
1016342
20517
18170
11229
13412
10795
19867
699277
17452
686813
33065
18420
13392
12545
12759
12806
13900
15066
947594
21030
12617
12966
12995
12124
16629
523973
17641
14304
14497
19602
14788
260441
583540
20144
31176
12806
13057
19499
12355
15997
92406
12633
23740
12882
12877
12312
13254
11505
11272
12237
16573
1220173
22684
1567034
41005
18535
1615462
21408
91820
13399
440254
29070
31724
11843
12236
19073
1288654
20651
20577
417430
195714
1063998
19705
10971
12432
10488
10462
13184
154551
492729
1022114
19091
108405
11491
11050
41721
12959
10501
11521
11636
12534
78692
13315
274999
21555
1272096
54697
94124
12325
84568
14005
10315
10650
12127
10842
10777
81624
12554
11949
272207
197138
12144
2824396
22629
20340
28171
17383
879773
1222905
31821
313401
18195
27381
11276
15423
1667785
11620
12681
12503
13556
1324766
95134
24141
143291
16186
12512
42504
11596
13842
11450
13077
453651
15545
12222
1901315
294104
16168
333354
13403
11240
11791
12488
15267
11078
11086
12063
12388
14957
18408
21148
12397
56076
1160519
22252
11412
51263
11877
11189
12468
15344
805718
18841
25761
12905
207955
995295
719503
13552
12331
10575
12016
26646
33550
10350
10204
156335
14734
12836
9767
9078
2121
2555
2232
4810
2232
2026
2248
2054
2215
2956
2215
2280
90361
3254
5906
439314
3521
96826
2661
2290
8100
2097
66450
2802
2323
2351
2283
2047
2383
16530
2196
2708
106988
2937
7558
2288
10432
2362
15994
2247
2311
2275
5029
3512
2100
2237
2153
2203
2591
2474
2626
78421
53926
3189
197549
106626
131900
3936
2871
235417
4570
34378
8794
2419
2158
3362
190852
3882
3411
2132
2539
2082
3717
129984
3281
126387
6282
3507
2471
2359
2342
2397
2642
2890
180384
3867
2334
2411
2439
2269
2980
97243
3223
2614
2669
3570
2674
47227
111549
3729
5811
2370
2421
3620
2314
2949
17246
2436
4425
2452
2440
2262
2557
2191
2098
2249
3178
228317
4251
293883
7616
3586
300690
3963
17446
2534
83596
5270
6104
2251
2333
3502
248328
3987
3890
84921
37701
194870
3836
2157
2404
1984
2033
2578
30534
96353
190763
3724
20367
2276
2128
8055
2503
2075
2215
2206
2354
15100
2479
52143
3987
243571
10496
18072
2285
16529
2640
2077
2059
2309
2142
2128
15650
2469
2299
51818
38796
2346
536364
4450
3972
5411
3274
172408
232522
5990
58686
3531
5334
2167
2880
319888
2213
2417
2304
2566
249201
18899
4451
27194
3102
2341
8028
2155
2603
2189
2399
86550
2914
2291
360982
55323
3081
64155
2423
2242
2235
2345
2778
2100
2015
2208
2252
2696
3471
3921
2294
10472
222494
4140
2111
9608
2100
2143
2323
2790
152690
3543
4732
2385
39650
187248
138047
2609
2315
1957
2310
5136
6317
1936
1905
29659
2767
2430
1886
