49242
11376
13490
11885
25580
11416
11005
11030
11359
12151
15318
10712
11924
486024
17635
32456
2346813
18323
520264
14094
12518
43687
11211
367170
14687
12875
12535
11947
10988
12532
88948
12586
15306
561305
15456
42037
12767
57301
13184
82631
12225
13530
12730
26926
19855
11468
11461
11267
11468
13657
13371
14621
415565
297154
16013
1051125
581020
695056
21489
14717
1257727
25774
180103
45998
13181
11530
18504
1016206
20671
17623
11390
14733
11484
19032
701850
16947
683126
33353
18187
12487
14033
12198
12897
13443
15029
944741
19994
13022
12742
13610
12520
16418
521235
17127
14663
14870
21254
15120
263253
579220
20292
31983
13429
12747
19513
12314
15408
92063
12226
23330
13735
13244
12562
13046
11254
10792
12744
16468
1214713
22710
1565054
40230
17217
1616481
21523
90521
13525
438444
28817
32103
12687
11925
19248
1290085
20440
19963
418278
200510
1060799
19860
10697
12380
10429
10833
13890
158322
494238
1023862
19611
109131
11305
11934
41369
12969
10735
11179
11651
13221
77061
12659
274329
21062
1276775
54960
93617
11741
84932
14651
10850
10715
10880
10253
10619
81750
11708
12308
272982
198710
10995
2824058
22249
20550
27882
17727
891463
1223902
33229
312454
17714
28249
11689
15355
1666679
11745
13361
13385
12176
1320510
96235
23741
145292
16147
12363
41563
11718
14251
11685
13641
455404
14419
12580
1904491
294122
16712
331867
12666
10928
11387
12275
14458
11389
11771
12571
12212
15253
18234
21197
12493
56657
1156150
22356
11891
50905
12113
11012
12474
15273
799928
18336
25941
12855
206321
991461
720698
13718
12221
10423
11952
27770
34648
10372
9498
158802
15369
12519
8859
9068
2135
2556
2184
4718
2124
2099
2072
2153
2242
2962
2054
2243
90266
3275
6057
438497
3442
97745
2658
2383
8139
2134
67086
2764
2337
2283
2184
2056
2222
16809
2326
2743
106400
2956
7849
2418
10482
2444
15812
2314
2446
2330
5093
3718
2176
2147
2045
2197
2579
2442
2679
78688
54166
2990
197460
105576
132145
4041
2795
235583
4764
33987
8802
2469
2194
3596
190710
3940
3306
2170
2789
2171
3586
130437
3196
125839
6348
3429
2332
2585
2227
2421
2509
2886
180077
3681
2411
2358
2520
2312
2925
96918
3196
2732
2777
3820
2752
47734
110582
3807
5956
2481
2364
3621
2317
2913
17150
2351
4306
2610
2522
2326
2476
2173
2005
2352
3164
227829
4260
293910
7453
3352
300926
3961
17245
2543
83108
5211
6144
2389
2269
3519
248421
3947
3762
85217
38529
194409
3919
2089
2376
1965
2087
2727
31207
96347
190798
3761
20431
2218
2245
8000
2495
2091
2204
2233
2460
14865
2361
51966
3896
244457
10595
17975
2207
16461
2722
2100
2061
2129
2011
2079
15655
2303
2330
51676
39191
2122
536627
4359
4015
5294
3333
174223
232611
6160
58699
3404
5508
2241
2817
319833
2232
2543
2478
2333
248134
19086
4429
27575
3083
2345
7833
2168
2695
2203
2483
86825
2718
2345
362102
55362
3180
63851
2356
2213
2189
2313
2647
2112
2143
2269
2225
2758
3419
3984
2272
10554
222073
4148
2223
9540
2153
2101
2338
2797
151728
3404
4780
2407
39307
187046
137951
2628
2315
1953
2303
5308
6551
1914
1788
30249
2940
2405
1725
