49098
11424
13567
12182
26040
11275
10477
11947
11149
11911
15247
11760
12050
487128
16513
31575
2352913
18821
515967
13646
12064
43224
11136
363492
15460
13164
12283
12665
11244
13180
86521
12546
14048
560101
15137
41071
11868
56826
12957
83654
12229
13218
12731
25975
19263
11219
11960
11799
11473
13867
13267
14261
419519
296564
16399
1052094
587800
690703
20942
14614
1261279
25874
181361
45472
12809
11815
17580
1017430
19866
18565
11148
14185
11278
18139
701651
17376
689487
33974
17512
12693
12996
11735
12550
13370
15240
946353
20730
12831
12256
13615
12479
15960
525470
17389
14138
14960
20937
14497
266233
586903
19327
31059
12910
13199
18736
12750
15734
91493
12619
23941
13195
13039
12196
13067
11751
11528
13045
17267
1221051
22932
1567008
40230
18232
1608520
21290
91080
13197
440758
28689
31418
12084
11778
19870
1283344
20438
20488
418873
196586
1065466
19182
11800
12411
10914
10460
13103
156610
494272
1022643
19476
108566
11965
12525
41428
12559
10044
11483
11364
13254
77398
12549
274698
20446
1267726
54306
93483
12255
85108
14395
11163
11236
11307
10413
10934
83006
12175
11717
273005
197985
12350
2819052
21610
21642
28304
17275
882946
1225273
32734
314439
17301
27802
12429
15075
1667644
11603
13069
13166
13219
1329931
96126
24122
142972
15824
12319
41336
11395
13895
11272
12964
453197
15115
11776
1907203
293926
16192
333194
13433
12037
11478
11879
14297
11511
12164
11524
11554
15699
18601
21471
11470
55086
1165922
21876
11868
51236
11621
11408
12258
15200
797780
17902
25210
13576
206027
995218
717074
12780
11825
10511
11441
28681
34454
10741
9641
156938
14720
12757
9479
9026
2095
2600
2259
4755
2096
1981
2265
2102
2209
2925
2197
2266
90654
3084
5920
440034
3519
97052
2553
2284
8096
2103
66681
2864
2392
2279
2303
2074
2381
16392
2330
2573
106465
2903
7672
2268
10458
2421
15979
2318
2407
2335
4993
3572
2114
2263
2186
2211
2614
2430
2640
79495
54285
3022
197775
106436
131125
3925
2784
236179
4721
34125
8672
2368
2216
3422
191183
3795
3543
2099
2703
2138
3413
130538
3248
126756
6499
3365
2354
2394
2171
2391
2550
2932
180685
3824
2339
2255
2533
2319
2825
97891
3200
2596
2752
3792
2641
48418
112146
3612
5754
2383
2373
3489
2403
2931
17105
2445
4423
2531
2467
2305
2523
2221
2119
2375
3298
228699
4284
294134
7451
3512
299531
3954
17312
2461
83708
5217
6101
2307
2258
3610
247472
3947
3860
85151
37919
195319
3744
2279
2345
2020
1999
2573
30827
96061
190557
3776
20301
2321
2341
8054
2417
1988
2229
2169
2453
14902
2361
52325
3816
242483
10389
18054
2312
16445
2728
2208
2137
2199
2057
2130
15887
2363
2280
51775
38861
2374
535648
4255
4189
5420
3278
173026
233317
6115
59009
3382
5417
2344
2819
319736
2219
2482
2410
2526
249637
19076
4417
27192
3060
2339
7821
2119
2631
2140
2336
86620
2814
2215
362255
55334
3090
64100
2448
2336
2193
2184
2590
2161
2226
2158
2124
2862
3501
4037
2124
10309
224047
4111
2214
9632
2081
2153
2299
2761
151553
3397
4661
2499
39271
187676
137381
2489
2257
1948
2225
5464
6551
2014
1837
29854
2786
2435
1812
