47993
10649
13160
12519
26405
11923
11347
11608
11785
12206
15106
11579
11727
486896
17038
31954
2356645
19435
518931
13899
12605
42080
12097
365095
15565
13020
12460
12283
11872
13532
90302
12633
14509
562997
15389
40585
12042
56594
12760
82849
11674
13131
12544
25212
19433
11317
11818
11668
10658
13603
13166
14412
417361
296491
16918
1047001
582400
691618
21048
14441
1251738
24951
179111
45700
12437
12299
18058
1017625
19383
17687
10411
13273
11719
18712
699106
17339
686495
33332
17967
13017
12873
12537
13318
13097
15732
944170
20292
12782
12437
14015
12817
16533
524249
18268
14740
14530
20788
14891
262539
588237
20110
31485
12967
13524
18391
13049
15881
93739
12468
23012
13522
12848
11789
13517
11746
11714
12844
17057
1218463
23482
1557840
41217
18206
1615319
20504
92308
14035
438032
29935
32654
12863
11771
19702
1285213
20921
19794
416194
196786
1059237
19646
10846
12528
10099
10997
12650
156899
492505
1022788
18878
110222
11571
12221
42428
13252
10614
10903
11344
12479
76778
12997
274046
21136
1274503
55164
93698
12592
84642
13797
11381
10913
11442
10645
10650
80643
11498
11585
272302
198051
12047
2822053
22584
21191
28827
17395
884523
1227642
33503
313972
17556
27952
11963
15009
1667770
12447
13063
12916
12590
1318907
94869
25336
144344
15884
12674
42689
11949
13883
11764
13850
451273
14868
11895
1899095
295086
16771
333901
12660
11052
11896
11967
14717
11082
12024
11794
11419
15219
18553
22057
12347
56430
1163448
22007
11197
51172
11863
11529
12844
14724
801629
18081
25530
13334
206511
994179
725501
13240
12159
10916
12304
28099
34077
10663
9850
157842
14035
12564
8978
8875
1994
2516
2295
4855
2202
2152
2161
2245
2264
2956
2188
2217
90474
3211
5958
440316
3653
97708
2597
2360
7819
2248
66751
2866
2337
2286
2220
2216
2431
17103
2345
2657
106737
2900
7595
2292
10378
2372
15767
2218
2370
2343
4842
3621
2154
2238
2144
2045
2538
2424
2701
79249
54002
3125
196723
105583
131222
3925
2777
234602
4598
33830
8778
2318
2331
3485
191143
3693
3343
1992
2564
2190
3576
129985
3295
126127
6364
3417
2396
2399
2309
2535
2504
3055
180119
3700
2320
2299
2599
2397
2946
97440
3334
2709
2658
3782
2655
47610
112305
3712
5855
2385
2453
3400
2473
2920
17401
2390
4286
2559
2452
2198
2626
2261
2145
2331
3291
228221
4357
292399
7664
3498
300329
3799
17457
2654
83440
5401
6212
2480
2280
3599
247794
4075
3756
84929
37851
194004
3828
2110
2402
1917
2135
2489
30966
95927
190342
3677
20632
2246
2332
8197
2547
2051
2114
2166
2315
14751
2443
51991
3934
244203
10517
18053
2394
16382
2647
2223
2107
2173
2105
2131
15487
2252
2255
51752
39025
2370
536253
4398
4171
5481
3272
173256
233716
6276
58934
3400
5404
2273
2812
319963
2351
2512
2360
2380
248191
18744
4655
27515
3061
2419
8060
2230
2620
2240
2531
86339
2793
2224
360935
55543
3189
64215
2345
2204
2237
2226
2666
2115
2193
2167
2085
2750
3477
4139
2289
10504
223496
4079
2109
9609
2115
2168
2380
2670
152215
3384
4687
2453
39423
187373
138944
2566
2288
2052
2342
5415
6433
1985
1888
30000
2664
2415
1740
