49032
11877
13158
11699
26275
11739
10884
11350
11533
12618
15606
11734
11535
489813
15863
30826
2348529
18238
518240
13148
12279
42431
10610
361395
14891
12414
13032
12652
11079
13643
88402
11975
13892
562789
15225
42602
12476
57608
12849
84527
11462
13629
12532
25266
19150
11504
11891
11665
11113
13568
13334
13901
419220
298771
16531
1055161
583438
694846
22184
14867
1263102
25074
180830
46380
12552
12015
19194
1020521
20448
18253
11449
13843
11558
18644
699184
17411
684077
33352
18605
12555
13291
12637
13699
13174
15638
947129
20593
12942
13155
13439
13114
16493
522867
17901
14554
15215
21573
15328
265211
583957
20480
31953
13922
13112
18497
12695
15565
92699
12666
24780
12526
12560
12144
12990
11349
11574
12048
16394
1219141
23046
1560209
39881
17149
1607483
20950
90351
13841
442218
28930
31125
12113
11996
19019
1292898
21409
19912
415468
196997
1063175
19134
11027
12242
11025
10859
13049
156653
493123
1022024
19400
109433
11122
11909
41317
12724
10365
11324
11641
12543
77233
13174
273091
21470
1273120
54693
92706
12851
84168
13884
10237
11236
10422
10621
10576
81275
11393
11821
271891
197771
12034
2823354
22165
21678
28782
17510
880876
1222375
32944
314583
17171
27996
12058
15641
1666390
11883
13129
12917
12951
1330464
93866
24002
145200
15921
12387
41762
11341
13579
12179
13727
451484
15055
12713
1902644
292981
16570
331248
12806
11704
11955
11468
14671
11417
11243
11773
11723
15461
18755
21462
12767
56375
1158284
23082
12605
49972
11521
11657
12300
15079
804690
17420
25522
13120
206153
995761
722668
13514
11964
11135
11962
28338
33571
10767
9708
157628
14772
12189
9780
8995
2231
2547
2171
4826
2197
2063
2146
2163
2350
3030
2247
2222
90838
3002
5746
438989
3448
97441
2471
2324
7965
2054
66077
2809
2289
2408
2247
2078
2436
16693
2247
2540
106796
2875
7908
2347
10591
2363
16139
2192
2460
2288
4868
3558
2171
2278
2137
2115
2585
2477
2596
79343
54595
3079
197724
106033
131995
4128
2815
236559
4619
34148
8866
2361
2283
3718
192055
3898
3496
2150
2654
2198
3485
130173
3260
126003
6345
3575
2304
2513
2335
2573
2481
3014
180620
3777
2372
2406
2525
2413
2947
97114
3304
2705
2786
3852
2757
48062
111481
3842
5886
2573
2397
3436
2396
2889
17272
2439
4632
2388
2382
2254
2536
2165
2154
2217
3169
228378
4331
293137
7393
3311
299263
3873
17086
2607
84023
5152
6047
2309
2315
3480
248769
4109
3720
84828
37963
194710
3726
2123
2353
2090
2072
2549
30946
96113
190577
3764
20521
2172
2216
8052
2462
2044
2202
2238
2335
14945
2462
51862
4008
243745
10504
17815
2431
16450
2673
2019
2180
2026
2084
2086
15565
2270
2291
51642
38808
2362
536021
4353
4217
5460
3285
172635
232419
6159
58915
3362
5453
2300
2907
319553
2264
2484
2352
2462
249897
18625
4413
27698
3057
2313
7905
2108
2561
2312
2481
86243
2788
2345
361848
55052
3143
63601
2396
2289
2271
2124
2659
2150
2077
2165
2139
2798
3533
3969
2338
10569
222855
4326
2318
9463
2084
2195
2297
2756
153011
3298
4741
2450
39315
187839
138562
2578
2284
2066
2339
5476
6395
2011
1826
29869
2776
2332
1853
