48248
11733
13676
11915
26842
11769
10940
11597
11437
12067
15776
11910
12192
482975
16032
31408
2347443
17753
518618
13908
12056
43578
10931
366642
15132
13076
13222
11964
11289
13263
89441
12306
14124
559427
15353
41868
12316
57586
12456
84192
12056
13477
13103
25990
19460
11566
12169
11590
11549
14018
13657
14260
419074
297183
16772
1049788
580219
695203
21254
15156
1260422
24331
181068
46228
12926
11742
17917
1024986
20725
18106
11672
13386
11460
19168
698723
18313
684984
34148
18324
13072
13165
12159
12822
13315
15553
946929
20831
12755
13403
13710
12295
16575
522991
17123
15017
15498
20808
14425
262257
582404
19994
30538
12644
13631
19600
12100
16110
92869
11837
23095
13143
12431
12212
13578
11552
11003
12163
17043
1213418
22623
1560523
39854
17537
1611563
21943
91041
12926
441509
28923
32260
12342
12060
20038
1293785
20269
19529
418146
196648
1063255
19773
11679
12078
10916
10694
12949
157784
494431
1024045
18824
108356
10952
11893
40732
12766
10427
11415
11461
12691
76727
13491
275168
21233
1270503
55297
91793
12212
85953
14117
10602
10915
11131
10602
10982
81950
11622
12097
272333
195339
11880
2833649
22214
20809
29150
17511
888262
1222715
32350
311976
17362
27748
11947
15081
1670069
12036
12754
13355
12998
1327014
94972
23896
145127
15373
13046
41742
11270
13756
12656
13462
456609
15050
11797
1901678
296090
16918
330987
13288
10989
11218
12199
14989
11475
12052
11508
12153
15809
18301
21135
11850
56388
1166860
22195
12104
50677
12118
11332
12816
14961
796349
19404
25942
12867
205850
993823
719093
13508
12251
10278
12056
28281
33065
11086
9976
156828
14639
11679
9626
8975
2222
2623
2201
4900
2210
2074
2212
2122
2258
3039
2241
2307
89856
3030
5862
438536
3357
97371
2559
2262
8102
2097
67125
2818
2377
2447
2187
2119
2378
16903
2320
2593
106189
2914
7782
2322
10529
2297
16014
2301
2408
2385
5003
3599
2175
2295
2141
2192
2606
2486
2659
79246
54283
3152
197213
105381
131774
3972
2909
236118
4540
34065
8767
2427
2219
3481
192773
3904
3485
2189
2570
2164
3642
130028
3426
126246
6475
3482
2406
2473
2250
2404
2530
2994
180853
3829
2335
2441
2558
2326
2987
97068
3152
2786
2816
3778
2615
47590
111250
3716
5731
2384
2509
3590
2284
3023
17337
2294
4306
2478
2360
2270
2591
2242
2015
2196
3248
227562
4209
292559
7358
3385
300417
4045
17242
2455
83974
5214
6240
2357
2307
3652
249076
3934
3660
85140
37784
195105
3846
2276
2287
2046
2059
2534
31128
96399
190490
3620
20214
2159
2226
7890
2426
2076
2228
2207
2406
14743
2515
52231
3921
242961
10650
17680
2280
16720
2692
2097
2097
2156
2076
2155
15751
2274
2334
51729
38535
2288
537961
4311
4067
5514
3250
173822
232430
6012
58517
3376
5412
2278
2797
320778
2291
2428
2444
2479
249361
18799
4439
27621
2986
2451
7945
2091
2603
2354
2488
87234
2788
2226
361509
55568
3230
63640
2442
2190
2144
2283
2734
2158
2189
2127
2241
2843
3458
3988
2190
10562
223876
4180
2270
9586
2176
2143
2421
2737
151424
3654
4764
2384
39187
187116
137960
2567
2317
1920
2310
5429
6260
2057
1876
29828
2744
2256
1837
