48109
10900
12986
12098
26553
11785
10341
11504
11259
11662
15040
10626
11865
488536
16636
31915
2345811
18618
522676
13318
11773
43353
10712
363909
15109
13400
11827
12372
11568
13516
87999
12556
14838
562767
15092
41148
12181
57534
12684
83341
11730
13216
13135
25586
19911
11248
11959
11544
11093
13962
12779
14290
417606
299880
16499
1052885
586727
696056
21440
15531
1264261
24598
180844
45164
12773
11221
18191
1024295
20779
17255
11310
13824
10696
17742
695150
17207
688032
33280
18409
12415
13307
12080
12647
13101
14897
948165
21203
12820
12964
13632
12495
16162
519986
18067
14367
14342
21364
15321
260829
583518
20088
31515
12678
12888
19629
13072
15839
91671
13153
23470
12839
13208
12183
13150
11104
11776
11981
17362
1215328
22934
1562712
40818
17839
1615093
21348
90942
13339
441543
29431
31225
12306
12386
19226
1293379
21471
20430
419454
197580
1061129
19915
11286
12394
10480
11205
12837
157830
493723
1020492
19212
110239
11668
11947
42410
13726
10808
11186
11636
12476
79369
13080
275556
20787
1273082
54125
91860
12166
85354
14242
10813
11223
10858
10907
10926
80006
12521
11956
270574
197241
11987
2829797
22224
20408
28332
17778
884679
1222567
32064
316071
18232
27477
12145
15110
1666708
12281
12772
12882
12728
1324715
96307
24020
144038
15504
12594
41554
11079
14065
11813
13136
457479
14863
11390
1903893
297529
16288
331541
12865
11170
10378
12074
14975
11322
11717
11869
11474
15299
18367
21550
12392
57208
1160260
22937
11526
50368
11630
11435
12430
14692
803305
18465
25754
12855
206145
993911
722734
12872
12344
10445
12233
28372
33789
10526
9884
156426
14803
12150
9494
8926
2051
2500
2204
4834
2226
1939
2173
2110
2171
2919
2014
2256
90590
3136
5950
438207
3502
98179
2481
2239
8108
2081
66724
2840
2448
2210
2237
2144
2415
16688
2324
2715
106894
2870
7700
2296
10560
2359
15839
2216
2402
2412
4898
3693
2110
2269
2120
2117
2558
2397
2673
79056
54703
3082
197890
106682
132072
3989
2959
236793
4506
34208
8598
2375
2159
3503
192359
3913
3302
2138
2614
2023
3339
129337
3269
126603
6320
3526
2276
2473
2236
2379
2473
2860
180598
3833
2339
2397
2555
2330
2896
96659
3293
2692
2655
3848
2735
47228
111721
3753
5813
2363
2375
3611
2433
2975
17147
2523
4342
2429
2489
2271
2520
2139
2167
2184
3324
228013
4302
293114
7561
3450
301234
3940
17242
2521
83841
5320
6096
2314
2336
3534
249087
4144
3869
85098
38036
194286
3888
2174
2362
1997
2165
2516
31191
96064
189875
3716
20554
2272
2275
8226
2586
2097
2183
2240
2324
15286
2414
52170
3842
243636
10353
17701
2301
16555
2712
2159
2130
2142
2102
2140
15386
2422
2319
51272
38817
2315
538258
4390
3964
5387
3292
173211
232674
6007
59282
3538
5446
2318
2820
319954
2296
2436
2373
2442
249259
18983
4518
27451
3001
2409
7847
2079
2665
2190
2412
87180
2813
2177
361936
55932
3108
63742
2384
2174
1959
2218
2729
2138
2114
2202
2058
2762
3467
4025
2279
10651
223310
4208
2141
9523
2116
2183
2318
2702
152510
3444
4788
2387
39278
187483
138355
2507
2329
1939
2374
5409
6396
1951
1882
29771
2827
2302
1833
