50337
11570
14325
12088
25626
11482
10563
11621
11232
11935
15931
11874
11977
486992
16249
32088
2358024
18901
518631
13555
11840
42285
10496
361487
15820
12521
12277
11915
11549
12516
87833
12232
14642
564698
14984
40807
12063
57730
13237
84443
11480
12899
12439
25636
19270
11295
11709
11460
11071
13910
12733
14440
418664
296715
16885
1053912
584181
693819
21180
14817
1260046
25415
182581
46212
12551
11290
18094
1017849
19934
18288
10813
14191
10538
18115
697800
16880
683704
32621
18234
13489
13310
12277
12214
13366
15209
944576
19963
13165
13088
12878
12191
16745
525330
17376
15055
14722
20675
14659
260392
585145
20421
32092
12528
12913
18930
12481
15128
92661
13310
24596
13768
12865
12338
13220
11637
11232
12322
17188
1216082
21956
1564017
40550
17182
1609172
22031
90464
13943
443408
29187
32066
12128
11932
20008
1284539
20895
19114
418790
198790
1062223
19535
11603
12282
10826
11134
12618
159085
490828
1019689
18727
108230
11225
12881
41487
12760
11048
11533
11673
13648
77729
13247
273004
20885
1273130
54726
93090
12588
84561
14461
10607
11388
11162
10569
10700
81521
11778
11709
270980
198943
12213
2818185
21478
21140
28390
17987
889607
1225192
32404
316586
18247
28156
12113
15676
1661352
12116
12564
12479
12899
1331746
95469
23415
144277
16044
12086
42046
11300
13724
11749
13461
456855
14570
11695
1898885
290447
16927
336174
12934
11368
11445
12868
15009
11406
12154
11579
12488
15471
18097
22249
12317
57489
1161888
22731
11539
51194
12427
10660
12182
14873
803178
19060
25780
13437
206258
990633
713841
12809
12128
10602
11756
28125
34369
10786
10145
157890
14609
12345
9527
9248
2181
2735
2207
4708
2165
2010
2192
2108
2234
3073
2248
2272
90692
3068
5995
440523
3538
97478
2517
2282
7976
2001
66349
2937
2295
2268
2164
2176
2250
16645
2276
2663
107186
2855
7582
2283
10560
2440
16119
2185
2351
2321
4910
3598
2126
2242
2075
2154
2617
2378
2675
79319
54198
3111
197990
106081
131771
3963
2821
236238
4686
34525
8786
2343
2149
3514
191203
3784
3458
2029
2701
2019
3406
129934
3185
125806
6258
3462
2460
2482
2261
2308
2556
2937
180141
3683
2441
2389
2435
2288
2984
97738
3204
2807
2694
3724
2683
47287
111880
3825
5858
2351
2367
3500
2316
2808
17305
2558
4585
2614
2430
2299
2553
2234
2047
2256
3288
228069
4088
293470
7489
3319
299925
4060
17138
2566
84460
5239
6171
2306
2297
3643
247751
4065
3588
85331
38267
195139
3804
2268
2376
2074
2115
2533
31364
95858
190012
3627
20336
2199
2413
8004
2430
2158
2239
2236
2517
14910
2485
51860
3866
243489
10410
17959
2363
16378
2730
2103
2220
2142
2091
2115
15680
2294
2300
51471
39115
2374
535616
4184
4094
5352
3378
173956
233495
6040
59475
3553
5432
2326
2892
319037
2290
2397
2303
2427
250329
18844
4328
27500
3076
2305
7899
2125
2597
2201
2490
87173
2748
2192
361136
54829
3195
64480
2388
2233
2158
2405
2702
2116
2212
2154
2281
2807
3440
4159
2273
10772
223163
4203
2174
9618
2190
2031
2269
2756
152459
3572
4770
2499
39294
186918
137096
2493
2295
1959
2273
5396
6502
1997
1895
30077
2720
2365
1823
