48398
10992
13755
12370
26915
11656
10352
11714
11589
11797
15386
11768
11910
487728
17317
31396
2345452
18529
519862
13305
12937
43493
10987
363858
15693
11944
12556
12284
11590
12916
88974
12598
14798
560553
15673
41619
12147
56447
13103
84330
12071
12834
12626
24920
19699
10898
11766
11698
11538
13866
13285
14342
416621
295795
16197
1050542
583588
696208
21744
14932
1263343
24784
180519
45837
12873
11447
18424
1019582
20066
17543
10714
14180
11052
18385
700971
17903
686302
32332
18536
13002
13353
12506
12360
13172
15753
944182
20595
12991
13093
12979
12815
16624
523980
17913
14582
15012
22123
15179
264988
584379
19806
31440
13510
12243
19658
12367
15356
92357
12306
23346
12781
12928
12299
13417
11842
11480
12188
16479
1218290
23022
1557091
40133
18009
1612740
22564
91672
13675
438436
29343
33078
12329
12254
19717
1290091
20893
19301
415624
194943
1059184
20264
11339
12794
10763
10554
12830
157443
493747
1020872
19684
109544
11517
11635
41374
12757
10148
11487
11073
13711
77990
12935
274222
20240
1268139
55984
91854
12128
84313
14180
10429
11599
11634
10457
11398
80726
11228
11767
270798
196890
11395
2822162
22847
21351
28482
17337
886360
1224897
32641
312065
17122
28287
12125
15094
1665446
11943
12896
12399
12256
1326020
95604
24189
142658
16149
11990
40820
11454
13564
11631
13067
457973
14934
11974
1900222
294682
16139
333868
12458
11753
11346
12216
14754
11535
11651
11464
11423
15669
18748
22023
12508
57664
1157901
22089
11570
51005
11755
11698
12853
15323
800976
17158
26282
12779
205890
994798
713963
13549
11702
10986
12166
28487
34907
10665
10319
158516
15060
12056
9276
8900
2019
2639
2266
4918
2164
1985
2215
2170
2200
2990
2187
2274
90764
3213
5897
438129
3490
97585
2503
2445
8169
2090
66460
2894
2238
2321
2277
2158
2317
16728
2347
2642
106279
2942
7751
2305
10326
2418
16103
2288
2355
2316
4794
3651
2073
2246
2142
2198
2625
2482
2667
78878
54104
2979
197325
105986
131847
4048
2854
236305
4576
34025
8696
2424
2177
3595
191375
3783
3318
2007
2689
2137
3460
130328
3373
126201
6188
3527
2388
2481
2277
2356
2485
3029
179892
3760
2349
2392
2411
2417
2952
97400
3282
2682
2729
3983
2722
48059
111371
3652
5851
2486
2263
3648
2317
2892
17413
2382
4331
2397
2439
2311
2566
2250
2066
2246
3145
227842
4311
292120
7422
3506
300336
4108
17368
2619
83129
5276
6403
2345
2328
3648
248246
4036
3621
84533
37550
193838
3899
2207
2409
2063
2048
2520
30972
96224
189984
3772
20480
2251
2232
8047
2427
2002
2217
2150
2568
15019
2453
51954
3756
242686
10722
17688
2274
16471
2719
2053
2223
2228
2073
2238
15470
2208
2281
51466
38824
2226
535708
4486
4159
5363
3285
173288
232876
6099
58498
3295
5461
2265
2793
318866
2259
2431
2320
2346
249431
18979
4502
27106
3123
2268
7711
2133
2570
2207
2371
87106
2773
2274
360788
55585
3042
64183
2317
2317
2155
2304
2664
2149
2114
2117
2117
2840
3499
4100
2322
10794
222283
4158
2133
9587
2109
2202
2388
2817
151981
3228
4838
2365
39349
187735
136979
2590
2249
2026
2360
5445
6579
1999
1955
30174
2853
2299
1763
