48273
11327
13435
12709
26339
11572
11316
11602
11550
12156
15344
11245
11844
486763
17006
31253
2354029
18265
518078
13515
12616
44045
11262
365444
15202
12239
13112
12194
11356
12604
88879
12775
15080
560680
15313
42811
12316
55846
12460
84242
11720
12781
12565
25685
20086
11367
12129
11514
11356
13619
13271
13759
414835
299236
17028
1052664
582246
694422
21061
15173
1261363
25212
181196
46450
13303
11790
17900
1019604
20192
18332
11082
14390
11358
18659
693080
17591
692673
33411
17886
12554
13176
13143
13213
13065
15715
949477
20188
12365
13171
13039
12362
16890
523961
17832
15119
14754
20251
14885
264852
587360
20114
31038
13118
13068
18984
12812
15567
92800
11889
24036
13453
13134
11874
13839
11514
11794
12762
16598
1224161
22779
1559647
40346
18046
1605294
21359
90551
13735
439719
29677
33577
12540
12249
19663
1287762
21076
19748
414077
196353
1064775
19714
11415
12070
10470
10426
13254
157946
494329
1027895
19753
109011
11009
11744
41483
13441
10664
11208
11369
13457
78683
13469
276115
20523
1274021
55231
93130
12562
87156
13864
10956
10834
11153
10863
10757
80688
11554
11384
271525
196678
11733
2825009
21751
20372
28920
17247
884121
1225716
32813
317050
17852
28144
12174
15475
1660625
12094
12718
12724
12597
1320809
93384
24550
143703
15972
11872
42724
11588
13378
11977
13532
455402
15647
12447
1902418
294504
16756
331847
13105
11162
12072
12509
14889
10930
11714
11724
11321
15565
18234
21255
12256
56816
1157250
22047
11884
50456
11654
11234
11639
14996
805860
18748
26186
13019
207859
995386
720763
13167
12089
10458
12779
28851
33724
10167
10012
158988
15196
13067
9112
8931
2114
2564
2351
4833
2165
2159
2165
2137
2203
2977
2151
2221
90798
3201
5782
439934
3418
97253
2525
2387
8210
2148
66969
2821
2236
2409
2225
2100
2270
16832
2357
2756
106365
2910
7926
2310
10193
2359
16088
2216
2361
2285
4887
3698
2123
2309
2106
2178
2531
2419
2575
78518
54670
3112
197418
105626
131683
3963
2884
236655
4657
34203
8837
2482
2208
3518
191669
3794
3454
2088
2705
2156
3557
129089
3349
127326
6365
3427
2348
2444
2391
2510
2435
3005
180921
3705
2330
2403
2424
2339
3005
97256
3261
2784
2729
3706
2686
48070
112146
3732
5767
2462
2408
3508
2387
2902
17311
2316
4466
2541
2480
2219
2671
2224
2169
2339
3215
229474
4267
292419
7516
3473
299449
3944
17169
2597
83653
5284
6547
2374
2364
3586
247906
4056
3741
84360
37720
195187
3851
2248
2290
1983
2035
2589
31159
96386
191664
3792
20474
2149
2243
8012
2585
2071
2170
2161
2507
15103
2480
52351
3844
243979
10539
18000
2380
16967
2625
2163
2113
2158
2132
2139
15478
2242
2160
51729
38757
2293
537021
4242
3946
5496
3281
173280
233513
6154
59295
3518
5507
2326
2888
318630
2300
2455
2366
2374
248403
18513
4564
27355
3090
2256
8071
2165
2526
2282
2487
86803
2884
2315
361649
55414
3168
63774
2441
2187
2304
2305
2719
2074
2142
2159
2095
2838
3468
3958
2240
10693
222771
4124
2220
9523
2092
2131
2224
2724
152849
3528
4821
2450
39558
187164
137948
2552
2331
1914
2467
5518
6350
1897
1896
30149
2849
2482
1779
