48897
11678
13867
12246
26628
11326
11595
11338
11144
12271
15326
11190
12153
486729
16511
30648
2358536
17903
518294
13494
12125
42778
11097
365292
15360
12674
12172
12289
11508
12909
88730
12323
14204
559152
16109
42724
12150
57590
12945
82206
12149
12519
12318
25840
19197
11635
11746
11129
11397
14040
12883
14065
419196
301835
15896
1056919
581270
694323
21674
14072
1263642
24997
181799
45779
12601
11188
17934
1017299
20059
17918
11093
13604
11449
18620
700395
17179
688480
32357
18237
12820
13002
12946
12919
12802
15410
949275
20089
13107
12634
13404
13361
16533
520444
17566
14922
14941
21636
15509
262563
582911
20811
31957
13127
12575
19976
13059
15340
92943
12048
22913
13358
12642
11835
13086
11640
11125
12268
17173
1217413
23337
1561123
40063
18428
1614380
21724
91363
13892
438349
28944
31292
12341
11436
18549
1283789
21446
19852
418133
198455
1060896
19998
11533
12573
10071
10470
12198
156969
493199
1023741
19320
107572
10674
12091
42241
12819
10618
11297
11632
13111
77927
13614
273355
21057
1269851
55436
92908
12593
84439
14451
10088
11046
10409
10947
11002
79360
10953
11841
270463
197792
11690
2816063
22312
21354
29382
17621
882716
1219640
31880
311944
16992
28424
11344
15307
1669148
12063
12679
13264
12530
1327218
94722
24797
144625
15908
12551
41693
11268
13999
11970
13983
455854
15300
12162
1904753
293292
15871
333481
12211
11055
11230
12137
14122
11115
11880
12217
11794
15218
18556
21680
11958
55276
1164415
22687
11728
50338
11673
11256
11495
15196
806651
18732
26374
12669
207718
990425
715667
12921
11974
10496
11963
28768
34132
10036
9694
153701
15121
11747
9406
8985
2231
2666
2285
4903
2118
2177
2146
2088
2262
2983
2129
2277
90617
3149
5780
440424
3351
97274
2515
2289
8034
2125
66910
2882
2353
2256
2231
2178
2315
16814
2271
2571
106139
3052
7983
2304
10529
2446
15665
2303
2284
2266
4941
3561
2160
2225
2040
2178
2648
2385
2615
79446
54989
2949
198592
105632
131662
4028
2692
236474
4642
34428
8714
2369
2110
3477
191214
3813
3406
2084
2590
2154
3503
130376
3258
126696
6162
3474
2382
2454
2385
2424
2429
2925
180970
3712
2391
2351
2500
2476
2957
96837
3229
2770
2750
3922
2794
47545
111401
3855
5929
2424
2308
3638
2441
2851
17293
2334
4261
2535
2406
2218
2499
2194
2081
2273
3304
228047
4383
292778
7414
3560
300506
4040
17287
2627
83347
5203
6118
2333
2192
3431
247484
4084
3737
85028
38226
194348
3863
2213
2359
1891
2020
2401
30986
96165
190498
3687
20191
2118
2291
8111
2466
2050
2183
2202
2416
15018
2546
51907
3937
243057
10633
17965
2372
16344
2739
2014
2110
2009
2137
2172
15272
2185
2300
51274
39006
2286
534814
4358
4162
5547
3284
172904
232204
5914
58689
3321
5531
2164
2881
320156
2287
2417
2433
2351
249629
18744
4579
27545
3089
2403
7885
2099
2642
2297
2563
86894
2851
2286
362240
55279
3028
64086
2268
2211
2135
2273
2610
2076
2169
2231
2155
2762
3459
4098
2202
10336
223353
4219
2190
9478
2123
2161
2190
2802
152909
3515
4914
2377
39538
186833
137263
2507
2258
1970
2313
5554
6498
1875
1831
29331
2824
2283
1816
