49502
11367
13106
11963
26010
11717
11392
10891
11850
11777
15320
11451
12123
485473
16151
32179
2353123
18951
519017
13372
12351
45394
11481
365805
14813
13509
12552
12374
11310
13086
87224
12476
14486
561338
14728
41676
12216
56748
12825
84310
12024
12588
13091
26157
19453
11713
11358
11955
11515
14445
14056
14193
416780
295842
16875
1054052
587886
696308
21206
14563
1260436
24464
181266
45950
13096
11541
17341
1016583
20779
18043
10607
13909
11533
18767
699446
17767
685351
33095
18302
13462
13115
12581
13085
13177
15749
947881
20307
12603
13102
13180
13078
17026
527189
17802
14412
14438
21011
15449
262780
580338
20023
31173
12881
12394
18822
12415
14951
92400
12635
24341
13165
13319
12262
12778
12092
11243
13102
16161
1217424
23100
1561791
39413
17165
1614287
20865
90251
14109
439397
29436
32078
12332
11920
19393
1293823
20566
20365
421033
197304
1058535
19668
11759
12551
10314
10881
13475
158060
495987
1024015
19055
109741
11542
11818
42412
13171
10709
11392
11234
13800
77610
12749
274219
21067
1272637
56031
92365
12445
84940
14498
11226
10573
10978
10686
11788
81011
11082
11645
271400
200111
11840
2829034
22198
21072
29322
17333
878520
1228682
32456
312752
17201
28122
12122
15203
1666593
11900
12931
12863
12494
1325109
97292
24560
143642
15170
12119
41684
11635
13376
11665
13598
453624
15217
12186
1906733
294466
16475
333177
12201
10815
11745
12336
15115
11186
11667
12239
11900
14306
18117
20828
12399
56434
1154604
22293
11737
51623
11453
11566
11668
15863
810229
18575
25109
13471
211055
998017
717861
13328
12149
10598
11737
28355
33454
9843
9619
158129
14998
12583
9013
9129
2126
2523
2201
4790
2178
2149
2040
2212
2181
2972
2156
2268
90312
3056
6027
440083
3546
97408
2494
2378
8424
2198
67103
2753
2473
2347
2239
2117
2370
16413
2303
2643
106405
2801
7707
2311
10446
2351
16120
2267
2277
2377
4971
3606
2181
2176
2186
2205
2671
2572
2590
78885
53994
3118
197893
106857
132032
3986
2771
236184
4558
34314
8742
2423
2231
3337
191141
3946
3419
1991
2650
2185
3565
130169
3358
125824
6283
3482
2478
2453
2316
2475
2511
2984
180631
3723
2313
2413
2462
2461
3060
98143
3243
2701
2692
3796
2769
47670
111098
3723
5821
2401
2282
3437
2361
2799
17301
2481
4461
2479
2498
2281
2483
2306
2089
2407
3124
227940
4319
293125
7325
3322
300376
3849
17151
2659
83572
5272
6181
2322
2317
3568
248770
3952
3794
85773
38007
193976
3825
2268
2390
1954
2130
2635
31040
96606
191073
3707
20596
2248
2214
8147
2529
2098
2213
2141
2536
14916
2354
52188
3889
243549
10724
17743
2366
16486
2727
2229
2047
2123
2079
2284
15593
2202
2259
51601
39396
2280
537269
4350
4071
5584
3265
172133
233712
6064
58651
3345
5445
2322
2824
319972
2250
2448
2347
2379
249145
19325
4538
27359
2969
2297
7880
2146
2569
2220
2495
86502
2855
2317
362621
55402
3128
63863
2246
2155
2228
2267
2717
2117
2164
2232
2197
2612
3458
3936
2261
10551
222218
4184
2174
9710
2049
2180
2203
2871
153628
3530
4603
2500
40297
188020
137652
2566
2301
1988
2285
5437
6393
1836
1821
30039
2819
2418
1750
