48928
11344
13957
12248
26543
11500
11452
11335
11308
11744
14980
11971
11946
487801
16703
31355
2355012
18150
514738
13713
12002
43144
11266
363681
14821
12919
12844
11917
11739
13227
85319
12197
14424
561242
14791
41123
12622
57545
12961
82204
11497
13073
12714
25731
19157
11338
11934
12076
12134
14206
13201
13994
416688
297282
16330
1056100
581505
696943
21348
14469
1253965
25099
183419
46596
12139
11514
18485
1018447
20752
18025
11427
14391
11109
18572
697365
18028
686665
34194
18215
12451
13479
12325
12800
12809
15604
944989
20066
12817
12663
13394
12929
16539
523485
18276
14368
14947
20838
15355
262733
584541
20345
30158
12304
12821
19037
12408
15024
92401
12778
23987
13211
13615
12089
13307
11780
11628
12385
16273
1215747
22442
1561696
40093
17363
1611836
21785
91690
14016
439353
29169
32467
12414
11853
20079
1286888
20935
20410
419854
197194
1058031
20220
11174
12532
10543
10860
12904
160185
490744
1021693
20070
108001
11045
11696
40352
12954
10731
11286
11507
13343
77895
12663
273772
21372
1271438
55595
94035
12324
83829
14404
11236
11186
10697
10328
10763
79717
11852
11628
269954
197408
11698
2823921
22380
20756
28694
17589
888302
1226649
31753
311048
17549
28465
11350
15780
1666328
12067
12284
13655
12824
1333121
94369
23523
143655
15382
12388
41511
11413
13574
11593
13546
456797
14838
11439
1901824
295658
17248
334456
12698
11209
11283
12011
14812
11026
11313
12065
11898
14836
18836
22519
12007
56880
1155085
23285
12133
50787
12270
11812
13094
15618
800723
18497
25333
12565
207158
996692
719822
13320
12667
10761
12043
29221
34029
10924
10302
156146
14969
12626
9668
9007
2115
2678
2255
4883
2132
2134
2153
2136
2184
2922
2263
2252
91072
3143
5854
440300
3426
96749
2538
2280
8074
2137
66499
2744
2435
2376
2164
2196
2404
16214
2290
2585
106545
2811
7699
2386
10526
2423
15715
2204
2379
2335
4914
3561
2131
2256
2214
2307
2638
2427
2564
78935
54329
3031
198577
105808
132530
3949
2744
234600
4623
34597
8846
2258
2206
3545
191430
3925
3445
2171
2728
2122
3493
129771
3398
126574
6472
3456
2337
2558
2248
2396
2448
2989
180163
3637
2354
2309
2505
2414
2922
97285
3329
2675
2691
3785
2776
47579
111650
3792
5655
2268
2341
3533
2370
2795
17197
2475
4464
2517
2554
2275
2534
2240
2149
2268
3119
227802
4242
292926
7417
3384
300124
3998
17393
2675
83509
5219
6265
2305
2227
3649
247997
4028
3848
85462
37934
194207
3900
2183
2387
1985
2076
2529
31440
95870
190546
3850
20280
2186
2194
7804
2514
2113
2201
2225
2449
14845
2367
52011
3968
243313
10666
18080
2314
16355
2753
2234
2150
2074
2009
2135
15214
2352
2238
51389
38814
2267
536842
4346
4049
5412
3286
174015
233347
5952
58481
3438
5546
2183
2961
320023
2307
2343
2501
2454
250604
18736
4396
27333
3010
2326
7893
2139
2616
2198
2443
87229
2761
2167
361451
55785
3259
64284
2357
2212
2143
2248
2693
2066
2082
2210
2172
2710
3545
4213
2203
10659
222315
4310
2260
9566
2212
2236
2451
2833
152174
3472
4678
2363
39446
187908
138004
2536
2376
1999
2319
5583
6432
2041
1933
29802
2831
2415
1868
