48192
11011
13371
11954
26682
11702
10684
11305
10636
11539
15643
12126
12327
487841
15928
31031
2354703
18544
518291
13805
12649
44135
10665
363664
15537
12415
12144
12596
11586
12854
88463
12499
14603
563694
15423
42042
12139
55405
13459
83527
12181
13094
12864
25472
19855
11786
11530
11692
11625
14405
13648
13900
415848
297645
16497
1054832
585551
691486
21549
14411
1261300
24533
180861
45880
12026
11870
18340
1014873
20862
17996
11022
14243
11827
18656
701370
17484
686490
33054
18223
13179
13772
12881
13054
13393
15249
946759
20113
12421
13651
13147
12707
16267
521846
18526
15364
14370
21517
14858
262501
582867
20165
30366
12602
12242
19218
12401
14854
91425
12222
23672
13397
12915
12284
13039
11249
11347
12459
16575
1222302
22151
1562599
40754
17069
1610511
21613
89359
13498
439462
28658
31250
11602
13111
20177
1288350
21097
19611
418052
197971
1057721
19305
11268
12124
10184
10638
12792
158094
492453
1018143
19354
111286
11278
12030
41693
12211
10939
11309
10977
12975
77745
13235
272211
21486
1267138
55452
92656
12223
84222
14673
10589
11036
11338
11036
11229
81649
11891
11720
271793
200477
12066
2830137
21809
21005
29106
17945
882672
1227118
32235
314539
16937
27341
12320
15379
1664864
11983
13297
12994
12282
1320143
95329
23934
141706
15630
12027
41373
11114
13814
11303
13777
453988
15437
11611
1894157
294080
17228
332408
12477
11091
10805
11771
15204
11382
11906
11978
12018
15237
18035
20935
12702
57494
1163030
21886
11702
50910
11844
12390
12447
14800
799946
18177
24992
12901
206583
994880
720960
12804
12135
10615
11928
27999
33565
10750
9964
156437
14721
11788
9125
8888
2063
2571
2240
4857
2171
2013
2103
2012
2158
2992
2269
2312
90598
3016
5839
440032
3483
97335
2572
2388
8321
2044
66462
2891
2293
2248
2260
2163
2346
16741
2311
2642
107022
2889
7764
2260
10161
2484
15965
2305
2337
2345
4943
3663
2203
2214
2131
2215
2670
2504
2619
78715
54314
3072
197831
106396
131408
4075
2774
236387
4514
34051
8686
2244
2269
3533
190602
3925
3432
2065
2710
2221
3511
130360
3334
126546
6327
3525
2447
2534
2377
2463
2517
2945
180677
3710
2277
2475
2464
2389
2925
96930
3377
2835
2652
3932
2680
47655
111360
3743
5697
2352
2256
3570
2322
2774
17038
2385
4443
2566
2471
2293
2527
2147
2130
2275
3178
229104
4164
293302
7516
3304
300093
4008
17016
2525
83536
5200
6076
2168
2479
3720
248086
4065
3715
85119
38258
193912
3758
2187
2322
1923
2045
2504
31260
96144
189732
3728
20782
2222
2235
8027
2340
2134
2217
2120
2420
14957
2478
51793
3961
242836
10650
17715
2276
16359
2780
2120
2115
2215
2173
2238
15628
2338
2301
51648
39445
2359
537297
4314
4068
5526
3340
172652
232953
6100
58980
3298
5335
2320
2880
319800
2280
2514
2389
2343
248279
18920
4445
27082
3050
2251
7858
2080
2624
2158
2480
86581
2884
2184
360355
55304
3245
63858
2324
2194
2058
2228
2758
2152
2179
2214
2206
2764
3420
3952
2335
10763
223601
4081
2168
9586
2128
2334
2339
2732
151974
3437
4663
2397
39312
187438
138292
2502
2322
1983
2312
5390
6337
1999
1853
29751
2799
2281
1754
