50074
11679
13555
12136
25835
11908
10434
10992
11266
12299
15074
11761
11532
488304
16154
31328
2351102
19133
515805
13492
11922
43242
11381
364294
14506
11688
11859
12184
11429
12504
88637
12537
14843
560008
15532
41440
12678
57396
12582
83853
11559
13528
12628
25616
19112
11248
12052
11782
10540
13862
12976
14097
419980
297044
16413
1052153
581143
694949
21403
14450
1260452
25239
181370
45403
12584
11888
18676
1019757
20177
18114
11438
13576
10963
18382
697252
17289
689354
33050
18516
12617
12729
12175
12501
12784
14379
945706
20967
13017
12914
13528
13030
16518
526553
17756
14478
14534
20946
15925
262944
583026
19419
30759
12745
13757
19142
12862
16396
92431
11822
23842
13692
12733
12120
13257
11497
11007
12798
16252
1216023
23223
1565631
39417
17611
1605250
21306
91317
13225
441665
29420
32506
12136
12299
20708
1288199
21129
20233
420354
197784
1058148
19538
11537
11763
10909
10615
12882
157663
492958
1023120
19167
109921
11495
12588
42091
12657
10980
11662
11320
12923
77009
13427
276584
20902
1274315
55089
93374
12635
85946
14628
10867
11614
10678
10252
10866
81568
11769
11610
270269
198483
11478
2817664
21139
20938
28573
16316
883689
1225723
31700
312401
18184
27925
11894
15858
1669598
12451
12707
12930
12645
1324557
95374
24484
145758
15284
12215
42050
12225
13567
11892
13347
456955
14958
11876
1902838
293347
16698
331348
12326
11119
11726
12068
15049
11448
11616
10936
11624
15245
18376
21192
12177
57405
1160819
22214
11735
51334
11553
11513
12907
15228
798558
18600
25683
12577
205632
992183
715941
13449
12132
10251
12129
28664
34045
10995
9714
158169
14097
12388
9486
9232
2214
2623
2260
4759
2213
1982
2065
2131
2292
2907
2233
2220
90797
3046
5900
439388
3599
96885
2515
2251
8023
2138
66629
2702
2178
2213
2193
2154
2258
16765
2301
2682
106222
2914
7727
2401
10480
2356
15993
2240
2443
2295
4946
3576
2118
2284
2127
2023
2609
2367
2629
79453
54264
3053
197465
105726
132085
4017
2755
236302
4705
34148
8665
2348
2256
3576
191798
3786
3430
2141
2574
2056
3498
129915
3304
126875
6316
3535
2326
2391
2241
2362
2448
2794
180202
3851
2396
2377
2541
2436
2955
97894
3292
2709
2661
3824
2864
47689
111381
3615
5644
2386
2527
3501
2433
3071
17171
2291
4434
2609
2421
2249
2515
2197
2027
2376
3125
228249
4342
293840
7308
3396
298853
3889
17247
2466
84165
5308
6310
2294
2386
3807
248079
4024
3816
85636
38090
194033
3836
2239
2250
2044
2036
2516
31149
96262
190570
3697
20609
2247
2362
8130
2442
2112
2251
2170
2410
14885
2498
52360
3883
243812
10624
17941
2394
16661
2761
2150
2211
2086
2046
2159
15593
2346
2250
51392
39046
2236
535132
4165
4047
5426
3072
173087
233065
5954
58607
3528
5436
2289
2949
320543
2327
2410
2413
2384
249449
18890
4523
27709
2962
2318
7975
2280
2585
2262
2465
87231
2817
2250
361729
55176
3154
64008
2271
2218
2245
2228
2728
2144
2111
2053
2132
2772
3455
3985
2219
10798
222989
4142
2154
9605
2087
2167
2411
2776
151795
3530
4693
2333
39381
187185
137595
2577
2298
1902
2339
5488
6384
2044
1817
30044
2675
2382
1842
