48646
11529
13963
11756
26034
11617
11234
11488
11831
12046
15657
11368
12281
485930
16389
31150
2357389
19019
518005
13835
12196
43145
11555
366427
15303
13042
12216
12857
12042
12476
89316
12911
13929
559395
15274
40866
12204
57597
12403
82610
11388
13081
13084
25151
19917
11064
11440
11661
11151
14137
12730
13831
416772
295502
15996
1058504
584486
694452
21609
14935
1259916
25623
180108
45198
13023
11413
17448
1022645
21375
17577
10712
13926
11357
18986
701076
17194
683994
32925
18419
13004
13661
12287
12639
12985
14681
948985
20714
12349
13479
13386
13277
16332
522999
17835
15089
14693
20625
15026
263898
578948
20430
32070
13155
12856
18844
12664
15421
90904
12146
23538
12747
12807
12247
12801
11617
11602
12714
16820
1218771
22515
1563524
40536
16953
1614757
22024
92267
14239
439214
28820
31016
12246
12968
19530
1288989
21008
19767
418451
196195
1065557
19760
11123
12159
10332
11048
13047
156906
494314
1026327
18741
110595
10621
11642
41958
12619
10948
11784
11126
13123
78242
12931
276934
21262
1274154
55499
94469
12086
85136
13999
11332
10418
11032
10775
11487
81895
12031
12047
270773
196202
12559
2818876
21440
21233
28235
17098
885987
1220676
33677
314738
17234
28291
12972
15035
1663626
12591
12783
13249
12134
1325330
96385
23954
143026
15998
12452
42362
11463
12974
11398
13784
456113
15234
11752
1907532
294547
17020
332394
13397
10550
11075
11981
15004
11440
11446
12297
11470
15518
19177
20764
11892
56475
1157099
22981
11896
50224
11958
11403
12301
15834
806843
18613
26073
13220
206749
994425
720141
13765
12430
10833
12586
28494
33808
10101
9349
157350
14556
12650
9347
9009
2161
2690
2179
4782
2131
2111
2158
2216
2238
3021
2130
2355
90495
3093
5821
440670
3546
97331
2576
2319
8048
2181
67206
2849
2408
2274
2313
2260
2269
16986
2412
2576
106293
2884
7693
2312
10534
2334
15817
2166
2401
2391
4830
3678
2084
2199
2138
2108
2638
2367
2550
78765
53869
2959
198814
105989
132187
4001
2852
236166
4728
33821
8649
2443
2200
3377
192106
4023
3332
2034
2644
2138
3567
130514
3220
126000
6266
3498
2425
2536
2252
2382
2484
2847
180892
3805
2304
2460
2486
2468
2886
97359
3270
2727
2716
3765
2725
47891
110847
3785
5967
2450
2368
3487
2386
2873
16922
2367
4358
2435
2398
2246
2451
2222
2172
2330
3196
227876
4217
293140
7441
3302
300456
4037
17540
2671
83459
5198
6105
2297
2494
3616
248051
4037
3697
85212
37780
195256
3799
2156
2329
1957
2096
2561
30962
96410
191274
3648
20692
2105
2187
8100
2432
2110
2280
2117
2429
15017
2434
52482
3982
243803
10576
18157
2284
16554
2640
2204
2008
2124
2102
2286
15623
2371
2322
51434
38656
2439
535967
4196
4121
5386
3212
173606
232411
6282
59113
3365
5467
2440
2790
319606
2346
2430
2437
2333
249168
18968
4443
27203
3101
2344
8015
2128
2468
2182
2522
86951
2862
2192
362560
55468
3219
63880
2470
2080
2111
2253
2730
2173
2093
2264
2104
2843
3619
3896
2188
10529
222400
4309
2222
9490
2145
2190
2290
2916
153272
3483
4839
2468
39465
187685
138042
2669
2342
2021
2423
5411
6374
1875
1791
30039
2760
2482
1805
