49253
11906
14041
12452
26473
11455
10887
11482
10983
11767
15841
11456
11901
489809
16510
31658
2347023
18379
521015
13934
11716
43490
10543
364627
15616
12779
12390
12297
11740
12845
89016
12662
14785
562440
15250
41897
11717
57088
12595
83772
11985
12845
13133
24879
19408
11272
12199
11039
11860
13907
13472
14387
415160
297349
16632
1051741
581991
696944
21245
14958
1256988
24850
180592
45473
13119
12189
17639
1016415
21024
17933
11191
13734
10710
18507
697764
17431
681833
33728
18607
13181
13262
12437
12574
12735
14748
945771
20329
13099
12689
13239
12718
16579
526068
17570
15240
14673
21639
15679
262907
581205
19542
31233
12972
12494
19581
12459
14675
91829
12393
24225
13754
13140
11884
13150
11303
11246
12467
16326
1212473
23072
1563865
40292
18264
1612207
21128
89784
13413
442901
28170
32062
11858
12310
18955
1280668
20060
20335
417148
198319
1059526
19679
11701
12191
11059
10689
12709
155656
494254
1020760
19754
109521
11494
11686
41477
12746
10416
11217
11325
13161
78762
13960
273800
20885
1272266
55360
91632
12544
85244
14870
10721
10157
11665
10448
10742
80896
11858
11727
274390
198838
11719
2826104
21878
20965
28213
17361
886168
1223825
31822
311077
17806
28317
12163
15046
1664715
11842
12954
12495
12972
1334332
96065
24644
143780
15759
12682
41234
11756
14111
12371
13005
452400
15406
11410
1903006
296606
16451
335184
12611
11286
11260
11795
14883
10645
11973
11353
11699
15476
18283
21685
12756
56195
1164183
23296
12128
51356
12105
10809
12262
14671
804417
17992
24832
12920
206200
993584
722244
13550
12018
10616
11729
28686
35413
10473
10034
157863
13956
12091
9266
9032
2234
2734
2294
4861
2136
2049
2212
2060
2203
3064
2141
2247
91116
3108
5979
438968
3470
97952
2587
2212
8129
2021
66622
2861
2340
2289
2217
2177
2331
16959
2312
2730
106763
2892
7804
2223
10423
2352
16000
2258
2329
2377
4828
3613
2126
2312
2018
2231
2590
2509
2687
78537
54431
3042
197685
105783
132036
3960
2838
235382
4570
34211
8702
2433
2305
3439
191192
3954
3386
2101
2581
2023
3483
130071
3268
125755
6353
3527
2430
2470
2303
2394
2447
2848
180270
3718
2416
2337
2489
2356
2951
97739
3247
2817
2697
3906
2824
47619
111029
3642
5774
2392
2326
3575
2346
2748
17161
2398
4475
2579
2484
2228
2558
2169
2078
2297
3140
227443
4318
293667
7404
3507
300383
3901
17110
2531
84230
5089
6235
2239
2367
3482
246765
3893
3818
84878
38186
194261
3892
2297
2327
2066
2077
2501
30763
96229
190443
3804
20607
2210
2218
8009
2426
2030
2170
2185
2456
15057
2593
51828
3867
243128
10699
17647
2381
16528
2797
2115
1965
2218
2023
2124
15527
2347
2304
52001
39159
2263
537302
4274
4125
5368
3256
173513
233188
5929
58462
3457
5468
2303
2803
319201
2277
2462
2323
2448
250751
19009
4570
27341
3039
2393
7837
2181
2678
2331
2390
86412
2896
2161
362050
55761
3118
64305
2335
2218
2152
2199
2697
2024
2185
2099
2123
2842
3452
4065
2349
10589
223930
4358
2278
9647
2199
2062
2327
2702
152728
3395
4595
2368
39423
187558
138349
2579
2264
1959
2289
5439
6660
1967
1924
30021
2658
2320
1779
