49874
11501
13535
12120
26442
11887
10620
11325
10804
12344
15492
10938
12023
489712
16665
32564
2354476
20051
519129
13921
12004
43896
11061
362099
14596
12461
12897
12410
11064
12837
88524
12959
14727
557017
15080
42066
12435
56169
13173
83955
11913
13077
12679
24521
19644
11599
12243
11572
11443
14267
13561
14009
417812
296402
16442
1055540
585740
692567
21751
14993
1256380
25047
181083
46996
12447
11546
18172
1017908
20704
18033
10927
13899
10705
18412
701113
17104
692152
32707
18904
12878
13343
13061
12545
13394
16139
948699
20943
12992
12429
13050
12841
16057
520403
17294
14494
14408
21730
15020
262067
584965
19745
31384
13968
12813
18760
13134
15317
93420
12268
22595
13616
13593
12277
12843
11639
11253
12392
16799
1219743
23065
1561503
39800
18112
1612325
21156
89287
14097
439396
29940
31914
12703
12963
19028
1285074
21031
20664
419173
197463
1063751
20172
11861
12073
10385
11178
13237
159695
494644
1021639
19645
109280
11332
11709
42104
13209
10418
11712
11786
12688
79035
13022
272430
20959
1279338
55257
92383
11613
84560
14950
10953
11118
11049
10894
11123
82130
11603
11634
275091
197213
12548
2825155
21673
21603
28187
17866
883418
1222010
32748
313753
17454
27114
11262
14746
1670314
12402
13638
12656
12763
1321194
94268
23334
143869
15841
12481
42218
11454
13804
11109
13422
454592
15590
12687
1904240
293786
17071
334250
12798
11141
11175
11996
14174
10880
11265
12041
11788
15371
17992
21235
12522
55449
1157821
22455
12325
49866
11850
11288
11851
15173
798634
17801
25629
12685
207939
995874
719457
13125
12664
9938
11916
28238
34951
11351
9629
157823
14894
12582
9882
9222
2163
2601
2229
4871
2202
2054
2092
2051
2317
2997
2049
2261
91124
3138
6018
440423
3714
97541
2575
2253
8214
2141
66292
2723
2320
2402
2241
2061
2328
16778
2397
2683
106062
2885
7809
2362
10338
2481
16043
2272
2381
2342
4714
3628
2198
2308
2139
2197
2646
2498
2643
79244
54187
2995
198286
106136
131525
4119
2866
235678
4606
34216
8934
2346
2223
3475
191729
3918
3410
2079
2668
2048
3474
130475
3261
127571
6261
3600
2371
2452
2384
2356
2523
3072
180617
3862
2403
2331
2438
2395
2886
96727
3213
2685
2620
3930
2729
47581
111840
3658
5830
2579
2368
3477
2456
2872
17509
2372
4221
2552
2543
2281
2462
2219
2082
2275
3184
228858
4310
293297
7357
3466
300490
3913
17011
2643
83479
5417
6161
2385
2475
3491
247354
4054
3857
85174
38190
195048
3908
2314
2307
1961
2137
2625
31451
96346
190383
3793
20620
2198
2245
8177
2545
2007
2245
2247
2356
15140
2486
51752
3913
244499
10674
17758
2200
16465
2819
2149
2112
2118
2132
2217
15650
2286
2254
52085
38837
2455
536158
4268
4238
5349
3323
173326
232649
6114
58888
3384
5315
2175
2753
320224
2325
2577
2331
2435
248406
18667
4340
27312
3051
2346
7935
2154
2600
2105
2460
86851
2916
2377
362430
55351
3262
64401
2347
2187
2130
2255
2584
2072
2058
2215
2187
2790
3355
3960
2305
10394
223001
4181
2271
9388
2119
2139
2251
2745
151379
3327
4669
2361
39659
187883
137832
2511
2389
1869
2291
5442
6636
2100
1819
30033
2768
2448
1905
