48767
11558
13505
11629
26414
11656
10852
11338
11021
12428
15084
11848
12308
485171
16149
31829
2352834
18453
515274
13345
12633
43300
11229
363499
15709
12595
12205
12517
11571
12895
86854
12768
14549
562533
14520
41663
11925
57186
12746
85556
11291
12795
12955
25201
19710
10857
11979
11475
11529
13890
12793
13462
414803
296787
16570
1049095
585291
698541
21869
14508
1263041
25052
181222
45285
12377
11970
18211
1022364
20170
18004
11389
13596
11105
18799
702658
17297
693371
32920
18671
13105
13617
12169
13078
13421
15113
942519
20593
12751
12736
12947
12142
15756
524215
17360
15231
15234
20424
15259
262769
584000
19833
31619
12820
12820
19448
12897
14801
92166
12010
23757
13185
12579
11995
13076
12274
11680
12567
16997
1221358
23073
1565134
40215
17599
1611936
21501
90870
13322
441323
29205
31103
12273
12068
19115
1290145
20443
20372
419159
195505
1061689
19167
11542
11874
10587
10228
13146
155955
489704
1023701
19049
109213
11482
11553
40516
13175
10493
11247
11639
13068
78607
12697
273018
21566
1274782
54688
93187
12131
85613
14292
10916
11557
11016
11516
10495
81442
12153
11903
272985
197977
11746
2824742
22367
20776
28560
18076
880964
1225574
32589
312123
16871
28175
11778
14881
1662965
11985
13374
13586
12502
1314010
95789
23248
143988
15788
12423
41578
11388
13812
11747
13919
458412
15049
12005
1900552
294271
16954
332014
12996
11381
11800
12180
15104
11524
11766
11987
11816
14828
18065
20807
12080
57047
1159610
21731
11965
52143
11594
11702
11943
15249
802153
18843
25713
13732
206380
989849
717385
13555
11691
10725
12412
28803
34110
10523
10089
156987
14568
12693
9040
9002
2176
2579
2149
4841
2178
2051
2140
2068
2321
2912
2212
2328
90250
3074
5921
439763
3502
96774
2512
2387
8111
2145
66572
2917
2314
2247
2251
2148
2361
16386
2340
2644
106842
2766
7733
2247
10504
2411
16308
2134
2353
2367
4880
3671
2047
2278
2146
2213
2626
2385
2549
78581
54384
3056
197297
106313
132558
4072
2746
236481
4665
34336
8624
2295
2230
3522
191915
3822
3406
2158
2590
2115
3531
130838
3287
127417
6216
3550
2393
2536
2220
2469
2589
2901
180034
3752
2323
2332
2410
2278
2814
97330
3213
2811
2800
3723
2759
47617
111499
3759
5907
2382
2350
3604
2392
2749
17280
2329
4419
2518
2350
2228
2494
2346
2114
2274
3231
229056
4326
293614
7464
3382
300286
3955
17346
2497
83748
5231
5998
2350
2323
3526
248598
3953
3861
85184
37772
194546
3754
2235
2282
2003
1977
2547
30873
95726
190639
3693
20595
2265
2221
7844
2510
2036
2189
2247
2404
15139
2365
51881
4021
243938
10509
17942
2329
16650
2682
2178
2219
2127
2236
2108
15701
2379
2314
51809
39026
2304
536411
4393
4023
5454
3401
172751
233026
6100
58586
3294
5513
2222
2798
319279
2265
2557
2512
2372
247340
18977
4334
27466
3048
2331
7858
2132
2616
2235
2539
87575
2850
2258
361613
55574
3252
63847
2439
2261
2203
2282
2767
2202
2170
2254
2171
2704
3411
3895
2206
10637
222878
4121
2242
9779
2095
2225
2265
2798
152153
3562
4754
2554
39451
186681
137635
2618
2247
2030
2359
5499
6458
1966
1883
29824
2738
2422
1737
