49035
11648
13783
12115
25430
11357
10700
11984
11804
11845
15934
11597
12236
484485
16358
31221
2347667
18540
516188
13773
12344
42736
11735
366515
15665
12873
12843
12266
11338
12653
88123
12156
14246
561815
15675
40810
12257
57306
12361
83537
11809
12980
12966
26789
19656
11333
11575
12103
11060
13577
12430
14476
417477
296772
16709
1049019
582029
692760
21365
14351
1254782
25857
183476
45222
12614
11229
17966
1016566
20093
17869
11304
13382
12009
19041
699192
17440
687191
33088
18549
12998
13106
12710
12900
12937
15249
952528
20298
12960
12688
13290
12466
16212
526257
17804
15269
14695
20256
14378
261093
584826
19421
31157
13345
13037
19639
12967
15526
92896
11963
23185
13040
13450
12093
12719
11664
11490
12421
16998
1222292
23583
1563550
39220
16943
1615448
20304
91093
13384
441587
29600
32413
11956
11690
19679
1288051
20975
20070
420240
195994
1056139
19632
11380
12518
10824
11094
12853
157883
493388
1022235
19017
110676
11971
11222
42628
12808
11054
11863
11873
12722
78190
13138
272623
20414
1273700
55215
90894
12399
84642
13809
11197
10952
11031
11162
10846
80812
11600
11822
270205
197880
11721
2823128
22778
20825
28524
17224
884143
1231024
32732
314422
18115
28404
12168
14987
1667754
11152
12791
12721
12128
1320988
94980
23919
143531
15750
12518
41667
11161
14768
12336
13481
454914
14643
11582
1905353
294260
16296
331682
12775
10660
11311
12214
15254
11338
11649
11547
11604
14773
18624
22209
12470
56632
1160754
22491
11960
50216
11719
11870
12757
15087
803066
18758
25700
12637
207730
993256
722096
13000
11926
10862
11935
28381
34272
10082
9861
156633
14134
12416
9858
8967
2201
2661
2219
4698
2136
2036
2220
2202
2194
3044
2176
2311
90231
3100
5834
439059
3476
96946
2600
2360
8005
2245
67009
2890
2361
2394
2214
2094
2312
16685
2275
2606
106597
2973
7623
2321
10521
2314
15884
2273
2310
2343
5076
3670
2113
2211
2193
2135
2540
2308
2666
79166
54087
3103
197216
105855
131571
3979
2783
235093
4740
34676
8634
2408
2130
3449
191101
3869
3393
2109
2578
2244
3573
130402
3309
126227
6316
3549
2411
2440
2329
2437
2467
2970
181681
3761
2398
2355
2471
2369
2912
97855
3241
2803
2670
3690
2590
47278
111919
3638
5810
2483
2390
3619
2428
2896
17286
2315
4317
2506
2536
2277
2446
2236
2126
2292
3217
228960
4405
293487
7275
3282
300691
3781
17259
2506
83965
5344
6262
2249
2276
3617
248133
4074
3817
85410
37798
193705
3779
2226
2381
2059
2118
2552
31186
96340
190349
3681
20738
2302
2145
8156
2451
2134
2359
2311
2366
14999
2427
51949
3854
243729
10606
17618
2308
16492
2601
2191
2098
2124
2175
2176
15556
2270
2296
51353
38933
2301
536411
4482
4030
5425
3272
173185
234178
6138
58832
3494
5493
2287
2822
319956
2136
2437
2346
2307
248477
18782
4441
27350
3048
2404
7863
2063
2771
2327
2471
86775
2782
2170
362378
55461
3087
63696
2354
2116
2167
2281
2771
2115
2136
2162
2143
2684
3511
4062
2291
10612
223410
4225
2236
9466
2106
2230
2386
2781
152431
3562
4749
2354
39695
187263
138525
2502
2245
2025
2334
5419
6500
1880
1889
29826
2671
2401
1881
