48835
11316
12963
11340
25504
10999
10456
10681
11633
12457
15233
11748
12495
487636
15716
30898
2350237
18861
520045
13731
12571
43608
10677
364156
14697
12988
12173
11556
11572
12774
88126
12822
14122
561062
15043
40959
12128
56340
12817
85557
11610
12728
12567
25729
18648
11698
11605
11585
11035
13934
12784
14593
417455
295953
16562
1050209
584027
692381
21571
14538
1259676
24838
181656
46354
12680
12311
18021
1015991
19911
18271
10819
13843
10785
18092
698065
17851
686494
33246
18164
13209
13244
12336
12491
12894
15844
944472
20868
12679
12740
13088
13037
15924
525315
16774
15641
14649
20835
14750
264996
581690
19883
32574
12116
12756
19395
12509
14915
91220
12993
23258
12964
13013
12426
13271
11157
11662
12604
16485
1215142
22272
1558686
39703
17853
1607498
21658
91761
13777
443800
29292
32169
12098
12233
19492
1286746
20999
19829
418524
196193
1060651
18962
11697
12309
10169
10367
12942
155255
493474
1020241
19236
108998
11000
12132
42653
13084
10384
10821
11556
13038
77290
13673
272270
21313
1269857
55421
90886
11854
85018
13652
11411
11595
10455
9990
10610
82690
11255
11670
272908
199480
12277
2822694
21974
21225
28233
17283
885176
1226848
31760
310584
17496
28555
12308
15218
1665913
12127
12765
12524
12543
1323795
95118
23766
142674
16128
12305
41363
11835
13988
11426
13021
450373
14790
11898
1906372
291819
17294
334681
12684
10760
11227
12384
14921
11462
12350
11951
11982
15271
18513
21141
11356
55580
1153930
22879
11338
49166
11875
11621
11777
15012
808950
18069
25594
13080
207282
996290
720037
12924
11240
10751
11721
28841
34764
10125
9383
157000
14358
12129
9445
8987
2112
2498
2112
4688
2047
2004
2011
2162
2328
2933
2223
2354
90693
2969
5756
439414
3559
97606
2597
2398
8132
2023
66666
2769
2384
2228
2099
2139
2311
16664
2396
2558
106334
2836
7668
2312
10301
2411
16262
2192
2314
2311
4962
3508
2202
2181
2121
2122
2603
2362
2695
78997
54020
3098
197261
106099
131478
4064
2779
235769
4596
34185
8808
2401
2348
3471
190812
3775
3424
2029
2618
2054
3395
130140
3384
126632
6335
3476
2430
2507
2239
2347
2486
3014
179887
3812
2316
2333
2436
2440
2816
97413
3067
2893
2663
3800
2693
48078
111019
3713
6066
2279
2325
3620
2349
2808
16968
2538
4332
2433
2457
2287
2550
2108
2130
2295
3177
226842
4240
292737
7368
3416
299232
3976
17409
2615
84213
5316
6193
2279
2366
3583
247626
4031
3768
85187
37755
194282
3722
2259
2318
1934
1967
2552
30629
96171
190094
3710
20323
2166
2282
8252
2521
1978
2113
2210
2420
14838
2539
51823
3933
242944
10642
17534
2242
16521
2562
2260
2229
2015
1980
2100
15759
2235
2284
51753
39316
2407
536023
4321
4158
5413
3244
173476
233365
6000
58256
3401
5568
2351
2816
319211
2267
2443
2345
2361
248598
18833
4420
27249
3118
2337
7811
2228
2644
2168
2379
85978
2803
2222
362510
54973
3285
64107
2363
2120
2158
2319
2738
2129
2219
2223
2197
2777
3508
3987
2107
10377
221590
4281
2108
9383
2142
2195
2226
2719
153313
3439
4735
2454
39514
187557
137864
2498
2164
2000
2269
5507
6502
1883
1802
29803
2684
2370
1802
