50563
11641
13669
12001
26713
11746
10715
11917
11523
12441
15426
12008
12309
488088
16643
31850
2352100
19436
517814
13726
11852
43519
10914
365336
15043
12415
12669
12704
11700
13312
87231
12782
14745
559263
15871
42346
12343
57102
12140
83746
11783
12980
13072
25324
20067
11426
12065
11601
11726
13407
13351
13916
420479
294707
16565
1057223
584311
689383
21992
14631
1254809
24750
182363
45477
13096
11823
18133
1019856
20260
18212
10962
13707
11542
18797
695518
17961
684783
33375
18317
13478
13545
12468
13574
13378
14962
944487
20349
12453
13189
13130
13090
17301
524592
17287
15079
14689
21537
14964
263869
581151
20776
31862
12630
12485
20230
12559
15728
93287
12814
23651
13848
12822
11896
12605
11282
10877
13091
16758
1216257
22443
1556749
39588
17336
1608477
22078
91132
12489
442777
28475
30674
12421
11712
19630
1287403
20600
20607
417717
198042
1063586
19785
11590
12529
10428
10360
13551
155346
492846
1024989
19459
110629
11287
11843
42215
12932
10664
11546
11755
12352
79883
12800
270816
21478
1270724
53729
92034
12133
85463
14288
10623
10364
11215
10677
10774
80287
12250
12114
271388
199280
12086
2817412
21865
21832
28941
17462
883141
1218964
32961
313602
17756
28229
11992
15078
1674651
11889
12344
12638
12435
1332424
96517
24370
143339
15640
12562
41473
11988
14055
12174
13509
455359
15706
11788
1899677
295048
16795
331865
13198
11048
11481
11888
14053
10683
11655
12243
11258
15145
18044
21421
12388
55625
1160040
23501
12039
50969
11376
11585
12664
14868
806467
18621
26172
12916
206819
993901
720690
13391
11865
11036
11996
27970
34104
10327
9685
159059
14557
12474
9260
9300
2176
2618
2238
4909
2175
2004
2246
2169
2304
3003
2259
2330
90967
3123
5948
440058
3656
97243
2560
2250
8157
2079
66642
2812
2270
2351
2318
2206
2396
16524
2387
2678
106427
3035
7859
2300
10482
2282
15898
2209
2361
2390
4895
3715
2148
2279
2143
2253
2497
2453
2592
79606
54006
3068
198683
106160
131161
4108
2754
235212
4573
34412
8663
2430
2233
3532
191671
3842
3447
2041
2623
2186
3549
129702
3427
126262
6419
3509
2495
2530
2325
2490
2569
2876
180056
3765
2275
2434
2453
2423
3028
97423
3217
2763
2669
3871
2706
47732
111187
3821
5880
2392
2323
3684
2380
2946
17422
2459
4428
2633
2419
2192
2451
2147
2011
2395
3209
228039
4215
292780
7329
3376
299473
4069
17281
2381
84295
5121
5924
2348
2282
3606
248019
3972
3867
85070
38151
194628
3893
2238
2412
1995
2005
2627
30743
96284
190978
3734
20715
2177
2287
8163
2472
2048
2231
2225
2316
15349
2387
51475
3961
243169
10366
17714
2312
16600
2702
2096
1992
2184
2077
2142
15522
2402
2349
51577
39269
2350
535130
4295
4227
5466
3321
173124
231941
6114
58759
3452
5452
2263
2801
321433
2229
2358
2315
2376
250442
19090
4491
27314
3038
2345
7849
2257
2633
2303
2413
86869
2926
2233
361313
55556
3198
63862
2450
2196
2170
2199
2599
2033
2118
2262
2079
2780
3347
3997
2318
10440
223312
4426
2264
9533
2048
2177
2391
2729
153038
3494
4828
2385
39517
187324
138000
2577
2279
1981
2356
5364
6433
1944
1834
30224
2758
2391
1785
