49307
11372
13199
11982
26444
11391
10767
11172
11369
11894
15927
11584
11974
489675
16013
31942
2355973
18681
517962
13703
12237
44212
10930
362549
15010
12190
12172
12152
11865
13180
88872
12658
14738
561719
14668
40667
12344
56257
12893
84151
11717
13257
12918
24678
19523
11342
12127
11591
12193
13810
13155
14199
416393
297436
16719
1052629
584573
689336
21767
14298
1256229
24747
180231
45623
12595
11985
18508
1019965
20300
17437
11157
14428
11516
19036
699397
17709
690291
33512
18504
13121
13575
12712
12674
13514
15631
943062
19424
12706
13509
13854
12341
16552
521917
17745
14222
14979
21339
14728
262969
583783
20023
31802
13005
12856
17962
12488
15853
93129
13074
23506
13724
12855
12548
13083
11524
11558
12232
16121
1218973
21915
1557936
41223
17056
1609433
21293
89691
13609
440171
29132
33169
12248
12200
19311
1288891
21027
20147
418358
196522
1061198
19720
11426
12656
10489
11150
13127
157993
493258
1018480
19706
108212
11140
11798
41087
12626
10489
11000
11718
13054
77825
12759
273463
20702
1268480
55356
91269
12374
84731
14479
11128
10604
10872
10710
11071
81741
11425
12035
271070
197716
12495
2826773
22125
21413
28112
17884
879460
1223236
31863
315086
17930
28462
12395
15482
1669779
11917
12587
12666
12572
1322615
94569
23901
144300
15923
12735
41150
11902
13319
11604
12872
453348
14765
11982
1901497
295414
16742
329864
12934
11070
11331
12088
14658
11674
11835
11982
11414
15788
18821
21174
11882
55944
1158795
21980
12194
51400
11429
11636
12060
14679
801399
18427
25846
13134
209418
992337
717671
13347
12294
10103
11731
28373
34333
10670
9461
157501
14426
12037
9761
9056
2125
2543
2193
4870
2106
2050
2088
2122
2171
3063
2157
2280
91056
2996
5925
439729
3518
97346
2546
2316
8220
2088
66263
2773
2243
2232
2191
2212
2374
16800
2355
2655
106365
2798
7593
2321
10276
2381
16005
2239
2387
2354
4728
3633
2126
2271
2134
2292
2565
2424
2659
78746
54272
3101
197395
106172
130774
4092
2703
235275
4557
33947
8710
2353
2237
3534
191444
3861
3294
2085
2735
2158
3564
130065
3377
127025
6366
3531
2411
2509
2328
2376
2565
3021
179454
3590
2345
2500
2589
2307
2952
96789
3271
2605
2724
3867
2670
47711
111554
3717
5830
2409
2350
3341
2300
2954
17419
2495
4336
2650
2435
2337
2513
2206
2105
2248
3089
228178
4117
292116
7599
3291
299753
3942
17004
2569
83336
5258
6427
2314
2346
3536
247953
4000
3786
85135
37728
194475
3861
2231
2408
1972
2127
2563
31138
96056
189929
3818
20355
2189
2223
7961
2377
2054
2150
2245
2438
14962
2369
51848
3883
242762
10567
17584
2370
16329
2735
2203
2056
2099
2084
2175
15676
2250
2314
51294
38868
2447
536216
4321
4138
5313
3307
172313
232422
5959
58810
3457
5535
2332
2882
320127
2249
2397
2357
2397
248836
18690
4399
27468
3062
2435
7849
2215
2522
2166
2363
86632
2785
2256
361533
55536
3180
63475
2378
2185
2158
2267
2666
2179
2156
2198
2121
2839
3521
3953
2209
10479
222963
4139
2277
9642
2048
2189
2266
2726
152096
3450
4768
2473
39902
187055
137465
2569
2294
1883
2263
5386
6496
1998
1816
29968
2714
2318
1881
