2980691
9906759
17739213
1581810
14115774
17558501
36875944
8632252
831093
2114749
3887686
7718122
14402893
24294308
12078002
13803554
23432749
4460428
3132464
1226488
5913309
8965224
1001062
3630775
65680226
6132710
2432753
14128503
35271447
2154786
1848867
3744948
0
0
0
0
0
0
0
0
0
0
0
0
0
0
0
0
0
0
0
0
0
0
0
0
0
0
0
0
0
0
0
0
4254178
2815686
6731206
2345499
32526643
2025933
7701707
11765838
8199919
17864950
14136542
9102268
21008718
3334706
776605
24051780
14375508
14460943
3952174
32978015
1201837
2082186
16332720
16067984
7021070
14158322
2043341
20729669
14834440
28829828
3835713
27472259
0
0
0
0
0
0
0
0
0
0
0
0
0
0
0
0
0
0
0
0
0
0
0
0
0
0
0
0
0
0
0
0
7751832
2144693
4779642
35021568
8700949
3757674
7924341
17383981
8289699
12755377
6226301
56471044
10897881
2222702
4229825
2991240
15587319
4366175
12064765
37349107
13372756
1106444
15921705
2558027
7571611
24881545
13864893
19962894
9962770
5948606
11034054
14687390
0
0
0
0
0
0
0
0
0
0
0
0
0
0
0
0
0
0
0
0
0
0
0
0
0
0
0
0
0
0
0
0
19309639
2466099
9269443
0
10426747
1696941
50547500
4601476
7400058
24692936
15642891
35975597
14168632
1954480
3688274
2612987
1859006
2238996
47525857
1032259
4154396
5832323
935115
2749957
61589487
4492223
5036573
2061462
15648417
7396481
5260224
10094564
0
0
0
0
0
0
0
0
0
0
0
0
0
0
0
0
0
0
0
0
0
0
0
0
0
0
0
0
0
0
0
0
648599
2112735
3759000
342206
2889110
3501238
6584621
1845576
175649
459935
822196
1603333
3018202
4859428
2441250
2882735
4589270
958619
670234
267886
1327194
2147248
215273
1095904
8964309
1257271
513750
2774657
6420175
442750
397799
794225
678226
4812805
2138259
1720088
683938
576838
1090881
1105951
3444715
1735521
1228238
752776
2379276
5577876
7777519
1963662
1618350
1796730
736497
793240
3447059
322047
5521736
858827
5841322
2495259
3523868
2681046
592830
5651642
257780
316282
924401
615621
1507190
518342
6140468
441340
1639199
2564243
1755271
3676705
2935041
2004969
4217933
747029
171988
5005802
2994192
2993691
853339
6508094
267118
453353
3485314
3320353
25627435
3034375
440728
4101745
2988366
5613547
841080
5245470
1495080
1096067
2664671
1607578
406724
3513464
3199047
5453854
2943877
758437
347096
4697383
1577814
836191
4439336
1867550
1554069
3167562
902667
572200
2766796
859417
1697264
1108841
2676888
5994719
459821
528414
4124226
2892773
489783
3466955
1606167
477254
1041787
6717127
1863992
818857
1719100
3647232
1853159
3708245
1354823
9812731
2413863
495101
923616
640671
3329886
985309
2549223
6855381
2817172
243662
3461235
554772
1674781
4959140
2962015
4206283
2185893
1290827
2403842
3056426
808853
3428144
676369
3743277
3552068
1035021
2255131
8669348
7172832
4084009
2448825
2125056
4706734
3382079
9264795
401269
861771
1780236
506295
931061
2409459
3242903
635548
2237175
1587239
269582
982519
977926
2817549
3227877
1220036
2829680
4089477
543952
1948451
0
2297166
375825
8727260
1008965
1641838
5066252
3314440
6658408
3021071
438067
806132
571707
426474
491769
8068945
231212
896316
1248392
211350
594373
9884103
974281
1099442
443775
3260591
1580295
1121764
2094404
3183242
1316484
1979954
754362
4265703
6942502
1418771
4241883
274256
137578
339186
1187263
2219431
1559524
1527379
916248
2681136
2950621
2644627
651043
1292306
1077659
613335
5500907
2405052
5002165
1834604
5398022
1672438
2218731
6114361
2129277
