2986710
11147856
17829887
1595219
17467658
15782868
36728617
8668254
829808
2180537
3933408
9103270
15461908
24542369
12503958
13450985
23294581
4580524
3156997
1357050
5058132
8955263
857981
3561233
65219086
5856033
2407039
13618216
35088262
2071909
1842838
3783701
0
0
1
0
0
0
0
0
0
0
0
0
0
0
0
0
0
0
0
0
0
0
0
0
0
0
0
0
0
0
0
0
4075693
2775475
6688238
2027049
33114834
2026865
7680041
11391328
8620213
17662538
14280759
9512052
17779150
3300583
783689
24157261
14977389
13709668
4131729
32619650
1121647
2053434
16369431
14487139
7636800
14400399
1846063
18699222
13690374
31254156
3885669
27168831
0
0
0
0
0
0
0
0
0
0
0
0
0
0
0
0
0
0
0
0
0
0
0
0
0
0
0
0
0
0
0
0
7784579
2114269
4398716
35410651
8698767
3780283
7379245
17049794
8471129
12649899
6368246
57180967
10944901
2213022
4245153
3034390
15714731
3978228
12186808
37296985
13426050
1125743
16959128
2577371
7616643
23862558
13910739
20122113
9830123
5856949
8021044
14613294
0
0
0
0
0
0
0
0
0
0
0
0
0
0
0
0
0
0
0
0
0
0
0
0
0
0
0
0
0
0
0
0
20426244
2506252
9225893
0
9984823
1617301
50054080
4610846
7713685
23896515
16522926
35532208
13292406
1891906
3800997
2655546
1882927
2358418
46064544
1043227
4026567
5852383
900311
2783154
60911678
4228175
4973981
1997203
15524288
7550615
5352211
7379484
0
0
0
0
0
0
0
0
0
0
0
0
0
0
0
0
0
0
0
0
0
0
0
0
0
0
0
0
0
0
0
0
648566
2358338
3771081
344496
3521989
3162450
6550338
1848472
175149
473459
829442
1876119
3222720
4886752
2515570
2801353
4553213
982236
673923
296041
1131297
2138062
183849
1079262
8936807
1197860
507558
2675971
6382039
424763
395544
801256
690490
4738646
2181314
1594857
713638
492018
1085082
1092108
3485351
1797289
1278042
739572
2352308
5516033
7735499
1955295
1498461
1765312
738363
797222
3396038
319878
5042321
845703
5058330
2647577
2354052
2686837
610229
5696689
257265
365141
884176
605475
1493234
448030
6216687
440017
1631472
2478971
1835683
3630458
2955957
2087540
3621135
738175
173388
5010580
3106361
2840874
890422
6438445
249010
446192
3482355
2998287
25994779
3076046
397925
3732645
2766212
6006468
850106
5180509
1499469
1048788
2708580
1598282
417965
3495831
3050845
3105669
3231820
760531
348437
4691185
1746592
641795
4434306
1900726
1554755
3167404
906261
594343
2811677
841082
1699343
1079456
2660377
5755523
450585
577957
4151590
2584799
482058
3190376
1610635
470123
956718
6757780
1858246
823398
1600631
3572477
1888455
3688447
1383138
9831162
2419205
492124
926111
648539
3353164
896798
2569660
6835233
2823111
247056
3668065
558985
1683138
4777329
2968562
4227444
2152241
1270484
1794974
3037499
848986
4215156
701624
3749489
3258651
1157057
2510865
8691131
7217943
4051019
2454844
1909564
4982122
3217553
9300619
329393
803704
1842655
519254
877121
2690130
2884036
608954
2206526
1577137
272918
989456
987270
2571123
3231113
1211396
3214912
4302780
552295
1935796
0
2201410
358388
8658818
1008484
1708370
4913035
3485255
6589799
2836858
423519
829995
579660
431547
516889
7893685
233397
867974
1250032
202909
600576
9861476
917346
1083865
429340
3227900
1610317
1138917
1544649
3204111
1386819
1855478
755060
4008393
6922989
1499085
4148922
282791
81007
296701
1177993
2287458
1563992
1450033
907793
2728587
2901848
1699542
652160
1274039
1075186
593014
5581835
2266631
4998709
1815661
5083339
1692767
2191403
5935076
2178046
