2905352
10291453
17900609
1718515
20766565
16487877
41544905
8385760
862592
2192844
3952540
9468925
14376824
24398652
12240919
13523117
24400247
4484221
3180148
1223405
6591350
8418366
851961
3600659
69520799
5991585
2440178
13280302
35992390
2204942
1897032
3753640
0
0
0
0
0
0
0
0
0
0
0
0
0
0
0
0
0
0
0
0
0
0
0
0
0
0
0
0
0
0
0
0
4548451
2793054
6514636
2350476
31584147
2081118
7697455
11062111
7858073
17459420
16380753
9606447
19269565
3344558
820543
24020683
13367454
14719657
5022660
33036461
1193968
2065865
14981980
11856067
8167056
14053250
2554100
21963904
12663646
31120838
3839479
29714785
0
0
0
0
0
0
0
0
0
0
0
0
0
0
0
0
0
0
0
0
0
0
0
0
0
0
0
0
0
0
0
0
7693594
2223280
5126200
45573688
8229935
3910560
7686750
16406658
8432037
12490389
8313272
56405724
10852663
2207724
4110894
3060550
16126922
4055324
12586962
38016257
16002200
1113353
14639936
2476845
7738048
24729555
13958728
19951532
10384337
6195497
11946563
15170973
0
0
0
0
0
0
0
0
0
0
0
0
0
0
0
0
0
0
0
0
0
0
0
0
0
0
0
0
0
0
0
0
20274726
2517680
9334020
34204722
9858673
1693016
51111808
4612893
7119176
22980030
16212748
34915209
13279370
3247694
3724184
2410977
1723660
2440105
50619280
1041925
4343902
5922391
6167428
2830862
60043724
4370276
4821549
2016517
16221972
7377060
5681339
8370064
0
0
0
0
0
0
0
0
0
0
0
0
0
0
0
0
0
0
0
0
0
0
0
0
0
0
0
0
0
0
0
0
635615
2201727
3805551
373339
4158954
3316279
7209434
1800862
183525
480835
838825
1962898
3025863
4891296
2481657
2834533
4768712
967817
684052
268621
1480381
2034520
183714
1082876
8895088
1233273
517536
2623624
6554107
454708
410141
799877
685932
5098411
2208264
1599266
686979
563942
1092033
1251672
3504388
1766223
1223155
770106
2387762
5577673
7812659
1973125
1543476
1749196
573146
766058
4002727
327039
5118015
843664
5425971
2711917
3571716
2767013
601438
5706945
276328
359647
990865
613848
1464102
522156
6012894
455203
1645918
2424395
1692947
3615704
3389339
2123588
3924257
752026
182615
5014675
2809929
3058329
1082325
6545834
265809
451440
3225263
2496886
1724813
3024980
551378
4356056
2585041
6027635
847157
5632936
1524477
945861
2395435
1608688
356670
3408732
3169915
5507275
3243252
788180
355000
4685280
1946303
827481
4539231
1918952
1576206
3205225
1189721
638835
4932243
899811
1808888
1108986
2707810
5362100
460578
554693
3754793
2843171
475295
3052034
1602823
496872
1120377
8167143
1772337
857149
1678754
3467670
1892490
3756040
1804047
9848195
2415105
494915
901799
659643
3456301
919946
2663964
6973416
3356300
245969
3214616
539902
1718375
4945692
2994425
4216283
2285965
1349446
2600053
3164864
880875
4421786
687366
3874212
2984784
1215948
2351345
8579597
7257670
4055357
2462014
2382938
4875114
3435497
9305464
348098
838147
1885274
514005
1157486
2397557
3213409
619939
2348519
1636861
310463
887643
1023906
1210228
3193863
1361978
3912394
4296834
557935
1969647
6362759
2187691
377987
8776545
1015234
1588380
4769227
3442901
6521101
2851291
726383
818062
529590
397709
538218
8389355
234365
940399
1271797
1387770
614892
9864822
952750
1057969
436174
3376270
1584718
1216481
1760377
3261802
1341515
1986630
774932
4201234
6786727
1777047
4084735
263837
134780
390569
1197996
2272864
1651591
1569744
918398
2848615
3007477
2664015
438616
1266408
1079801
594121
5649437
2359183
5098402
1952243
5312507
1670003
2221646
6141008
2224233
