2994508
10177264
18992457
1935480
14648844
15020208
35760255
8825366
874332
2094086
3931787
7508193
15843744
23705909
12215885
7087172
23140950
4454136
3126648
1945092
5811496
8588022
861707
3535169
65503078
6037368
2362699
13811427
36418299
2077075
5842152
3740061
0
5
4
0
0
0
0
0
0
0
0
0
0
0
0
0
0
0
0
0
0
0
0
0
0
0
0
0
0
0
0
0
4193016
2828132
6723806
2303558
32295266
2068463
7749586
10786926
7968158
17510191
14186869
9234021
20010539
3335155
745197
24127494
12862177
13641529
3437646
32408906
1114128
2068857
17146016
15009730
8102446
11078308
2129590
28359421
12551198
31681003
3462379
28044265
0
0
0
0
0
0
0
0
0
0
0
0
0
0
0
0
0
0
0
0
0
0
0
0
0
0
0
0
0
0
0
0
7395988
2118797
4849392
19919347
5928405
3724583
7649438
17429703
8819985
12802854
6312752
58188295
11095039
2192989
4271361
2864382
15991561
3948937
12628442
38170008
13521045
1049905
17250099
2685514
7740243
30032080
14038124
20302512
9888266
5687700
8584710
16928907
0
0
0
0
0
0
0
0
0
0
0
0
0
0
0
0
0
0
0
0
0
0
0
0
0
0
0
0
0
0
0
0
19520454
2586108
9234091
0
7461944
1577901
47521347
4644227
7094839
22517794
16599848
34610134
14336312
3066341
1211534
2759148
1890549
2288881
46337135
1039574
4710551
5398896
910479
2618009
61793172
4410672
4626585
1979598
16927374
7496538
5422877
7559774
0
0
0
0
0
0
0
0
0
0
0
0
0
0
0
0
0
0
0
0
0
0
0
0
0
0
0
0
0
0
0
0
648144
2156874
3979863
415768
2978331
3005507
6388633
1874056
183592
453432
825461
1555367
3285742
4723174
2456558
1502487
4510537
952016
665301
421381
1295903
2046048
183815
1053325
8919316
1228827
497353
2700708
6549369
424333
1230278
788623
665090
4709897
2347713
1594296
707600
499895
976333
1074717
3416506
1712285
1349649
760174
2099094
5118311
7692247
1697593
1585286
1645583
720034
798522
3454812
325809
5751738
820900
5049508
2446961
2303177
2494653
627090
4481916
248122
367052
905482
614251
1497726
506547
6072221
447992
1638534
2342224
1697563
3589412
2926563
2024068
4007845
742523
164511
4992873
2682242
2814207
742549
6371764
246293
447492
3619837
3093763
26192228
2378706
455744
5422032
2537611
6055050
755183
5303563
1506800
965590
2014844
1584957
372129
3471524
2388348
3037583
2884714
744922
348609
4699141
1580774
644734
4437223
1815544
1490267
3162572
881581
549454
2762502
850292
1823350
1063059
2650075
5321130
419680
505138
3547819
2612904
485285
3282041
1524868
469648
1049763
4075556
1272395
807929
1655205
3636619
1958589
3767058
1366161
9859852
2446207
486394
928605
610806
3397187
887976
2647961
6932669
2833267
230631
3714809
579203
1703525
5804206
2979486
4249358
2159415
1230281
1900965
3477953
844566
3727194
626340
2813246
3145084
1046097
1805590
8120330
7208281
3351745
2414845
2109504
4456844
3172323
9110617
365597
852863
1793840
502318
1214539
2438867
2835853
612843
2228427
1588806
277610
1055876
1135719
2729401
3079771
1224224
3136612
4114862
568171
1932526
0
1653192
348911
8403234
1013348
1567638
4645973
3491959
6437954
3042754
679585
264512
599610
432503
501193
7921444
232014
1009967
1152074
204738
564702
9871982
951824
1005991
424618
3483295
1595540
1150671
1580001
3225306
1213863
1990448
733956
5984075
6463020
1661554
3974859
273153
77529
324489
1178298
2262625
1551565
1390482
916568
2733367
3116212
2234411
482293
1246636
1064485
587968
5505947
2345689
6473554
1773308
5254083
1697720
2231407
5899634
1937453
