2957378
10358217
18972866
1917145
17489170
15598441
36192198
7523342
876683
2174801
3970779
10728985
16013716
24704429
11646847
7074102
23724954
4652800
3156079
1584367
5359985
8437817
881962
3941899
59576866
6193198
2399878
17589701
34905348
2131453
5879268
3626888
0
1
0
0
0
0
0
0
0
0
0
0
0
0
0
0
0
0
0
0
0
0
0
0
0
0
0
0
0
0
0
0
4140888
2768058
6802204
2258931
30330202
1974042
7733041
11882920
5961833
17801910
13836789
9336950
17133997
3274989
704859
24237019
12550449
13144362
3473479
31000196
1096624
2104183
16347171
15826414
8675703
11143273
1947033
18208776
12699325
27701152
3358655
26437347
0
0
0
0
0
0
0
0
0
0
0
0
0
0
0
0
0
0
0
0
0
0
0
0
0
0
0
0
0
0
0
0
7689101
2149426
5105441
20234093
6065420
3795031
8007118
16991114
8932028
12920911
6387821
59323070
11063743
2208752
4230057
2956602
21089426
3889702
12089877
38113072
14192489
1033899
16153349
2665797
7681897
31122068
14008417
20411807
9790648
5417137
9231013
14727573
0
0
0
0
0
0
0
0
0
0
0
0
0
0
0
0
0
0
0
0
0
0
0
0
0
0
0
0
0
0
0
0
20197980
2559155
9205469
0
8541701
1593713
46054318
4591823
6861955
22374234
16345450
35170636
13613310
2011689
1289082
2508007
1818746
2311497
47313223
1041466
4364507
5861798
926270
2749630
60089633
4197658
4525948
1956473
15752674
7524135
5461861
10591390
0
0
0
0
0
0
0
0
0
0
0
0
0
0
0
0
0
0
0
0
0
0
0
0
0
0
0
0
0
0
0
0
641995
2197408
3981092
412572
3519717
3121199
6475005
1608575
184516
471468
835226
2192658
3323710
4907340
2352088
1500962
4622427
995337
672697
343135
1196414
2023616
188294
1138381
8817365
1262551
506012
3383404
6345734
436605
1239747
766258
681989
4935318
2190518
1594352
714366
495610
891836
1085871
3440926
1713448
1379566
724950
2099620
5035421
7669235
1798428
1536321
1659671
722327
810560
3457332
327878
5931620
826419
5084049
2380897
2545364
1816224
550548
5290998
256944
374392
896020
602887
1517869
497389
5763733
427997
1638102
2576964
1279433
3648356
2866047
2049824
3485331
729673
155366
5022664
2621631
2720261
750546
6147254
243025
455836
3468243
3258665
26450678
2396048
417916
3643122
2571005
5411320
734043
5051511
1545979
923516
2043478
1593298
378084
3387481
3085383
3071803
3188323
742196
350997
4824597
1702766
641154
4460039
1753056
1477252
3326266
934778
651427
2904767
847430
1866851
1078745
2694666
5792088
425781
501688
3464205
2501012
489885
3337819
1588381
476366
1107498
4136759
1302182
824928
1733324
3558457
1985813
3793984
1384177
9923073
2443417
489991
921116
630886
4395202
875778
2544660
6938720
2976973
227432
3495792
576399
1693528
5974518
2983888
4272411
2141607
1172713
2047888
3057978
846740
2867450
730568
2694092
3368908
1005899
2324592
8280658
7153549
3483940
2429830
2082111
4513823
2789507
9150177
326740
856313
1827721
519922
1178203
2290877
2748250
641290
2296356
1588525
275806
1015696
1166158
2796588
3156021
1242417
3049722
4254766
563472
1929087
0
1889195
352249
8235000
1002271
1517457
4626920
3444666
6523565
2899096
448951
281525
547296
416121
508049
8034303
232169
938076
1251096
208657
592118
9812951
908416
985153
419740
3275615
1602816
1160840
2187491
3175447
1239632
1995963
726100
3783603
6610886
1746532
4003584
270950
75886
543823
1241957
2226312
1552548
1574972
908495
2839550
2927501
2242278
598896
1244991
1069119
616163
5509877
2274275
4908068
1806577
5229504
1669258
2184520
5033310
1948530
