2920308
3128589
19145921
1922180
17212934
15472530
35691746
7929550
867501
2181940
3937867
9060865
15819327
23675362
18207415
7139894
23361308
4838042
3116830
1978388
5327735
8560883
873939
3339670
64803542
6102488
2394846
13432684
35417175
2517393
5854493
3688200
0
0
0
0
0
0
0
0
0
0
0
0
0
0
0
0
0
0
0
0
0
0
0
0
0
0
0
0
0
0
0
0
4076920
2646465
6840862
2287199
29778372
1997706
7747288
11339651
7285047
18039633
14021521
9230374
19303142
3256947
835954
24255102
12531821
12136321
3295036
30687139
1106592
2106214
16625638
15658216
8009991
11259780
1969891
20959310
12367442
26642276
3447539
29561628
0
0
0
0
0
0
0
0
0
0
0
0
0
0
0
0
0
0
0
0
0
0
0
0
0
0
0
0
0
0
0
0
7670799
2144382
4794452
21250793
5999921
3824753
7987962
19621976
8131543
12503273
6575001
58103361
10860365
2127292
4314502
2969456
15208334
3849970
12338161
38418749
13632983
1029619
15783325
2707894
7902880
28807145
14271343
20154364
9673676
5042396
9191028
14622374
0
0
0
0
0
0
0
0
0
0
0
0
0
0
0
0
0
0
0
0
0
0
0
0
0
0
0
0
0
0
0
0
19298065
2542732
8957731
0
7393491
1537235
52845691
4626215
6886618
21359540
16315403
34563744
13628372
2916592
1195097
2744502
1832216
2404012
46747371
1042075
4147014
5850076
924793
2677566
59300552
4293209
4920621
2041982
14987107
7322394
5251755
10615769
0
0
0
0
0
0
0
0
0
0
0
0
0
0
0
0
0
0
0
0
0
0
0
0
0
0
0
0
0
0
0
0
632586
673103
4009170
413103
3463539
3092360
6400586
1690111
182032
471706
827038
1861647
3280890
4715805
3556579
1511197
4545421
1033753
663971
428276
1187751
2038933
186452
1016643
8900099
1242963
504396
2631708
6407920
515497
1233130
777421
682689
4730528
2000992
1574674
708944
501182
898585
1035327
3411786
1685800
1315023
721434
2095815
4534140
7818889
1697492
1502109
1671315
726299
772881
3429898
326891
5891039
835454
5390817
2219361
2232795
1801769
559834
5247333
253241
363346
880609
575429
1524161
503693
5671309
433017
1638308
2456759
1552998
3692751
2896422
2021369
3881761
725865
183466
5019205
2613471
2515015
710560
6079341
244575
455969
3522075
3225652
26134154
2415059
421765
4124524
2486394
5218447
752344
5557212
1550988
1024821
2134214
1543002
369784
3494388
3220760
3142571
3610103
764552
351119
4774653
1605003
628839
4465428
1703413
1518750
3301783
848875
616114
2690698
854173
1865524
1072017
2690854
5745149
422390
515594
3604987
2437212
473654
3279276
1580373
473769
1038496
4311377
1286707
829559
1727156
4065532
1808966
3763097
1423199
9875107
2395254
471992
937343
633176
3239857
865537
2589438
6967344
2858985
226043
3412582
584168
1737942
5614255
3029507
4218263
2115602
1091150
2033706
3032003
811094
3256676
699196
2815534
3491960
1169917
2273778
8315952
7178294
3485129
2435067
1752325
4857816
3045740
9141471
310334
868389
1834209
504473
1198507
2268748
2790894
621007
2241538
1507287
279738
976131
953304
2735524
3124035
1260201
3365814
4063598
559165
1876987
0
1637257
340098
8888638
1007492
1521520
4425088
3435594
6430152
2901014
646570
260822
597164
418601
525594
7966192
232173
889996
1247348
207691
576169
9761137
925747
1068222
438077
3119898
1559083
1116205
2189777
3191641
1264976
1989716
721359
3784060
6350187
1753178
3656589
266265
76901
547247
1191387
2251948
1553519
1418415
911843
2929695
2959623
2234027
669777
1281400
1066891
609571
5416546
2311915
4969467
1714908
5012139
1627020
2230609
5004259
1888435
