43419
10894
12241
11667
23722
10709
10508
10205
10475
11518
14938
11233
11361
465707
16590
32197
2252739
18001
484185
13440
12002
42655
10709
361180
15446
12729
12255
11731
11227
13517
92004
12006
13883
556894
15591
39365
11562
52994
12832
78023
11042
12143
12729
24214
19226
11079
11174
11353
10747
13462
12313
14254
379556
297237
16089
994006
548567
681588
20402
14617
1196896
24793
169813
39167
12643
10935
17674
954197
19675
17359
10385
13446
11143
18109
643888
17253
677540
31456
16407
12213
14144
12391
12183
12375
15166
889841
19874
12513
12335
12689
12781
15769
473489
17109
14223
13948
20090
14220
262938
588219
19823
27334
12581
12294
18683
11995
14688
87609
11835
20889
12975
12842
11687
12378
11106
10539
12331
16592
1174668
23415
1497408
41283
17097
1555991
21884
90211
13184
420934
28461
31369
12545
12237
19200
1226502
19526
20298
401166
179710
1080146
20554
10152
12220
10181
10191
13177
155014
499434
989700
20126
109105
10439
11670
40803
12625
10141
10722
10965
12712
79789
12738
256811
20784
1211524
50992
84890
12231
80011
13721
10616
10220
10439
10203
10277
80610
11487
11640
266541
200855
12022
2694061
22098
22084
28075
17199
850394
1144547
30533
297486
18104
28286
11787
15218
1609232
11681
12395
12769
11538
1256284
92091
23020
142336
15913
11853
38803
11281
13310
11251
13006
451120
15302
11568
1815370
291244
15885
335829
13358
10816
10475
11634
14536
10352
11090
11820
12002
14140
16784
20077
12051
54107
1171416
21785
11857
50990
11990
10566
12084
14673
749631
18887
26356
12530
193597
991469
692215
13214
11425
10271
11792
29645
30889
9739
9287
144429
14650
12102
9441
7689
1923
2260
2059
4192
1925
1909
1867
1864
2042
2748
2024
2034
82339
3009
5709
401464
3251
86694
2396
2164
7581
1990
62920
2727
2217
2145
2039
2000
2269
16599
2138
2406
100599
2821
6990
2094
9239
2265
14228
2034
2090
2211
4432
3400
1988
2054
1998
1944
2403
2150
2497
68517
51674
2846
177401
95129
123258
3655
2658
213154
4333
30469
7123
2282
1981
3278
170591
3551
3111
1877
2434
1998
3247
114313
3123
118944
5781
3004
2160
2486
2156
2216
2250
2775
162205
3461
2173
2180
2255
2292
2641
83895
2998
2482
2458
3488
2444
45408
107337
3540
4897
2244
2150
3285
2152
2647
15549
2195
3716
2335
2316
2056
2286
2028
1874
2129
3007
209965
4130
268043
7261
3178
275932
3864
16305
2378
76138
4893
5763
2241
2222
3333
225353
3617
3590
77893
32854
188077
3829
1917
2220
1826
1847
2440
29302
92764
175784
3707
19301
1967
2109
7470
2328
1882
2015
2049
2247
14585
2268
46536
3693
220914
9286
15573
2184
14786
2485
1997
1877
1947
1922
1927
14625
2140
2129
48129
37674
2220
487289
4121
4096
5102
3068
158748
207780
5452
53163
3384
5263
2138
2727
293715
2101
2256
2213
2124
224522
17553
4063
25847
2919
2123
6998
1989
2404
2030
2249
82065
2741
2091
329266
52198
2910
61332
2324
2041
1926
2055
2515
1851
1927
2083
2103
2458
3013
3631
2129
9718
214916
3929
2136
9173
2018
1899
2181
2535
135716
3391
4630
2208
35327
178685
126628
2449
2064
1832
2173
5454
5578
1736
1651
26230
2632
2211
1743
