45281
10935
12302
11675
23525
10755
10334
10570
11114
11755
14744
11163
11424
463389
15859
32085
2247653
18025
484988
13412
11855
42436
11249
364375
14829
12902
11968
12221
10289
12130
93470
11810
14777
555597
15612
38874
11887
52058
11870
77720
11905
12608
12441
24062
19436
11279
11797
10887
10558
13019
12089
14235
378789
296557
16188
991761
549239
681507
22002
14858
1190764
25119
169855
41457
11863
11696
17614
951874
21144
17420
10911
13370
11017
17717
641366
17882
674909
32794
17922
11669
14526
12148
12604
12827
14478
896046
20369
12205
12671
12995
11877
15796
472931
17279
14477
14285
19516
14965
262792
585057
20415
29156
12569
12720
18207
12653
15203
87537
12028
22314
12540
12568
11542
13355
11166
10691
12261
16740
1179551
23228
1501916
40885
16952
1559121
21311
89828
12822
419682
28491
30711
12823
11896
18495
1227973
20331
20137
398168
179299
1075534
20342
11079
11657
9712
10169
12752
155780
495680
985363
20367
108085
11075
11647
40407
11731
10464
11298
11404
12770
80394
13522
257967
20395
1213462
49926
86182
12567
80583
14133
10267
10428
10217
10430
10800
80800
11294
11237
266885
198710
11997
2699882
21585
20751
30197
17086
851047
1145159
31053
296778
17458
28410
12275
14852
1607390
11593
12369
12995
11576
1247415
93522
23194
143062
15197
12693
37602
10359
13586
11318
12129
452391
14885
11585
1817871
293118
17740
338240
12544
10650
10645
11418
14186
10501
11410
11648
11470
13417
17105
20772
11652
53613
1167451
22684
12072
50372
11739
10699
11842
14223
751693
18186
24969
12091
193617
994874
694713
12261
11567
10218
11033
28545
30600
10170
8902
146152
14750
11484
9178
7957
1952
2273
2061
4163
1934
1894
1927
1992
2037
2713
1999
2105
82286
2842
5724
400808
3224
86654
2374
2156
7579
2059
63499
2639
2255
2100
2097
1806
2117
16816
2064
2512
100153
2811
6883
2151
9057
2145
14269
2147
2186
2156
4393
3387
2021
2143
1884
1920
2303
2140
2508
68573
51465
2865
177506
95471
123145
3912
2695
212497
4427
30508
7538
2124
2120
3240
170600
3786
3140
1948
2448
1969
3228
113959
3234
118631
5934
3235
2084
2595
2154
2264
2318
2654
163131
3601
2147
2238
2324
2120
2690
83991
3073
2555
2520
3361
2596
45460
107055
3643
5136
2257
2260
3244
2285
2704
15735
2226
3947
2297
2276
2078
2478
2039
1906
2145
3044
210757
4165
269036
7229
3088
276389
3741
16199
2283
75828
4853
5704
2267
2173
3256
225572
3749
3598
77408
32735
187830
3744
2056
2096
1754
1857
2392
29393
92235
174910
3713
19158
2086
2117
7455
2154
1949
2083
2099
2251
14798
2420
46533
3604
221198
9102
15852
2277
14883
2519
1905
1910
1907
1962
2049
14811
2127
2091
48234
37231
2239
488614
4023
3851
5458
3067
159138
207700
5558
53298
3224
5263
2245
2634
293747
2104
2265
2279
2118
223651
17598
4166
25927
2829
2301
6759
1858
2456
2063
2132
82313
2658
2085
329921
52753
3223
62029
2207
2007
1933
2028
2448
1883
1980
2058
1997
2334
3115
3705
2054
9548
214041
4041
2143
9030
2013
1931
2142
2506
136013
3299
4416
2171
35461
179312
126969
2268
2101
1804
2045
5172
5489
1813
1632
26648
2661
2134
1673
