44193
10215
12279
11026
24272
10995
10411
11135
10261
11288
13837
10715
12018
465812
16637
31897
2250113
18103
484673
12808
11774
42676
11027
362519
15005
12532
11258
11517
11572
12690
92555
12533
13408
555363
14899
39971
11878
52523
12583
78196
11396
12821
12314
24053
19661
10825
11177
11273
10908
13396
13116
13880
381168
297334
16648
993699
551925
680494
20993
14518
1189825
25216
168198
42286
12564
10369
17095
959283
19833
16795
10693
13523
10986
18300
645821
17077
679721
31516
17070
12258
13905
11232
11840
12867
15150
897750
20348
12452
12408
12397
12242
15752
477635
17552
13360
13750
20891
13897
262287
586918
19684
29350
12834
12070
17677
12467
14674
86419
11799
22973
13094
12220
11360
13090
10883
10764
11809
16793
1176683
22691
1490199
40930
17696
1557704
22226
88417
13138
422004
27644
31592
12794
12088
18719
1226090
20838
20498
401134
177881
1076999
19539
10457
12184
10671
10479
12783
156142
498274
985845
18712
109394
10792
11259
41144
12137
10578
10842
10885
12825
80817
12810
257024
20697
1210413
50634
85742
12127
80894
13528
10597
11297
10477
10443
10673
80078
11141
11392
263860
199378
11816
2701500
21512
21013
27870
17656
854245
1147106
30829
297341
16649
28553
11626
14648
1609745
10877
12636
13465
11704
1250004
94455
23390
143421
15411
11990
39301
10530
13355
11103
13025
449021
15367
11233
1815060
295071
16596
334702
12390
10543
10954
11424
14496
10599
11367
11171
11324
13921
17582
20243
12431
55313
1162497
21746
11205
51544
11154
11038
11927
14579
745500
18663
24801
12656
197603
1001949
694452
12637
12250
9748
11706
29141
30864
10277
10059
147944
14413
11677
8907
7818
1853
2267
1952
4199
1967
1895
2017
1821
2002
2593
1924
2191
82479
2958
5747
401105
3263
86829
2307
2140
7591
2074
63274
2636
2210
2004
1993
2040
2170
16704
2201
2321
100551
2730
7040
2120
9247
2234
14327
2033
2223
2130
4405
3448
1981
2022
1954
1976
2428
2299
2479
69031
51801
2933
177778
95652
123190
3713
2633
212621
4464
30191
7725
2196
1889
3167
171983
3529
3080
1929
2439
1987
3321
114816
3034
119526
5770
3126
2165
2454
1986
2120
2340
2795
163456
3571
2187
2182
2224
2184
2703
84855
3107
2339
2414
3638
2420
45350
107366
3507
5187
2277
2127
3099
2232
2616
15438
2133
4054
2352
2212
2056
2399
1999
1891
2094
3098
210396
4086
267251
7238
3242
276560
3876
16058
2369
76463
4779
5893
2301
2202
3319
225326
3833
3683
78185
32744
188082
3616
1947
2215
1923
1906
2409
29404
92529
175192
3427
19588
2047
2050
7605
2220
1937
2021
1990
2278
14797
2294
46642
3641
220843
9272
15770
2182
14948
2454
2002
2022
1915
1969
1986
14573
2089
2087
47861
37359
2203
489193
3994
3906
5112
3124
160061
208538
5543
53413
3101
5300
2121
2641
294059
1972
2322
2367
2135
224056
17920
4124
26121
2862
2173
7097
1888
2404
2011
2268
82132
2743
2024
329661
52872
3020
61304
2205
2008
2003
2020
2485
1892
2006
1953
2020
2425
3149
3634
2149
9872
213398
3911
1998
9208
1899
1998
2119
2543
134877
3332
4366
2258
36146
180726
126893
2316
2209
1738
2146
5384
5549
1805
1824
26824
2623
2149
1633
