44268
11063
12473
12111
23889
11240
10254
11163
10565
11240
15138
11106
11357
465187
16845
31779
2249680
18744
484545
13255
11222
41245
10659
362691
15076
11974
12585
12574
11180
12132
92067
11969
14033
556869
15776
39442
11237
51982
12589
77445
11160
12678
11729
24535
19560
11202
10284
11083
10836
13399
12421
14160
380634
296573
15705
991114
545528
680985
22011
14452
1187044
24684
170115
41441
11984
10677
17206
961444
19902
17673
11098
13593
10726
18781
649190
17353
680951
31888
17658
12467
14104
12185
12692
12698
15396
895709
20471
11962
11884
13434
11883
15507
474864
17130
14570
13789
20243
14083
264308
584694
20279
29649
12022
12055
18959
12167
14232
88149
12252
22574
12139
13042
11647
12783
11217
10650
12204
16866
1182491
23913
1503975
41350
18217
1556223
21893
89015
13109
426300
28588
31370
11369
11682
19067
1236993
20712
19409
402172
176783
1081234
19683
10723
12184
10740
10130
13366
157524
498089
988670
19976
108410
10617
11191
40747
12302
9920
10716
10773
12529
80291
12603
261716
20597
1212094
50676
83162
11947
81776
13585
10117
10493
10590
10287
10475
80350
11127
11522
263729
197740
11598
2696960
21648
20484
28610
16925
846669
1150631
31259
300857
17441
28039
11607
14733
1611943
10879
12134
13204
12317
1251968
93257
23510
143340
15077
11938
39302
10978
13598
10808
13019
448748
14761
11716
1821659
293720
15977
336683
12236
10815
11235
11534
14530
11122
10892
11276
11206
14052
17062
20618
11681
52742
1171258
22160
11048
51930
11759
10659
12653
14747
753087
18200
25250
12628
197211
998089
699394
13390
12301
10316
11501
28265
30839
10278
9807
143664
14327
11882
9187
7832
1994
2305
2111
4204
1985
1860
2026
1900
1998
2847
1996
2090
82691
3026
5730
402053
3365
87097
2419
2031
7431
1943
63430
2685
2091
2225
2159
1986
2097
16644
2128
2410
100797
2846
6974
2041
9087
2259
14160
1998
2212
2032
4516
3443
2028
1882
1985
1971
2411
2200
2500
68937
51669
2785
177482
94897
123557
3917
2603
212139
4328
30557
7545
2164
1924
3157
172721
3565
3193
1973
2456
1964
3371
115376
3119
119650
5819
3195
2182
2540
2131
2301
2305
2807
163509
3614
2104
2071
2352
2132
2663
84289
2977
2550
2423
3522
2426
45647
106797
3589
5259
2135
2144
3331
2190
2575
15659
2246
4028
2205
2343
2063
2362
2075
1880
2134
3042
211901
4286
269475
7246
3322
276564
3827
16148
2372
77484
4939
5762
2064
2128
3352
227571
3800
3473
78367
32588
188900
3724
1994
2191
1945
1871
2477
29747
92879
176067
3697
19283
2010
2038
7450
2219
1856
1998
2004
2252
14761
2282
47464
3656
221370
9310
15406
2160
15144
2446
1890
1929
1952
1928
1968
14680
2069
2117
47817
37165
2160
488913
4056
3825
5195
3040
158578
208980
5603
53773
3237
5203
2113
2622
294944
1983
2217
2282
2237
224890
17744
4196
26167
2778
2175
7086
1977
2455
1946
2307
81829
2672
2128
331410
52753
2948
61738
2160
2012
2041
2047
2499
2007
1896
1993
1963
2464
3085
3720
2063
9506
214943
3963
1967
9255
2043
1927
2264
2601
136381
3259
4412
2262
36026
180294
127866
2429
2218
1843
2132
5199
5559
1852
1754
26236
2593
2210
1702
