44804
10571
12274
11470
23893
11572
10013
10605
10068
11690
15141
11380
11973
466826
16589
32389
2254180
18801
486435
12474
11553
43517
10910
362262
14847
12425
12104
11895
11142
12237
92107
12206
14472
558124
15677
40032
12396
52803
12340
76755
10622
12368
12592
23901
19143
11257
11887
11058
11136
13579
13169
13747
381286
295052
15460
996331
552732
679229
21071
13816
1187871
24716
167346
39708
12089
11526
16702
955261
19954
17565
10940
13531
11164
18491
646929
17350
683028
32498
17089
12682
14699
11828
12185
12947
15322
902339
19966
12296
12125
12896
12461
15521
482995
17062
14812
14599
20375
13989
262389
585132
19315
28561
12140
12444
18742
12470
15630
87785
12264
22271
13093
12571
11659
12486
11400
10800
12136
17197
1178524
23304
1504584
39948
17701
1555361
21241
89568
12924
420928
28777
31969
11747
11769
18823
1228177
20527
19217
398858
177437
1074514
19592
10800
12777
10521
9886
12351
156415
500972
984996
19638
105879
10692
11391
39897
12427
10527
11039
10665
13102
80996
13606
259609
20021
1214817
50310
84799
12069
81293
13411
10214
10693
10821
10604
10156
80639
11482
11771
266643
199302
11802
2709274
22776
21695
29046
18158
849637
1148903
30987
301560
17153
28263
11473
14995
1601977
12295
12109
12293
11426
1258445
93253
23266
145072
14782
12006
39289
11144
13517
11352
12990
448901
13876
11180
1809979
294322
17164
333736
12030
11045
11093
11285
14234
11262
11168
11419
11556
14246
17613
20904
11819
51964
1166894
22440
11555
52016
10693
11550
11634
15056
750532
17956
25272
12482
197537
995440
696870
13028
11781
10371
11560
29510
30452
9959
9572
145313
14687
11997
8738
7910
1921
2286
2030
4179
2077
1849
1930
1825
2045
2816
2033
2182
82788
3011
5822
402732
3356
87179
2259
2092
7753
1977
63337
2636
2157
2124
2023
1985
2075
16622
2148
2482
101043
2839
7098
2220
9247
2192
14014
1924
2152
2143
4396
3383
2038
2146
1976
2043
2416
2357
2399
68936
51524
2761
178848
96166
123020
3786
2472
212676
4368
30149
7271
2141
2094
3071
171566
3616
3177
1947
2408
2019
3349
115112
3161
119937
5903
3095
2224
2607
2087
2244
2322
2779
164556
3542
2177
2141
2307
2192
2620
85765
3010
2560
2540
3557
2430
45435
107027
3468
5060
2175
2175
3301
2219
2800
15654
2283
3967
2318
2265
2037
2271
2102
1902
2160
3156
210839
4161
269549
6989
3246
276671
3749
16246
2283
76555
4965
5935
2129
2136
3288
226229
3806
3440
77744
32639
188180
3639
2018
2335
1864
1817
2323
29547
93486
175234
3593
18926
2009
2079
7344
2254
1934
2069
1941
2309
14839
2468
47081
3512
221853
9268
15658
2156
14991
2413
1925
1979
1982
1977
1941
14761
2154
2177
48298
37553
2212
491389
4287
4095
5262
3210
159061
208978
5560
54149
3207
5268
2088
2674
293976
2222
2199
2196
2093
225904
17663
4123
26415
2732
2163
7168
1992
2452
2042
2261
81771
2513
2022
329568
52859
3110
61210
2169
2036
2005
1980
2460
2034
1968
1993
2028
2454
3145
3710
2076
9341
214226
4008
2035
9279
1848
2102
2104
2617
136035
3239
4454
2219
36119
179701
127504
2412
2133
1866
2127
5397
5508
1782
1750
26474
2665
2209
1599
