45118
10757
12127
11924
23211
10862
11152
10785
10819
11822
14830
11045
11026
469390
16558
32928
2260768
18699
491744
12717
11420
41633
11487
361642
15154
12330
11556
12110
10709
12634
92904
12808
13974
554816
15405
40008
12322
52744
12205
77401
11264
12981
12421
24265
18871
11150
11803
10855
10265
13453
12742
13654
379112
299395
16268
997255
548423
686115
21836
14411
1200001
24891
171058
41134
11416
11651
17390
953612
19285
17506
10852
14170
11482
18081
645229
17433
679642
32306
17079
12666
14030
12532
12268
12766
15097
899659
20642
12599
11842
13101
12708
15353
472126
17100
14653
13550
20207
15361
262870
585013
20422
28319
12518
12088
18488
11990
15671
85957
11662
22718
13187
12815
11798
12750
11207
11642
12034
16394
1178846
23283
1507401
40917
17689
1564966
22289
90496
13122
423196
28405
32756
12329
12133
19422
1225066
20888
19431
397474
175529
1077450
20140
10907
11942
10710
10843
12847
156082
499189
981279
18989
106651
10725
11413
41211
12814
10132
10721
10646
12325
79272
12813
262240
20292
1209580
50979
86069
11562
80254
13995
10618
10434
10813
10992
10451
80663
10988
11874
264911
198235
11660
2703820
22349
21578
28779
16837
852957
1145531
30961
298992
17678
29348
11444
15179
1603978
11616
12310
12618
12349
1260360
94618
23284
144257
15289
12281
37905
11545
12977
12084
13142
452450
14996
11583
1812242
292434
16427
334762
12249
10962
10563
11739
14554
10627
11601
11558
11457
14650
17538
20476
11607
52239
1166068
22780
11475
52157
11139
10747
12091
14789
757093
18232
25031
12571
195703
995678
695317
13077
11599
10116
11492
28800
32167
10300
9198
142928
13960
11022
8990
7964
1915
2202
2121
4062
1925
1991
1975
1915
2139
2766
1995
2012
83266
2968
5891
403429
3363
88124
2288
2080
7434
2114
63203
2683
2144
2046
2102
1924
2166
16826
2232
2428
100456
2817
7076
2217
9193
2149
14156
2060
2249
2164
4440
3350
2002
2174
1922
1876
2406
2265
2426
68698
52052
2874
178766
95205
124324
3932
2639
214275
4371
30823
7460
2053
2116
3192
171327
3466
3173
1960
2549
2060
3223
114995
3116
119499
5918
3126
2232
2522
2207
2226
2304
2746
164038
3624
2217
2072
2327
2318
2617
84090
2996
2531
2354
3488
2613
45657
107202
3596
5067
2237
2104
3273
2167
2821
15359
2170
4060
2396
2325
2083
2366
2058
2031
2113
2991
211133
4148
270392
7263
3228
278366
3915
16398
2373
77146
4893
6000
2218
2205
3342
225488
3845
3491
77538
32403
188724
3783
2052
2202
1940
1982
2416
29377
92880
174906
3516
19079
2016
2076
7540
2356
1894
1994
1948
2188
14554
2308
47493
3590
221305
9331
15923
2099
14816
2514
2013
1917
1974
2053
2001
14688
2070
2206
47968
37181
2177
490745
4218
4023
5209
3041
159599
208543
5614
53693
3269
5453
2104
2691
293758
2098
2261
2238
2255
226380
17933
4135
26182
2805
2199
6836
2055
2341
2207
2306
82231
2692
2109
329920
52712
2983
61504
2150
2083
1911
2084
2519
1919
2030
2040
2034
2550
3135
3643
2055
9309
214532
3994
2057
9363
1928
1969
2148
2581
137094
3237
4437
2251
35988
179791
127616
2409
2103
1816
2097
5283
5806
1838
1684
26050
2548
2065
1659
