45484
10141
12607
11916
23323
11114
10720
11294
10384
11687
15078
11092
11738
466142
15938
32243
2253747
18450
487125
12919
11129
41745
11223
363694
15204
12889
12007
12976
10756
12769
91689
12004
14377
555605
15241
39122
11741
52734
12462
79323
11586
13063
12119
23365
18916
10942
11440
11179
11387
13579
12947
14074
382565
296921
15843
993680
551907
683856
21178
14511
1196000
24503
169993
40146
12412
11257
17183
957084
20395
18035
11345
13723
11299
17074
654944
16478
681751
32846
17016
11977
15381
11954
12375
13371
14900
898176
20240
11826
12537
12450
11903
16667
477314
16867
14856
14493
20765
14289
265707
586427
19806
27738
12637
12481
18782
12564
14560
86136
11646
23236
12866
12318
11503
12416
11323
10743
11781
16931
1181549
23853
1499054
40369
17026
1558676
21501
89526
12986
422931
29380
32808
12016
12473
19261
1234351
20417
20166
401322
180125
1077238
19637
10764
11911
10387
10102
12945
157207
499429
987888
19895
107135
11189
11527
40214
11999
10041
10822
10762
12559
79676
13186
259917
20718
1213476
50645
85177
11638
81480
13895
10590
10036
11344
10338
10350
80697
10897
11707
265434
199939
11759
2719841
22594
20852
28952
17133
848230
1147622
31420
304058
17152
27603
11904
15386
1612071
11245
13102
12670
12663
1256782
91101
23537
142552
15246
12384
37549
11740
13790
11404
12959
449647
14529
11606
1820799
293559
16421
333202
13173
10765
11040
12127
14006
11101
11214
12023
11454
13734
16847
20802
12052
53576
1162928
22303
11381
51555
10809
10847
11466
14240
749810
18655
25692
12559
196885
993652
695516
12723
11529
9930
11102
29169
30152
10264
9896
144700
14354
11141
9156
8017
1840
2319
2060
4137
1969
1948
2060
1888
2081
2778
1967
2161
82993
2866
5742
402888
3306
87347
2313
2019
7521
2101
63609
2729
2268
2118
2207
1937
2213
16509
2120
2507
100717
2781
6976
2137
9335
2226
14459
2104
2249
2133
4348
3351
1990
2086
1972
2069
2441
2284
2490
69186
51770
2829
178346
96009
123975
3808
2609
213695
4331
30713
7305
2253
2053
3220
171697
3705
3299
2016
2483
2048
3072
116765
2964
120042
6041
3097
2135
2721
2094
2256
2412
2767
164230
3525
2062
2193
2236
2136
2826
85124
2965
2617
2543
3635
2495
46153
107516
3521
4954
2255
2203
3333
2250
2624
15338
2165
4095
2317
2192
2069
2308
2050
1924
2073
3081
211658
4259
269382
7127
3149
277455
3802
16300
2338
76813
5032
6058
2195
2271
3328
227026
3750
3628
78397
33135
188473
3687
2022
2144
1885
1876
2429
29698
93077
176241
3658
19132
2092
2090
7468
2193
1888
2007
1980
2226
14643
2322
47164
3669
222148
9233
15741
2112
15068
2498
1994
1863
2088
1920
1959
14789
2050
2172
48278
37707
2168
494325
4260
3843
5235
3050
159143
208861
5619
54528
3189
5145
2191
2765
295549
2041
2377
2210
2277
225772
17297
4194
26030
2824
2224
6850
2072
2473
2079
2273
81825
2599
2108
332021
52997
3001
61239
2352
2033
2023
2153
2462
2004
1964
2093
2025
2397
3031
3698
2146
9648
213907
4001
2051
9227
1869
1943
2066
2497
136294
3355
4548
2241
35951
179808
127699
2337
2096
1792
2102
5355
5490
1850
1777
26298
2608
2056
1703
