43926
10899
12622
10878
23811
10897
10896
10308
10919
11690
14521
10285
11449
460167
16638
32318
2230935
18515
482926
12735
11792
41467
11313
365531
14896
11756
12139
11724
11795
12719
92072
12022
13765
554425
16026
38650
11589
52188
11640
76106
11513
12359
11906
23008
19491
11023
11565
11413
11013
14150
13066
14476
372453
297563
16257
984936
548161
678609
22158
14597
1187146
25061
169124
40222
11784
11060
16747
949739
21081
17725
10519
13104
10052
18229
637225
17358
679294
32304
17052
12013
14286
12023
12371
12615
14868
895378
20838
12564
12696
12743
12202
14905
468506
17474
14200
14334
19519
14816
265404
588089
20690
28414
12405
12020
18244
12816
14979
86969
11441
22279
12302
13170
11595
12846
10786
10558
12390
16730
1167737
23015
1492750
40431
17417
1549391
22451
88643
13131
417646
29049
30941
11643
11829
18082
1217832
21012
20238
396016
174112
1071017
19260
11021
12112
9692
9505
12200
156795
499787
977763
20170
107483
10548
11166
40233
12213
9621
11141
10741
12545
79040
12387
257687
20879
1198721
49466
85317
11443
80323
13615
10383
10153
10651
10064
10332
79413
11622
11504
264693
196372
11990
2685486
22461
20563
28125
16892
843459
1132492
31062
294940
17366
28881
11809
15018
1597688
11137
12395
12341
11808
1245320
94512
24006
142311
15353
11632
38181
10904
13574
11144
13263
445925
14324
11895
1803403
295282
16325
337817
12127
10656
10769
11934
14004
10689
11736
11085
10858
14336
17155
20572
11876
53476
1167802
21647
10807
52139
11359
10572
11407
13490
746708
18045
25798
11990
192957
996911
692307
13020
11769
9846
11067
29171
30074
10449
9629
144212
14204
11784
9431
7646
1933
2298
1916
4151
1927
1943
1858
1952
2087
2723
1843
2071
81182
2962
5712
395206
3332
85945
2252
2127
7321
2038
63436
2646
2068
2122
2015
2085
2145
16466
2146
2359
99664
2858
6862
2053
9041
2060
13755
2090
2118
2061
4210
3422
1986
2075
1968
1987
2525
2285
2521
66921
51491
2828
175364
94545
121987
3927
2614
209951
4403
30120
7238
2108
1964
3081
169115
3766
3190
1859
2370
1845
3240
112539
3120
118297
5851
3095
2140
2517
2120
2226
2281
2715
162025
3652
2185
2183
2254
2171
2510
82695
3022
2489
2513
3363
2551
45517
106953
3620
5003
2181
2098
3189
2330
2614
15304
2084
3953
2247
2337
2035
2348
1962
1860
2159
3024
207951
4078
265615
7122
3194
273213
3816
15869
2366
75422
4944
5681
2061
2160
3159
222048
3856
3576
76628
31875
186011
3595
2001
2174
1757
1731
2235
29396
92145
172673
3655
19077
1975
2037
7343
2260
1768
2045
1948
2224
14424
2212
46350
3653
217353
8989
15594
2045
14714
2439
1939
1857
1933
1853
1931
14386
2137
2119
47713
36590
2221
483468
4182
3819
5073
2992
156806
204259
5456
52384
3236
5283
2158
2652
290537
2018
2235
2183
2152
222014
17835
4196
25760
2827
2100
6835
1941
2442
2017
2293
80786
2557
2144
325737
52808
2983
61477
2102
1988
1916
2074
2452
1937
2005
1936
1899
2469
3084
3675
2060
9495
213193
3809
1897
9372
1946
1921
2037
2353
134114
3234
4530
2159
34926
178593
125601
2367
2095
1743
2028
5318
5421
1865
1719
26006
2596
2195
1698
