44924
10908
12480
11826
23510
11140
10038
10718
10381
11311
15403
11410
11682
465209
16034
32660
2255809
18155
482964
13754
12320
42083
11294
364304
15115
12166
12183
12564
10307
12954
91022
10969
13868
550833
16227
40083
11820
52796
12321
78774
11373
12627
12073
23642
19309
11291
12249
10741
10988
13292
13018
13890
381524
296251
16584
995264
552772
682185
22201
14054
1202988
24574
170230
40618
11911
10939
17111
958023
20980
17765
11083
13665
10616
18345
648075
16839
678146
32537
17632
13090
14292
11123
12722
12526
14944
898882
19977
12235
12114
12622
12316
15177
474006
16636
15048
14635
20306
14292
261569
583894
19771
28418
12342
12677
18838
11967
15307
87490
11584
22881
12863
13319
12076
12576
12125
10812
12207
16960
1183890
23453
1503058
40892
17616
1567005
22406
89636
13366
420581
28330
30315
12173
12340
18538
1228646
20095
18626
398580
176419
1073280
19991
10796
11666
10612
9935
12663
156050
497429
987248
19581
107754
10392
11224
40014
11701
10608
10988
10517
13055
79388
12754
262385
20944
1211936
51132
85695
12088
81660
13942
10752
10252
10198
10210
10683
80782
11207
11148
262867
198344
11988
2717679
22918
21461
29079
17368
851966
1150482
32388
299368
17574
28473
10855
14712
1607600
11567
12799
12191
12079
1258172
92560
22632
142720
15184
12111
38407
11649
13516
11104
13498
451071
15253
11289
1821161
293299
17131
339593
12419
10259
10980
12315
13952
11322
11532
11934
11538
14089
17898
20699
11709
54243
1164493
22417
11360
51361
11498
11651
11534
14574
750734
18066
25498
12446
196239
992144
701822
13149
11979
10045
12046
29246
30368
10530
10446
145638
14817
11103
9290
7872
1937
2282
2062
4107
1975
1851
1934
1887
1994
2868
2045
2125
82709
2898
5834
403237
3284
86964
2425
2246
7526
2077
63437
2695
2113
2159
2153
1873
2218
16466
1982
2419
99915
2912
7126
2167
9244
2195
14401
2065
2155
2139
4335
3433
2042
2217
1887
2015
2351
2331
2460
69152
51579
2895
178619
96242
124028
3966
2531
215297
4395
30794
7458
2148
1985
3175
172155
3789
3259
1987
2466
1912
3298
115636
3091
119558
6002
3219
2283
2535
1974
2261
2271
2738
164730
3525
2171
2137
2229
2241
2607
84522
2876
2637
2538
3566
2495
45506
107014
3522
5034
2242
2202
3306
2136
2698
15664
2160
4097
2291
2387
2154
2307
2187
1926
2176
3113
212511
4145
270139
7223
3261
279011
3920
16214
2408
76633
4904
5624
2200
2249
3302
226377
3724
3371
77974
32590
187883
3753
2030
2135
1929
1825
2383
29544
92957
176289
3614
19315
1947
2054
7423
2148
1973
2056
1943
2296
14521
2295
47633
3714
221528
9375
15858
2224
15194
2515
2030
1895
1912
1905
2030
14817
2075
2063
47761
37446
2201
493403
4337
3978
5297
3116
159969
209348
5772
53892
3218
5306
2002
2618
294859
2137
2295
2173
2196
226371
17664
4056
26072
2817
2190
6941
2070
2426
2043
2359
82372
2715
2037
331525
52796
3109
62420
2214
1952
1989
2182
2425
1992
2018
2099
2019
2443
3218
3668
2077
9747
214631
4025
2069
9216
1980
2106
2079
2600
136438
3254
4516
2253
35890
179603
128618
2447
2201
1784
2219
5399
5539
1898
1886
26596
2676
2075
1709
