46200
10451
12190
11538
23802
10555
10860
10585
10538
11363
14761
11509
11199
471774
15672
32532
2262087
18446
487866
13337
11824
42576
11144
367324
15226
12238
11686
12399
10606
12754
91220
12218
13873
553602
15269
39773
13035
52776
11614
77498
11488
11912
12191
24503
18815
11056
12156
11488
10910
12981
12837
13503
379922
297437
16566
995885
552635
686695
21954
14110
1203602
24448
171609
40288
13105
11228
16765
959424
20650
16603
10440
14004
10876
18426
651294
16978
675222
32654
17310
12658
14072
11804
11988
12070
15583
899224
20117
12381
13229
13025
12067
15615
480203
17353
14016
13783
20632
14381
263179
588367
19424
29615
13505
12679
18726
12596
15505
88655
12317
21759
13209
13052
10818
12883
10717
11493
12478
16461
1177523
23665
1502106
40337
17269
1563241
22095
89208
13737
425876
28385
31894
11816
12205
18903
1234639
20670
19966
401337
179682
1080298
19412
10740
11688
10038
10773
12961
155006
498220
986264
19707
107290
11106
11472
41022
12675
10031
11256
11904
13134
77756
12633
262227
20091
1215358
49806
85141
12155
80882
13595
10220
10522
10854
10110
10672
79533
11065
11399
264637
198858
12222
2710265
22638
21085
28583
17600
850280
1155039
31561
302002
17779
28632
11704
14692
1604360
11375
12055
12483
12178
1259711
93180
24422
142631
14420
11612
38418
10358
13256
11561
12694
450689
14054
10812
1820735
293201
16967
334600
12783
11069
10207
12032
14213
10706
10976
10503
11676
13938
16741
21107
11780
54057
1166175
22995
11575
51067
11341
11135
11640
14780
751494
18294
25726
12544
196856
1000455
696666
13098
11948
10731
11878
29283
30958
9920
9625
149249
14647
11827
9161
8184
1888
2283
2064
4203
1863
1969
1922
1891
2009
2736
2062
2053
84085
2827
5823
404751
3345
87557
2361
2163
7615
2045
64246
2726
2155
2037
2093
1928
2200
16468
2177
2441
100424
2787
7098
2325
9299
2097
14158
2087
2054
2117
4494
3373
1979
2226
2010
2003
2308
2265
2415
69023
51910
2963
178943
96158
124916
3948
2586
215245
4348
30933
7351
2347
2030
3101
172710
3741
3057
1873
2521
1961
3349
116492
3085
119233
5960
3194
2227
2490
2098
2147
2172
2859
164389
3547
2129
2298
2336
2173
2655
85565
3079
2455
2426
3626
2485
45894
107820
3516
5301
2401
2199
3308
2285
2779
15819
2243
3872
2399
2376
1929
2371
1966
2067
2187
3048
211374
4215
270309
7149
3215
278255
3899
16189
2485
77472
4918
5877
2148
2222
3319
227896
3830
3609
78516
33242
189385
3614
2027
2127
1791
1954
2420
29237
93149
175728
3626
19117
2078
2098
7569
2319
1889
2073
2169
2296
14395
2252
47597
3570
222830
9150
15701
2197
14938
2441
1908
1921
2003
1894
1994
14698
2073
2084
48234
37401
2328
492666
4238
3939
5206
3143
159669
210718
5688
54286
3272
5314
2127
2612
295305
2084
2184
2205
2239
226719
17727
4342
26097
2694
2118
6939
1872
2440
2073
2180
82408
2540
1964
331998
52755
3121
61509
2246
2074
1878
2155
2486
1943
1922
1874
2038
2432
3023
3793
2061
9699
214806
4134
2036
9161
1982
1995
2089
2610
136674
3306
4591
2246
36136
181122
127990
2451
2174
1870
2201
5370
5640
1786
1750
27117
2686
2173
1683
