45016
11283
12893
10754
23486
11034
10518
10296
10503
11548
15653
11595
12013
468443
16039
32950
2259259
19125
488851
13039
11596
43322
11639
364153
15167
11859
12584
12588
11017
12654
92423
11648
14468
556459
14964
39888
11560
51459
12474
77347
11314
12756
12267
23857
19575
10719
11946
10839
11062
14042
12437
13146
380867
298832
16484
1002733
552917
686062
21468
14270
1198278
25718
169295
40720
11880
10900
17593
960156
20364
17177
10680
12971
10388
17684
652394
17414
678207
32135
17311
12714
14484
12259
12310
12113
15308
902924
20622
12379
12122
12733
12551
15741
475317
17025
14538
14217
19978
15051
263532
585387
19919
28965
12319
12805
18695
12418
14611
86557
12725
22569
13309
12691
12072
13053
11065
11244
12107
16132
1179847
22947
1498175
39761
17779
1555748
21682
89281
13338
424385
27611
31480
12157
11496
18920
1230267
20618
19696
400145
178740
1079013
19679
10877
11783
10682
10553
12912
155428
498369
989182
19598
110326
10828
11752
40575
12732
10131
10924
10453
12974
80040
12932
261313
19964
1214652
51196
85568
12538
80691
14214
10556
11679
10505
10157
10586
80849
11528
11929
265161
197924
11753
2711156
21822
20604
29070
17656
850828
1151367
31526
299995
18192
28464
11420
15746
1613115
12574
12411
12472
11902
1259282
94983
22086
141685
15126
12373
39152
11457
12508
11036
13143
450039
14930
12424
1825562
295576
16252
337727
12336
10825
10417
11706
13803
10635
11518
10866
11591
14728
17728
19640
11889
54121
1170544
22381
11074
52714
11303
10523
12282
14846
756586
19384
24828
12342
195280
999705
698097
12671
11590
10854
11546
28817
31950
10077
10195
147422
14113
11579
8571
7967
2024
2352
1919
4172
1949
1929
1867
1889
2062
2905
2062
2166
83376
2923
5846
404414
3415
87911
2319
2127
7797
2098
63913
2651
2103
2233
2206
1975
2167
16777
2080
2518
100894
2710
7142
2084
9014
2247
14165
2062
2194
2175
4427
3470
1923
2153
1914
2003
2486
2196
2316
69317
51984
2934
180367
96491
124590
3839
2620
214757
4543
30578
7437
2148
2011
3287
173187
3692
3138
1918
2381
1880
3180
116486
3141
119803
5873
3144
2261
2567
2158
2222
2207
2784
165128
3618
2176
2152
2266
2290
2699
84627
2996
2560
2475
3513
2611
45828
107407
3549
5144
2201
2286
3305
2249
2624
15515
2349
4053
2405
2304
2144
2409
2044
1969
2154
2935
211932
4075
269833
7070
3286
277393
3862
16260
2400
77285
4783
5867
2181
2088
3299
227014
3819
3530
78341
32966
189071
3726
2030
2155
1947
1953
2411
29479
93103
176463
3610
19756
2015
2125
7516
2335
1908
2046
1954
2316
14708
2343
47692
3600
222435
9389
15864
2265
14941
2560
2013
2099
1942
1943
1993
14777
2154
2229
48263
37434
2188
493399
4079
3893
5327
3198
159900
209988
5632
54033
3373
5317
2085
2802
296482
2289
2258
2215
2213
227077
17963
3972
25954
2770
2203
7075
2035
2264
2024
2306
82315
2685
2236
332959
53180
2982
61933
2174
2042
1902
2121
2381
1910
2021
1954
2014
2601
3186
3531
2120
9665
215612
4045
2014
9432
1955
1927
2184
2625
137782
3430
4389
2194
35864
181241
127964
2361
2117
1926
2148
5286
5727
1796
1823
26849
2575
2102
1587
