45518
11386
12812
11720
24078
11067
10572
11077
10837
12229
15747
10851
11960
466089
16536
32001
2259581
19264
487374
12806
11485
41656
11412
364750
14445
12452
11865
11788
11213
12319
93024
12566
14249
553993
14708
39768
12416
53044
12797
77354
11533
12474
12048
24494
18630
11633
11638
11449
10470
13654
12668
13563
381751
299192
16578
999388
549370
685642
21933
14138
1206406
25259
170511
40922
12280
11108
17307
960739
20189
17878
10982
13926
11037
17967
650188
17645
682210
31363
16759
12349
14617
11898
12122
12028
15210
903761
20326
12632
12502
12776
12449
15603
480847
17167
14120
14268
21070
14296
262611
585094
20438
28643
13035
11523
18709
12731
15587
85940
12351
21906
13074
13113
11889
12795
11329
11116
12291
16163
1180913
23333
1506406
40402
17958
1564681
21558
89751
13032
420091
28811
31351
11685
11363
19188
1231361
19960
19795
400670
179122
1073116
20090
10721
11904
10209
10549
12351
155378
496627
991111
18456
108305
10963
11317
40590
12480
10061
10819
10417
12925
80159
12117
261706
21109
1216377
50010
85903
11704
80070
13946
10325
10658
10006
9769
10077
80315
11228
11510
267048
199924
11394
2709319
22346
21422
28601
17056
852481
1147202
31729
301703
17953
29490
12018
14926
1611757
12045
12286
12793
11990
1262721
94659
22365
142338
15335
11772
39571
11161
14390
10625
13721
449620
14581
11922
1825428
292719
17211
336035
12462
10485
11119
11304
15171
10642
11717
12067
11310
14341
17200
20650
11407
52533
1160345
22399
12015
50001
11007
10868
12189
14650
751405
18258
24606
12311
195672
993656
699265
13443
12010
10394
12011
29194
31789
10012
9464
148169
14531
11787
9410
8101
2062
2343
2071
4246
1986
1924
1999
1951
2158
2864
1979
2188
83002
2967
5732
404601
3479
87669
2306
2107
7527
2099
63919
2549
2182
2130
2028
2011
2115
16870
2222
2462
100788
2688
7061
2220
9305
2281
14207
2107
2168
2142
4509
3283
2099
2106
1999
1987
2435
2258
2397
69336
52358
2983
179626
96035
124679
3925
2575
215975
4430
30766
7499
2195
2028
3167
173419
3630
3259
2002
2496
2012
3265
116013
3211
120331
5733
3053
2189
2624
2076
2199
2220
2765
165363
3565
2241
2166
2285
2195
2661
85718
3060
2501
2521
3659
2471
45609
107498
3659
5110
2350
2047
3306
2253
2797
15452
2272
3947
2387
2362
2113
2387
2057
1980
2172
2958
212134
4193
271277
7189
3308
279040
3831
16310
2351
76635
4951
5831
2108
2090
3383
227459
3710
3563
78451
33068
188424
3777
2004
2154
1844
1917
2339
29480
93115
177118
3412
19520
2083
2065
7456
2303
1892
2013
1937
2305
14807
2215
47575
3754
222917
9209
15810
2112
14846
2543
1951
1962
1879
1841
1925
14777
2144
2125
48680
37683
2143
492875
4133
3997
5259
3092
159890
209365
5687
54399
3309
5516
2163
2684
296207
2168
2240
2267
2230
227831
18005
3971
26047
2824
2136
7146
1999
2605
1944
2397
82268
2633
2157
332940
52946
3130
62004
2220
1998
2025
2017
2624
1921
2012
2156
2019
2516
3091
3680
1997
9445
214153
4034
2135
9077
1917
1973
2204
2582
136821
3252
4417
2202
35920
180087
128272
2481
2204
1872
2206
5295
5759
1789
1723
27029
2658
2203
1729
