45688
11073
12745
11119
23747
10999
11025
11139
10799
11356
15118
11192
11506
468586
16177
32276
2264302
18552
489858
13740
11479
42147
10502
360552
14736
12156
11930
11524
10888
12583
91584
11966
14835
554711
15887
39464
11958
52636
12667
75968
10735
12556
12161
24137
20034
11496
11394
10829
10701
14112
12790
13382
385371
296952
16800
997097
551504
682614
21412
13967
1202894
24371
171088
42893
12417
11237
16867
969797
20527
17210
10762
13792
10805
18476
654089
17592
676369
31591
17486
12599
14421
11531
12539
12631
15189
899665
20864
12080
12401
13013
12722
16698
480397
17229
14251
14161
20251
15292
261170
587374
20335
28109
12139
12017
18269
12063
14683
87115
11903
23336
12929
12713
12720
13348
11190
10663
12878
16589
1181153
23498
1504857
40319
17933
1567653
22113
89138
13366
421561
28468
32119
12047
11989
18854
1235876
21065
19527
401943
179616
1074545
19949
10901
11977
10983
10356
11858
157126
497290
995226
19361
108409
10635
11724
41009
12340
10945
10731
10972
13186
81687
12691
264675
20756
1220989
50816
85784
11965
81119
14443
10717
10628
11149
10037
10435
81008
11450
11412
264241
198884
11864
2709043
22731
21232
28259
17143
852836
1152495
30520
301544
18239
28690
11479
14963
1607201
11736
13274
12489
12272
1263500
93002
22596
144108
14835
11674
39258
11198
13800
11289
12491
451715
14747
11924
1828851
294416
17061
336948
12718
11005
11205
11649
13981
9715
11291
11056
12275
14163
17052
20241
11976
54648
1169326
22402
11937
51809
11634
11668
11620
14611
755608
18564
25120
12186
196661
996854
702223
12757
11572
10165
11310
28833
31985
10457
9671
148133
14210
11831
9161
8084
2000
2338
1999
4149
1984
1986
2019
1936
2035
2806
1990
2087
83573
2916
5818
405876
3340
88303
2458
2085
7580
1916
63254
2632
2145
2138
1990
1956
2145
16647
2141
2547
101044
2861
7108
2158
9311
2272
13996
1966
2174
2108
4419
3528
2036
2086
1959
1986
2519
2313
2393
69972
51912
2972
179331
96445
124365
3853
2561
215611
4324
31078
7845
2218
2059
3177
174988
3697
3123
1977
2491
1921
3364
116916
3178
119417
5757
3193
2212
2578
2052
2285
2330
2796
165209
3669
2129
2189
2359
2273
2844
85883
3017
2516
2518
3526
2610
45595
107949
3635
5061
2221
2157
3276
2180
2674
15615
2222
4180
2354
2304
2269
2486
2043
1889
2254
3068
211991
4175
271133
7181
3344
279779
3911
16264
2435
77062
4895
5946
2207
2197
3307
228579
3900
3543
78841
33190
188639
3761
2055
2209
1951
1915
2260
29879
93008
177963
3600
19556
1994
2151
7624
2286
2026
2026
2010
2350
15099
2249
48177
3657
223787
9379
15866
2163
15127
2624
2037
1944
2052
1881
1991
14991
2163
2132
48024
37653
2240
494500
4293
3972
5132
3054
160867
210949
5502
54338
3409
5370
2126
2708
295906
2133
2408
2251
2256
227983
17744
4072
26399
2738
2114
7110
2021
2470
2045
2215
82593
2645
2180
333730
53387
3097
62062
2209
2077
2072
2142
2411
1790
1982
1971
2178
2485
3105
3620
2119
9871
215868
4023
2179
9374
2025
2145
2105
2597
137981
3351
4461
2160
36100
180728
128906
2366
2094
1812
2078
5314
5801
1865
1773
27057
2584
2212
1702
