46581
11024
12910
11672
24291
11054
10590
11275
10980
11752
15055
11504
11638
469507
16669
31495
2260713
18211
489410
13312
11831
41251
10925
362261
14616
12559
12342
11893
11204
12453
91174
12875
14148
557317
15096
40083
11669
52426
12388
77331
11287
12373
13543
25266
18439
10916
11498
11125
10822
13324
12944
13843
382487
296298
16592
998850
549985
685438
21259
13738
1201284
24857
172264
40911
12081
11387
17134
960498
20593
17425
10976
13308
11014
18521
658105
17169
681095
32342
16989
12431
15252
11491
12458
12259
15522
906266
19535
12289
12470
12793
11773
16313
481751
17328
14418
14007
20657
14510
260171
587058
20244
29622
11829
11994
19290
12330
15375
88215
12039
22085
12947
12137
11900
12166
10766
10805
11565
15900
1178845
24598
1505588
39823
18008
1571484
21846
89884
13881
424054
28769
32342
11713
11901
18565
1232334
20879
18789
402019
181475
1074293
20366
11107
11626
10331
10605
13040
154099
501555
983668
19595
108246
11580
12198
41200
12653
10333
10629
11226
12387
81225
13447
261360
20488
1218370
51500
87434
11940
80219
14271
10626
10157
10181
10365
10675
79874
11539
11233
266171
200341
11801
2711624
21680
20749
28117
16748
853604
1158029
31497
299218
17951
27503
12121
15507
1611027
11377
12727
12174
12301
1267947
92595
23792
144354
15047
12360
38203
11158
14102
11229
13842
449700
15117
11269
1828910
292755
16263
341408
11821
11084
10812
11597
13988
11387
11523
11575
11910
13898
17192
20978
12304
54464
1163432
23418
11022
50487
10733
11259
11653
13844
753979
18370
25560
12598
198492
995376
697303
12917
11719
10248
11701
29609
32018
10673
9279
144681
15048
11920
8905
8178
2005
2413
2067
4263
2003
1922
2030
1979
2100
2796
2087
2130
83714
2976
5708
405710
3313
88372
2394
2165
7449
2003
63637
2599
2214
2167
2090
1969
2143
16563
2280
2442
101463
2730
7128
2132
9269
2237
14177
2065
2156
2369
4639
3296
1971
2104
1955
1980
2367
2294
2447
69546
51873
2960
180051
96246
124664
3844
2489
215873
4451
31008
7523
2204
2069
3193
173452
3745
3154
1983
2442
2008
3362
117602
3112
120486
5977
3143
2229
2760
2030
2251
2229
2860
166253
3477
2154
2208
2288
2105
2831
86064
3050
2561
2452
3590
2518
45422
108090
3622
5267
2142
2150
3450
2198
2787
15852
2209
4001
2342
2256
2126
2280
2012
1883
2024
2938
212459
4373
271226
7084
3325
280544
3893
16271
2503
77438
5002
5992
2136
2129
3311
227827
3897
3391
78819
33670
188751
3788
2095
2142
1873
1966
2465
29421
93630
176251
3629
19409
2149
2172
7624
2319
1918
2014
2066
2199
14975
2382
47644
3658
223487
9458
16181
2153
14950
2606
2013
1862
1893
1933
1999
14702
2148
2093
48571
37847
2186
494784
4100
3875
5121
3048
160685
211477
5637
54041
3311
5179
2202
2755
296664
2066
2302
2153
2253
228493
17658
4240
26476
2798
2256
6979
1994
2558
2088
2395
82289
2708
2023
333961
52927
2953
62698
2083
2120
1991
2084
2434
2002
2031
2059
2114
2440
3109
3721
2190
9749
215092
4224
1996
9149
1908
2044
2108
2454
137713
3345
4538
2245
36577
180530
128359
2414
2145
1842
2163
5469
5755
1919
1709
26429
2739
2190
1633
