44125
10319
11902
11608
23225
10879
10423
10486
10000
11208
14094
11345
11079
459591
16540
31713
2243049
18546
479000
13739
11962
41329
11658
363840
14570
11751
11633
11444
11289
12719
93810
12316
13902
553329
15445
39398
12434
51515
12889
75923
11265
12297
11894
24208
18812
10592
11086
11364
10152
13113
12618
13973
376649
295551
16997
988459
541563
678677
21415
14481
1188160
24733
167135
40108
11679
11034
17237
944197
20796
17377
10095
13424
10641
17812
636722
17721
681564
31133
17286
12263
14017
11560
12391
12392
15389
892849
19671
12655
12709
12803
12227
15492
469952
17538
14762
14106
20235
15395
262508
588925
20111
28320
12034
12127
18297
12151
15320
85858
11594
22830
12587
12075
11049
12236
11699
10692
12189
16372
1171630
22652
1488138
41903
17322
1550472
21301
90340
13254
420418
28741
31780
12230
11983
18550
1215781
20739
19652
398825
177413
1078580
19960
10913
11791
10604
9832
13399
153484
500399
976578
19702
107867
10828
11876
40675
12213
10002
11181
10599
12962
79704
12838
256417
20444
1198555
50233
85477
12285
80207
13419
10108
10354
10623
10333
10807
80600
11102
11512
264087
199436
12105
2673390
21860
20335
29556
17926
843143
1137192
30620
294760
16889
28852
11150
14679
1598570
11043
12588
12668
12433
1244317
93729
23345
145035
14211
11880
36676
11221
12947
11479
12566
449634
14982
11357
1799755
292558
17514
336570
11849
10680
10982
11411
14112
11249
11525
11609
11435
14069
17635
19855
12019
54172
1167731
22503
10941
52629
11337
10934
11558
13955
738566
18189
25085
12872
195509
996322
690995
13121
11372
9742
12068
29107
30714
10749
9774
146615
14074
11373
9157
7716
1838
2185
2034
4005
1903
1853
1903
1789
1977
2610
2007
2032
81175
2922
5612
397202
3332
85273
2404
2147
7339
2117
63155
2568
2062
2056
1979
1994
2209
16846
2183
2350
99502
2773
6913
2210
8943
2257
13707
2034
2090
2062
4443
3288
1904
1995
1962
1846
2300
2242
2474
67610
51154
2990
175746
93385
122376
3788
2608
210821
4312
29921
7274
2105
1989
3152
168336
3725
3133
1793
2443
1935
3148
112521
3171
118964
5661
3103
2134
2508
2039
2192
2241
2794
161483
3447
2185
2214
2285
2180
2611
82978
3071
2583
2462
3456
2624
45251
106792
3604
5004
2113
2142
3193
2164
2725
15211
2147
4023
2262
2154
1936
2240
2131
1891
2130
2970
208285
4059
264983
7320
3167
273435
3768
16221
2364
75717
4924
5828
2188
2190
3214
221896
3793
3524
77334
32493
187061
3699
1991
2145
1881
1786
2410
28863
92290
172623
3610
19085
2002
2126
7493
2192
1843
2067
1930
2293
14497
2286
46360
3604
217046
9132
15542
2197
14760
2436
1902
1885
1947
1937
1975
14561
2079
2114
47431
37283
2218
481293
4076
3778
5338
3195
157106
205132
5461
52481
3125
5375
2023
2614
290483
1944
2262
2221
2223
221934
17591
4088
26079
2599
2116
6591
1992
2352
2068
2182
81419
2719
1999
324583
52115
3118
61372
2086
2002
1992
2009
2433
1996
2012
2023
1987
2454
3197
3512
2124
9634
213271
3976
1942
9421
1933
1964
2036
2435
133037
3265
4420
2279
35450
178586
125757
2396
2061
1721
2186
5255
5494
1896
1736
26416
2529
2108
1658
