45063
11266
12454
11711
24263
10931
10175
10921
10473
11584
15077
10819
11577
469413
15925
32277
2277923
18569
487417
13005
12154
43101
11330
365933
14938
12068
12534
12367
10696
12340
91279
12020
14046
552571
15324
40215
12573
53978
12763
77276
10725
12511
12189
24253
18676
10340
11737
11496
10871
13968
13123
13575
386192
293874
15926
1003820
551288
689386
21439
14752
1205990
26117
171777
40320
12174
10980
17303
963071
20851
17641
10689
14177
10445
18022
657543
17649
680793
31468
17503
12374
13539
11874
12903
13098
14794
906961
19980
11994
12773
12993
12300
16556
481634
16854
14061
14254
20801
14641
262042
590066
19974
29016
11553
12143
18396
11661
15278
86625
11593
22855
12385
12736
11956
12894
11517
10453
11852
16891
1190006
22947
1500311
39674
17556
1565491
21582
88561
13615
427522
28187
32227
12040
11848
18789
1236349
20361
19990
403004
179979
1079660
20360
11007
11710
10116
10271
13061
155206
497794
992302
19458
107419
11087
11528
40055
13072
10273
10429
10802
12795
79752
13054
262353
20944
1222634
50867
87829
12105
81146
13454
11118
10378
10942
10170
10747
79802
10717
11134
268303
197112
12294
2718365
21804
20892
29131
17745
850238
1156874
31494
303747
17608
28185
11877
14741
1610883
11447
12329
12501
11699
1261185
91205
23779
143671
15475
11574
38212
11102
13122
11306
13001
452866
14619
11248
1828590
293913
17651
336732
12652
10947
10383
11909
13965
11239
10770
10938
11356
13922
17739
20936
11717
53594
1168309
21053
11464
51107
11094
11190
11727
14451
754623
18663
25249
12638
197423
995545
696026
12655
10912
10166
11305
29169
31269
10036
9297
148782
14252
11462
9083
8036
2062
2322
2111
4262
1981
1854
2004
1886
2065
2795
1987
2106
84022
2890
5805
409272
3325
88084
2332
2203
7728
2067
64228
2716
2137
2223
2123
1933
2136
16528
2110
2480
100862
2764
7194
2255
9493
2261
14223
1970
2164
2151
4483
3368
1850
2120
2042
2003
2505
2308
2427
70211
51676
2824
181413
96422
125607
3842
2720
217120
4573
31208
7422
2207
2023
3203
174134
3790
3216
1950
2572
1887
3294
117710
3218
120716
5811
3175
2189
2466
2113
2328
2400
2729
166175
3526
2127
2256
2303
2210
2820
86091
2993
2474
2535
3644
2563
45808
108358
3533
5192
2088
2145
3274
2130
2749
15602
2149
4103
2259
2318
2143
2383
2147
1884
2105
3100
214224
4159
271285
7044
3253
280175
3857
16154
2461
78271
4920
6009
2159
2221
3345
229017
3806
3687
79185
33453
190038
3845
2099
2143
1836
1898
2458
29457
93223
177773
3589
19353
2046
2107
7474
2395
1931
1954
1995
2282
14710
2358
47728
3678
224854
9439
16259
2224
15056
2468
2116
1922
2026
1898
2050
14737
2026
2105
48944
37303
2298
496623
4129
3920
5368
3213
160459
211403
5670
54829
3282
5275
2187
2659
297217
2076
2251
2234
2139
228106
17337
4222
26292
2857
2138
6955
1985
2385
2096
2317
83007
2628
2020
334535
53146
3252
61900
2194
2072
1937
2158
2488
2029
1865
1959
2008
2453
3213
3779
2054
9697
216420
3801
2073
9253
1916
2019
2121
2550
137900
3351
4521
2318
36275
181181
128363
2373
1984
1810
2076
5362
5688
1834
1689
27202
2605
2126
1669
