45077
10833
13121
10815
24416
10838
10418
10452
11125
11584
15104
10475
11402
471425
15981
32481
2266462
19110
496477
13966
11179
42901
10943
363679
14782
12130
12252
12210
11179
12818
91522
12077
14001
559583
15015
41418
11980
53543
12562
80727
11304
12012
12084
23208
18924
10742
11683
10942
11268
13608
12894
14040
384580
299606
16356
1011364
553639
682338
21187
14575
1206554
25244
171490
42026
12247
11567
18018
967567
20966
17326
10923
13413
11388
18068
655054
18061
679826
31965
17395
12358
14077
12544
12735
12235
15228
900305
20702
12086
12436
13097
12162
16400
477426
16727
14291
14477
19659
13716
262880
582587
20357
28817
12276
11797
18570
12902
15224
87687
11644
22335
12973
12917
11551
12687
11178
11432
11713
16621
1181718
22906
1502793
39811
17108
1565854
21411
89313
13125
427674
28752
32400
12455
11383
18724
1237863
21369
19226
401849
180455
1075285
19926
11030
11999
10683
9593
12822
157315
498471
991045
19267
107705
10281
11903
40825
12496
10287
11014
11278
12312
81100
12640
265744
21123
1223631
51235
86578
12266
79635
13819
10932
10648
10634
10589
10653
80536
11164
11485
267446
198907
11650
2719212
21350
20347
28213
17850
856009
1162086
30797
302503
16633
29533
12328
14663
1620832
11729
13032
12389
12159
1266458
93256
22447
142522
15961
12178
38976
11226
12632
11508
13715
454110
15021
11176
1827772
296578
16539
335168
12112
11111
10905
11719
13903
10674
11447
11810
11276
14088
17319
20258
11846
53771
1164338
21570
11311
51605
11619
11032
11902
14981
759185
17928
25720
12346
198722
994216
704165
12817
12035
10512
11469
29536
31315
10341
10414
147011
14943
11894
9580
8023
1972
2397
1911
4345
1957
1920
1893
2005
2081
2792
1906
2060
83960
2912
5863
407361
3488
89446
2510
2063
7727
2020
64070
2651
2150
2194
2098
1985
2234
16668
2155
2454
101972
2775
7410
2181
9354
2216
14859
2062
2118
2127
4319
3399
1924
2145
1943
2045
2425
2304
2492
70302
52462
2880
182226
97153
124430
3829
2654
216875
4475
31067
7702
2196
2082
3371
174980
3776
3131
1983
2439
2071
3307
117425
3278
120514
5902
3183
2165
2545
2200
2282
2245
2787
165436
3664
2150
2199
2337
2164
2764
85429
2943
2534
2569
3443
2415
45922
107394
3641
5168
2215
2129
3301
2346
2725
15743
2164
3986
2355
2342
2044
2368
2067
2020
2067
3053
213319
4119
271719
7086
3148
280190
3815
16290
2367
78051
5002
5982
2278
2095
3323
229436
3980
3517
79076
33395
189428
3717
2069
2190
1927
1782
2417
29866
93549
177650
3629
19422
1934
2197
7554
2298
1946
2067
2075
2228
14931
2250
48363
3809
225148
9489
16107
2213
14926
2523
2059
1959
1998
1979
2029
14839
2111
2113
48888
37632
2174
496705
4007
3824
5149
3172
161472
212756
5527
54610
3137
5535
2246
2630
299187
2142
2357
2215
2260
229177
17698
3999
26098
2937
2208
7136
2039
2304
2117
2405
83198
2691
2042
334328
53540
3015
61969
2163
2110
2005
2084
2458
1950
2031
2058
1999
2484
3149
3669
2109
9691
215523
3906
2025
9421
1984
2017
2168
2598
138636
3252
4575
2212
36565
180795
129722
2389
2201
1891
2157
5459
5620
1849
1884
26881
2703
2209
1767
