46097
11069
12827
12331
24338
10939
10221
10448
10952
11757
15111
10297
11918
469562
15704
31534
2275414
18325
490067
14197
11732
42144
10977
363502
14417
12426
11630
11984
11270
12347
91889
13086
14019
555617
15614
39852
12491
54943
12814
79847
10953
12669
12172
23594
19413
11425
11897
11132
11583
14289
12702
13735
387169
297890
16702
1005654
558058
682088
21158
14528
1212978
24513
171936
41618
12192
11189
17241
964799
20573
17518
10019
13616
10527
17979
654071
17809
680324
32869
17342
12830
13602
11909
12110
12490
15393
906281
20818
12575
12365
12608
11542
16100
481852
16684
14839
14303
21252
13700
265882
588586
21710
29142
11881
12182
18961
12054
15018
87958
12847
23399
12195
12608
11766
12845
11086
10964
12173
16856
1185908
23907
1508888
40310
18011
1574326
21546
89364
13288
426546
28750
31328
12469
12255
18676
1238418
20973
19854
404517
179936
1072328
20178
11231
12641
10204
11047
13431
156270
497106
995139
19743
107852
11433
11251
41229
11828
10239
11031
11426
12776
77924
12432
261675
19190
1230035
51452
87140
11962
81790
13883
10385
10410
10989
10688
10435
80666
11133
11499
266419
197960
11289
2726185
22774
22196
28112
17154
853619
1159202
30341
303008
17656
28643
12000
14605
1609064
11524
12484
13051
12540
1268270
93643
23010
141665
14729
11678
39680
11196
13933
12318
12962
448806
14577
11510
1827378
292645
15919
334126
13106
11122
10603
11619
14160
10174
11149
11581
11971
14640
18060
20695
11848
52913
1160352
21327
10860
51502
11676
11178
11525
14887
762039
17763
24952
12531
196147
997384
702397
13152
11637
10148
11322
29226
31271
10327
9829
149026
15041
11770
9032
8184
2009
2374
2176
4320
1988
1906
1923
1982
2126
2822
1879
2182
84175
2867
5716
410038
3333
88645
2557
2154
7621
2020
63945
2564
2227
2104
2080
2017
2131
16772
2334
2471
101462
2833
7115
2295
9638
2289
14680
2006
2188
2157
4325
3478
2073
2150
1980
2148
2544
2276
2423
70678
52449
2960
181872
97767
124856
3828
2660
218421
4394
31232
7602
2201
2030
3217
174773
3724
3181
1832
2453
1938
3261
117383
3214
121213
6037
3196
2299
2449
2133
2208
2290
2849
166525
3692
2221
2155
2295
2092
2760
86453
3003
2639
2525
3718
2390
46490
108559
3905
5251
2121
2144
3344
2222
2711
15829
2378
4244
2261
2330
2125
2381
2041
1994
2150
3105
213869
4340
273183
7172
3316
282390
3857
16449
2413
78267
4985
5825
2225
2233
3350
229480
3903
3577
79658
33396
189513
3803
2081
2324
1850
2054
2542
29837
93554
178583
3663
19529
2095
2065
7692
2210
1916
2070
2100
2326
14511
2203
47797
3523
226397
9519
16163
2185
15312
2550
1997
1936
2072
1990
1999
14889
2091
2163
48694
37516
2123
498253
4276
4146
5167
3085
161535
212612
5443
54767
3305
5391
2189
2662
297712
2068
2263
2305
2280
229723
17850
4096
25932
2763
2153
7245
2011
2515
2230
2343
82758
2636
2102
335518
53072
2977
61797
2318
2134
1963
2050
2508
1869
1986
2045
2096
2546
3269
3735
2113
9618
215228
3831
1971
9316
1999
2033
2064
2643
139557
3217
4420
2239
36165
181439
129673
2446
2129
1812
2125
5430
5665
1860
1814
27284
2751
2200
1657
