46358
10944
13020
11593
24130
11354
10791
10692
10714
11422
14631
11375
11857
471749
16754
31769
2270995
18820
488250
13102
12487
42049
11111
365857
14671
12722
11733
12510
10894
13120
90311
12495
13918
556673
15644
40330
11731
53910
12494
81453
11711
13036
12218
24464
19591
10807
11078
11556
11067
13585
12839
13768
390692
297828
16784
1002276
557423
686629
20929
13945
1217479
24663
173466
42743
12164
11377
17043
966266
20327
17903
10706
13286
10551
18706
659740
17577
679903
33326
18056
13034
14125
12449
12250
13031
14799
907945
19282
12389
11851
12881
12691
15829
482060
17388
14421
13880
20032
13849
260550
587912
19930
30684
12377
12236
18149
12148
16097
88221
12200
22878
12630
12652
11962
12714
11170
11008
11921
16921
1187042
23569
1515406
39233
17662
1559680
21804
91073
13377
425037
28344
31244
12954
12037
18400
1240644
19724
19742
399086
184076
1073594
19736
11453
12382
10336
10044
13399
155256
501022
994337
19634
107321
11567
11575
42152
12228
10697
10821
11206
11962
79828
12760
263080
20359
1221864
51558
86344
12340
81654
14112
10690
10805
10337
10561
10247
80820
11739
11288
267972
200091
12116
2724410
21889
21033
28647
16378
856737
1160132
31234
305820
17932
28330
12370
15518
1623087
11620
12687
12207
12225
1267660
92985
23446
142646
15344
12413
38215
10213
13863
11029
13237
444786
15257
11658
1833485
290593
15992
336929
12304
10699
11029
11628
14217
10257
11622
11397
11170
13928
17588
20082
11562
54396
1167774
21772
11328
53269
11083
10768
12294
14210
761898
17234
25576
13034
197531
998592
700577
12496
11816
10320
12054
28908
31257
10034
9858
149828
14343
12211
9257
8230
2020
2420
2076
4293
2044
1957
1959
1958
2065
2740
2056
2169
84586
3054
5752
409317
3429
88451
2357
2264
7592
2048
64383
2619
2238
2100
2172
1956
2270
16513
2224
2439
101490
2815
7267
2142
9528
2248
14906
2150
2292
2141
4539
3495
1973
2054
2024
2010
2456
2278
2465
71252
52301
2993
181455
97856
125663
3798
2578
219315
4373
31397
7849
2170
2093
3232
175176
3682
3322
1948
2423
1905
3411
118489
3208
120988
6138
3322
2302
2560
2210
2202
2363
2736
167435
3435
2173
2142
2325
2277
2769
86618
3107
2543
2481
3508
2433
45790
108478
3603
5504
2231
2162
3257
2197
2916
15909
2279
4093
2334
2320
2122
2336
2033
1958
2108
3146
214728
4223
274135
7014
3284
280342
3899
16572
2438
78116
4918
5857
2321
2230
3259
230572
3668
3559
78722
34206
189237
3732
2126
2279
1886
1870
2499
29569
94314
178370
3608
19373
2217
2105
7833
2288
2009
2040
2056
2160
14817
2329
48100
3676
225538
9552
16128
2262
15299
2531
2045
2027
1911
2010
1934
14898
2221
2135
49094
37967
2258
499364
4167
3964
5273
3001
162140
213181
5669
55199
3343
5364
2254
2805
300215
2157
2387
2190
2222
229824
17747
4158
26124
2837
2258
7013
1844
2531
2019
2354
81869
2769
2110
336880
52752
2919
62451
2216
2017
2001
2102
2505
1889
2038
2030
1975
2436
3199
3650
2061
9837
216912
3979
2068
9704
1937
1954
2197
2505
139565
3152
4518
2335
36446
181786
129366
2314
2175
1876
2264
5327
5668
1782
1794
27613
2630
2262
1718
