46737
11169
13137
11929
24636
11331
10873
11198
10487
11942
14989
11438
11988
469930
15927
32575
2282849
18426
495977
13272
12283
41653
10586
367240
15045
12252
11319
11695
11087
12476
92544
12265
14313
557945
15444
39934
12663
52257
12867
79574
11495
12562
12019
25105
18268
10810
11534
11867
10647
13536
12745
14109
388781
296065
16234
1005957
552710
681172
20866
14269
1215030
25101
173295
40986
12042
11792
16875
964862
20044
17651
10905
13671
11356
18174
660959
17038
683365
32978
17902
13214
14267
11681
12310
12625
14264
906327
20816
12856
12328
12478
13008
16208
487124
18119
14403
14424
20421
14874
262619
585408
20667
28768
12869
11596
19365
12733
14684
85894
12226
23523
13192
12924
11106
12292
10757
10901
11795
17204
1187403
23061
1511227
39411
16985
1565133
21611
90928
13034
425999
28729
31194
11710
11965
18151
1241193
20142
19987
405429
183718
1075900
19741
10551
12000
9994
10298
13571
155833
500537
999355
19515
107196
11132
11891
41065
13014
10479
11256
10737
12559
79471
13037
265590
20795
1223739
51229
86708
12645
79851
13934
10986
10933
10394
9557
10079
80383
12239
11355
266768
197818
11779
2726386
22379
21005
28783
17530
857605
1158289
32189
302240
17815
28970
11359
14874
1616234
11665
12197
12380
12453
1269176
94124
23190
144281
14667
12785
38971
11023
13418
11632
13243
451989
15126
11970
1835736
293768
17223
335135
12498
11146
10901
12199
14698
10598
11569
11418
11236
14758
17120
20979
12296
53612
1160363
22177
11381
52104
11590
11083
11587
14410
758296
18355
25729
13069
197649
994614
699120
13358
11797
9614
11677
29707
32072
10919
9904
149257
14562
11760
9115
8291
2016
2470
2144
4343
2017
1976
2045
1910
2166
2823
2040
2198
84341
2908
5893
411583
3305
89902
2427
2251
7538
1979
64776
2688
2161
2026
2059
2013
2159
16859
2218
2541
101997
2837
7183
2310
9320
2324
14646
2094
2181
2111
4598
3258
1988
2097
2077
1983
2455
2269
2522
71184
52273
2912
182102
97114
124811
3788
2605
219019
4430
31501
7557
2162
2162
3163
175253
3679
3241
1977
2489
2090
3266
119014
3151
121556
6062
3287
2345
2587
2100
2253
2253
2649
166829
3700
2237
2172
2291
2319
2825
87431
3198
2569
2555
3588
2564
46086
108300
3725
5183
2310
2076
3464
2330
2657
15536
2288
4235
2404
2330
1999
2285
2009
1950
2094
3194
214984
4178
274317
7045
3166
281407
3840
16647
2382
78188
5045
5855
2125
2201
3252
231024
3783
3586
79836
34067
189697
3719
1970
2211
1859
1930
2530
29772
94310
179611
3652
19461
2094
2178
7593
2413
1966
2108
1989
2246
14720
2362
48615
3712
225810
9512
16102
2289
14936
2552
2042
2015
1968
1846
1905
14841
2294
2118
48869
37563
2204
499566
4244
3973
5315
3228
162550
212686
5853
54711
3319
5480
2117
2675
299442
2142
2227
2189
2315
230555
17951
4147
26552
2714
2341
7105
1987
2473
2132
2333
83229
2733
2163
336784
53434
3149
62121
2256
2117
1989
2175
2574
1934
2053
2037
1980
2560
3150
3775
2203
9696
215766
3974
2074
9507
2010
2031
2107
2541
138964
3322
4505
2345
36397
181660
129305
2501
2138
1733
2187
5436
5812
1936
1798
27403
2683
2210
1701
