46979
10821
13384
12190
24295
10909
10835
11263
10953
11505
14832
11222
11573
469678
15733
32871
2278929
18325
493354
13556
10886
42686
11296
362028
15323
13499
11736
11961
11043
13155
89651
12449
13989
555520
15381
40417
12028
53660
11587
80552
11525
12037
12594
24212
19570
11236
11786
11247
10858
13559
13031
13874
389121
300306
16366
1010808
559534
686633
21179
14285
1212819
24873
171295
42156
12339
11628
17876
967667
19750
18299
10253
13506
11156
18585
652857
17375
682170
31549
16782
11762
14258
11795
12345
12391
14816
909733
20539
12173
11744
12455
12311
15581
487174
17813
14027
13990
19593
15159
262876
586659
19289
29671
12579
12258
17856
12109
15114
88315
11482
23306
13403
12318
11775
12710
11779
10643
11669
16770
1187111
23281
1516080
40667
17401
1570595
21660
90665
13688
424947
28634
31846
11420
11633
18644
1241756
20899
20835
403744
182096
1073790
19075
11066
12303
10373
9886
12666
156426
495569
990611
19540
108589
11204
11426
40227
12170
10597
11049
10891
12879
79898
12862
262086
20933
1225230
50479
87583
12392
82185
13097
10602
10616
10658
10709
10592
79768
11307
11369
264978
199601
11334
2734618
22483
21505
28302
17198
856454
1161539
30975
301064
17375
28885
12430
14882
1616103
11634
12567
13154
11972
1269188
93096
23882
144551
15208
12103
39187
10700
13380
11487
12581
455287
14815
12120
1831298
291187
16916
335694
12770
11188
11190
12192
14436
10761
11153
11430
10956
14280
17366
21035
12165
52480
1162688
22427
11542
50776
11087
10816
11953
14478
759375
18224
24933
12806
198828
994721
703722
13150
12063
10542
12031
28703
32213
11044
9730
149053
14782
11783
9265
8347
1963
2456
2158
4339
1965
1987
2048
2011
2071
2809
2033
2118
84237
2878
5894
410985
3319
89811
2454
2035
7693
2064
63851
2715
2374
2105
2102
1995
2259
16481
2244
2448
101728
2802
7237
2202
9506
2107
14795
2122
2086
2231
4480
3497
2021
2155
1989
2012
2453
2318
2462
71099
52799
2920
182983
98327
125836
3840
2645
218613
4435
31163
7762
2216
2097
3347
175863
3565
3331
1886
2491
2018
3381
117550
3139
121310
5860
3080
2145
2587
2102
2262
2246
2738
167822
3673
2133
2110
2228
2240
2702
87458
3160
2483
2512
3472
2650
46192
108295
3493
5302
2278
2214
3183
2227
2716
15825
2193
4182
2435
2242
2097
2343
2137
1894
2092
3094
214748
4242
274604
7265
3232
282067
3875
16521
2503
78122
4974
6002
2117
2169
3352
231005
3896
3772
79639
33896
189974
3610
2106
2236
1885
1883
2369
29811
93404
178136
3681
19656
2136
2123
7478
2213
2000
2071
2037
2292
14882
2310
47977
3760
226334
9319
16238
2278
15414
2429
2026
1977
1997
1986
2028
14778
2147
2135
48519
37984
2133
501017
4300
4038
5192
3138
162385
213415
5594
54620
3288
5434
2272
2648
299442
2171
2359
2347
2202
230794
17828
4260
26490
2859
2198
7109
1913
2456
2089
2224
83695
2676
2200
336621
52988
3080
62186
2271
2111
2055
2210
2499
1955
1982
2052
1951
2555
3170
3774
2145
9495
216086
4051
2092
9234
1935
1975
2135
2576
139321
3310
4424
2267
36718
181721
130059
2460
2193
1882
2212
5346
5883
1972
1783
27378
2720
2181
1724
