46612
11481
12814
12382
23739
10992
10709
10769
10754
11909
15619
11500
11624
468572
16102
31350
2278406
19235
489340
13237
12079
42805
11081
363246
14681
12381
12148
12159
11143
13355
90796
12505
13783
558040
15058
40592
12085
54148
13072
79694
11333
12662
12377
24443
18412
11580
11445
11672
10638
14236
11892
13890
386151
299411
17142
1008350
559288
681598
20866
14470
1211001
24426
174125
41662
12787
12041
17602
974118
20134
17297
10993
13231
10812
17922
660251
16755
681737
31480
17573
12275
14106
12425
13000
12220
14912
908965
21315
12540
11886
12298
12520
15945
482594
17115
14778
14007
21005
14990
262041
586551
19729
28973
12980
12341
19164
11587
15072
88432
12511
22598
12861
12863
12030
12411
10837
10805
12011
16944
1190185
23549
1511636
39587
18404
1575325
21809
89611
12597
427225
29445
31957
11857
12447
19292
1246961
20673
20380
405926
182746
1075391
20377
11475
11363
10775
9950
12583
155578
498681
997977
19582
109446
10766
10797
41228
12381
10116
10365
10766
13344
80789
13198
266363
20540
1223298
51366
86578
11902
82181
14012
10461
10276
10857
9885
10714
79367
11227
11582
266591
199545
11664
2735397
22530
22139
28636
17045
862288
1167152
32215
303481
17550
28397
12023
14666
1620028
11924
12683
12765
12107
1273976
94554
23584
144253
14756
11761
39113
10835
13619
11368
13931
450817
14884
11853
1837367
294959
16868
335660
13265
10558
11214
11785
14494
11222
11504
11927
12334
14677
16704
20724
12083
53419
1162857
22068
10832
50874
11672
11561
11890
14961
757911
18200
25617
13193
199123
999732
703767
12956
11189
10324
11512
28703
31154
10243
10452
147498
14666
11827
9195
8251
2077
2356
2187
4218
1946
1982
1959
1951
2131
2914
2088
2119
84371
2953
5649
411541
3438
88887
2396
2214
7744
2050
64234
2656
2199
2163
2132
2009
2316
16671
2237
2430
102299
2750
7364
2202
9570
2345
14564
2122
2243
2182
4500
3341
2099
2080
2042
2004
2588
2093
2477
70686
52671
3050
182886
98468
124922
3755
2635
218826
4343
31588
7664
2322
2162
3303
176946
3672
3146
1999
2412
1999
3289
118593
3053
121421
5883
3212
2214
2573
2216
2380
2261
2784
167734
3806
2212
2135
2199
2251
2749
86880
3091
2614
2465
3670
2625
45907
108531
3501
5192
2362
2248
3377
2123
2746
15956
2336
4060
2364
2334
2146
2299
1992
1924
2155
3136
215398
4291
274396
7089
3418
283483
3899
16456
2325
78534
5125
6014
2186
2329
3417
232192
3858
3710
80074
34045
190062
3857
2149
2135
1943
1863
2399
29809
94098
179945
3649
19782
2061
1994
7682
2299
1919
1946
1985
2401
15066
2384
48829
3649
226124
9579
16094
2163
15437
2548
1970
1910
2036
1868
2024
14687
2107
2169
48892
37978
2174
502137
4230
4140
5210
3122
163119
214684
5816
54997
3260
5356
2212
2690
300478
2187
2345
2284
2212
231595
18113
4207
26521
2766
2133
7153
1967
2504
2070
2451
83066
2693
2176
337779
53562
3102
62102
2351
2028
2074
2099
2539
2046
2036
2115
2210
2569
3025
3784
2112
9710
216133
4003
1976
9250
2026
2097
2182
2678
139109
3314
4578
2329
36812
182528
130629
2398
2069
1868
2169
5309
5732
1838
1886
27204
2682
2206
1708
