44941
10883
12472
11659
24860
11174
10568
11729
10443
11342
14737
11097
11834
470525
16099
32058
2284757
19352
498416
12592
12185
42269
11135
364696
14692
13101
11959
11870
10556
12309
90878
12153
13681
557007
16236
38948
11696
53612
12537
79165
11448
13068
12590
24778
18760
11614
11353
11234
11769
13847
13086
14020
389207
296781
16488
1010970
561336
681880
21528
13939
1205890
24773
169796
43468
11628
10673
17741
971780
20166
16986
11139
13171
11032
18312
657770
17982
680353
31710
17585
12338
14375
11923
12448
12279
15548
905656
20194
12217
12745
13212
12482
15535
485089
17709
14161
14636
21005
15397
262039
587726
20436
29354
12524
12615
17997
12436
15297
87785
11606
22927
12744
12770
12265
12748
11651
10951
11722
17217
1186822
23333
1517413
40659
17800
1577891
22838
91737
13648
426071
28798
32099
12497
12117
18826
1240920
21156
19591
407024
185738
1080839
20199
11523
11548
10622
10211
12426
154116
499224
992880
19696
108861
11430
12130
41382
12620
10622
10691
10901
12801
80713
13179
265823
21010
1234658
52773
87561
12522
82318
14274
10530
10613
10309
10241
10457
81037
11418
11828
268552
200685
11756
2729443
22498
20904
28508
16203
860688
1165956
31517
301498
17155
28868
11949
14846
1619379
11612
12209
12740
11971
1270917
93044
23396
143294
15085
12291
39507
11456
13252
11777
12886
450585
15089
11889
1841574
292199
17110
338860
12004
11700
10811
10996
14660
10827
11541
11537
11990
14720
17486
19902
11879
54913
1161814
23155
11162
51831
10934
11115
11609
14811
762273
17867
25170
12474
200196
993701
703200
12771
10890
9689
11747
28485
31949
10542
9373
150948
14420
11507
9363
8029
1984
2277
2086
4408
2002
1962
2125
1898
2083
2760
2044
2189
84768
2951
5755
412560
3489
90341
2279
2249
7659
2038
64371
2642
2320
2144
2106
1952
2151
16590
2190
2395
102129
2947
7002
2119
9456
2222
14675
2084
2283
2225
4530
3355
2104
2111
2016
2161
2502
2334
2510
71178
52251
2945
183647
98777
125486
3940
2597
218031
4443
31110
7987
2121
1985
3336
176451
3705
3121
2040
2419
2026
3359
118324
3295
121292
5865
3251
2238
2551
2093
2274
2306
2858
167072
3601
2137
2239
2337
2264
2699
87268
3185
2522
2597
3654
2689
46097
108857
3668
5247
2227
2273
3281
2275
2760
15867
2201
4106
2333
2353
2166
2368
2129
1947
2095
3152
214577
4209
275519
7344
3275
283360
4035
16809
2452
78449
5038
6015
2260
2202
3383
231288
3929
3563
80541
34540
191112
3841
2164
2077
1944
1915
2333
29609
94144
178806
3659
19694
2161
2195
7665
2301
1992
2002
2037
2237
14986
2395
48715
3745
228305
9782
16296
2279
15423
2568
2004
1950
1927
1950
2013
15079
2167
2215
49243
38108
2238
501234
4255
3919
5266
2923
163214
214999
5727
54793
3174
5396
2228
2671
300715
2141
2258
2231
2236
230900
17810
4183
26392
2819
2236
7225
2066
2444
2186
2264
83212
2757
2168
338807
53256
3140
62780
2162
2216
2015
2000
2545
1976
2057
2060
2096
2578
3190
3628
2112
9957
216321
4154
2053
9481
1907
2034
2104
2628
139950
3268
4525
2212
37040
181788
130222
2393
2009
1771
2187
5260
5789
1898
1711
27795
2662
2156
1736
