45657
10622
12840
11523
22886
10804
9707
10757
10156
11549
15191
11176
12116
461966
16574
31704
2241990
18407
478348
13259
11622
41463
11211
364984
14347
12282
12331
11780
11722
12942
91885
12414
13560
554301
15171
38767
11867
52513
12578
76325
11429
11648
12052
23455
19337
11242
11455
11637
11105
13623
12704
13643
375670
294622
17032
989385
542591
679985
21215
14010
1182701
24691
168401
39034
12151
11492
17442
945510
20044
17072
10728
13500
10909
18784
640519
16964
681547
31761
17754
12605
14115
12264
11903
11466
14903
885111
19845
11831
12733
11793
12117
15909
469319
17660
13966
14133
20265
14690
261182
592421
19588
27265
12307
11618
18516
12449
14707
86121
11464
22584
12928
12735
11152
12523
11433
10979
12587
16716
1176539
22798
1490694
40633
18806
1548069
22006
90035
12123
418620
28181
31642
12384
11725
18886
1218872
20125
19953
393975
174826
1087099
20892
10733
11603
10581
10086
12467
154902
500743
982483
19406
108241
10911
11953
40803
12945
10008
11070
11214
12535
80958
13369
257939
19515
1205184
50418
82827
11801
78666
14106
10134
10114
10516
10774
10460
79348
11599
11634
266945
195263
12141
2683147
23179
21534
29393
16757
848086
1139397
29998
297967
17215
29484
11256
14164
1591037
11552
12687
13163
11678
1247983
93278
23414
142181
14898
11365
37739
11215
12892
11537
13173
447765
14704
11116
1807819
295946
16501
336316
11791
10778
10665
10692
14484
10704
11745
11286
11688
14264
17469
19926
12705
52691
1168172
21703
11332
51577
11201
11273
11285
14287
743103
17970
25136
12152
196272
997483
695296
13479
11245
10071
11860
29354
30469
10304
9534
146218
14255
11526
9589
7949
1913
2338
2033
3998
1930
1796
1905
1826
2057
2770
1998
2186
81678
2984
5649
397694
3293
85299
2359
2090
7388
2031
63300
2558
2104
2168
2034
2047
2217
16542
2181
2382
99837
2704
6864
2110
9125
2190
13890
2086
2000
2111
4288
3394
2000
2091
2022
2006
2420
2249
2399
67689
51022
2998
176247
93941
122596
3744
2551
210414
4337
30089
7100
2158
2066
3197
168914
3635
3025
1906
2450
1945
3380
113448
3075
118916
5802
3183
2222
2525
2121
2168
2086
2720
160716
3494
2061
2254
2089
2173
2712
82967
3073
2473
2463
3501
2492
45000
107489
3484
4859
2173
2034
3262
2228
2626
15161
2114
4002
2320
2261
1995
2292
2057
1952
2188
3065
209131
4073
265613
7183
3397
273568
3855
16240
2225
75665
4839
5821
2221
2117
3302
222842
3713
3534
76525
31951
188829
3896
2002
2113
1865
1829
2308
28994
92515
174084
3556
19187
2018
2129
7494
2325
1885
2006
2015
2220
14733
2374
46512
3509
218691
9174
15183
2123
14589
2544
1903
1856
1947
2009
1966
14457
2149
2121
48036
36412
2255
483844
4303
3981
5275
3016
157593
205523
5346
53279
3157
5470
2032
2537
290121
2082
2311
2272
2149
222478
17553
4121
25729
2730
2089
6780
1971
2341
2065
2303
81226
2618
1985
326554
52849
2949
61036
2074
2020
1920
1912
2489
1894
2030
1967
1993
2477
3109
3534
2214
9438
213337
3892
2012
9183
1916
2042
1989
2490
133949
3194
4372
2170
35680
179004
126535
2443
2034
1791
2149
5326
5418
1803
1713
26489
2538
2109
1716
