46186
11138
12776
12119
24828
10861
10614
10395
10574
12010
13988
11186
12586
471810
15795
32720
2282017
18443
495052
12896
11400
41352
11637
363914
15275
12797
12614
11731
10889
12343
92336
11715
13968
559757
15027
40407
12410
53507
12382
78739
11324
13455
12471
25005
19959
10857
12094
11186
10931
13713
12153
13927
389465
294922
17372
1017096
557506
687042
22241
14675
1208370
25401
171464
42642
12638
11606
17321
969429
20155
16915
11072
13174
10783
18870
658423
16843
677480
32101
17865
12297
14190
11980
12300
12287
14269
908441
20235
12667
11838
12857
12651
15382
482913
17255
14664
14387
20624
14525
258910
585442
20647
29159
12696
12742
19190
12197
15422
88607
12205
23664
12985
11879
11582
12572
11468
10714
12046
16507
1193066
22777
1521623
39669
16753
1576569
21981
90960
13357
426767
27884
31936
11949
11981
18745
1249893
20617
20125
404893
183912
1073026
19220
10646
11578
10488
10284
13067
156649
494830
995330
19559
109126
10968
11630
40685
12554
10342
11460
10660
12963
80325
13647
265518
20452
1229593
53079
88035
12066
82384
13886
11127
10828
10042
10516
10361
80589
11193
11821
268074
197790
11784
2730621
21069
20570
28556
17898
853585
1166496
31913
303561
17774
28125
11832
15184
1623169
11364
12489
12698
12316
1272142
95091
23372
143047
14639
11846
39453
10754
13464
11032
13260
450698
14659
12349
1842836
292770
17075
336045
13080
10657
10463
10957
14465
10756
11503
11283
11060
13720
17365
20266
11512
54318
1165512
21542
11406
50799
11056
11088
12455
14886
762823
17553
25454
13175
199709
993829
701659
13345
11801
10845
12361
29022
30438
10521
9371
146486
14646
11885
9317
8214
2030
2368
2143
4372
1989
1959
1897
1925
2202
2645
2041
2295
84932
2890
5926
412754
3367
89953
2318
2116
7480
2154
64422
2761
2267
2251
2051
1961
2162
16877
2103
2453
102660
2791
7339
2276
9523
2236
14545
2096
2323
2173
4684
3579
1985
2206
1998
2013
2479
2149
2459
71362
52142
3107
184428
98057
125921
4023
2670
218421
4502
31446
7922
2296
2108
3232
176310
3673
3107
1984
2462
1976
3440
118444
3059
120770
5950
3305
2213
2553
2136
2263
2279
2694
167882
3582
2265
2123
2325
2282
2695
86890
3039
2618
2539
3658
2559
45546
108550
3710
5290
2312
2252
3407
2219
2803
16047
2264
4259
2383
2203
2065
2373
2126
1905
2164
3075
216034
4151
276363
7043
3169
283993
3903
16636
2427
78583
4848
5973
2158
2246
3330
232747
3821
3613
80115
34181
190285
3646
2046
2149
1917
1945
2488
29991
93544
179423
3665
19788
2054
2153
7641
2341
1951
2132
1982
2325
14970
2461
48883
3681
227911
9868
16395
2219
15414
2547
2117
2023
1877
1982
1997
14894
2138
2213
49148
37707
2229
502319
4010
3908
5285
3257
162081
214694
5800
55235
3350
5310
2164
2717
300944
2073
2282
2277
2263
231578
18244
4191
26251
2727
2179
7215
1956
2477
2023
2345
83534
2678
2239
339284
53218
3074
62428
2321
2058
1930
1978
2543
1967
2082
2034
1980
2405
3179
3716
2061
9870
216911
3959
2046
9247
1919
2018
2280
2633
140278
3183
4555
2363
36857
181665
129944
2503
2192
1948
2276
5369
5586
1896
1725
27024
2684
2232
1751
