45682
11614
12963
11063
24319
11105
10647
10486
11013
11619
15158
11304
11751
470466
16973
31724
2285759
18506
493413
13263
11655
41298
10661
367992
14653
12014
11756
12189
11076
12652
91400
12334
13953
557913
15185
39516
12212
52381
12071
81533
11797
13106
13228
23527
18599
10885
11178
11021
11041
14064
13191
14077
391924
298502
16911
1011407
557876
686922
21398
14294
1214949
25159
171624
42288
13001
11326
17247
968958
19752
17850
10551
13383
10944
17778
671021
17093
681864
32346
17744
12404
14777
12069
12225
12611
14540
915040
20420
12913
12977
12722
12442
16017
488247
17810
14007
14129
20536
14527
262838
588256
19241
28905
12814
12509
18711
11847
15657
88207
12141
22734
12687
13083
11795
12574
11099
11059
12458
17141
1190037
23272
1510766
38924
17974
1572483
21519
90654
12552
429827
28402
31070
12282
11680
19671
1245334
20367
19412
403502
185923
1069152
19895
10978
12023
10048
10495
13510
156047
496305
995359
18995
106783
11044
12086
41085
12721
10391
10550
11620
13270
79195
12770
267547
20092
1234689
52722
86936
11879
81163
13714
10474
10885
10434
10476
10262
80875
11150
11510
264705
199388
11468
2739973
21828
21500
28719
17266
860399
1167383
32317
302545
17244
28156
11946
15093
1622976
11253
12788
12650
11957
1265016
93951
23794
144525
15277
12175
38975
11556
13330
11390
13082
453745
14204
11508
1841334
290413
16384
337874
12609
10531
11082
11804
14861
11265
11665
11505
11612
13446
17186
20236
11579
55178
1160946
22360
11690
50845
11032
11082
12003
14220
763687
17738
25234
11957
201911
997580
700188
12667
12506
10300
11263
29564
31344
10316
9861
149215
14803
11726
9506
8150
2100
2405
2008
4367
2004
1972
1930
2000
2093
2786
2068
2155
84802
3074
5734
413585
3361
89738
2401
2164
7531
2006
64941
2598
2130
2124
2160
2010
2199
16806
2199
2447
102319
2769
7121
2253
9278
2177
15044
2130
2255
2316
4395
3365
1997
2067
1949
2056
2534
2359
2549
71678
52570
3022
183638
98119
126161
3883
2636
219546
4457
31182
7782
2346
2088
3254
176718
3602
3243
1942
2455
2045
3251
120540
3073
121749
5962
3283
2241
2665
2145
2239
2303
2702
169248
3604
2286
2284
2307
2231
2771
87913
3170
2486
2526
3585
2561
46086
108870
3464
5187
2316
2222
3356
2184
2858
15874
2298
4101
2318
2354
2136
2340
2043
1973
2226
3164
215518
4228
274465
6967
3304
283283
3855
16657
2274
78987
4992
5800
2238
2167
3491
232302
3844
3556
79698
34644
189448
3781
2056
2227
1839
1940
2536
29782
93685
179444
3546
19350
2086
2209
7678
2346
1953
1962
2180
2358
14657
2326
49093
3621
228455
9805
16235
2173
15267
2525
2004
2034
1993
1956
1968
14983
2116
2173
48628
37881
2199
503192
4128
3961
5298
3137
163073
215033
5837
54913
3231
5324
2219
2741
301076
2095
2369
2253
2210
230537
18002
4269
26510
2885
2204
7138
2064
2472
2080
2300
83758
2598
2062
339348
52824
3003
62702
2276
2019
2041
2135
2625
2024
2089
2030
2049
2416
3120
3707
2094
10011
216202
4043
2111
9288
1940
2053
2171
2553
140545
3247
4511
2174
37231
182340
130099
2387
2269
1845
2100
5449
5754
1843
1806
27450
2678
2179
1769
