46950
10614
12709
12258
24499
11345
10593
11417
10571
11647
15354
11149
11402
473118
16290
32352
2274345
18824
492750
13689
11803
43277
11263
362542
15533
12041
11930
11929
11130
12152
89740
11679
14353
554855
15141
40623
11902
54567
13427
80229
11064
12772
13340
24612
18068
10952
11401
11204
11295
13775
12760
13548
385873
295207
15855
1010606
556007
683576
20937
14165
1208923
25347
174321
43074
12074
11419
17951
973579
20411
17730
10839
14270
11340
18550
658405
17615
682596
32413
17699
12797
14829
11958
12583
12847
13861
906897
20208
12360
12796
12579
12186
14927
484270
17052
15093
13594
19890
14553
261614
588323
20312
30203
12618
11866
17805
12587
15833
89262
12208
22052
12402
13023
11997
12710
10813
10769
12273
16563
1190287
22074
1515295
40975
17266
1571751
21603
89277
13191
426787
29142
32102
12537
11560
19133
1251967
20040
20436
404075
183222
1072714
20663
10939
11831
10609
9782
12449
158894
495251
993946
19515
107395
11096
11548
42268
12789
10090
10562
10856
12745
78901
12867
264305
20719
1230492
51900
86785
11576
82931
13846
10495
11138
11002
10002
10774
79665
11198
10677
268718
196438
11436
2736130
21521
21460
29501
17302
858391
1166647
31953
304689
17045
27971
12452
15304
1619703
11208
12633
13049
12087
1273471
94102
23734
141685
15228
12331
39255
10239
13693
11066
13109
451475
14749
11742
1835022
292926
16966
337880
12468
10521
10666
11801
14326
10981
11120
11435
11751
14635
17419
20352
12582
54015
1164877
22021
12039
52264
11595
10897
11795
15395
764588
17788
24703
12584
198026
996665
704978
13295
11324
9941
12001
28060
30310
10880
9644
149104
14331
11496
9159
8319
1917
2365
2156
4383
2036
1967
2093
1918
2083
2844
2010
2093
85085
2963
5829
411471
3394
89703
2491
2177
7805
2077
64074
2777
2131
2111
2075
1978
2099
16466
2105
2516
101783
2758
7307
2162
9668
2393
14871
2055
2244
2334
4531
3288
2002
2120
1989
2094
2505
2294
2456
70679
52113
2841
183418
97950
125577
3796
2617
218599
4478
31772
7955
2189
2111
3345
177168
3749
3225
1963
2598
2069
3411
118847
3228
121716
5984
3253
2292
2645
2125
2276
2307
2607
167677
3581
2182
2247
2279
2198
2591
87339
3037
2690
2434
3490
2542
46056
108989
3677
5435
2268
2128
3232
2272
2865
16112
2265
3968
2282
2378
2152
2387
1978
1913
2169
3058
215621
4028
275468
7318
3201
283233
3894
16417
2396
78478
5062
6026
2279
2133
3405
233121
3746
3697
79728
34123
190152
3910
2071
2177
1936
1864
2368
30368
93626
179316
3632
19555
2129
2117
7886
2374
1918
1990
2039
2312
14601
2319
48521
3735
228060
9634
16260
2163
15566
2575
2000
2057
2040
1908
2037
14802
2152
2035
49363
37497
2187
503533
4070
4048
5432
3119
162893
214622
5813
55252
3234
5255
2307
2785
300773
2051
2340
2324
2187
231977
17940
4273
26132
2902
2215
7227
1859
2532
2040
2347
83461
2695
2106
337811
53414
3122
62816
2244
2034
1983
2148
2537
2003
2011
2061
2090
2581
3182
3701
2206
9763
217057
3959
2186
9507
2020
1991
2139
2721
140720
3225
4414
2294
36695
182244
130687
2468
2100
1809
2246
5259
5534
1934
1780
27372
2620
2129
1699
