45948
11220
12451
11464
24457
11324
11125
11267
10758
11340
15404
11486
12135
473991
16414
31963
2284682
18890
496034
13249
11673
42309
10910
363126
14918
12250
12287
12433
11361
12639
91315
11797
13598
555793
15076
40570
12519
52363
12303
80692
10878
12720
12059
25016
18842
10413
12066
11230
11059
13347
12572
13567
391525
296550
16742
1012636
559311
686862
21353
14605
1219264
24566
174347
42525
12205
11388
17652
969871
19963
17262
10999
13203
11491
17862
663550
17001
682330
31917
18660
12760
14830
12036
11770
12750
15548
907739
20077
12367
11973
12668
12372
15939
486634
16976
14035
14248
21165
15311
263657
586287
19989
29024
12784
11970
18388
12337
15052
87688
11589
23983
12819
13000
12249
13397
11023
11158
12682
16894
1188512
22321
1508167
39918
17171
1573886
20966
89720
13265
428981
28571
31334
11572
11945
19267
1241821
20347
20805
405079
184258
1069337
19841
10483
11892
9887
10110
13409
156281
498309
991888
19434
108821
11220
11399
41562
12784
10548
10875
10575
12778
80477
12899
264211
20568
1230940
52385
87303
12134
82130
13498
10102
10787
10179
10699
10733
80765
11074
11155
264724
199812
11405
2735543
22016
20721
28800
17788
857698
1169063
30972
303584
17210
29202
12079
15187
1628124
11872
12855
12586
12508
1267798
93023
23619
142301
15478
11740
39566
11128
13831
12008
13074
450242
14813
11765
1842458
294114
15860
337046
12462
10769
10940
11407
13757
10619
10624
11281
11388
14344
17244
20488
11243
54850
1162349
22037
11323
51356
11483
10768
11959
14576
765043
19110
24947
12532
200800
991979
698387
13330
11813
9901
11750
28999
32582
9783
9206
148093
13817
12502
8982
8187
2056
2310
2022
4355
2000
2040
2046
1958
2049
2872
2112
2234
85373
2987
5775
413150
3393
90128
2421
2168
7625
2034
64327
2687
2197
2201
2149
2039
2199
16728
2112
2360
102149
2778
7275
2289
9307
2245
14809
1976
2200
2102
4634
3382
1898
2212
1995
2049
2418
2288
2440
71833
52531
3015
183913
98510
126071
3860
2715
220080
4434
31836
7890
2230
2106
3311
176570
3685
3187
1994
2429
2086
3254
119478
3144
121710
5900
3406
2280
2656
2128
2172
2337
2907
167864
3599
2178
2122
2327
2250
2777
87669
3027
2486
2476
3699
2668
46268
108539
3563
5231
2305
2144
3325
2225
2741
15888
2182
4311
2357
2365
2195
2521
2036
1993
2244
3118
215882
4071
274313
7188
3207
283472
3775
16500
2453
79083
5023
5908
2136
2212
3416
231688
3816
3738
80220
34316
189358
3776
1979
2216
1807
1875
2552
29974
94123
179470
3611
19809
2133
2103
7667
2352
1954
2063
1974
2310
15045
2314
48494
3662
227868
9699
16341
2222
15477
2494
1930
2007
1885
2031
2072
15005
2086
2107
48534
38227
2175
503425
4197
3914
5272
3217
162940
215669
5611
55108
3260
5490
2232
2767
302002
2162
2394
2249
2303
231422
17784
4234
26282
2912
2169
7278
2028
2550
2204
2266
83269
2688
2129
340051
53640
2957
62637
2235
2069
1991
2071
2403
1949
1872
2018
2003
2536
3153
3698
2018
9975
216568
4026
2059
9352
1992
1991
2171
2616
140409
3473
4517
2279
37065
181486
129839
2482
2177
1795
2210
5361
5940
1793
1681
27352
2538
2293
1698
