46738
10942
12776
11736
24306
11484
10772
10591
10843
11641
15011
11245
11691
472372
16125
31765
2275321
18651
495532
12741
12039
41630
11432
365878
14381
11934
11577
11936
10995
12861
91593
12285
14032
557288
14927
40258
12032
53281
12101
80445
11620
12675
12581
24800
18912
11061
11634
11159
11415
14214
12636
13487
391483
298087
16590
1009748
554449
683223
21184
14403
1208028
24999
174377
42361
12351
11307
17498
968962
20092
17406
11118
12996
10555
17935
662500
17063
681651
31490
17903
12855
14720
11771
12029
12971
15372
912454
19977
12223
12509
12563
12250
16289
489011
17972
14111
14667
19973
15272
262442
587786
20045
29821
12673
12721
18643
12861
15248
88614
12181
23485
12856
12543
12143
12382
11375
11377
12496
17250
1192406
22316
1511357
38968
18089
1572572
21588
90273
13115
428487
28861
31884
12067
12149
19247
1245192
19874
19179
403348
184093
1072733
20096
10733
11699
10205
10664
12141
156935
492443
1002951
19881
108928
10758
11437
40823
12319
10277
11144
11026
12243
79799
13008
265005
19743
1235659
52187
86501
11501
81689
13485
10168
11058
11047
10678
9916
79776
11202
11433
265468
196864
12149
2729954
21486
20824
28126
17115
862470
1171820
30591
303536
17593
28201
11859
14830
1626210
12248
12497
12890
12315
1279530
93454
22595
143354
15256
11550
39222
11308
13440
11595
12988
453900
14635
11619
1839688
292121
16997
336330
12480
10632
10811
11905
14229
11396
11265
11552
11373
14435
17425
20480
11899
53035
1161381
21443
10656
51281
10640
11352
12089
15415
761170
17954
25870
13425
201655
996807
701581
12347
11290
9868
11898
28732
31933
9867
10085
148596
14187
12074
8743
8392
2000
2382
2128
4330
2057
1995
1948
1939
2081
2806
2055
2139
85216
2960
5741
411848
3383
89965
2314
2204
7612
2123
64869
2601
2150
2087
2087
2005
2285
16707
2192
2475
102375
2762
7220
2203
9436
2169
14831
2155
2215
2198
4584
3337
2009
2128
1991
2101
2601
2259
2422
71749
52537
2962
183761
97906
125721
3911
2635
218771
4497
31963
7813
2234
2053
3266
176915
3607
3213
2019
2407
1942
3273
119465
3141
121399
5846
3328
2311
2654
2118
2235
2357
2815
168671
3590
2169
2211
2282
2212
2803
87944
3200
2529
2604
3508
2667
46135
109037
3618
5336
2319
2276
3324
2362
2786
16059
2246
4160
2355
2291
2191
2349
2079
2035
2214
3191
216414
4095
274920
7012
3338
283849
3862
16487
2385
78854
5001
5999
2208
2257
3382
232504
3734
3504
79611
34350
190269
3792
2064
2160
1848
1974
2337
30121
93157
180800
3715
19770
2064
2118
7605
2295
1950
2098
2056
2195
14841
2329
48487
3536
228781
9686
16160
2128
15420
2482
1922
2071
2068
2015
1900
14836
2139
2150
48854
37460
2294
502680
4089
3920
5243
3106
163918
216189
5543
55185
3368
5302
2183
2659
301781
2237
2312
2323
2283
233385
18063
4082
26482
2848
2112
7109
2052
2466
2113
2296
83783
2696
2138
338897
53389
3111
62615
2215
2027
1996
2148
2491
2080
1987
2071
2038
2569
3148
3746
2108
9646
216525
3883
1941
9366
1855
2066
2175
2688
140109
3331
4635
2378
37290
182416
130149
2343
2066
1825
2236
5378
5821
1763
1862
27458
2623
2277
1630
