46524
9789
12629
11735
24951
11676
10868
11097
10811
11319
15397
11111
11205
473034
16808
32429
2281023
18217
497282
13269
11638
42899
11742
364198
15086
12455
11938
11593
11386
12355
90647
11998
14328
553647
14961
40435
11540
54420
12686
80422
10866
12715
12278
24633
20046
10627
11079
11168
11411
13792
12942
13969
394833
296078
15854
1012487
559116
686268
21260
14209
1216424
25530
173040
42217
11910
11318
16428
973905
20899
17979
10440
13724
11204
18796
662034
18037
683326
31811
18568
12737
14442
11657
12377
12550
14074
914730
19819
12385
12470
12595
12413
16625
488340
17339
14924
14701
20800
15273
262690
585777
19906
28571
12448
12287
18168
12161
15747
88845
12761
22377
12225
13414
11485
12769
10929
11232
12223
16956
1189659
22715
1513995
41101
17878
1577213
21341
88113
13527
430005
27997
30998
12018
12078
19468
1246706
20211
20023
404011
184576
1072328
19303
10946
11647
10909
10863
12916
155850
496819
999887
19598
108602
11334
11507
41175
12688
10526
10720
11299
13156
79171
13171
264468
21019
1231477
52494
85826
11717
82139
14433
10729
10230
10586
10855
10894
82710
11307
11982
265751
195834
11538
2731427
21581
21095
28554
17219
858104
1172458
31651
302697
17549
29217
11514
15322
1620132
11965
12545
12605
12061
1272596
94351
23615
144706
15346
12103
39711
11616
13564
11235
12929
450719
14767
12148
1847534
295005
16453
333121
12266
11865
10927
11334
13760
10473
11113
12050
11460
14368
17864
21192
11883
54479
1162160
21965
11849
51511
11995
11920
11535
14414
761497
18305
25555
13010
199288
990768
704788
13018
11588
10347
11698
29125
32312
10035
9275
151420
14640
12345
9284
8334
1815
2346
2098
4439
2101
1971
2016
1941
2066
2865
2017
2064
85404
3060
5883
412838
3295
90567
2404
2129
7756
2131
64555
2716
2199
2158
2028
2047
2191
16596
2159
2498
101830
2752
7264
2085
9621
2277
14879
2009
2232
2192
4606
3583
1924
2020
2010
2086
2496
2298
2505
72419
52504
2869
184145
98801
126221
3842
2606
220042
4553
31731
7858
2169
2094
3129
177271
3811
3280
1900
2511
2072
3422
119430
3313
121847
5907
3431
2276
2612
2069
2286
2312
2634
169010
3513
2178
2195
2298
2230
2828
87934
3083
2622
2619
3657
2664
46194
108832
3596
5187
2246
2203
3277
2250
2814
16091
2390
4060
2247
2481
2077
2401
2012
1997
2161
3142
215842
4127
275807
7351
3333
284416
3830
16129
2477
79283
4879
5853
2185
2268
3441
232769
3787
3621
80104
34562
190268
3692
2049
2140
2012
1975
2437
29836
94011
180498
3690
19803
2167
2127
7690
2362
1982
2017
2096
2402
14673
2391
48744
3801
228532
9696
16107
2151
15500
2650
2049
1884
1992
2037
2058
15236
2115
2212
48866
37405
2165
502127
4134
3944
5230
3156
163025
216064
5709
55103
3282
5482
2096
2773
301594
2213
2340
2242
2237
231762
18066
4226
26623
2875
2223
7306
2079
2493
2078
2284
83374
2671
2171
340689
53739
3045
61925
2232
2260
2014
2040
2404
1911
1985
2173
2037
2551
3189
3828
2138
9816
217036
3997
2150
9399
2061
2164
2071
2590
140679
3353
4565
2343
36969
181350
130843
2440
2117
1871
2211
5377
5858
1783
1699
27997
2676
2321
1735
