46768
11393
12631
11637
25459
11138
10781
11035
10830
11518
14552
10870
11293
474127
16738
32312
2284145
18783
493490
13623
11834
41495
10069
362881
15013
12026
12100
12359
11429
12206
91903
12154
14711
561095
15434
40483
12061
54677
12329
79724
11465
12682
12792
25326
19034
10742
11373
11202
11117
13882
13333
13672
394518
298729
16166
1016204
557408
686604
21455
14155
1215458
25261
172887
42571
12486
10833
17833
970313
20143
17006
10542
13537
11061
17935
660924
17282
680357
32205
18149
12691
15004
12101
12355
12578
15278
911330
20728
12487
12318
12882
12963
16384
489152
18154
14187
13448
20414
14520
261910
583019
19768
29718
13169
12968
19080
11957
16174
88077
11660
23545
13156
12479
12030
12478
11143
10682
12102
16485
1189408
22944
1517056
41035
17551
1575366
21854
90328
13762
427171
28667
31153
12233
11274
19553
1241234
20733
19351
404496
183240
1070371
18920
11355
11691
10048
10125
12497
154410
496434
992429
19219
107783
11092
11556
40272
11930
10192
11217
10517
12488
78597
13688
264141
20231
1234476
51663
87130
12494
82022
13637
10587
10828
10067
10286
9953
81316
11392
11970
266414
198202
11581
2733470
22084
20964
28601
17294
862332
1166532
32015
301308
17232
28018
11704
14765
1622512
11646
12381
12173
12311
1272818
92985
24054
143379
15913
11726
40502
11586
13766
10947
13306
447761
14633
11395
1845875
295402
16817
338423
12314
10552
11512
11841
14371
10868
12462
12104
11767
14461
17277
21882
12803
54750
1168191
22465
11416
52331
11944
10664
11985
15023
765435
17786
25268
12412
198377
996318
705097
12451
11740
10143
12028
28234
31375
10605
9897
149314
15244
12113
9793
8294
2085
2333
2076
4501
2017
1956
2022
1945
2081
2703
1973
2080
85315
3080
5858
413213
3401
89911
2449
2201
7494
1890
64371
2707
2112
2156
2153
2069
2132
16970
2200
2554
102994
2851
7269
2279
9713
2219
14747
2145
2225
2238
4676
3411
1937
2117
1990
2056
2522
2362
2418
72445
52657
2931
184483
98477
126236
3890
2623
219996
4503
31664
7903
2238
1989
3331
176728
3706
3137
1945
2490
2042
3261
119112
3182
121462
5911
3356
2287
2710
2128
2308
2332
2808
168422
3701
2215
2223
2328
2293
2841
88247
3220
2548
2400
3632
2519
46160
108154
3556
5375
2362
2322
3388
2217
2911
15925
2202
4252
2408
2288
2169
2296
2060
1940
2152
3082
216023
4160
275703
7317
3288
284066
3883
16555
2520
78929
4971
5878
2230
2110
3469
231886
3887
3521
80137
33977
189949
3607
2100
2179
1824
1897
2372
29543
93874
179243
3544
19559
2091
2137
7515
2247
1932
2113
1951
2244
14700
2465
48484
3687
228957
9629
16255
2287
15395
2500
2013
2023
1926
1955
1906
15138
2115
2227
49004
37746
2222
503200
4210
3990
5323
3152
163642
215306
5764
54891
3241
5320
2174
2681
301356
2152
2272
2168
2290
232170
17861
4333
26399
2981
2178
7463
2114
2536
2005
2361
82956
2703
2060
340191
53898
3108
62934
2221
2049
2090
2122
2536
1999
2184
2165
2079
2578
3187
3932
2288
9931
217601
4088
2042
9474
2066
1948
2140
2670
140610
3248
4502
2256
36731
182415
131179
2341
2151
1823
2254
5272
5808
1895
1809
27487
2802
2252
1800
