46181
11451
12703
11850
24658
10688
10614
10935
11179
11430
15491
10926
11725
475335
16266
31470
2287218
18989
498291
12710
11854
42313
10538
365348
15051
12623
12615
12135
10493
12583
91125
12980
14538
555739
15187
40142
12248
53872
13262
79057
11760
12246
12551
25145
19241
11046
11385
11368
11189
13469
13078
13407
393379
296148
16372
1013132
559156
690177
22285
14623
1213903
25162
172562
42432
12438
11407
17655
974348
20424
18288
10572
13730
11392
17872
665151
16864
679467
31009
17578
12399
15506
11982
12492
12230
14593
912328
20245
12323
12162
12613
12487
16240
485559
16951
13671
13845
20772
14477
263169
585501
19710
29643
11704
11509
18930
12685
14744
87615
12309
22547
12905
13150
11040
12828
11834
11379
12261
16246
1192995
23150
1520354
40656
18528
1574412
22562
88393
13347
428917
28525
31273
11808
12236
19230
1248300
19741
19847
404730
185680
1068005
20415
10890
12267
10423
10357
12168
156777
497021
999037
19681
106931
11000
11298
41549
12326
10055
11380
11145
12491
80286
13083
264089
20810
1232331
50746
88238
11675
82769
13479
10626
10896
11082
9972
10936
80632
11106
11711
265311
198441
11725
2738775
22034
21684
29624
17230
854867
1166691
31267
304181
17735
27848
11550
14812
1625692
11719
12619
12832
11610
1281156
94077
23833
141482
14487
11884
39939
11289
13537
10958
12719
452061
14532
12098
1842601
295262
16588
333971
12906
10828
10949
11711
13975
10827
11890
11645
11258
14970
18071
20855
11988
53516
1162862
22716
11610
52188
11424
11400
11831
14774
762973
18039
25931
12552
196468
996382
704038
12835
11790
9980
12216
28087
30803
10576
9535
150355
13996
11918
8663
8266
2073
2325
2122
4428
1943
1962
2019
2017
2070
2925
2011
2152
85692
2990
5679
414561
3460
90731
2295
2196
7749
1974
64695
2691
2250
2247
2132
1899
2183
16672
2353
2553
101954
2775
7228
2258
9558
2409
14591
2158
2157
2219
4604
3465
2012
2088
2020
2061
2452
2356
2436
72327
52481
2941
183954
98569
126771
4014
2724
219968
4478
31581
7839
2254
2077
3323
177703
3743
3326
1934
2510
2102
3271
120209
3091
121483
5765
3237
2197
2801
2157
2269
2272
2711
168866
3588
2206
2192
2283
2216
2782
87627
3030
2455
2476
3699
2541
46383
109051
3581
5360
2124
2037
3359
2321
2678
15840
2323
4106
2317
2377
2002
2373
2165
2023
2175
3084
216485
4208
276703
7279
3445
284133
4046
16271
2471
79222
4974
5909
2182
2289
3399
233053
3712
3594
80090
34651
189651
3853
2045
2295
1912
1941
2287
30113
93943
180397
3657
19425
2089
2073
7766
2304
1912
2141
2087
2302
14909
2401
48513
3708
228586
9466
16487
2130
15589
2474
2058
2036
2067
1903
2071
14931
2105
2178
48947
37990
2251
503717
4181
4081
5458
3156
162696
215050
5678
55487
3331
5273
2127
2680
302013
2138
2336
2308
2163
233588
18019
4317
26181
2724
2191
7299
2011
2508
2031
2245
83610
2622
2215
339751
53722
3058
62267
2289
2085
2045
2131
2442
1989
2085
2065
1976
2630
3289
3762
2155
9792
216977
4106
2073
9516
1967
2068
2142
2644
140545
3263
4650
2307
36474
182330
130747
2414
2154
1810
2278
5210
5586
1907
1754
27908
2569
2220
1628
