46822
11090
13514
11692
25301
11043
10990
10709
10528
11977
14938
10982
11832
475236
16244
32370
2283612
18862
501106
13827
11507
42470
11312
363881
14929
12369
11951
11870
11110
12627
91720
11903
14142
556016
15353
41298
12096
53513
13151
81035
11054
12902
12535
25029
18346
10983
12016
11389
10915
13992
12401
13683
394039
300530
16436
1013667
563675
685952
22275
13662
1211685
24157
174097
42950
12233
10999
18054
977318
20349
17883
10961
13897
10470
19193
662191
17579
682407
32432
17977
12184
14224
11892
12130
12555
15062
912107
20096
12675
13113
12535
11698
16326
489992
17497
14778
13996
21346
15059
262589
586518
19815
29512
12583
12778
18754
12322
15800
87855
11756
22739
12651
12076
12364
13079
11859
10613
11677
16155
1191753
23897
1511025
41222
17907
1575109
21629
91055
13218
432018
29926
31176
11821
11521
19103
1249369
20979
19403
405416
184629
1075641
20553
10895
11783
10737
10650
12269
155012
493887
1000774
19263
107629
10824
11936
40642
12519
10972
10948
11265
13501
81412
13386
264320
20488
1228907
50744
86683
12063
80025
13301
10525
11143
10682
9999
11053
80169
11120
11829
269935
197547
12109
2740530
21410
20942
28408
17785
855919
1175294
32004
303627
18059
29306
12030
14337
1624010
11669
13385
12592
12055
1274972
94560
23161
142389
15310
12585
40549
11565
13223
11344
13651
454434
15149
12180
1851558
290993
16248
338218
13165
11145
11076
11635
14173
11071
11547
11413
11516
13878
17682
20872
12337
54903
1166557
22388
10710
51842
11124
10785
11253
15070
765096
18757
26292
11966
199705
990604
708943
12672
11453
10877
11852
28535
31971
10077
9962
150078
14309
12069
8996
8382
2012
2522
2117
4468
2013
2023
1995
1929
2176
2790
1998
2187
85672
2958
5823
414165
3443
91143
2493
2111
7707
2090
64557
2689
2192
2171
2080
2008
2173
16850
2170
2485
102210
2802
7407
2229
9513
2370
15009
2020
2254
2222
4614
3303
2010
2209
2021
2030
2526
2245
2453
72329
53220
2939
184054
99290
126469
4040
2548
219645
4345
31893
7983
2225
2029
3394
178048
3739
3301
2036
2511
1943
3494
119624
3209
121895
5932
3332
2185
2567
2129
2237
2325
2794
169008
3557
2244
2286
2272
2117
2822
88409
3092
2640
2503
3764
2653
46190
108905
3568
5393
2298
2266
3394
2238
2841
15938
2227
4122
2351
2225
2192
2420
2188
1925
2090
3010
216404
4308
274979
7388
3329
284445
3847
16761
2389
79558
5169
5869
2169
2146
3404
233434
3976
3554
80267
34366
190906
3893
2033
2143
1948
2000
2377
29791
93433
180802
3566
19574
2044
2217
7663
2314
2051
2062
2097
2426
15164
2422
48742
3715
227664
9448
16307
2234
15158
2442
1997
2078
2018
1929
2098
14901
2122
2211
49623
37797
2288
504291
4075
3965
5217
3240
162653
216814
5761
55398
3396
5486
2210
2590
302060
2141
2474
2259
2267
232604
18080
4170
26246
2877
2271
7421
2094
2453
2071
2427
84243
2776
2210
341952
53161
3015
62893
2331
2113
2075
2134
2505
2001
2059
2035
2063
2497
3253
3755
2206
9987
217606
4088
1965
9493
1952
1959
2066
2649
141137
3400
4706
2169
37112
181610
131515
2397
2132
1953
2233
5323
5829
1803
1852
27623
2618
2268
1725
