44681
10507
12786
11625
23442
10560
10624
10545
10853
11563
14561
11892
10963
463370
16382
31962
2247251
19165
487585
13599
11376
41296
11307
364460
14897
11479
11654
11782
11343
12217
91850
12099
13744
555617
15773
40810
11877
51546
12603
77498
11156
11248
11949
24074
18340
10437
11356
10507
10694
13885
12419
14307
376765
295742
16751
990302
548964
682755
21066
14100
1190667
25065
166316
40199
11793
11569
17664
953800
21387
16558
10563
13484
10356
18251
642462
17529
680628
32475
17069
12150
13887
12302
12164
12275
14938
894577
20982
12231
12336
12536
12235
15898
470971
17070
14981
14541
20462
14402
262209
588255
20304
28915
12404
12126
18465
12852
14460
86618
11923
22099
13358
12212
11512
12489
10958
11610
12382
17120
1179333
23451
1499939
38793
17236
1557946
20994
88213
13482
418666
28915
31998
12008
12337
19089
1226187
19938
19629
401072
177440
1076029
19923
10443
11564
10968
9661
12606
157403
496191
986453
19656
107466
11333
10948
40362
12446
10566
10834
10684
13042
80894
12662
257802
19603
1205968
51520
86066
11545
80239
13225
10567
10912
10469
10170
10453
78727
11425
11647
262006
199312
11724
2688473
22749
20938
28521
17659
846420
1138724
31273
296618
17244
28503
11603
14453
1596419
11239
12752
12147
11661
1253907
93640
23659
142071
14995
11515
38506
11809
13096
11207
13476
450176
14277
11501
1805581
294838
16538
340100
11698
10935
10649
11125
14537
10067
11838
11680
11353
14150
17280
20720
12398
54313
1172546
21290
11325
52274
11560
11488
11598
14056
745297
18282
25590
11900
193701
991844
693208
12650
11157
10163
12150
29831
31070
10347
9328
146883
14749
11367
8709
7885
1880
2329
2069
4136
1886
1900
1893
1900
2050
2695
2131
2000
81976
2910
5719
399356
3385
87062
2418
2080
7359
2057
63362
2628
2029
2053
2041
2025
2111
16601
2136
2391
99909
2835
7162
2154
8952
2255
14030
2014
1950
2077
4403
3225
1840
2057
1825
1954
2452
2210
2478
67847
51423
2919
176782
95011
123369
3727
2576
211544
4380
29805
7283
2104
2083
3254
170293
3785
2998
1887
2434
1864
3266
113873
3151
119015
5908
3110
2169
2502
2174
2182
2224
2724
162593
3709
2137
2152
2235
2142
2729
83226
2989
2626
2534
3535
2495
45288
107303
3610
5116
2206
2111
3228
2324
2565
15387
2192
3965
2393
2232
2064
2318
1968
2053
2169
3098
209919
4138
267589
6837
3192
275395
3711
15944
2426
75759
4954
5866
2154
2220
3334
224289
3669
3504
77852
32359
187283
3626
1944
2088
1960
1767
2339
29487
92076
174789
3597
19113
2122
2005
7391
2267
1968
2005
1982
2306
14742
2241
46474
3504
219240
9421
15830
2093
14804
2375
1984
1992
1934
1899
1978
14373
2111
2139
47328
37129
2178
485426
4162
3842
5194
3152
157798
206194
5554
52969
3187
5279
2111
2557
291063
2006
2305
2145
2138
223954
17691
4161
25863
2766
2109
6923
2086
2362
2034
2333
81602
2523
2065
327524
52815
3007
61992
2072
2061
1911
1968
2503
1800
2038
2044
1983
2475
3130
3735
2201
9683
214762
3850
2006
9352
1969
2017
2117
2454
134590
3254
4479
2110
35282
178735
126377
2340
2045
1812
2245
5378
5570
1843
1685
26678
2669
2078
1615
