568141
38880
599763
19071
18642
44388
2624714
32151
24144
26372
1820920
60569
1505470
566010
25229
20294
19585
20609
30007
171291
19844
18770
19347
17293
17964
26017
853149
2284183
428180
72390
20667
39583
18052
18639
24537
277014
23556
21239
26879
659002
75400
695005
26379
21500
19919
27310
20447
21101
50378
1964041
27216
29899
947776
26334
26217
358021
24224
125618
25770
20337
18944
185689
19932
20023
19071
20780
339817
22765
19056
22243
20106
119286
32311
1348726
29009
19098
39121
1553340
121788
24913408
378398
30381
20518
25209
19255
18685
50751
20033
67913
20819
38691
1552720
31579
748326
30025
20217
18780
30568
1500224
37251
28118
22371
18794
20709
85519
17454
43912
2517233
2784201
38645
549600
29823
21211
19093
49847
617758
25566
29825
17461
52713
1933851
1441120
247653
24606
17094
30876
19205
21788
36889
1385959
336088
41015
2103592
30106
19868
31906
21664
86845
19820
50235
17876
17813
21528
159030
799006
448491
24836
33918
1001613
330450
26469
19928
18216
17198
17729
20611
17453
18744
18161
42412
1396797
41910
497607
2584874
38703
17619
19297
16675
17039
18178
18184
59314
19205
83031
2740305
19519
1026372
19266
45514
150626
19203
18760
19271
19010
18151
19141
18742
24920
17815
723661
43835
26633
450262
16505
19713
18834
18087
18059
19788
26550
16999
4003578
53640
19291
39703
17619
29840
30526
16629
16427
18813
18694
18217
335022
18707
278380
19414
17425
19830
16964
28821
801237
20014
18877
152173
20249
16180
116432
18956
16679
15706
17602
17117
19828
235706
35877
5012136
631881
27058
23626
71037
4346718
3258337
32264
25234
1617602
41060
15906
16752
18960
18702
15738
20522
316794
478565
19119
95247
6648
108447
3269
3127
7355
447398
5593
4005
4530
302558
10154
254943
96789
4117
3422
3287
3431
5003
29665
3378
3611
3190
3445
3009
4183
138888
361706
70541
11598
3423
6479
3088
3112
4071
45080
3975
3558
4643
113126
12915
118368
4276
3647
3298
4593
3389
3572
8427
342564
4632
4902
161222
4400
4302
61245
4008
21838
4215
3464
3306
30209
3294
3359
3231
3510
58920
3879
3197
3753
3326
20191
5476
221570
4748
3204
6574
269605
20638
4034857
62998
5098
3515
4324
3253
3165
8642
3406
11142
3537
6317
252578
5232
120636
4985
3347
3184
4986
249002
6293
4753
3640
3179
3528
14816
2940
7462
407742
458682
6467
91089
4957
3576
3218
8291
104914
4265
4896
2952
8604
327140
235145
40660
3954
2861
5103
3214
3594
5959
235568
55371
6711
346931
5063
3301
5441
3656
15722
3370
13028
3041
3002
3523
26462
131978
75755
4160
5624
162559
55098
4492
3303
3128
2940
3007
3388
2910
3049
3028
6993
232354
7156
86668
428609
6499
2826
3377
2852
2919
3090
3036
9806
3283
14446
465807
3346
175629
3192
7723
26012
3267
3193
3326
3124
3059
3206
3071
3972
3086
120264
7429
4604
77203
2800
3254
3120
3183
3053
3348
4515
2908
671097
9170
3170
6850
3040
4926
5093
2877
2762
3184
3191
3070
55399
3246
45914
3355
2921
3353
2834
4877
137685
3367
3156
24528
3355
2767
19949
3118
2814
2654
2980
2907
3329
39567
5976
859434
106208
4636
3906
11989
712632
550024
5415
4293
272504
6736
2712
2878
3246
3186
2710
3456
55971
83975
3327
