567419
39512
593718
18602
17797
44846
2626693
31428
22615
26772
1823868
60736
1502010
564160
25426
19112
18398
19669
29692
172087
19549
18122
18356
17668
17829
25853
851172
2280013
426548
72422
19810
40192
18399
18660
24527
275728
23854
21385
27192
655831
75416
697224
25641
19574
18757
26827
20364
19661
50045
1967853
27435
28778
957885
25974
26104
358693
24406
125572
26874
20218
18472
183349
20636
18364
18781
20711
341109
22802
20531
22434
19567
121018
32590
1342715
28908
18851
38910
1553149
123027
24954025
378869
30063
20823
24429
18043
19992
49758
19654
67287
20078
36124
1554674
30550
749417
28200
19141
19652
30078
1507857
37704
29065
22824
18489
20721
84505
17772
43280
2511330
2790929
35667
554381
30313
20500
18705
51544
610903
25961
31744
17499
52594
1943821
1435062
246542
24033
17497
29100
18733
21863
37603
1388418
342298
42482
2105008
30205
19820
31078
20875
85828
20323
52323
17727
18806
19981
156873
806491
448477
26094
34727
991049
329116
27791
19686
18690
16197
18359
19640
17578
19372
17568
42454
1401242
41929
496083
2579444
38041
17457
19917
16422
18683
17941
18235
57598
20140
83385
2734711
20225
1032761
19274
47206
149900
21001
19833
19130
17749
17898
18540
18694
25674
17561
729448
43228
26029
453471
16996
19017
17828
17425
18317
19418
26325
16110
3993765
54099
18252
40473
17661
28058
31424
15672
17306
18110
18351
18002
337534
19919
287945
18714
17527
20713
18041
27769
796862
20164
19134
155435
20707
17787
117374
19134
16356
15653
17494
16668
21356
234390
36025
5025857
632595
27040
23235
71909
4350476
3252349
31178
23345
1613533
42358
15645
16505
19823
19215
16339
20435
318994
481828
18708
95555
6668
107708
3182
3010
7432
447141
5489
3726
4601
301935
10190
254407
96507
4139
3235
3075
3300
4920
29790
3336
3481
3051
3482
3009
4179
138532
361264
70507
11639
3351
6730
3056
3083
4046
44878
3968
3667
4702
112628
12925
118866
4189
3309
3130
4497
3412
3321
8399
342665
4664
4722
162415
4411
4464
61261
4056
21798
4380
3441
3227
29813
3409
3101
3134
3484
59261
3839
3485
3798
3319
20532
5523
220442
4782
3172
6481
269095
20988
4037264
63126
5070
3541
4192
3073
3361
8569
3321
11140
3396
5916
252421
5121
121165
4702
3149
3302
4924
250117
6338
4871
3639
3096
3489
14659
2993
7377
406602
459593
5987
91781
5090
3485
3154
8526
103914
4301
5200
2979
8580
328719
234530
40522
3864
2895
4848
3138
3702
6049
235875
56202
6916
347398
5065
3387
5356
3511
15599
3441
13279
3008
3133
3299
26100
132971
75904
4329
5707
160819
54787
4636
3240
3143
2790
3117
3321
2955
3194
2945
6986
233088
7119
86202
427433
6428
2848
3476
2823
3121
3016
3033
9590
3405
14449
464529
3452
176539
3230
7949
25851
3498
3385
3308
2968
3055
3135
3042
4149
3103
121035
7321
4429
77878
2923
3146
2969
3046
3072
3308
4464
2799
669697
9261
3091
6852
3037
4677
5244
2681
2909
3091
3125
3092
55604
3408
47406
3260
2950
3469
2961
4717
137113
3391
3232
24891
3384
2968
19962
3115
2757
2648
2980
2857
3567
39456
6025
861866
106324
4597
3844
12174
712380
549390
5237
3928
271497
6964
2615
2825
3344
3232
2759
3472
56188
84098
3224
