573703
40765
605932
21032
19424
44971
2658258
127768
48897
299207
1828280
2134789
1553001
589028
260777
711003
96295
98041
33500
178641
47284
70705
24293
23485
19980
31862
864557
2317240
2700812
94150
28294
45096
20387
21402
26306
279655
29355
51198
30078
661491
143574
704332
28630
23236
25918
54141
22155
23226
119969
3903589
46638
36305
1741045
35643
28701
369880
30461
136101
31448
37240
21466
193418
22962
75165
23459
24682
347091
67423
22410
24892
23376
164779
35714
1356649
76878
23133
49136
1567569
124849
25034648
411883
4725029
2132870
40348
29565
705181
58291
24678
95823
200480
44168
1578033
37465
805870
626174
27022
132326
110130
1571766
40408
28850
25745
29523
26764
250249
21885
46390
2543616
2843541
56286
619439
3485679
55089
183563
10527803
656633
34600
138253
7364677
89108
1967920
1449977
261810
50756
20272
63679
21950
24271
40089
1389344
431847
46388
2281320
36160
34918
47853
68211
191292
751789
3457052
68626
30075
23621
162730
821287
489959
34591
40797
1009386
333547
33675
26886
35821
30282
280131
28222350
1896527
145089
25970
84771
1469263
8654975
552304
2599377
42703
20462
27372
20335
20681
784842
33128
61077
32401
87274
2772741
22957
1090259
30832
47756
291060
25480
26807
25184
2365398
571430
25116
55114
189341
55549
735877
52091
38555
463006
226831
28527
23726
21611
259498
384551
30742
99109
4006527
56295
22038
41075
215653
119374
46782
24168
19961
26765
66511
22456
360057
24132
2948452
107618
184000
100461
116309
1558515
833337
909767
24166
166527
115871
43131
121299
21678
57708
24823
2215766
51068
28699
241154
113314
5053058
845122
130249
269040
80969
4344349
3261766
33331
29010
1765941
338217
453164
27979
22544
27689
19117
67335
319011
518480
94403
97585
7052
111020
3625
3353
7574
456585
22226
8263
50951
307611
365686
266115
101749
43064
117584
16164
16403
5632
31324
8324
13337
4059
6891
3380
5133
142193
371889
452051
15200
4760
7538
3444
3577
4448
45895
4978
8505
5332
114502
24768
121196
4739
3975
4411
9330
3740
3975
20348
672636
7928
6021
297063
6014
4872
63734
5162
23830
5259
6384
3741
32065
3845
12724
4012
4186
60756
11671
3842
4246
3936
28274
6168
225385
12923
3947
8401
275046
21355
4083330
69397
790022
367832
7005
5085
118540
10120
4269
16078
33480
7400
259456
6361
131356
103159
4501
22810
18277
264078
6938
4945
4223
4987
4518
44111
3725
7983
416401
475961
9393
103816
573274
9472
31549
1820777
112612
5879
23192
1269612
14758
337360
239854
43420
8187
3353
10683
3701
4086
6548
239081
71891
7691
380239
6121
5929
8314
11669
67909
127974
619806
11856
5093
3968
27331
137145
83714
5820
6801
166136
56330
5805
4439
6187
5160
48117
4406178
323331
23996
4401
14086
247240
1486589
97119
435955
7185
3379
4869
3479
3462
132542
5593
10281
5528
15300
477419
3960
188576
5213
8197
49991
4341
4632
4433
406502
95710
4247
9183
32041
9843
123594
9021
6724
80573
38903
4682
3976
3823
42594
66429
5243
17105
681197
9665
3755
7099
37055
20701
7865
4248
3413
4584
11331
3833
60058
4237
490659
18917
31751
16981
19709
261015
145245
154033
4144
27165
19428
7290
20938
3654
9891
4263
377543
8889
4870
41182
18872
876926
142770
22157
44564
13880
721804
558270
5729
4985
300535
56348
78135
4832
3908
4749
3295
11815
57396
91546
16534
