578370
41601
615047
36748
21274
47531
2657535
136894
314641
288524
1846034
2146124
1582421
593900
261783
725830
98939
100176
344289
185856
286027
58226
27716
226761
25501
664654
877247
2414709
34313687
572740
41128
83766
21547
22993
28557
380680
97484
149073
32858
668598
147513
704586
54567
76376
4746668
72860
70509
27185
136204
5196930
211786
1644122
1774236
37007
31358
369872
46292
156834
1368623
37082
21074
202737
23870
76307
24466
24531
348363
59401
23696
46968
24416
169291
37361
1357574
88320
24716
54225
1583007
124594
25007074
413669
5265673
997095
37814
32202
750579
67988
28358
94901
234975
112374
1607608
137782
821354
634158
28081
152029
107262
1602454
41474
30816
64533
28097
27286
217002
22026
59271
2528381
2841786
110192
626664
3538437
2831090
154924
7602951
660535
3446822
172084
6417141
147437
1978539
1588825
260228
175532
22704
62923
24040
258311
48973
1393145
435771
51619
2384460
36953
38701
63381
1296348
150024
715059
1658817
52799
51211
24315
160227
813246
496906
77764
43168
1012601
399429
64803
29289
45392
30036
235397
25134440
1664964
122469
69212
79656
1467519
8230523
568605
2601514
43143
59180
28070
25549
21588
1393632
36445
85534
38716
102987
4717185
135062
1093198
31978
133087
304854
26539
27584
25377
2362551
382787
51433
57891
2906076
84713
738884
67753
44126
466991
223967
30361
27625
24392
342817
623672
101909
115284
4024916
60545
25086
42636
4985587
162290
49350
44365
128149
166063
68357
26403
357561
26951
2939007
122277
36425
101396
118393
1557119
836615
1034340
26732
162126
116050
49853
120552
23413
580540
32059
2214159
51542
29087
235242
118253
5052503
889802
4256527
278030
78130
4359810
3265849
36660
152587
1761138
348165
490878
39180
36119
795778
22382
63790
320059
516033
362596
98317
7175
112260
6286
3653
8064
457008
23967
52540
49203
309689
367394
270581
102784
43255
119899
16758
16806
58192
32415
50303
14667
4633
42483
4325
106940
144577
387963
5014645
92400
6995
14054
3675
3859
4753
62104
16518
25123
5786
115557
25385
121119
9236
13122
786398
12419
11702
4613
23070
888983
35619
278071
302337
6249
5310
63762
7870
27340
220322
6405
3720
33195
4031
12870
4139
4133
61070
10257
3981
7957
4128
29019
6394
225474
14811
4201
9215
277481
21435
4083410
69688
877031
172138
6476
5550
126327
11720
4814
15876
39329
18487
264079
23350
133934
104484
4667
26243
17834
268452
7060
5297
10454
4800
4689
38260
3763
10143
414498
474928
18455
105338
581199
487240
26447
1319433
113267
573612
28748
1106030
24670
338207
261874
43293
29099
3825
10534
4059
43866
8007
238590
72128
8470
397024
6267
6450
10875
223559
46994
121862
301465
9134
8560
4060
26846
135419
84658
13044
7237
166730
67146
10918
4859
7993
5081
40226
3968007
283675
20334
11754
13193
246374
1415214
99575
436172
7314
9590
4961
4323
3666
234464
6120
14249
6646
17955
800206
23294
188415
5428
22737
52327
4497
4791
4431
405374
64235
8739
9648
463284
14873
123790
11658
7625
81083
38542
4999
4624
4256
57351
107906
17633
19809
682098
10509
4229
7337
848076
27803
8357
7687
22379
27741
11676
4584
59758
4682
488979
21567
6281
17046
20004
260280
145472
175406
4558
26495
19565
8501
20679
3912
98676
5493
377425
8966
4897
40128
19627
876925
150587
716677
46168
13365
722483
558065
6240
26622
299219
57922
84375
6767
6308
136894
3897
11225
57130
91153
63780
