591194
42283
632859
38487
33173
48186
2658458
140977
266290
487864
1850239
2144943
1584320
600889
302290
743192
114518
102563
443228
186850
292364
210394
29904
219659
26018
690055
896262
2459558
40133053
653728
43566
61105
71034
27701
355380
387544
89075
138445
33401
675551
154386
704202
61099
46718
117226
40332
441896
27750
139372
5220539
229673
1612904
1740804
39135
30921
443032
46444
182639
1378876
40996
22075
248793
24511
46699
24752
25207
355792
189093
25867
47913
27535
292322
40661
1366480
207743
26521
224362
1575837
125524
25163479
468657
12868721
1200808
51235
34030
742471
156054
32310
96614
261913
91262
1681196
70576
830366
614825
148281
228387
112937
1739551
537751
38829
92458
8501663
137407
224001
744772
63221
2572023
2853088
109638
690428
4006905
2582966
149036
7331729
667963
3507080
192117
7771839
165015
2038851
1588677
267343
71028
21727
70562
27902
498756
64453
1390890
444594
50950
2420060
38549
43035
80948
224197
423935
723221
1804030
56222
51808
25504
161435
814640
491579
70895
55008
1021415
396607
66872
64527
63628
32306
358840
29739361
1700129
137989
72331
82936
1476843
8248906
1922525
2610703
46082
58789
29375
21912
22770
1400756
37562
83683
44479
104354
4752812
119989
1103088
59729
209931
361803
4119714
39079
28535
18777891
1069668
42414
120763
2185087
64918
1266175
80889
194353
37929178
349141
41109
28185
422457
292789
636299
100538
100919
4024682
59887
27208
43687
5996377
251110
49799
48868
136336
87331
67887
28471
629307
28408
2948971
101855
38775
108812
103266
1580485
868418
996909
27804
165283
160081
82041
128776
26327
658583
34937
2091424
49207
48818
244131
117673
5052259
3009493
4368591
272917
317974
4365312
3266220
35529
45400
1658594
344725
467358
194776
39173
737069
45946
97257
321838
517597
450444
101068
7287
115977
6589
5724
8254
459105
24721
45014
84218
311580
369117
272379
104307
50051
123472
19433
17133
74851
32865
51584
42742
5097
45604
4384
111633
148198
396804
5716305
106274
7358
10327
12160
4626
59754
63530
15185
23323
5791
117193
26666
122219
10339
8146
19921
6937
75833
4746
23728
898538
38725
274139
298189
6731
5292
76110
7900
31858
222805
7127
3988
41341
4125
7884
4244
4297
62535
32633
4358
8076
4711
49986
6981
228032
35518
4577
39127
277560
21596
4123489
79467
2106227
209493
8814
5825
125431
27114
5498
16069
44010
14997
277903
12028
136275
101710
24666
39629
18861
293223
92755
6679
15147
1389827
23727
39518
127491
10883
422598
478758
18473
116419
661009
446587
25595
1277042
114948
586145
32189
1341104
27620
350091
262931
44495
11751
3648
11822
4752
85222
10614
239833
74064
8490
405321
6573
7256
13860
38755
91577
123661
342636
9823
8668
4312
27152
136669
84539
12042
9302
168960
66951
11416
10808
11247
5548
61666
4624526
291331
23006
12287
13843
249378
1424882
334300
440340
7859
9551
5283
3723
3876
237008
6319
14093
7721
18410
809355
20965
191219
10094
35775
62416
703341
6754
5012
3190122
181629
7273
20149
351216
11483
214798
13977
33481
5998297
60002
6789
4711
73200
49146
110429
17477
17424
686469
10375
4643
7659
1023101
42686
8494
8525
24059
14635
11633
4874
106152
4997
493034
17985
6626
18454
17496
265910
152156
169825
4838
27188
27062
13918
22158
4437
112600
6025
357743
8638
8229
41753
19695
881812
502752
739940
45563
55208
727491
561617
6074
7912
283666
57680
80909
33516
6808
127775
7960
17153
58011
92219
79533
