571967
40163
601428
19725
17138
43725
2631513
32373
23551
25186
1820124
60310
1502355
565991
26071
19627
20155
19850
30171
169799
20926
17829
18779
17468
16998
25471
853783
2297680
428747
75154
19828
38782
19284
19006
23474
277589
23018
22005
26947
656102
76657
692296
25630
20087
19772
26853
19983
21502
48764
1969593
27710
28852
957117
26149
27036
364196
23649
124410
26364
18958
19336
183942
19899
18555
19678
19363
342545
21901
20634
24271
19202
123267
34407
1347405
29663
18797
39459
1553040
122492
24986261
383972
30194
21998
25649
18907
19486
49847
18830
66897
20446
37509
1551905
30971
744871
29568
20053
19246
29470
1496927
36730
26943
21895
18128
20618
87841
17881
42298
2512824
2790714
36728
546278
29053
20896
18438
49448
618331
25641
31305
16717
51990
1945383
1443541
244779
23998
17698
29530
20865
22490
36637
1377198
338600
41928
2105933
30779
19708
32319
20540
85734
19163
48595
17603
19653
20371
158978
797976
448480
24302
36557
992530
328679
26401
18777
18158
17173
18466
19299
17483
19241
17682
41929
1409563
42958
497786
2584987
39523
18221
19534
16677
19307
17980
18211
60272
19199
86465
2738278
20814
1034929
18717
46268
149590
19811
18696
19318
18288
17534
18690
18824
25203
18454
733209
44907
27572
452586
17524
18656
18847
18866
19247
18956
26163
16037
3986620
55756
17947
38184
18395
29200
31212
15946
15998
18322
17516
17670
337796
18686
281487
18421
17044
21109
17533
28066
799171
20509
18891
153944
20401
16755
115107
18273
15983
15650
17934
16838
20210
231045
37810
5024818
633460
26202
24508
70078
4339564
3255020
32679
23320
1604424
39443
15209
16155
18443
19043
16074
19711
315797
483789
19178
96164
6821
108639
3336
2955
7282
447619
5676
3908
4344
302102
10165
254294
96752
4261
3325
3322
3312
5056
29575
3574
3406
3158
3410
2856
4108
138929
363730
70977
12024
3317
6448
3246
3164
3946
44919
3868
3647
4646
112565
13051
118092
4266
3396
3288
4541
3325
3620
8182
343143
4696
4728
162222
4441
4545
62124
3951
21671
4331
3249
3369
29992
3264
3181
3307
3232
59317
3755
3467
4080
3248
20855
5802
221344
4869
3187
6589
269426
20857
4039307
63884
5064
3687
4406
3222
3286
8510
3212
11192
3447
6143
252539
5180
120510
4918
3323
3280
4803
248453
6208
4588
3606
3083
3475
15147
3017
7158
405940
460438
6104
90699
4869
3528
3100
8193
104631
4215
5178
2878
8391
328519
235463
40310
3880
2939
4867
3449
3758
5985
233494
55529
6860
347242
5196
3300
5501
3487
15491
3264
12795
2996
3266
3375
26389
131353
75801
4040
5930
161033
54834
4413
3087
3126
2885
3111
3241
2908
3136
2923
6869
234523
7279
86357
427634
6588
2968
3462
2843
3220
3027
3053
9908
3272
14967
464746
3572
176949
3120
7807
25817
3356
3188
3287
3081
3015
3113
3099
4036
3183
121484
7643
4675
77680
2962
3103
3085
3269
3216
3209
4444
2759
668978
9510
3029
6534
3159
4838
5126
2773
2713
3056
3023
2991
55873
3230
46408
3229
2824
3538
2899
4754
137257
3503
3130
24841
3321
2832
19571
3022
2718
2667
3105
2885
3363
38937
6200
860880
106372
4465
4031
11845
711466
549513
5424
3924
270447
6552
2601
2766
3155
3202
2722
3341
55767
84608
3262
