734370
261976
3450236
271224
87768
188132
3503158
304067
475168
643987
2591741
1303363
5965139
3604211
13003662
2972294
265252
509927
1237569
941252
1038311
588603
211652
653351
21567147
1332336
1291539
3384928
32709617
1052320
264654
358659
2667511
425602
306847
569833
1384445
3903306
2305654
2134497
3808206
1154771
599259
170242
1689313
121727
6450428
121661
180937
5686568
1661872
1890939
4982214
142528
882739
649710
250653
14378198
2247923
1315546
275130
341429
89405
75105
733892
164073
460765
156080
77452
414409
88705
7933678
248957
1877087
9949449
1194259
12486920
1816413
165593
24196874
408580
12771359
1526386
23342113
697193
871614
478532
1737621
159921
924380
248103
2358231
3703419
7151808
729261
228569
343165
440506
4554067
142767
73675
2936472
7937638
22887540
2296062
1468550
357040
31386053
4331786
199874
1468492
5368266
2498948
186066
8039671
720007
8946248
357349
6887886
469545
2859039
8751169
448471
451800
2590942
12180060
332663
15563205
164932
1525111
656924
198346
2711244
350984
163111
5699615
416258
5640736
941205
45646109
1572263
131339
120418
417596
4017775
711417
457512
294563
1221743
502427
133959
251305
6632955
36313996
2268642
32315614
2189869
291033
14095605
215323
1487300
8198395
2164022
9804017
726946
413313
96067
723067
20075779
1999756
162044
158168
343690
8047344
4267248
268066
1869687
584850
997914
418438
273579
675806
306075
8834139
1225050
209962
688024
630968
683828
1185451
3262256
1215693
3633411
4250955
790494
829528
1129258
492635
668200
2998870
6415619
5497388
389619
132392
3838203
19610230
557064
1455215
213156
661097
292257
152654
445652
4874751
117270
3386149
301318
2219278
346944
219984
2754412
1488824
5314567
780297
1519696
1871839
517705
293902
3765862
4979549
3575221
2298549
134145
91005
2464708
1147649
5885716
3144333
2639113
426211
4066438
5219080
3750054
76040
2126119
1886163
796178
27499168
8647992
19403774
9128199
280529
6748269
6856899
822463
1167571
138902
49800
659223
51208
16510
34968
665799
58661
88205
122560
480134
244732
1125179
672377
2274640
568167
49827
96323
233667
182040
200219
133111
39674
145338
3800349
238495
235352
603384
5303036
188405
49639
66703
491086
79161
56901
104019
260718
746048
447357
410933
723100
219726
110712
33090
323077
23161
1208946
23011
34532
1082117
317198
355883
937265
27269
166951
123042
47091
2585534
407051
249350
54884
63075
16714
14305
139726
30898
90108
29684
14885
77869
16919
1512364
47853
347893
1819273
231378
2246992
355625
32043
4410929
77269
2319462
296504
4248205
134018
164063
92518
332008
30063
177256
45813
435734
683185
1300789
136066
42649
65965
81281
850100
27561
14058
551402
1498115
4042067
450396
279368
70107
5314214
821345
37967
279022
1003439
486641
36138
1569455
139576
1655469
67577
1338649
87967
554217
1598558
84709
83678
492784
2241338
63705
2778393
30462
296869
124333
37300
512631
67328
31496
1074035
81778
2524769
182245
7712432
309911
25240
23273
79365
777115
138897
88611
55620
228719
96014
26042
47213
1271170
5977572
434400
5554473
425412
54820
2637995
40655
285579
1600380
424063
1791889
137267
77268
19327
142296
3554809
383609
31106
30149
67620
1537311
827927
51723
362870
113823
193661
81308
52184
134321
60989
1709753
233200
40718
127414
116561
135006
226098
641049
234044
713739
796739
150830
155237
220788
93931
130191
570651
1253564
1044675
74809
25248
736642
3634415
104948
274608
41791
127136
55318
29688
87977
898138
22940
629720
59579
415224
65734
41534
524018
288471
971534
145685
280116
352033
97981
56638
697841
946399
679469
439967
25414
17087
467648
217823
1137199
583351
499143
79801
767212
966210
716730
14472
397508
357918
146922
4698461
1583673
3595973
1678458
54016
1267749
1299452
160932
228950
