1525555
341096
3382179
317680
116563
235572
3674497
349316
612395
818520
2808646
1419720
5616963
14711886
17528730
6381567
3065836
598125
1509647
408677
1291305
743614
250415
635139
23768379
894144
2176995
4068755
31937188
1594671
330329
414808
2699955
666938
4566398
640378
1475719
5448957
2407830
1779492
3586240
1319090
529558
396795
2133864
69006855
5716241
493947
1025871
3044188
1762968
4364723
13649658
407098
22607866
1842997
915512
13906471
2437037
1407306
395286
1575678
488291
92584
624954
2291213
738607
401587
21334322
605560
112289
9735530
421551
4630015
10190154
1201663
11252062
1910806
197514
23899131
1680754
12225664
3482448
23689561
910594
903270
1462750
2120137
194840
979298
332403
3257440
4527447
9832612
1778910
411269
393444
592057
4694059
4318516
404656
3170314
16010868
22500452
2384011
1803877
395406
32300254
5858179
1184270
1375136
4917156
2909948
13837027
7059069
1300295
28344018
668223
7596135
3176791
3141091
10651092
823589
481775
2570636
16510017
341252
11597676
355315
1489431
961768
43974300
3239817
1035640
3824565
21154613
1579488
9065546
1041339
67439778
4029456
263977
153325
504196
3881873
1195614
603337
258242
1359620
1094398
319053
320074
6828279
36658763
7867052
22322282
2347745
345189
10618088
794100
1530891
692632
3296316
10299031
783189
440054
2830374
913572
22513970
17826395
570270
194566
461985
8610000
5608314
429327
2088527
5431162
982203
512170
1963227
9002401
436274
13212177
1710122
294631
1252758
4044707
10012150
1124165
4931645
1372359
4573708
4105119
1143144
32574548
2254599
520863
969080
3159927
4608886
28527315
502489
323279
4921889
6450561
2939077
1146246
186616
619017
577920
203081
524962
3684851
325926
3477635
785205
2552284
462470
781293
2720362
3581299
4905706
860018
1833347
2023692
627179
401108
20045816
18381588
3187978
2376981
309502
199842
3021083
1291209
7476510
3355203
7157282
516181
1649377
5644916
3975107
622748
4127793
2104910
763620
31687285
8237549
19559589
11458396
19686210
4611340
7280505
820594
1311778
304673
68533
684016
63266
23553
46371
742847
71580
120184
165182
551213
282205
1124358
2823180
3201090
1271273
604941
120296
302017
83462
263051
175033
49780
154515
4390515
171215
423593
768096
5493208
303474
65627
81780
528337
132306
863632
124218
296370
1100750
498092
367550
723433
266441
104605
82398
432116
8925050
1133046
100118
208446
629233
358925
861309
2705157
82558
4131890
375215
181554
2666878
471622
285015
84404
307426
98055
18839
126715
459029
152982
82515
3936298
122119
22754
1971286
86678
906162
1984542
248209
2170229
399256
40615
4631125
337854
2368135
697714
4592335
187068
181948
301085
432459
39142
201139
65746
643700
889799
1900427
359645
82612
80456
118151
938309
878395
83676
636731
3174425
4247446
502007
366795
83452
5834433
1191472
244422
280280
985492
607128
2668528
1476026
269460
5511483
135983
1578835
619353
653076
2070422
167005
95728
526356
3213209
70335
2251975
69752
311699
196107
7448118
657780
212050
779270
4093356
335783
3228440
216235
9564220
854458
54640
31759
103341
808451
250709
126469
52855
274469
226696
68264
64915
1411011
6430471
1609556
4337278
490033
69666
2163125
161039
316381
146068
689328
2023639
159823
88695
620308
192764
4254789
3500646
118883
39988
97207
1762923
1165606
88755
435106
1078123
204868
106945
399992
1812426
92918
2712692
348502
60842
247401
795765
2050974
230153
1035757
283409
963376
826997
231733
5717121
475438
106770
201242
643409
966032
5329601
103319
65436
1002359
1323088
597190
231044
39518
127585
117058
42213
111103
730541
67753
689632
168249
513624
93512
159107
556886
726388
971903
171546
360367
406146
126460
82171
3728200
3588450
644262
486020
63292
40438
608405
261096
1519453
661874
1422102
103328
331666
1114863
808690
124804
829536
425833
150164
5624942
1617690
3828844
2223599
3597166
926844
1462309
170757
273221
