1510206
347007
3349181
302701
115158
239676
3673406
354679
600593
835234
2771825
1381803
5872363
8222115
17900230
6304758
2947388
603755
1367966
367223
786478
714993
254743
636443
23046664
990630
4049791
4072299
31681962
1584677
346860
3768402
2745226
676150
5817635
640661
1480886
6112535
2399248
1801795
3660978
1328714
517598
394702
2222486
67983255
5743061
417891
321695
3020380
1765507
4353676
11658403
428499
21372700
1871063
701297
13154792
2425804
1418060
328663
1577349
768215
96437
945883
2243286
739505
368265
21652222
602347
112637
9724387
426215
4635789
10386110
1222157
11379616
2896571
207222
23802004
1739026
12644266
3972643
23348286
915403
907585
1156259
2157138
196789
1155077
334070
3257150
3894698
9584205
903038
425943
349646
617811
5826140
4512946
396257
3167220
16636130
23540727
2373878
1634287
396221
32496335
4622423
2088105
1341080
4982282
4487404
12960353
7157025
1156622
21989696
630109
7873552
2824973
3146634
9360671
844270
496304
2558108
16378297
355921
11680967
365545
1488285
964296
43675692
3273870
1028206
4935719
19417301
1570750
8840506
1106328
66315365
4644453
274024
159394
535307
3685530
1232254
602283
254902
1363080
823049
2170311
327071
6877844
38652797
7986551
29910579
2359125
321948
10837081
847064
1547943
734747
3274541
10392385
794332
465923
4152185
897395
22501488
18712804
579912
202806
459186
9242007
5510522
445754
2062632
7091464
1012613
508896
1959716
9271231
439452
13306926
1619223
296696
1274218
4037612
9954451
1124017
4978273
1359973
4733176
4194531
1276878
35070802
2267526
480529
915720
3147127
5030717
30729047
505649
259751
4887009
5327554
2925730
1232260
4507598
647346
602402
207277
527888
3738325
291051
3731536
777042
2601811
458362
766356
2738933
3759575
4718356
861524
1814929
2039033
2390468
422140
24632819
18070052
3062851
2377818
304372
1207784
2982713
1288234
7311575
3382845
7315516
455793
1660491
5776910
3987673
629439
4146361
2121387
745321
30384718
8388605
19767098
11655647
19101651
4550438
7350144
849114
1304301
301606
69794
679297
60597
23236
46982
743547
72752
117931
169039
544333
274804
1175220
1610925
3265857
1255006
581418
121389
273710
74939
160276
168621
50582
153863
4276239
189897
795577
769060
5461263
301787
69034
737248
537993
133498
1096523
124680
297700
1233835
496464
372154
739090
268484
102042
81678
451200
8956375
1137333
84546
65275
624951
359283
858517
2320912
86874
3924403
381104
139685
2536168
469074
286918
70199
307840
154476
19660
192337
449447
153145
75468
3991814
121339
22714
1972477
87780
908562
2022283
252408
2196663
605455
42582
4623163
349533
2445900
798619
4533445
188138
183346
238043
439389
39768
237062
66401
643466
768047
1856301
180028
85666
71596
123092
1161379
918911
81906
636326
3292026
4412939
499505
333427
83634
5868971
940038
429687
274412
999219
920372
2504568
1496527
239871
4362417
128040
1634292
552028
655756
1826559
171357
98591
523638
3192063
73495
2268503
71716
311720
196569
7406639
664502
210613
1003977
3783933
333818
3160209
229960
9577122
983654
56808
33052
109428
769454
257685
126132
52032
275235
169918
453147
66252
1421736
6699060
1634678
5597515
492728
65142
2204866
172247
320101
154506
685024
2041428
161816
93813
894603
190096
4251259
3668796
121024
41882
96771
1890372
1146411
92327
430230
1402065
210978
106215
399350
1866372
93987
2732206
330777
61392
251587
795285
2042278
230600
1045682
281135
999193
845709
259158
6075261
478567
98670
190588
640765
1055613
5680749
104260
52665
997735
1099982
595137
248235
964164
133305
122395
43361
111948
742889
60937
741004
166745
523569
92899
156129
561236
763674
934060
171798
357274
410187
483728
86553
4484776
3537205
619446
486122
62294
245901
601828
260649
1488660
667755
1452665
91143
334054
1143082
811203
126189
834420
429520
146750
5443936
1647042
3868022
2263967
3504169
914306
1477418
177052
271855
