566803
39273
594922
18970
17412
44233
2622788
32081
24217
27309
1823022
61222
1498779
565613
24824
19777
18245
20098
29320
174541
19720
18867
19847
18020
17866
26071
843733
2294365
425840
72013
19786
40302
17890
18245
23769
278077
23213
21273
25770
652345
76218
690518
25989
19937
19089
26404
20348
20232
48174
1970136
27630
28517
951489
25770
26047
361330
23793
126439
25928
19459
18819
185625
20395
19670
19223
20587
339581
22463
20113
23598
19504
124135
33995
1341941
29443
18631
38499
1558748
121432
24942041
383100
29899
20799
25461
18770
18974
51104
19305
68296
19788
36666
1550895
30806
754370
29788
20582
18316
30293
1505259
38246
28771
22695
17924
19051
86007
18917
44117
2507424
2794084
36774
549532
29669
20482
18639
49444
614431
25304
30412
17254
52265
1946458
1434804
250542
24384
17196
30188
19543
21910
36811
1377970
340236
43022
2100043
31111
19111
32431
20764
89030
20230
49575
18163
18669
20269
157382
800345
449499
25100
35289
993084
330805
26076
19171
17919
16378
18528
20188
17886
18729
18019
43038
1397272
43210
495557
2583473
39007
18038
19384
16354
18535
16852
18160
57692
18831
86077
2739472
20866
1033477
19521
45858
152207
20086
18571
19815
18134
18422
18924
18955
24715
17733
732687
42686
26576
452536
18139
19125
18569
19133
18580
19567
26065
16050
3991719
54695
18061
40339
16844
28074
31648
16996
15798
19472
18836
18781
334730
18570
281653
18596
17030
20377
16277
30024
798078
19386
19091
153811
20727
16732
115169
19169
16643
15872
17963
16401
21628
233922
38320
5013724
633429
27961
24068
70621
4338942
3252729
32752
25605
1620062
40409
15478
17274
19064
18192
16335
20460
317776
482742
19044
95356
6653
107483
3257
2916
7335
446891
5581
4004
4699
302471
10329
253812
96751
4077
3371
3053
3320
4926
30220
3394
3602
3244
3592
3007
4157
137436
363612
70255
11589
3324
6629
2986
3044
3957
45017
3865
3576
4495
111804
12982
117586
4256
3374
3218
4456
3351
3392
8145
343383
4655
4700
161562
4337
4402
61645
3946
22008
4261
3353
3360
30263
3364
3326
3211
3474
59111
3851
3384
3970
3309
21029
5736
220138
4875
3155
6479
270369
20624
4035843
63830
5065
3555
4363
3201
3202
8726
3275
11331
3335
6023
252118
5112
121585
4972
3440
3042
4922
249680
6393
4760
3656
3018
3216
14921
3176
7434
405765
460601
6081
90894
4907
3458
3140
8223
104187
4257
5011
2949
8539
329531
234434
40976
3919
2843
4976
3281
3607
5988
234418
55787
6975
346412
5186
3182
5549
3531
16041
3427
13027
3096
3138
3389
26162
131769
75967
4195
5803
161955
55235
4394
3136
3038
2798
3119
3341
3050
3059
2989
7047
232561
7368
86125
428448
6538
2935
3434
2790
3135
2837
3071
9541
3199
14881
465281
3545
176586
3236
7786
26283
3400
3131
3392
2987
3152
3172
3103
3929
3063
121404
7229
4518
77595
3038
3135
3067
3326
3138
3303
4442
2755
670027
9347
3017
6895
2899
4615
5260
2931
2667
3257
3167
3145
55304
3236
46441
3253
2889
3444
2725
5077
137094
3275
3178
24794
3395
2826
19615
3107
2827
2702
3027
2818
3578
39468
6326
860083
105981
4755
3958
11888
710842
549206
5433
4319
272804
6717
2641
2925
3260
3046
2796
3472
56229
84412
3274
