3030101
7867907
22389104
1793113
20072774
15877140
39326095
6677658
912438
2370583
4553157
8088365
14647919
23694259
20424787
8338871
22505349
6057194
3602705
1700430
5049125
9192113
891450
4133037
68993744
6671565
2806378
15053603
34514630
2422589
1800784
8137018
3215440
25830312
10010186
12381257
3585887
5644934
5077381
5794145
16533656
7657669
4675545
3409921
11493191
27139994
45188133
11083688
6422826
9192077
2610700
4528220
20149156
1474460
24656480
3963403
27393424
12713885
17519997
14519129
3547971
28945117
1428460
1781061
4762265
2856760
10035671
2580565
26225217
2091365
7307907
12071252
6582963
17479717
15906934
15752364
19870326
3390141
763708
23607218
12173536
15722501
4228576
33664894
1214159
3668556
18296920
23575088
5629174
15619749
3050836
40988269
15465937
30732615
3812717
25969575
8266914
11325081
20012200
7933435
3202970
17534953
15125447
28624903
24115994
3819870
3105176
22866910
7883381
4330414
25038034
8937915
7073522
16583641
7781984
2861964
26635819
4643088
7531669
5640901
12649021
29811196
5257860
3035330
19695739
13833850
3277754
15514354
6961704
2407040
5852321
45115448
8431819
4232524
7006829
16676838
8679681
14016484
7838723
65890003
10674393
2550683
4081104
3164626
16372709
4745564
12433029
37985113
13315357
1163163
15885634
1803275
7685103
32812757
23512896
23050086
9478110
9312668
11536589
19770570
4227538
21731676
7181864
19567325
15579823
4208337
13019461
54821452
46738005
25587678
12014833
12342042
25488646
17028949
55789841
1811824
3173500
8235673
2387928
6264691
10488558
16159602
3111893
8168460
8027008
1442306
10465143
6150560
9235857
16600291
7800819
19065928
21387254
4527042
10173695
35063104
10113893
1712080
50522807
4780603
7880976
26384520
28740585
28378423
16337433
2096138
3746537
2804362
3072203
2520208
46640530
1123751
7923025
5368216
6056610
5353279
57959997
6127423
4599088
2142143
22223403
7092622
7733882
10082718
16610300
6381776
8786837
3835355
36079410
35391265
5530599
23696112
1367635
646837
4050282
5910242
13514589
8020430
7275535
4410864
23356405
17395483
13065912
2801739
5874423
5199317
2768064
29626789
11785416
24249366
9502399
34046581
8064240
20088340
32193628
11601335
684718
1745286
4816363
401847
4151989
3304429
7117207
1490771
200035
535419
998420
1739805
3186912
4908193
4142245
1844333
4579082
1345825
796848
387072
1182645
2287527
198317
1238782
9117120
1418931
615174
3050994
6529061
515907
403112
1770446
710323
5111811
2138271
2662982
799813
1274894
1165777
1330998
3609339
1706908
1020385
800917
2539554
5547997
8312427
2430915
1421288
2033802
595374
1005908
4360423
337197
5044147
891111
5606409
2735663
3693804
3199555
839192
5920174
321412
397191
1075086
651610
2315741
593746
5290951
476099
1620216
2728129
1479902
3746386
3407988
3536737
4164591
789267
176050
5114378
2664536
3363613
949726
6872387
280738
832888
4033131
4920166
1236620
3458248
683499
7626140
3228814
6163451
874329
5191344
1851092
2444245
4267623
1786659
731184
3649877
3317177
5901385
5132422
854997
718433
4787803
1811171
975988
5357065
1978019
1595613
3632642
1818602
650846
5759544
1036538
1753734
1257592
2878416
6022992
1189542
667251
4214530
3054369
747095
3313370
1510340
556568
1327761
8396922
1883499
963408
1594995
3654830
2027116
4319578
1769036
10365725
2476352
593392
934134
707211
3639522
1120009
2740868
7203687
2924170
268595
3625420
404516
1774864
6524523
5013495
4969249
2178669
2090403
2611439
4207153
965635
4729264
1636465
4194798
3407138
960571
3044252
9278670
8601941
5471359
2617689
2668943
5181249
3799660
9405718
425405
724666
1844868
555359
1429637
2316360
3515698
732936
1897936
1808889
330075
2261840
1332517
2115115
3625924
1786257
4117028
4664946
1029989
2222558
6709016
2321540
396879
8971605
1091917
1816642
5578919
5981637
5718160
3577802
490128
852851
642170
736148
577446
7999882
261798
1756105
1198570
1410483
1189874
10057374
1374567
1044633
479228
4705210
1585747
1700067
2177269
3459132
1408179
1957799
866381
6835494
6951703
1230883
4812833
311450
146668
906370
1297125
2934329
1747945
1618611
968199
4768249
3689251
2811926
635575
1309037
1147728
597490
5916430
2555887
5134925
2069704
6563014
1789945
4210052
6398387
2607809
