3039859
2799685
18247790
1753074
25227464
15443185
38943199
7715661
909667
2377842
4363424
10202624
17638650
21189576
20097285
8210017
21759288
5968048
3567278
1991408
4864324
8748662
872287
3900427
69018387
6447460
2795382
18910361
36152959
2386133
1739879
8119959
3239578
25799356
10468751
11255390
3603287
6673941
5042217
5581187
16699565
7683072
5804688
3410101
11122498
28044775
47104303
9245200
5696693
9237277
2563739
4623277
19595306
1485968
27215084
3971383
26654643
11865702
17451027
14457838
3473671
28823825
1399173
1420373
4601506
2818827
6575633
2199109
25825079
1997229
7610978
11477644
6523350
17165570
15497621
15584665
17794125
3375597
811488
23673609
13487279
15544421
4764508
33863448
1216978
3670849
19431639
27129017
5655929
15642731
3024055
41075616
13893768
29462284
3744428
21809045
8155449
10420696
17291803
7735194
3288593
17187364
12950158
28169145
22341484
3785247
3014463
23200688
8341178
4330641
22821592
9177411
7095926
16534556
7671847
3051486
27248573
4855195
7751570
5662896
12545417
32482123
5217778
2913642
20066210
13718612
3209592
16275061
7305202
2259704
5331151
45441961
8300267
4221313
7070452
15637788
8852550
13613305
7384112
64680373
10770499
2315045
4045144
3137261
16094940
4698308
12400645
37926719
10456160
1149659
14667084
1800273
7569714
31835438
23160187
22691923
10012771
9129744
12546175
19292952
4157221
26789628
7189898
18823192
15105585
4132901
12711700
54662742
46278275
21912369
11988679
12768302
26101090
16330392
61518599
1650371
4010290
8421425
2377346
5934935
10358345
16064486
3076148
8316690
7526124
1400510
10530636
5314620
11751177
16731609
7855274
19153041
21528366
2587076
10268497
33822489
10168547
1714060
52091055
4774587
7622464
23218298
28320463
28464106
15815892
3365307
3715038
2972738
2960844
2409771
55012623
1118014
7359615
5237696
5839058
5223232
57775736
5870987
4513472
2102110
22810334
6433707
7788079
8654126
17390876
6528944
8775167
3754587
31691048
35541876
5766034
22161564
1370306
645125
2958564
5870340
13085520
8167525
7139611
4397027
22624245
17515995
13004219
3593247
5856986
5178110
2667170
29746945
11850751
24661688
9486077
33816040
7882613
19964541
32143836
11325375
683601
623628
3977933
390952
5076617
3203213
7048062
1705808
198723
534569
953200
2167207
3783644
4418946
4063766
1805499
4426365
1320265
785874
451647
1133086
2171692
193144
1167968
9088702
1366831
610970
3749584
6745932
505685
388373
1759581
713125
5084088
2223153
2416889
800020
1502787
1151435
1276200
3625229
1703330
1252984
797787
2450330
5671876
8507645
2024477
1258387
2033133
582692
1021004
4231504
338223
5471478
887812
5453146
2556245
3664661
3171902
819626
5876623
313686
317479
1034438
639309
1521937
504719
5194227
452531
1676819
2587108
1458081
3668251
3310428
3491273
3755575
781843
186145
5103911
2924429
3317934
1065209
6870435
280199
829100
4240747
5543932
1238517
3444398
672535
7607554
2906809
5918504
854462
4422853
1818589
2242846
3725479
1735453
745728
3569878
2846080
5796751
4766382
843286
693732
4826862
1903631
971868
4900546
2018806
1596160
3605698
1785384
689452
5842836
1080285
1794364
1255792
2843279
6440126
1176126
638470
4268125
3016507
727828
3450568
1576308
521616
1205237
8404397
1847343
956301
1602272
3425953
2056819
4316633
1662661
10359854
2485214
535925
920945
697850
3567729
1103080
2719639
7174044
2307040
263573
3339961
402242
1740486
6330866
4926739
4881939
2282486
2042585
2814497
4095379
945596
5660649
1632490
4025114
3293292
939755
2961918
9236608
8514136
4739397
2602809
2744312
5273178
3639851
9635550
384130
902752
1877293
550108
1349176
2277674
3477818
721037
1922919
1694369
319418
2264733
1153520
2672729
3643834
1791097
4114280
4678898
592849
2231921
6491516
2325389
394808
9118675
1084915
1749414
4966209
5882321
5710909
3459119
777888
842433
676989
705790
548835
8934843
259845
1627526
1163632
1354590
1156784
10007774
1313283
1021462
467836
4808549
1432580
1704197
1869381
3595120
1434130
1948288
844470
6140257
6951506
1278052
4505676
311126
145490
658830
1283565
2841219
1773278
1582587
960600
4624010
3697207
2787787
804877
1298703
1139447
573824
5917194
2561509
5191098
2056163
6505385
1743823
4169987
6362738
2538270
