3077260
7467972
18121212
1820768
23749340
15959068
40845484
8350494
878097
2270085
4307675
11677801
15012812
23877360
19539665
8264979
21744409
5876482
3558308
1676453
4991020
8802603
860108
3793395
69823515
6412048
2809282
16850217
35787619
2233829
1739821
5995242
3154131
25573092
9342767
11088511
3471507
6995330
5049308
5814973
16603836
7188177
5905980
3415375
11082343
30202915
48831466
9912169
6257607
9162251
2626394
4608884
19289746
1461784
27854096
4044678
27336888
12519001
17466706
13920060
3572010
28861515
1381620
1643489
5532793
2710708
6664105
2225606
26654522
2008581
7607841
11215954
8256914
18215262
15332045
14874441
19567939
3394504
737457
23760537
11730949
15258972
4707631
34712132
1210230
3649400
18565023
23897246
5764853
15322183
3018302
41011801
14966049
30776879
3910559
27869813
8141370
4976146
11426289
7763192
2486585
17005941
10942651
28021708
22732754
3743501
3075084
23106387
7080145
4252497
24983703
8977192
7691348
16401261
7718044
3096616
27115909
4683740
7649957
5507228
12526468
30992117
5207860
2708830
20008051
13431116
3290475
17276349
7560392
2281241
5753901
44814823
8246094
4198616
7087520
17633337
7980640
14150704
7734927
65737499
10745067
2297463
3789442
3008208
15843799
4689691
12702836
38223797
10553972
1140637
14684337
1802663
7727370
31252231
23159375
23038571
9756288
7806506
12947290
19091204
4159802
25254514
6972083
19433377
15504000
4190093
10797479
55003162
45857318
21398446
11998462
12222126
25424878
17040144
60880861
1607678
4140193
8023346
2415405
6238046
10195923
14079548
3082547
8419164
7764644
1302736
10726240
5248976
4821372
17091756
8068312
19787199
21276375
2666632
9997259
34784645
9833518
1669783
49370925
4780687
7176107
24896150
28734011
29403350
16465560
3364166
3714358
2898336
3238830
2610999
55084338
1098246
7538222
5352407
6157671
5164787
58072656
5720555
5118482
2044513
20040300
6819695
7754536
10133278
16087341
6238021
8789924
3774414
33152496
36719867
6805955
23166848
1349029
662381
2893996
5919783
13482808
7931319
7121406
4398863
23789343
16864359
12974240
3623570
6041238
5158295
2719439
31259318
11772360
25144820
9508382
33967265
7961710
20142188
32031445
10759870
691622
1650069
3945127
405964
4803601
3296107
7287606
1839363
191486
508725
939507
2466371
3235556
4919231
3951804
1815439
4422475
1297776
782052
378887
1160551
2176633
190312
1143255
9059711
1358041
612210
3374713
6688048
472904
387265
1304630
694460
5039573
1989624
2377385
769431
1571404
1151604
1327047
3601758
1592285
1273487
796367
2438186
6041158
8688772
2164661
1376786
2013186
596129
1016825
4162170
331566
5566447
903036
5560420
2682557
3660401
3052304
840371
5867844
308965
364419
1239065
614023
1540161
509348
5327525
454184
1672539
2531469
1829850
3868285
3268981
3335013
4081192
784457
168467
5110876
2554376
3254955
1047995
6997384
277526
822833
4054397
4950186
1258881
3369518
670402
7581774
3114145
6139468
890016
5488095
1812277
1081605
2506920
1738193
565432
3529646
2416438
5757050
4837646
832846
705754
4801683
1616967
951889
5311601
1970920
1722414
3571681
1792435
698105
5806239
1039734
1767586
1220977
2835372
6196592
1170898
593019
4251031
2950493
745432
3640662
1627480
525468
1296200
8311949
1832884
948992
1602413
3828137
1855018
4392951
1734748
10321989
2473441
531211
861603
668956
3510719
1099224
2776579
7200777
2323574
260209
3338685
401788
1773189
6229955
4918449
4941204
2222538
1754076
2901994
4049877
944499
5367757
1581373
4141921
3373086
951315
2531539
9247654
8436561
4628364
2599614
2626663
5144711
3777797
9575152
373425
930562
1785820
557584
1413994
2239032
3068989
721397
1943281
1735966
296103
2299382
1137268
1117304
3708910
1834171
4231287
4616569
609938
2171515
6637200
2247592
384260
8842312
1084735
1645569
5272525
5945469
5858053
3591143
776347
841256
657366
769907
593724
8930829
255056
1664145
1183019
1424668
1141074
10009637
1279969
1153534
454563
4248659
1517614
1693248
2176385
3334742
1367362
1948234
846673
6348038
7116000
1495271
4687749
305682
149253
644957
1290052
2918630
1719135
1575373
959653
4823156
3564256
2776327
810852
1335744
1133290
584063
6147229
2539524
5272973
2058429
6515034
1758883
4196868
6340074
2412781
