3102146
9749984
18236773
1834360
21999398
15673061
41048166
8378042
949392
2456644
4702608
9320794
14252182
23720493
25610050
14015240
22572859
5813676
3175819
1818930
5755621
8568021
941107
3577563
70031621
6509997
2795394
13994055
36494656
2337427
1825151
7972896
3182097
26282444
10604549
11728478
3468501
6780010
5088135
5790543
16560474
7237343
5914455
3427497
11060439
28434416
50956292
10047627
7087275
8535974
2653263
4675301
19790301
1963853
30471341
3980341
27419400
12729481
17283832
13186143
2434208
25110366
1406654
1629103
4756175
2793940
6830767
2187791
24036679
1860665
7640408
11894658
8915682
18189581
17732426
14526201
17919117
3303473
781489
23814966
12652623
15041390
3768067
35913244
1261841
3661494
19133665
15756180
6248080
15584035
2869887
41180208
15455429
27352388
3867656
24725784
8095681
4892532
11580001
7786547
1588672
17038360
15595834
27307739
23884179
3673255
3121973
23342553
8525923
4365634
24123593
9455503
7547547
16334650
7620307
3129742
26429789
4181001
8176964
5463142
12540264
31100507
5198908
2712137
20502094
13944070
3949263
15364112
7499106
2346984
4742680
44742282
7814434
4209146
8111562
16120325
8295730
14007354
7531276
65395525
10643155
2710332
4105122
3166009
15955600
4602710
12191150
37705897
10877940
1100167
16384410
1747879
8012558
31742191
22464003
22460767
9808328
7712994
11680266
18761332
4176258
24967389
3272630
18601861
15732688
4840217
9421384
54811005
45632883
20600593
12005300
10055549
28258556
15587174
60996392
1583445
3458107
8257626
2366324
6423549
10158483
15147002
2776861
8474764
7821353
1361611
9698531
6164742
12817393
16704531
6653519
19026718
20087125
2598430
10345470
34944661
10138010
1557464
49596478
4739274
7829459
23819007
28510365
30254459
15533426
3342231
3703779
2805581
2955906
2632708
53362832
1098363
7724321
5843541
5691227
2796084
58831940
5535732
5130808
2899989
21696333
6457471
8038019
8426159
15784165
6596627
8800495
3694996
35080627
36655293
6759686
23919631
1361403
648294
3789493
5745006
13149928
7884743
6859413
4411193
23547400
17256641
11026952
3249791
5908750
5156717
2976612
34558020
11999262
23650261
9355631
34674242
8167385
20259442
31871524
10833845
698089
2145287
3967884
408825
4476301
3243545
7313734
1845955
207181
551457
1027124
1983412
3084098
4895779
5023770
3011226
4569112
1283827
700442
411574
1339394
2127500
207833
1109719
9059808
1377336
611319
2832642
6791014
494520
405985
1726554
700464
5158150
2243022
2512966
768498
1525337
1160299
1321332
3595937
1605029
1276885
801520
2431398
5729207
8902112
2192135
1556852
1885466
602163
1033217
4264249
443599
6009156
889586
5579492
2727977
3628498
2895607
576052
5195057
314372
361072
1066934
633287
1576394
501808
4876337
421171
1680320
2676203
1973463
3860701
3753260
3261900
3773742
764582
179038
5114825
2758959
3211948
847760
7205748
289453
825765
4173807
3377132
1363964
3429880
638555
7606701
3221622
5550062
880845
4944111
1804938
1065631
2537301
1744258
363610
3537859
3389400
5642370
5058779
817717
716176
4849664
1942877
977582
5152222
2073077
1693106
3556450
1771037
705164
5689998
934412
1891993
1214545
2840415
6200668
1169132
593567
4346860
3059399
891769
3265647
1614858
540211
1073114
8311661
1742635
951807
1831004
3517028
1927361
4394267
1691733
10335018
2451152
625959
930939
705176
3533525
1079283
2675323
7139679
2397889
251505
3705876
390108
1837639
6314974
4786979
4835239
2235417
1733068
2635324
3992380
949403
5316189
757848
3982761
3420338
1099642
2215359
9234841
8418254
4471497
2603824
2177766
5631824
3484262
9611776
368255
780789
1837889
548024
1456708
2234100
3291579
650597
1955820
1746429
310431
2087500
1327001
2899666
3629554
1522496
4084707
4385765
595105
2243879
6662769
2316694
359323
8880899
1077328
1795464
5074393
5910875
6002626
3403694
771921
838765
638470
703863
598589
8804464
254649
1706599
1291574
1318505
626639
10067655
1240763
1156818
647510
4565653
1434885
1753220
1824674
3280734
1444339
1952009
830666
6659112
7103859
1483752
4826039
307984
146326
843255
1256821
2853765
1711265
1519746
963251
4786536
3639684
2380118
725987
1307258
1133319
639259
6674752
2588791
4999892
2026911
6623759
1802697
4225376
6315009
2430826
