3055279
9635285
18094714
1744231
21105264
15758439
42460075
8256552
885888
2447234
4754318
8788947
13854239
23455326
20292943
14142005
22146495
5947672
3130212
1706029
5405659
8548963
867938
3584373
69741457
6407448
2793619
15769166
36707048
2286413
1907567
4453242
3242747
26073128
10505229
12598006
3417883
5364210
4989856
5722900
16556001
7711561
5847060
3356081
10976331
28241195
47429135
8968012
6611424
8775549
2562135
4680141
19875440
1893628
27369531
3972709
31863472
11867026
17375406
13117284
2358642
25290564
1436208
1696285
4899469
2669492
6842919
2245192
23971709
1880416
7585650
11633750
8730459
18190500
18026432
14839001
18928296
3329280
839314
23721339
14296640
15493457
4572517
41901660
1261127
3617334
19373731
15479906
5721167
15525121
2765851
41039517
14330023
28225900
3715587
26985453
8028460
5477557
11307042
7547717
1486943
17244625
15937007
27185219
14446528
3750005
3080584
23690782
8525482
4371835
24603944
9337813
7788227
16345720
7685878
3081253
26542091
4113023
7536910
5512457
12479590
30811193
5172320
2844165
19386981
14065489
2947973
16169784
7348684
2246913
5167486
45600359
7905521
4246532
7082123
16627417
8442694
13859382
7504921
64480888
10712502
2643102
4340898
3161902
16072681
4560899
13208243
37606945
11019669
1105315
16871429
1802075
7741714
31143657
22475672
23032274
9788507
7840724
11769180
18780419
4157089
24806876
3315108
18228371
15416704
4794346
11697967
53387336
45801882
20755050
11975925
11350751
27003950
18330481
60892642
1840416
4135745
8092982
2249428
6315878
10355658
15178386
2773727
8341884
7504251
1398690
9793333
5638032
12850523
16631489
6926690
18120332
20414575
2572653
9755226
35199074
9833358
1605211
51601150
4744107
8090395
24686130
28125784
29866088
16058161
3246319
3727102
2937210
2915968
2558133
53627341
1086996
7963483
5956237
6107245
2792831
59400988
5512364
5432701
2900296
21766036
6404220
8078321
10162924
16672282
6434477
8597583
3659570
29474370
35831733
6586302
22709497
1340292
646567
3767959
5912236
12986517
7915834
6688699
4382386
23899378
17191775
9842043
3283545
5926969
5158815
2963994
31036761
11057002
25275093
9720762
35646978
8214844
20394766
31745987
9952919
686296
2116864
3932415
388276
4314949
3254861
7480518
1817529
192675
548583
1037246
1870145
2991197
4840245
4083808
3030733
4486553
1312513
690074
385792
1255403
2119381
191792
1107458
9058019
1353780
608161
3171143
6806643
484032
423259
971726
711843
5109492
2217779
2691425
756708
1204421
1136374
1304889
3592035
1705044
1260466
782111
2408455
5681466
8525386
1959786
1450936
1931342
581007
1030372
4276547
426811
5483766
885702
6328384
2550445
3641947
2880517
556899
5223477
320522
376124
1097926
604505
1577191
513376
4857088
424734
1665156
2613714
1929063
3860254
3806808
3322901
3958194
768551
191621
5098702
3083377
3300949
1018408
7996798
289008
814863
4214988
3316211
1251217
3409782
613643
7573809
2989992
5690809
844590
5329414
1787737
1188867
2477577
1688310
339640
3570786
3455407
5608449
3175689
833333
706659
4906901
1938378
977249
5234199
2045623
1740396
3556246
1783615
693135
5704252
915859
1739762
1222463
2822958
6151677
1161262
621482
4122186
3080066
667503
3424642
1580583
516594
1166476
8403069
1759245
958178
1601109
3617782
1957248
4336014
1683610
10319632
2460932
609610
982503
702523
3551687
1067551
2876532
7116163
2423515
252523
3799186
401731
1774367
6207810
4781244
4936388
2226718
1759494
2644984
3988552
942640
5279858
766237
3895538
3348310
1087280
2726733
9121180
8430976
4496106
2593585
2443659
5414033
4046139
9596185
429110
927996
1799942
520164
1429342
2272635
3291045
648817
1924513
1678047
317730
2107468
1215924
2903632
3611068
1582765
3899830
4444931
588448
2117761
6682169
2246551
369084
9054711
1076291
1854000
5227288
5837434
5933766
3503374
748832
843347
665644
692740
580948
8820923
251899
1755624
1314957
1410911
623356
10082373
1233757
1221866
646660
4573521
1421000
1760103
2181746
3447847
1408664
1904681
821805
5770756
6974979
1445122
4602708
303404
145354
836880
1291154
2813434
1716295
1480535
955800
4840540
3623667
2136093
731858
1311535
1130118
635181
6117691
2390500
5294704
2100686
6750991
1812329
4246804
6285288
2237676
