3035201
9863329
17830695
1690955
19476851
14862059
42554067
8108877
874569
2589783
4636677
9230945
13848980
24013813
14198966
13955559
22376725
5068868
3171673
1400236
4991708
8574323
896914
3341713
70494554
6340930
2719941
14672093
36493801
2197448
1904131
4250240
3239799
26270738
9173359
12244144
3357061
5704825
5030366
5582268
16540482
7295662
6080019
3325365
10948469
28497966
47530725
8972199
7363415
8339080
2549117
3552537
19206073
2169023
30247355
3978782
26017026
11156468
17496157
12949651
2338472
25406747
1376817
2213774
4525093
3395146
6830544
2381247
23773314
1866087
7592767
12019186
8987619
17819147
15374174
9409515
18662645
3361785
832970
23874431
13701105
14502719
3761515
32368209
1200185
3638840
18984561
16944966
6127262
15583838
2854474
41110858
12664908
29821830
3754720
29880356
7357962
4902081
11485886
7909725
1527009
17408119
14693130
27290958
14225201
3670521
3051085
23539430
6818211
4254614
23857430
9634246
7651724
16164206
8011309
3038444
26524273
4183328
7962276
5444674
12596675
32932848
2324569
2845194
18985341
14007462
2086454
17042207
7571337
2258133
5275648
45621087
7689370
4264528
7850780
16139939
8724559
14016846
7502275
65256119
10870101
2687908
4329602
3092423
21439383
4514824
12131547
37814254
11379161
1085217
15072162
2110352
7932469
31207575
22542766
22499281
9756743
7841066
12338801
18705855
4134014
20481601
3226761
19007891
14932488
4619687
12049971
52157391
45066805
20752464
12021425
10627721
27706129
16087843
61383392
1607766
4017305
9013473
2410676
6120074
11814275
15098930
2748039
8311558
7782507
1380122
9811171
6172140
12551646
16369791
6826204
19091508
21840714
2599535
10285714
32697532
9991621
1647022
48982586
4736866
7922846
24046120
28004535
29859283
13785116
3364347
3764454
2971168
3094425
2461165
54473432
1098874
7931233
6148450
6191646
2684761
59057383
5858137
5114692
2084941
21327358
6504695
5768833
11049151
16335490
6318211
8216004
3600914
28554924
37924511
6548215
22815068
1343795
638494
2618560
5057182
12950613
7946450
7415471
4376029
14228705
14813929
8395881
3550183
5977532
5111241
2942768
30957789
11418066
29828236
9635843
34345485
8059444
20259764
31733961
9924014
679612
2160330
3870346
375213
3997006
3072757
7466959
1782338
189708
579285
1008678
1955802
2984602
4925645
2923577
2983765
4519082
1117472
696795
314120
1156372
2111591
197505
1040656
8999297
1336660
589862
2951489
6757213
462400
420997
925184
709630
5138150
1943543
2613508
740219
1276696
1142189
1268773
3576781
1609530
1306026
773779
2396253
5707785
8505975
1954177
1606744
1836432
575790
785187
4131227
485030
5949003
884337
5307965
2397826
3649906
2834481
551387
5226486
306550
490462
1011427
763766
1571618
541948
4802790
419991
1664028
2688970
1978193
3773966
3264968
2131119
3898782
774081
190115
5104251
2948661
3090463
840728
6583740
274492
816905
4123565
3593648
1332186
3412119
632112
7562566
2655877
5949626
851021
5803306
1635806
1062974
2507068
1763644
348122
3594257
3190199
5612397
3120790
813425
697148
4863689
1548771
949979
5082505
2101990
1704390
3508772
1849854
681217
5687319
930607
1834019
1204403
2838011
6480514
518449
620186
4034138
3058960
473151
3586136
1621492
518096
1187318
8382036
1707407
960367
1761790
3508722
2014125
4392450
1677854
10319445
2488950
617662
977300
684990
4622086
1054547
2646510
7129070
2491865
246900
3408794
470153
1812305
6211476
4780359
4816471
2213261
1754626
2755714
3960856
935997
4441043
743403
4048175
3241090
1046170
2800231
8998368
8324408
4483317
2596611
2289174
5517029
3567411
9594815
372327
900613
1989270
554901
1384613
2570603
3266706
640504
1911909
1734172
312690
2105412
1324146
2829409
3549069
1554419
4078123
4716533
592223
2223858
6292420
2276408
377756
8808527
1071285
1809789
5097605
5798041
5921532
3033002
773873
848464
671725
733242
557421
8860005
254148
1743408
1355324
1427011
598451
10040114
1306411
1148314
462968
4469783
1439793
1270527
2355789
3377597
1380938
1816631
805388
5611232
7266520
1433464
4610153
302965
143462
584789
1099576
2801144
1716917
1633118
951544
2997454
3147763
1832051
789541
1320253
1118356
628827
6090647
2455917
6098359
2077731
6542485
1772418
4204733
6269124
2226181
