3031943
9695223
17985070
1700198
20156602
15471058
41062682
8056309
870012
2464075
4590779
8491447
13257935
24014377
12302585
13997656
22557797
5015285
3122747
1405310
5283892
8911564
883252
3399027
69684984
6442408
2732293
15013163
37427731
2242174
1903019
4250468
3157121
25814556
9604935
7541831
3398530
5504736
5014003
5789652
16516914
7411257
5887732
3329974
10929814
27344938
49416400
8989042
7474932
8292631
2573735
3554891
19120937
1932968
28630261
3966337
27715564
13048660
17442402
12940374
2400214
25072577
1352151
2215385
4313944
3293960
6794409
2363609
22506484
1868637
7589388
11875293
7653778
17924955
17417231
9310533
17827580
3363215
826211
23822401
15119254
13802316
3695257
33302639
1200909
3665964
19359911
14372706
6172704
15305970
2759248
41155409
13164592
32342126
3882959
29855741
7436725
4851892
10652957
7853952
1581304
17298751
11284965
27803093
15410479
3681815
1589260
23115132
6882935
4261887
24835161
9500510
7694283
16188480
7488038
3006971
26327630
4134588
8118601
5446317
12415269
28010151
2344298
2889800
17718446
13508205
2001491
16727562
7110841
2299020
5107394
45170385
7735948
3970947
7693878
17330933
8095103
14378831
7630243
65370957
10544539
2681680
4300644
3102580
15878712
4584270
12305592
37805650
11119567
1048967
15035728
2067111
8003131
30508649
26337593
22811771
10377422
7792424
12922824
18794383
4158299
22115978
3184820
18088232
14772147
5004156
11567075
51995011
41503543
20323673
11929898
9117320
26156471
17100655
61440787
1648947
4073280
9061793
2402382
6099584
11420713
13861454
2787154
8295431
7262287
1374342
9586750
5193737
11001359
15733495
6886722
18178378
20037426
2524275
9672600
34582727
9974788
1619416
46631742
4753595
7102130
24138641
27361454
29397074
14211180
2069417
3704458
2983715
3149289
2652829
55017482
1080519
7797409
5885555
6360429
2727579
58642433
5490944
5085923
2078767
22038878
6484207
5420677
7411038
16373447
6636812
8715900
3612116
30369041
36895950
6331984
22509034
1326668
644218
2524232
5025515
12837757
7909832
7421919
4320164
13521185
14361302
8359798
3023548
5773855
5110682
2864262
27561310
12532996
30847534
9521736
34238425
8058104
19241979
31808027
10283912
678238
2120402
3898246
377538
4119582
3187212
7283692
1769852
188796
549646
997670
1804196
2857448
4920871
2547070
2986476
4545396
1105196
686097
314879
1221798
2186477
194396
1068359
9031826
1355066
592033
3011199
6885024
471785
420422
924310
690710
5060101
2031468
1627223
748537
1230693
1137520
1313803
3568304
1631739
1263920
774018
2388708
5511469
8712369
1955708
1628664
1822807
580131
784512
4107994
433853
5677378
880861
5604645
2775536
3636214
2828676
564469
5162174
301215
490669
963407
741941
1561332
537981
4566283
419308
1660047
2656974
1690889
3790376
3669488
2105609
3731116
773236
188235
5090279
3238387
2942952
826505
6731356
274410
821492
4194346
3070851
1340542
3347499
610903
7569185
2752322
6355820
878207
5787739
1650782
1049786
2326993
1748719
360264
3568014
2475407
5698495
3364531
813574
365059
4777130
1560601
949444
5255661
2072599
1711380
3506435
1727674
675126
5643873
917216
1865663
1202192
2795176
5643834
521303
628614
3784364
2950093
453446
3514015
1524364
525828
1149289
8311893
1714936
893514
1726431
3744073
1869905
4297582
1703487
10269680
2412706
615265
969104
685291
3495695
1068464
2682658
7109247
2434570
238514
3393055
459809
1823827
6085474
5482082
4865303
2346838
1741394
2884172
3973180
939411
4749393
733225
3851222
3204585
1130079
2686242
8976998
7854790
4393252
2573132
1965768
5242353
3770050
9592805
381638
909929
1996116
551568
1375728
2483316
3009372
648594
1905897
1617086
310943
2051448
1120597
2481371
3414088
1566194
3892730
4345501
574514
2093706
6565020
2270118
370690
8535118
1073502
1622957
5104247
5670436
5833746
3116628
478131
833835
674155
744309
599940
8891955
249259
1711770
1295269
1462911
605841
10000968
1223556
1141117
460206
4594139
1431141
1190747
1601285
3379176
1446797
1921075
807562
5895059
7098042
1384650
4547355
298628
144155
563456
1091350
2771224
1707464
1632048
937433
2855623
3052565
1821065
671491
1272850
1117167
611494
5512622
2679040
6271200
2051134
6519396
1769601
4004910
6273140
2300987
