3003941
10299141
18270326
1793341
23357115
15183610
40572671
8039313
874212
2467859
4601024
8443532
14217342
24095630
13930560
14051740
22508496
4908382
3129753
1756062
5484263
8607964
859306
3389132
62560764
6232883
2713893
14615988
36822829
2239290
1881211
4309562
3163066
26367456
10255955
8339562
3371137
5543047
5006128
5799511
16543752
7505361
5908415
3265849
10950231
28426604
48265859
10060399
7976327
8274895
2591938
3513746
19260023
2053572
31330678
3974293
26261521
12611496
17516088
13133455
2422119
29374339
1362247
1700831
4378898
3131655
6792018
2106362
24021385
1884137
7586230
12039666
7497305
18210325
17528087
8935331
18017699
3328681
843861
23840922
15250079
14374234
3365863
33089204
1193566
3661178
19062815
16847662
5852975
15418216
2834121
40996192
14240689
29837456
3809875
28750601
7456273
4617259
11494910
7478078
1542064
17413758
14925477
27718189
13930062
3607627
1565513
22773926
6744771
4334581
23950763
9306060
7547652
16329394
7398711
2981139
26799695
4293359
7968408
5355032
12530055
28338112
2353526
2763774
18618375
13536365
2046414
15904166
7590776
2252117
5153710
45351848
7804080
4020558
7766416
16220946
8043161
14304428
7759532
65387153
10792314
2631463
4366241
3189005
15990915
4700367
12415630
37580604
11331656
1104757
16412086
2062922
8079313
32214951
22560909
22461537
10161189
7971205
11893184
18802443
4166359
24229235
3289446
17664215
15023483
4709786
10201692
51580513
42124006
20503379
11937435
9372275
27159351
17039993
61247929
1539169
4075240
9246314
2324217
6669200
11410748
14884410
2894880
8408416
7442889
1389134
9219229
5179208
12544900
15703582
6534380
18225535
22010273
2508751
9620981
35302062
10002326
1643776
49039484
4733333
7534843
23205640
27491287
29822511
14372579
3315157
3747661
3015715
2978769
2553393
54085152
1074825
7579548
5955107
5980237
2653997
58941067
5522183
5058468
2193070
20062636
6501321
5372809
8273817
16826803
6233565
8155312
3566739
26985502
35903697
6478690
22776518
1324778
633790
2576912
5024809
13831363
7860622
7157027
4400163
13685632
14613127
10989624
3077433
5871336
5132347
2877842
30424446
11756234
29738330
9427282
33262310
8085880
19835963
31957009
9543120
672248
2248732
3956702
398072
4706948
3133838
7225381
1763734
189834
550670
999710
1794683
3058328
4934763
2864858
3001004
4537217
1083548
686769
395035
1268848
2119677
189178
1054098
9091649
1311126
588761
2938271
6797998
471502
414959
937308
691858
5155301
2160656
1795786
743293
1239367
1135501
1317937
3573798
1652828
1268256
759357
2393324
5701035
8584059
2185309
1737103
1819722
584609
776297
4134953
460983
6117286
883668
5348988
2688861
3650429
2867106
569777
5940190
303094
375044
977579
704866
1561170
480153
4848882
423505
1660966
2691803
1655823
3848314
3692253
2023464
3769858
765094
192149
5093086
3259390
3056853
752222
6700274
272632
820588
4138304
3567455
1273006
3372117
627175
7543301
2961676
5942994
862749
5603891
1656567
1000594
2508508
1665795
350599
3590288
3234527
5681470
3055147
798022
359774
4712788
1531393
963380
5091563
2032422
1681895
3539553
1709562
668226
5729322
952642
1832956
1183873
2820908
5696063
524056
601166
3958039
2959144
463219
3354856
1624356
516160
1159494
8337083
1729085
905021
1742285
3520738
1859024
4372662
1732388
10266077
2468056
603838
983807
705438
3519698
1095145
2703580
7088475
2478487
250945
3686499
460229
1840318
6361773
4776726
4803235
2300032
1781388
2664614
3977529
941339
5153087
756486
3772597
3254754
1065520
2377630
8941914
7940993
4431543
2574424
2025541
5416759
3757604
9575820
357024
910374
2038207
534737
1503949
2482381
3216074
672820
1930689
1660095
314297
1978469
1117407
2825028
3408126
1485861
3900778
4743175
571156
2082559
6683730
2276350
376920
8786345
1069739
1720987
4928864
5697186
5908059
3150390
761051
843272
679539
704769
577336
8826962
248107
1665490
1310760
1376113
590296
10015246
1230786
1135358
485422
4228976
1436723
1180966
1783104
3464815
1359438
1800498
796640
5328743
6955161
1417415
4597146
297979
141788
575008
1091302
2973835
1698369
1575263
955050
2888659
3103674
2360616
683621
1294054
1121638
614423
5998448
2523648
6078949
2030297
6374784
1776001
4124179
6298401
2142345
