3055651
10301670
18773971
1727586
20244286
15466555
41764455
8063395
869535
2290054
4697637
10392651
14343386
24022178
12447328
13811129
23889838
4886352
3041057
1594598
5360698
8827122
895293
3277470
66246672
8711060
2985338
13912133
35484876
2268129
1899393
4713413
3237562
26059707
10060438
7951874
3337231
2667727
5001569
5679433
16828572
8589843
5833489
3351924
10958449
30404342
43249744
9692508
7134297
8612024
2615999
3510896
19210697
1755554
27651695
4050605
30809600
11438948
17489081
15329814
2485821
29082191
1432838
1407950
4471981
3137780
6831077
2403669
22668032
2097581
7580155
11682190
7652411
17957755
17743294
9458986
17339099
3316173
825548
23917289
13483551
14779374
4116499
33791531
1207179
3698130
18275041
16899335
14646795
15689369
2765049
41043733
14114415
26932445
3804343
30138323
7495184
4804699
11411074
7490163
1781377
17109935
16365901
28528160
17296343
3676296
1588109
23764781
6906046
4310608
22228963
9722801
7558660
15110515
7529842
2853503
26846278
4202084
7911553
5282451
12420351
32243743
2145539
2971189
18095431
13786196
2078707
15444526
7742283
2204859
5148404
45155266
7678318
3881417
7756904
17186499
8108784
13775104
7464148
64430455
10931611
2690150
4360291
3088315
15864371
4107170
12286868
38053187
10950567
1058208
15028041
2249435
7626123
31471440
22564852
22501647
10435649
7640786
11511227
19414924
4097720
21545235
3358521
19013800
16087894
4649828
10531902
50630485
44951763
20363238
11955648
9228660
27384311
15941831
61987567
1639997
4102517
9237189
2377802
6407429
11410822
15384315
2815241
8413696
7794601
1282729
9325880
5191432
12452794
15673926
6649514
19024432
21017984
2615696
10038315
34374861
9331261
1606400
48863724
4712746
8195785
24266635
25788879
28702955
13272114
3239232
3715301
2893460
2942190
2748556
50998470
1079166
7472381
5915988
5908718
3879127
59605808
5604196
4994388
2028989
17919355
6366439
5462645
10111585
14161507
6447083
8713714
3604735
24049367
34105651
6556901
23309969
1281081
640233
2585395
5981953
14964826
7881186
7272736
4402084
13197875
14676865
9801556
3188927
5822632
5109382
3045012
30318925
12161663
24164808
9639520
27998567
8028089
19890751
31066274
9690878
682793
2246370
4053654
382565
4131771
3185589
7365251
1768355
188161
510780
1020234
2189870
3082925
4917058
2572180
2946574
4768696
1075994
666996
357811
1238968
2159664
197242
1023694
9063166
1819071
645317
2797205
6593819
478018
419053
1023550
707216
5091607
2117051
1713379
734212
594236
1133926
1287518
3628343
1882227
1252021
777515
2391801
6039081
7974839
2103437
1555926
1890459
589256
774074
4123232
394542
5507338
898423
6125373
2450839
3642893
3319690
584086
5895214
317815
312705
997202
705385
1568151
545838
4591370
470044
1657559
2611140
1688714
3790706
3732737
2137518
3640513
761652
187949
5101840
2898433
3136519
915452
6812001
275244
827951
3978048
3578497
3112457
3425045
611139
7539261
2931907
5439414
860764
5829132
1660707
1037867
2484133
1666615
404725
3526344
3518629
5818529
3749603
811774
364606
4890726
1564945
957916
4763151
2113356
1675757
3288321
1736975
638170
5730406
933288
1813529
1166180
2789569
6343101
477604
645836
3848245
3004839
469854
3260926
1652983
504262
1155343
8305083
1700343
872198
1739833
3710778
1869827
4289240
1666469
10293522
2495045
616495
981025
682619
3487836
955234
2670357
7142962
2395606
240146
3386744
501145
1737289
6229779
4772868
4800245
2357218
1706532
2574978
4088382
924199
4630228
772114
4035450
3463066
1049432
2447816
8843983
8293923
4390359
2573453
1993411
5451209
3528426
9583627
378987
914507
2030470
545977
1442213
2478323
3314551
654248
1930047
1732816
289928
1997550
1116827
2799670
3397510
1509551
4052694
4539256
593726
2162940
6536914
2124305
367055
8742070
1062891
1866483
5122569
5376909
5709322
2914945
742599
834760
652931
694634
620359
8591183
248125
1638824
1299962
1357443
857792
10035308
1247198
1119176
448694
3785894
1404459
1198936
2156988
2930548
1403174
1916802
803765
4814974
6675442
1431513
4687173
287786
143366
575994
1292217
3187631
1699337
1597519
952725
2785929
3111187
2114654
707069
1281961
1115211
647962
5963514
2601217
5061868
2070933
5449788
1759701
4124331
6141270
2170804
