3016095
10308458
17932368
1646091
15073519
15318652
40208285
7921310
855630
2345435
4410521
10278034
14300533
23990338
14052371
13836828
24477387
4616147
3069983
1744297
5545400
8675127
903008
3220516
69048153
7239742
2741880
14507306
36370827
2242302
1877433
4715274
0
2
0
0
0
0
0
0
0
0
0
0
0
0
0
0
0
0
0
0
0
0
0
0
0
0
0
0
0
0
0
0
4469428
3118635
6814860
2411269
24156863
2040432
7605856
11575441
8941379
18742240
17527568
9655326
18789504
3371548
835573
23919571
15090720
14726817
3861903
33641145
1195543
3629889
19028940
14016644
14804927
14414650
2849974
41236719
15389095
31671221
3918891
30015047
0
0
0
0
0
0
0
0
0
0
0
0
0
0
0
0
0
0
0
0
0
0
0
0
0
0
0
0
0
0
0
0
7717809
2236098
5090139
45054702
7648652
3815426
7815060
17593439
8362601
13396461
7430364
64188412
10868998
2648419
4082286
3044985
16210730
3900534
12260183
37687269
13162518
1122414
19735276
2225934
7764126
29675250
22561830
22629749
9905314
5537488
11237794
19108941
0
0
0
0
0
0
0
0
0
0
0
0
0
0
0
0
0
0
0
0
0
0
0
0
0
0
0
0
0
0
0
0
20819156
2639548
9673802
34426581
10173204
1589743
50363230
4698050
7170636
24839794
23766461
29387886
13567887
2536397
3755226
2382766
2955633
2695817
51951425
1077562
7580547
5962976
5688615
2711662
58608084
5553828
4890474
2084979
17305242
6380742
5085326
7647359
0
0
0
0
0
0
0
0
0
0
0
0
0
0
0
0
0
0
0
0
0
0
0
0
0
0
0
0
0
0
0
0
672658
2241226
3876446
364519
3140862
3148768
7159992
1734805
184929
521908
956126
2161306
3067546
4904855
2881860
2946400
4866281
1014459
671514
390793
1279313
2111180
198139
980666
9036081
1514513
592999
2906379
6713601
471851
413811
1022017
692369
4998396
1922240
1740894
718590
587434
1126077
1263903
3544347
1877099
1010022
769396
2566600
5743678
7821411
2245384
1547075
1815804
592905
788872
4202025
372206
5319152
874672
5506685
2752096
3636901
2750938
589337
5873296
315607
360435
996297
699531
1560789
547297
4854348
456052
1658871
2584670
1961645
3940820
3681218
2176118
3908500
772590
189181
5091027
3220773
3119164
857871
6772088
272180
812018
4116086
2988913
3139211
3163127
627256
7548165
3175549
6229954
884386
5796243
1644739
1163082
2475753
1658499
379935
3527227
3283283
5488641
3107519
820774
363302
4718196
1863584
982461
4380990
2104993
1674794
3289362
1739132
679380
5742143
953984
1700300
1171316
2799132
6236915
487958
583129
3672074
2961119
466763
3262800
1644504
511007
1140828
8276921
1690335
856496
1746556
3784366
1924443
4167528
1654889
10291769
2476714
605969
918126
671192
3554247
905929
2662650
7071844
2861490
253689
4364598
495249
1764410
5917947
4762289
4818986
2239882
1236458
2517868
4017885
927826
5572198
752864
3448910
3609644
1014025
2407081
8700646
7930897
4386388
2579933
1940564
5422056
3664240
9553282
426286
889777
2008232
549032
1095657
2502062
3194777
641217
1892495
1605968
311148
2018125
1110858
2772523
3189651
1536457
4080190
4492735
597854
2083882
6521292
2302484
361869
8891251
1056935
1632598
5216440
5009015
5815019
2969948
582616
842033
535249
697178
607111
8659188
247662
1658384
1309033
1304589
600968
9962856
1233221
1093726
460389
3680762
1403902
1111685
1644879
3499188
1391333
1911210
807329
4125985
7048785
1452990
4221382
292317
142247
562350
1261254
2499074
1686977
1536079
942865
2882808
3153315
2101790
672532
1250449
1110997
613944
5904267
2449972
6071348
1851804
5577582
1772967
3896017
6339918
2384203
