2923238
9719835
18350089
1761149
21286577
14883663
43047860
8172964
848332
2282903
5331917
8817076
14271790
24086735
22290292
13831538
23747359
4943174
3109588
1257144
5132989
8648979
859578
3392188
64250822
6213747
2658351
14281965
36572392
2235784
1917076
4707930
0
0
0
0
0
0
0
0
0
0
0
0
0
0
0
0
0
0
0
0
0
0
0
0
0
0
0
0
0
0
0
0
4408653
3087332
6678352
2105882
22453027
2051300
7577138
11502176
7031108
17691577
15758319
9893655
18427245
3451115
843279
23830763
15136786
14221157
4554502
51945245
1352478
3614942
16132065
17044353
14966160
14493403
2813167
41082312
15740713
29252671
3790469
27208674
0
0
0
0
0
0
0
0
0
0
0
0
0
0
0
0
0
0
0
0
0
0
0
0
0
0
0
0
0
0
0
0
7651460
2139466
5436098
45265201
7733769
3791940
8003367
18709858
9041881
14099306
9264662
63822291
11056980
2605883
4266361
3031618
15687066
3941820
12335334
37396696
13063558
1071183
12328732
2465616
7925147
26136237
21235999
22557398
10476658
5805276
11071933
15423390
0
0
0
0
0
0
0
0
0
0
0
0
0
0
0
0
0
0
0
0
0
0
0
0
0
0
0
0
0
0
0
0
19969428
2570151
9493946
34827365
9972555
1652507
47264733
4700410
7218632
23897947
23534319
40207007
14159455
3149380
3800560
2449469
2936759
2446424
51293727
1069705
4755376
6072792
6184461
2649141
58433332
5564047
4858573
2083960
17897618
6074082
5253328
10497441
0
0
0
0
0
0
0
0
0
0
0
0
0
0
0
0
0
0
0
0
0
0
0
0
0
0
0
0
0
0
0
0
651134
2117583
3955581
388559
4317974
3062573
7503114
1785918
183205
506917
1155225
1862236
3055118
4919120
4379262
2945020
4733484
1085669
679534
280291
1183070
2101641
188558
1008503
9086184
1303610
574372
2860299
6733827
469029
421767
1019092
691636
5027104
2207596
1716626
727291
596163
1131149
1320318
3561665
1881788
1280298
770997
2582249
5301160
7819732
2154656
1577683
1846436
588937
772348
4106205
396996
5400880
869214
5474324
2779446
3629666
2832813
572886
5857672
303299
355228
978599
691622
1527358
477681
4545998
458253
1650817
2564165
1549128
3729791
3325018
2223139
3838247
790737
191020
5073348
3225711
3012387
1005129
9223827
307172
807310
3523358
3595615
3165648
3175079
618665
7524243
3235978
5819858
853472
5320823
1617756
1010849
2463027
1591137
371161
3515154
3136349
5491226
3531171
797596
369068
4873300
1828440
972693
4348612
2094558
1635297
3299610
1729426
695813
5348078
923088
1747112
1168819
2778280
6382934
485748
614389
3849007
2985757
456957
3488061
1627488
488419
1212513
8289973
1707193
849088
1785715
4005297
2069575
4302425
2046427
10267721
2514831
595272
957671
666691
3440040
913841
2673107
7024285
2833038
242301
2788319
548704
1796915
5298040
4500340
4796679
2357690
1291961
2472010
3282866
920251
4582734
731944
4053301
3099199
1095555
2568445
8664307
7381703
4159414
2560892
2422088
5302624
3782048
9564949
355678
858415
1964578
542352
1044530
2618474
3422954
668388
2410414
1698206
292332
2042823
1083345
1234466
3055991
1549773
3973163
4319019
581218
2044535
6582512
2256847
376123
8558787
1056587
1641249
5033195
4955230
7365836
3092381
719412
850110
549720
690706
550449
8575040
245599
1049469
1329460
1415167
586689
9943755
1233053
1085881
459484
3802499
1335276
1145198
2229184
3290604
1359568
1945672
808574
4285376
7083683
1415856
4040149
257381
143307
399474
1275637
2608737
1686016
1575144
939026
2896696
3235984
2752504
692755
1278120
1108401
655296
6202064
2605792
6011438
1936556
5362507
1744249
3990283
6315707
2132835
