3154325
1635592
22215928
1878625
22675449
15935637
37060142
6854294
928729
2396195
4472659
9050413
15161919
23630725
14823557
8388615
29708222
5990231
3622273
2135018
4664233
8917443
856102
4075709
64951602
6378040
2773931
15531976
35789662
2557829
1871343
4811074
3114726
25690147
9485798
11704103
3479625
5768411
5126529
5663788
16097147
7976981
6588795
3420288
12268764
25395583
51727627
10228153
6145224
11729932
2658322
4627322
19232047
1489818
26083552
4140786
28067962
11565633
17122613
17243394
8349792
33187285
1450725
1746687
4770358
3494109
10125507
2596965
27301255
2156616
7662881
12138692
6503585
16785852
15538615
15962223
20084543
3877344
685394
23699003
11566572
16328964
4317813
33653952
1279952
3684718
18476859
27195424
5644913
12541102
3307670
41079757
17307275
28995457
3877802
27152515
7894754
11486553
19995299
8055952
2815234
17493193
11869320
29446712
21609996
3880945
3116937
24551236
7498937
4413625
25119204
9087691
7073457
16637270
7625081
3071306
27390033
4725283
7857109
5699885
12616523
32624123
5293196
2991255
21062739
14286273
4750425
16612001
7557333
2609947
6083011
45810731
8375803
4460433
8829209
22753282
10835478
14077506
7331374
66572817
10969352
2280567
4189238
3434719
16205983
4749813
13534650
38724544
13735970
1183596
16368781
1862615
7815228
28647398
19905069
29368670
8991753
8167645
12160456
21423396
4384969
21615776
7418647
18917662
14355354
4715405
14580002
60948433
46475554
25777931
11993320
13286702
30205337
18030393
56499898
2446424
4063386
8416377
2402567
7897050
10072756
15972154
3177581
8458750
7721252
1490820
12565895
7595487
10423981
17519872
7077895
21230181
21216956
4627495
10121332
35633188
8424686
1742301
51000879
4799923
7910212
32277119
28917802
28247700
16231337
3293848
3995934
2933415
3104232
2709378
54404374
1130405
8369578
5430385
6027147
5140863
57678377
6153017
3950851
2028019
25331855
6555550
7441542
11001487
14107529
5666486
8755441
3881449
37323080
35414284
5866975
26249346
1298555
674359
3794717
5904479
13326394
8039822
7172071
4394217
23235489
16981082
8593607
3836490
5916514
5242965
4292100
29863197
11508008
30190860
9840478
34347220
8411822
20810611
32561593
11538943
715268
369896
4797059
422007
4645430
3325601
6834119
1535090
204004
541972
983833
1947391
3301157
4918126
3077766
1859916
5857113
1335819
805120
486609
1095211
2229081
191492
1219016
9198182
1360426
610326
3149791
6738029
546245
420246
1060864
692381
5105771
2024513
2530125
779758
1306299
1179606
1305153
3529289
1782824
1428593
806692
2714527
5249911
8899582
2263937
1366532
2567971
608873
1029626
4194043
341386
5313846
934581
5742824
2511718
3628755
3761660
1947709
6609333
327098
390594
1080044
796901
2341479
598906
5492717
494126
1698977
2752919
1467141
3614617
3342311
3595813
4224282
904849
158425
5138030
2552489
3500173
980034
6886810
297117
839089
4074369
5588196
1244212
2812952
743161
7663813
3601030
5883903
892512
5431264
1778632
2486890
4283161
1822314
646377
3654183
2640632
6065231
4673301
871706
723034
5125590
1732727
997375
5387385
2017759
1606969
3656049
1787207
699762
5907874
1059751
1835749
1275275
2882459
6521604
1203474
660884
4501623
3164378
1079894
3544868
1644246
604881
1382440
8509119
1880284
1018417
2010200
4888708
2519405
4480135
1665361
10393061
2551309
533891
961983
769391
3623355
1125277
2978196
7334305
3020779
273794
3743046
419690
1813211
5842214
4346522
6146302
2077180
1854290
2755279
4544247
1005848
4726041
1695508
4091856
3174567
1080849
3402904
9637002
8594526
5528607
2624860
2867877
6007797
4026698
9426935
568267
923279
1895128
561340
1807940
2237253
3495631
751894
1970157
1751441
343249
2700276
1638810
2390136
3830453
1634041
4559042
4650503
1058182
2223878
6827082
1955412
405310
9077277
1100398
1831441
6652033
6038209
5722395
3571124
769060
909710
675407
745429
621556
8957787
264588
1865609
1217899
1408609
1147594
10077032
1388839
902911
455660
5285079
1472649
1640793
2377508
2969396
1261412
1960165
879487
7017966
6973742
1309175
5288966
296548
153231
851898
1301872
2910579
1759927
1603809
968424
4762386
3621683
1898947
866574
1322027
1162279
924595
5986209
2505736
6240455
2149031
6627806
1875987
4367017
6483116
2606819
