2976546
9880860
17969776
1664898
20740104
16098306
41163699
9612621
848245
2208133
4026274
8034429
14359847
23649734
13516072
13808562
24176674
4616181
3193377
1662412
6408751
8669550
878963
3255650
64615582
6045103
3090337
13360651
36646093
2250634
1882096
3807447
0
2
0
0
0
0
0
0
0
0
0
0
0
0
0
0
0
0
0
0
0
0
0
0
0
0
0
0
0
0
0
0
4542451
2848024
6532393
2432261
34589479
2052008
7698769
11024369
6851217
17271399
14157066
9371143
13212441
3374162
878312
23902376
14911944
13363056
4728149
32749729
1200422
3513295
15763955
15508075
8253326
14600055
2608785
22728188
14751058
30355468
3804860
29836424
0
0
0
0
0
0
0
0
0
0
0
0
0
0
0
0
0
0
0
0
0
0
0
0
0
0
0
0
0
0
0
0
7366077
2141526
5236564
45203049
7764727
3882359
7763148
16163588
8694675
13660405
8297934
65390723
11318113
2250808
4407489
3095850
20669713
4109084
12601681
37676956
13082382
1106169
14545909
2462284
7595560
21899524
13859836
20095995
10438165
5612249
11066536
17121451
0
0
0
0
0
0
0
0
0
0
0
0
0
0
0
0
0
0
0
0
0
0
0
0
0
0
0
0
0
0
0
0
20043285
2388137
9902560
35075274
9978013
1601042
47917905
4656731
6883988
23182844
16970412
33709315
13049596
3108693
3693218
2353604
2016524
2459422
50696980
1063125
4663727
5985731
6158889
2568741
59862794
4979247
4615827
2142316
16913942
6317935
5760062
8352841
0
0
0
0
0
0
0
0
0
0
0
0
0
0
0
0
0
0
0
0
0
0
0
0
0
0
0
0
0
0
0
0
657943
2139140
3863815
365158
4197896
3279990
7231526
2079133
182168
488304
864112
1692095
3057347
4809585
2756803
2925310
4780985
1008351
694351
370352
1455867
2083506
191244
960186
9049591
1257729
661898
2669771
6711114
469588
411850
820375
688918
4946775
2291079
1615314
724921
589246
1110068
1224712
3504842
1843307
1233168
777416
2383182
5335409
7781632
2010104
1634575
1789957
586944
823561
4033064
391185
5923910
867987
5428822
2510416
3603400
2833540
573742
5812714
279198
381694
1002949
633994
1488474
546841
6556347
454283
1666465
2445603
1499324
3623869
2986763
2097824
2802425
768669
197782
5053491
3159518
2825324
1031547
6580970
271291
780882
3429492
3267707
1767825
3180072
571188
4547420
3025609
5969526
852510
5722627
1580465
957088
2375453
1633430
362366
3524646
2712068
5507367
2942912
797355
360471
4813530
1916361
836766
4342137
2051970
1598182
3276324
1263556
674587
5765979
944253
1824893
1143155
2740748
6152830
472054
568427
3658974
2953947
477027
3246396
1559573
486086
1161710
8238820
1704658
865374
1722431
3470240
1983054
4189914
1829986
10218233
2558447
512276
983105
677032
4415870
947777
2710947
7034443
2818744
248561
3250373
545026
1715326
4510524
3022692
4310854
2333963
1245010
2459155
3604924
872479
4553922
763175
3908354
3342692
1223121
2317128
8835597
7477197
4088517
2530723
2447417
5279536
3706676
9403886
354592
840936
1913065
524578
1022939
2400999
3123891
655944
2413534
1689622
312730
962467
1056296
1291418
3141745
1445998
4065313
4304792
538109
2115838
6577997
2245414
363118
8588137
1040207
1556178
4874614
3642115
6429435
2844774
705162
822821
525267
471567
549669
8497396
242215
1023182
1304322
1406040
565611
9967349
1100033
1026283
469459
3581216
1380069
1250573
1779612
3027267
1318760
1905413
790922
3966055
6808130
1544586
3999739
284763
136887
379106
1223393
2491255
1678328
1579689
927485
2863834
3184884
2301612
478821
1240432
1105121
615208
6035392
2483078
5124313
1979006
5384285
1686161
2325327
6244516
2502332
