3140667
3704506
21885631
1797348
23357385
15709432
38649502
7002545
940344
2320834
4517648
8504853
15261279
23260777
14712749
8283436
22333053
6214497
3642722
1829223
4739338
9212259
881335
4042891
70585298
6600469
2835446
20944330
36853859
2601113
1837550
4851101
3173347
25446530
10638767
10727229
3519338
5780018
5093934
5542730
16662726
8247700
5047126
3324195
12296322
20462724
59178029
10034760
6575217
11791231
2596940
4658657
19572707
1506856
28540437
4118065
27102022
10883071
17103475
13347626
5231014
33108771
1456343
1466439
4767052
3548516
10092781
2644148
26800011
2158439
14716715
11542004
5952097
16574245
15452774
15978372
18633400
3881630
651263
23641429
13177597
15532351
4699807
33115353
1200910
3704667
17558794
27143570
5858191
13038209
3241695
41086404
15527885
28013929
4000307
27377892
7899502
11495340
20767699
7859027
1992534
17154685
14915554
29334147
25285697
3902135
3115489
23702052
7318665
4255792
24283281
9140596
7096006
16502398
7483511
2752203
27400839
4771254
8351731
5662753
12619224
30158746
5288431
3002709
18594178
14084285
3436688
15793764
7243191
2618976
6064481
46008888
8363628
4379151
7111673
23038122
10777372
14329029
6805766
65677333
10671418
2323872
3954933
3411151
16236614
4752058
12623522
38505722
12451279
1169373
16495003
1830451
7807981
27275797
23830789
29691489
8904046
7954034
12536597
19182098
4344729
22594616
7518303
19761358
15244907
4764450
10588418
59135755
47001771
25741212
11957420
13129548
29554346
17269820
56092207
2369173
4267172
8575806
2346166
6935730
10559853
16352669
3101594
8715424
7937966
1498765
12391709
5476670
12094489
17299997
7035211
19601178
20856155
4535122
10075329
35177445
8219593
1719405
52928738
4765246
7607028
25817525
29157499
28516794
16879559
2208013
3976004
2978396
3108274
2804696
54576253
1121869
8018111
5351594
6085418
5139942
58413418
6177182
4083224
2252517
24900188
6635484
7860894
10527851
17093305
6185823
8702743
3834975
35989311
33686317
5202095
22414177
1354830
663390
4816977
6063518
13538955
8052208
7146047
4408958
23626249
17136027
8581814
3577186
5948553
5222634
4257580
29543073
11802350
24199394
9752140
34396698
8421312
21372816
32083602
11482442
712132
833287
4727108
404407
4764899
3277127
7039704
1567471
206755
524866
992512
1830892
3313842
4841921
3051596
1834447
4560830
1383639
807845
416188
1112620
2295210
196321
1219241
9064451
1407068
622577
4143590
6887561
555851
412617
1068527
704061
5059627
2257306
2322133
786962
1305888
1172121
1275515
3639938
1840733
1101110
782809
2721399
4337498
9531582
2217247
1457453
2578130
593892
1035327
4254015
344629
5735292
928388
5564734
2368040
3621675
2960860
1232269
6596952
328592
330354
1078228
808368
2330614
608901
5400409
491919
3200107
2619888
1343084
3565652
3323043
3596764
3942511
904076
150499
5128376
2884104
3332295
1061515
6784327
278380
841608
3881072
5574505
1286839
2914571
727326
7651422
3258819
5709294
917534
5455110
1775773
2485124
4427122
1774715
458652
3583707
3279058
6026028
5367093
875022
722407
4956437
1687564
959914
5223877
2025679
1608435
3624862
1750809
627246
5901969
1068665
1945022
1265844
2879898
6096398
1200109
662987
4013720
3113327
784494
3376056
1572668
605777
1375536
8514633
1874095
999583
1623076
4940585
2502611
4401250
1546308
10379166
2478712
542447
906842
762568
3624254
1123111
2784437
7294866
2749401
269679
3759722
411682
1807131
5599781
5085879
6190256
2052859
1803889
2831504
4100832
993901
4904506
1716574
4245809
3349575
1089994
2509533
9547047
8644591
5511492
2610921
2830602
5894403
3856100
9387272
549305
966769
1927413
546522
1589334
2336883
3561036
732093
2024366
1794104
343648
2657807
1194521
2761101
3777361
1617843
4230478
4569786
1035244
2207964
6752469
1902562
398926
9240265
1090742
1757468
5484528
6065012
5752064
3697967
518072
903723
682348
745215
642136
8954205
262514
1784733
1197892
1420037
1145531
10101532
1392556
930689
504810
5201993
1487223
1731502
2275348
3563470
1368887
1944949
867533
6818143
6696869
1159596
4592107
308940
150647
1078273
1332379
2947834
1758755
1594784
970467
4825379
3643645
1890996
806407
1326026
1155870
916650
5922632
2561142
5130801
2126277
6622909
1873702
4468376
6396662
2588166
