50646
11606
13667
12341
26787
11948
11145
11363
11823
11500
15986
11925
12563
494706
16495
31497
2367503
18798
521181
13564
12288
44610
11457
364167
14863
12774
12255
12045
11189
12901
89045
12419
13966
560471
15353
41916
11645
56269
13046
83437
12155
12991
12948
26008
19930
11456
12258
11291
11651
13770
13122
14469
422063
298571
16550
1060566
585798
697695
20854
14939
1264417
25955
184983
46891
12966
12160
18232
1024837
19958
18383
10651
14064
11292
18902
705760
17708
694355
33166
18415
13562
12985
12353
13305
13017
15739
956767
21023
12219
13053
13013
12925
16152
530446
18006
15046
14640
21272
14918
264174
584447
19466
31831
13204
12963
19620
13540
15697
93660
11909
23693
13775
12496
12677
13031
11731
11719
12428
16509
1226030
22467
1568788
40010
17543
1621412
21626
88990
14158
440807
29361
32132
12349
12486
19601
1300005
20926
19960
421216
201071
1058761
20148
11830
12410
10401
10927
12718
155440
494286
1027788
19539
111013
11270
11859
41166
13051
10482
11711
11031
13339
80931
12850
274961
20450
1280777
55800
94487
12057
85094
14681
11138
10619
11032
10703
11556
80863
11493
11773
273144
200019
11856
2844161
22753
21019
28054
17833
888503
1238742
33020
314765
17731
28353
12883
15268
1679192
11515
12644
12944
13202
1334190
94277
24202
142766
16359
12460
41854
12052
13626
12238
13610
458311
15217
11816
1907962
291941
16637
331759
13213
11466
11846
11395
14810
11566
12315
11536
11885
15197
17887
21753
11912
56891
1161936
23683
11584
51039
11901
10815
12147
15147
815609
18199
25454
12583
206912
993342
719911
13196
11762
10596
11952
28667
34781
10589
10422
158180
14721
12367
10200
9336
2180
2633
2295
4971
2226
2103
2176
2248
2161
3079
2228
2386
92168
3132
5937
443986
3542
98443
2566
2365
8367
2217
67029
2806
2331
2292
2198
2112
2377
16970
2336
2548
107055
2904
7885
2227
10454
2429
16066
2304
2381
2365
4983
3670
2181
2325
2099
2251
2590
2443
2677
80546
54733
3067
200440
106882
133148
3909
2846
237769
4809
35103
8991
2422
2327
3537
193517
3807
3462
2026
2701
2150
3564
132155
3338
128280
6354
3550
2498
2462
2253
2531
2485
3045
183073
3900
2265
2400
2446
2433
2902
99191
3344
2776
2723
3874
2734
48108
112227
3620
5967
2471
2385
3639
2477
2951
17582
2317
4415
2616
2375
2387
2485
2249
2165
2275
3181
230628
4219
295916
7480
3430
303120
3989
17064
2685
84343
5309
6348
2384
2434
3602
251779
4064
3747
85960
39032
195416
3925
2324
2391
1994
2150
2498
30941
96725
192927
3802
20879
2225
2288
7986
2543
2074
2306
2123
2489
15607
2422
52526
3883
246694
10734
18294
2278
16626
2795
2202
2074
2158
2107
2323
15579
2233
2270
52163
39403
2333
542904
4503
4102
5344
3348
174738
236846
6240
59400
3403
5520
2442
2860
323730
2208
2391
2402
2496
251945
18764
4500
27324
3147
2382
7987
2252
2623
2329
2487
87901
2871
2239
364337
55248
3168
64229
2441
2265
2273
2154
2685
2209
2257
2162
2190
2816
3377
4066
2241
10692
224736
4443
2168
9732
2173
2089
2332
2790
155530
3449
4716
2357
39762
188133
138628
2554
2269
1995
2315
5445
6575
2012
1962
30258
2811
2421
1970
