49395
11655
13744
11781
25524
11099
11152
11729
10866
12656
15093
11592
11634
489304
16232
32291
2367991
18918
523533
13569
12950
43411
11467
364125
14606
13541
13261
11857
11529
13179
87272
13031
14794
563985
14802
41514
12243
57277
13212
84629
12427
12857
12315
25281
19430
11361
12139
11435
11510
13994
13383
14943
423096
300543
16867
1070554
588118
696522
21897
13918
1269858
25311
183741
45282
12062
11712
17660
1025198
20448
18390
10932
14300
11237
19140
708321
17611
687048
33794
18866
13290
12920
11797
12560
13300
15694
954071
20366
13267
12705
13258
12545
16516
526722
18032
15081
14497
21731
15012
259764
585451
20080
31590
12971
13363
19318
12742
15212
93164
13022
23489
13210
13748
11959
12611
11648
11132
12445
16818
1227223
22940
1574466
39277
16867
1622166
21719
93313
13610
439167
28184
32784
12974
12410
19434
1294353
20581
19569
422918
200587
1062222
20448
11742
12528
10988
11103
13256
158861
494165
1028517
19506
109434
10677
11464
41815
13074
10530
11367
11393
12641
79392
13100
272987
20939
1283275
57052
94619
12559
84842
14396
11085
11374
11085
11226
11387
82153
11536
11697
274976
197179
12043
2840124
21975
21767
28227
18098
889669
1238274
33004
315636
16857
28479
12254
15176
1678862
12082
12948
12897
13051
1331007
94927
23649
144560
15714
12813
42991
11859
13716
11920
13418
454885
15670
11809
1924738
293174
16604
330128
13588
11101
11419
12020
14860
11664
12287
12781
12201
15257
18661
22163
12774
56867
1161147
22456
11953
50023
11818
11459
12471
15103
816885
17882
26676
13098
206920
991696
722520
13146
12336
10370
12198
28687
34902
10173
9808
158320
14810
12314
10077
9154
2202
2651
2205
4682
2078
2149
2214
2034
2363
2935
2176
2259
91301
3110
6039
444637
3572
99043
2574
2461
8132
2169
66850
2701
2479
2465
2156
2189
2354
16519
2434
2652
107607
2832
7777
2342
10565
2458
16269
2351
2343
2299
4896
3614
2154
2309
2132
2219
2604
2531
2765
80474
55293
3116
201996
107497
132530
4127
2685
239066
4707
34853
8617
2266
2230
3445
193609
3894
3509
2048
2717
2125
3613
132369
3336
127038
6465
3604
2440
2456
2200
2394
2563
3010
182887
3781
2449
2356
2466
2364
2950
98473
3328
2795
2692
3972
2743
47253
112452
3747
5912
2415
2459
3583
2429
2855
17413
2484
4404
2532
2583
2236
2449
2200
2056
2315
3241
230959
4355
297051
7289
3272
303334
4019
17750
2594
84068
5132
6350
2451
2391
3577
250579
3959
3686
86468
38881
195698
3978
2291
2403
2060
2141
2634
31608
96864
192546
3777
20633
2117
2196
8127
2520
2053
2225
2192
2368
15271
2460
52025
3968
246697
10988
18389
2389
16602
2700
2192
2181
2163
2217
2242
15856
2268
2283
52623
39034
2384
541734
4304
4260
5401
3425
175235
236807
6171
59663
3332
5556
2361
2853
323410
2276
2461
2381
2482
251811
18864
4480
27688
3070
2431
8234
2238
2627
2256
2464
87463
2969
2212
367336
55599
3175
63922
2508
2203
2171
2262
2727
2223
2264
2362
2245
2830
3567
4170
2354
10667
224309
4193
2227
9524
2131
2188
2378
2805
155863
3344
4901
2444
39576
187804
139193
2544
2335
1973
2382
5481
6633
1892
1866
30243
2793
2389
1949
