51211
12445
14125
13021
26565
11486
11191
11466
11532
12345
15446
11760
11912
487634
16685
31814
2369826
18439
519901
13798
12303
42944
11595
364697
15607
13173
13580
12348
11894
13030
87820
12781
14611
563551
14621
42096
13238
56395
13042
85135
12264
13164
12792
26119
20710
11066
11471
11407
11018
14024
13055
14228
423156
295811
16916
1062839
583274
692601
21924
14620
1270333
25731
186645
45874
13130
11644
18014
1026636
20973
18045
10767
13964
11437
18847
705464
17528
685473
34058
18453
12733
13130
12585
12676
12503
15088
952459
20270
12759
13017
13962
13108
16493
529005
16756
14955
15206
21401
14995
262789
583971
19524
32080
12599
12595
18612
12677
16356
92799
12424
23548
13042
13280
12374
13196
11871
11719
12795
16587
1224128
22246
1567677
39369
18228
1620513
21613
91331
14023
441192
29313
32424
12557
11977
19628
1300048
20629
20669
420070
199967
1059799
19628
11603
12733
11011
10756
13211
158133
493234
1026536
19399
110807
10791
12272
42900
13457
10785
11896
11678
12883
78903
12908
274377
21144
1280269
55945
93054
12151
83930
15163
10759
10654
10824
10863
11342
80790
11491
12146
271334
197811
12265
2842252
21965
20852
28556
17572
889100
1236750
32684
314475
17431
28474
12610
15072
1680784
12064
12770
13251
12751
1344279
95061
24055
146018
16249
13167
42697
11187
13623
12767
13557
455674
14619
11824
1917464
295970
16989
333299
13246
11297
11585
11949
14851
11342
11662
12650
11925
15562
18377
21571
12434
55180
1159400
22352
11949
51454
12377
11569
13000
15636
809275
19050
25360
13916
206824
995490
725169
13236
11576
10567
11570
28097
35106
10643
9613
157860
15265
12351
9109
9459
2317
2719
2413
4894
2165
2140
2175
2166
2310
2982
2224
2264
91166
3150
5935
444687
3454
98283
2601
2352
8063
2249
67115
2906
2417
2507
2223
2217
2388
16774
2403
2645
107587
2791
7880
2502
10459
2444
16383
2308
2417
2321
5034
3886
2056
2190
2112
2140
2612
2409
2664
80616
54421
3114
200406
106637
132048
4139
2797
239468
4788
35448
8791
2488
2206
3524
193994
3967
3426
2024
2657
2149
3548
132081
3338
126830
6528
3521
2387
2466
2362
2387
2391
2916
182386
3746
2357
2430
2604
2440
2967
98674
3149
2804
2797
3898
2733
47917
112277
3668
6024
2370
2320
3456
2456
3048
17402
2423
4390
2473
2511
2311
2567
2301
2207
2374
3161
230447
4186
295640
7323
3511
303185
3999
17463
2635
84276
5330
6341
2394
2319
3629
251401
4011
3890
85952
38805
195194
3873
2277
2427
2119
2082
2652
31282
96607
192469
3761
20902
2154
2341
8315
2573
2094
2303
2247
2410
15183
2450
52255
3952
246544
10809
18031
2323
16398
2853
2125
2084
2133
2135
2271
15543
2270
2344
51831
39109
2373
542389
4366
4094
5498
3264
174954
236518
6117
59347
3374
5565
2401
2824
323966
2296
2430
2433
2407
254186
18887
4490
27870
3115
2479
8097
2091
2604
2389
2532
87430
2770
2241
366253
55994
3258
64424
2470
2266
2202
2252
2712
2120
2162
2323
2171
2863
3472
4031
2307
10393
224282
4231
2254
9759
2235
2227
2453
2881
154263
3586
4721
2579
39585
188667
139487
2563
2205
1958
2291
5416
6668
2003
1821
30225
2907
2358
1764
