48484
11287
13683
12304
25776
11529
10876
11612
11543
12097
15522
11719
12515
493955
16614
30842
2372364
18463
521904
13113
12402
42449
11171
364274
15085
13434
13297
12713
12098
13279
88569
12282
14644
562850
15159
41741
12798
57681
12512
84558
11851
12760
13266
26414
20350
11630
12276
11956
10971
13584
12881
14351
425003
296051
15982
1061077
586048
692497
21596
14592
1263566
25074
184506
46759
12851
11944
18389
1030571
19833
17881
11233
14227
11623
18771
709112
17083
686185
34866
18215
12898
13240
12300
13012
12980
15579
956170
20718
12887
12490
13293
12891
15606
530650
18292
14790
14477
21269
15350
262923
588789
20233
31502
13346
13231
18927
12820
15633
94108
12811
23635
14103
12834
11933
12920
11633
11677
12541
16561
1224106
23385
1564391
40507
17584
1622133
21159
90907
14219
441436
29083
31404
12230
12665
19330
1297334
21240
20569
420534
200766
1068767
19655
11022
12527
11218
10606
13588
157939
492450
1026541
18745
110710
11085
11913
42653
12260
10855
11514
11541
13856
78829
13310
275453
21269
1283369
56132
93224
12509
86984
14245
10991
10520
10890
10221
10812
79562
11788
11947
273682
196805
12380
2854231
22342
21089
28769
17784
891736
1235506
32818
315063
17416
27823
12453
15350
1689311
11909
12843
13037
12514
1336739
96737
23878
144924
16228
12331
43818
11866
13360
11399
13169
455283
15162
12044
1917892
293482
16418
331605
13365
11595
11732
12116
14323
11245
11911
11952
11650
15568
18896
22359
12362
57361
1157818
22804
11702
51614
11962
11743
12047
14864
813095
18158
26124
12978
208570
1001339
720006
13308
12413
10344
12511
29086
34663
10620
10161
160054
14823
12100
9381
9073
2129
2635
2275
4729
2167
2096
2200
2176
2266
3039
2201
2370
92185
3137
5838
445138
3475
98769
2467
2354
7987
2162
67007
2844
2438
2486
2332
2248
2394
16925
2339
2668
107413
2893
7765
2416
10639
2361
16129
2263
2317
2447
4992
3768
2222
2322
2197
2097
2562
2381
2616
80825
54548
3017
200482
106856
132191
4051
2799
238250
4657
34979
8948
2410
2263
3578
194515
3764
3411
2118
2723
2202
3533
132290
3278
127015
6668
3534
2413
2481
2250
2478
2489
3010
183195
3824
2385
2321
2488
2431
2816
99018
3334
2753
2673
3859
2766
47932
113152
3760
5877
2514
2475
3533
2463
2955
17720
2458
4453
2689
2455
2229
2536
2206
2159
2319
3209
230581
4406
294958
7530
3416
303830
3961
17416
2658
84416
5273
6124
2322
2450
3574
251291
4187
3874
85917
38817
196661
3847
2153
2387
2109
2041
2639
31351
96713
191941
3701
20870
2223
2262
8228
2384
2135
2249
2228
2583
15261
2488
52512
3974
247136
10816
17988
2380
16983
2721
2196
2085
2097
2031
2163
15283
2301
2339
52161
38870
2403
544424
4367
4082
5491
3316
175401
235948
6166
59590
3387
5458
2387
2868
324872
2295
2454
2474
2389
252405
19189
4463
27625
3152
2376
8316
2251
2544
2181
2406
87330
2827
2296
366007
55475
3133
64160
2494
2300
2245
2259
2587
2131
2173
2238
2140
2853
3543
4200
2321
10803
223886
4289
2192
9779
2151
2202
2272
2729
155078
3421
4831
2429
40063
189352
138867
2566
2379
1936
2392
5558
6614
1989
1903
30657
2828
2351
1806
