49316
11676
14511
11968
25682
12404
11074
11768
11058
12030
15941
11299
12034
490832
16427
31105
2367359
18657
521884
13435
11803
43234
10934
363036
15541
13046
13230
12469
11642
13078
88434
12295
14592
561828
15434
42285
12577
57235
12352
85177
12257
13470
12868
25742
20197
10832
11509
12282
11388
14455
12803
14441
421055
298350
16235
1063211
585357
694447
21896
15007
1269067
25564
183095
45887
12660
11676
18407
1031000
19880
17383
10669
13951
11317
19137
707533
17945
686234
33669
18707
12877
13546
12382
12498
12599
15401
951929
21478
12802
12995
13626
12650
16258
533631
18106
14726
14605
21068
15256
260257
586002
19764
30727
12567
12743
19732
13221
15587
91802
12607
23866
13280
12613
12245
13036
11594
11845
12950
16994
1221377
22852
1571610
41515
18310
1621063
22356
91926
14092
444843
29419
33119
12819
12239
19644
1292847
21183
20603
420605
198508
1066410
18964
11982
12798
10841
10490
13154
156484
488712
1030919
19324
110325
11334
12433
42551
13092
10491
11272
11209
13141
78239
13144
273143
21229
1278907
57308
92154
12144
85320
14277
10722
10664
11133
10297
11131
81020
11490
12041
272450
199836
12604
2836085
22144
20500
29026
17992
888410
1234651
33188
315072
18472
28458
12262
15040
1681983
12657
13203
13121
12274
1332139
94661
25127
142854
16181
12415
42632
11391
14192
12236
13129
457169
15091
11545
1912827
296372
16697
333395
13509
11332
12027
12281
14429
11205
11817
11722
12101
15545
19223
21160
12966
55923
1154609
22015
12021
50247
11690
11135
12267
16219
813271
18477
26220
12741
207194
996481
727021
12928
12411
10288
12115
28793
35043
10466
10236
159141
15044
13031
9091
9161
2204
2765
2221
4758
2297
2102
2236
2086
2256
3109
2144
2285
91742
3123
5836
444419
3508
98595
2544
2244
8112
2128
66883
2888
2399
2465
2328
2168
2358
16789
2308
2635
107147
2919
7883
2400
10527
2290
16330
2336
2431
2358
4981
3741
2049
2203
2271
2167
2680
2375
2670
80036
54594
3046
200752
106828
132501
4129
2861
239046
4758
34793
8783
2411
2213
3555
194715
3762
3323
2013
2651
2143
3634
132232
3411
126917
6394
3573
2412
2548
2316
2366
2473
2975
182130
3985
2346
2401
2563
2394
2907
99652
3346
2722
2678
3827
2772
47515
112631
3684
5815
2354
2364
3640
2483
2923
17237
2409
4452
2498
2403
2278
2518
2204
2188
2380
3281
229850
4333
296663
7651
3536
303354
4117
17600
2677
84943
5360
6528
2434
2351
3601
250182
4118
3890
86072
38419
196301
3744
2350
2455
2038
2036
2591
31024
95860
192894
3785
20822
2200
2364
8231
2526
2041
2245
2148
2484
15152
2425
52269
3947
246130
11032
17774
2321
16662
2685
2150
2074
2150
2033
2214
15619
2266
2343
51956
39543
2467
540989
4326
4015
5568
3390
174877
236351
6190
59362
3584
5596
2345
2820
323990
2372
2510
2430
2379
251749
18837
4650
27393
3144
2341
8135
2125
2697
2330
2447
87512
2852
2193
365351
56066
3189
64360
2504
2274
2298
2297
2625
2117
2158
2184
2247
2849
3619
3983
2378
10569
223212
4128
2247
9515
2093
2113
2323
2950
155079
3524
4887
2363
39657
188628
139692
2513
2366
1918
2355
5616
6564
1969
1937
30434
2846
2495
1767
