48710
11144
13461
12501
26901
11406
10809
11543
11223
12236
15974
11600
12453
491887
16498
31897
2372352
18935
522688
13363
12256
43555
10972
366749
15817
12374
12798
13229
11206
13343
89244
12844
14012
565852
15320
42278
12640
58214
12792
83577
12545
13046
12560
26012
20706
11251
12316
11639
11748
13900
13244
14815
421461
299458
16190
1066781
587292
691613
21205
14711
1269193
25715
184051
46254
12535
11590
18476
1026274
20311
18257
11529
14070
11019
18724
706927
17324
684580
32730
18923
12633
13446
12327
13093
13389
15438
948860
20564
13262
13133
12983
12493
16459
527037
17674
15531
14814
21054
15366
263003
586260
19615
32049
13283
13132
19188
12692
15357
92931
12701
24318
13671
13554
12421
12216
12031
11105
12187
17179
1227427
23091
1571006
40978
17345
1616399
21796
89955
13403
442731
30258
31685
12376
11881
19297
1299010
20825
20028
422522
200502
1060821
19675
11094
12381
10832
10827
13684
157813
495324
1027397
18697
108502
10832
12325
41942
13173
10949
11876
11825
13044
79509
12930
278277
21485
1277836
55831
92736
12222
86025
14277
10796
10668
11262
10948
10799
82297
12162
12390
270245
199855
12260
2846971
21674
20842
28320
18070
889880
1233088
33830
314434
18024
27625
12117
15226
1684329
12007
12094
13142
12816
1334955
94581
23992
145969
15925
12148
42601
11479
13820
11882
13590
457262
15480
12096
1908886
290873
16937
333630
13590
11345
11557
12108
14619
11110
11935
12105
12005
15056
18434
22027
11977
56516
1158433
22505
11597
51546
11759
11662
12761
15219
810689
18743
26164
12626
211640
995610
724515
13446
12908
10712
11821
27876
35261
10628
10250
156468
14443
12639
8815
9032
2091
2586
2306
4963
2141
2080
2210
2099
2276
3096
2208
2351
92043
3117
5957
445404
3559
98657
2490
2362
8166
2121
67394
2953
2265
2412
2351
2129
2392
16984
2402
2582
107641
2917
7892
2415
10748
2419
16093
2396
2365
2303
4953
3847
2127
2305
2133
2258
2632
2461
2751
80333
54898
3016
201454
106941
132063
3998
2803
238907
4802
34852
8828
2359
2226
3589
193740
3838
3482
2177
2679
2078
3547
132234
3337
126912
6255
3615
2336
2514
2284
2408
2527
2988
181813
3816
2419
2455
2452
2383
2960
98283
3315
2881
2732
3854
2781
47997
112540
3643
5956
2465
2385
3538
2409
2889
17368
2447
4544
2586
2539
2295
2366
2326
2046
2252
3318
231160
4360
295889
7613
3388
302523
3999
17172
2521
84484
5494
6188
2328
2307
3554
251746
4027
3769
86508
38829
195584
3847
2178
2356
2022
2105
2681
31309
97043
192735
3686
20430
2125
2340
8130
2564
2138
2326
2269
2423
15284
2448
52982
4007
245709
10785
17921
2346
16832
2720
2129
2067
2165
2155
2190
15853
2408
2377
51641
39487
2441
543328
4263
4115
5458
3410
175193
235791
6349
59276
3528
5449
2307
2860
324741
2298
2354
2405
2457
252195
18748
4492
27819
3064
2308
8121
2183
2659
2266
2516
87616
2937
2280
364918
55075
3242
64586
2516
2247
2237
2283
2664
2128
2193
2208
2208
2786
3511
4137
2230
10624
223893
4210
2191
9630
2147
2194
2395
2805
154435
3499
4834
2407
40428
188702
139570
2613
2460
1996
2261
5415
6672
2000
1947
30011
2728
2462
1709
