48999
11101
13616
11928
27006
11778
11011
12299
11084
12078
15084
10966
12054
494913
16591
31269
2367020
18532
524184
13474
12192
43185
11224
364351
14717
13310
12551
12518
11389
12928
87650
12005
14469
561014
15163
42008
11953
58194
12886
84036
11482
12879
13416
26022
19180
11200
11808
11816
11003
14225
13844
14597
421512
299669
16460
1062348
589764
696809
21570
14942
1266068
24467
181308
46488
12321
11974
17368
1024722
20656
18139
11141
13452
12205
18820
710530
17842
687602
33760
18613
13411
12787
12658
13544
13137
16108
954850
21393
13344
13515
13128
13182
16836
529895
18079
15178
14847
21107
14542
264585
584381
19954
31956
12947
12835
19222
12844
15182
92069
12159
24407
13227
12982
12463
12929
11619
11781
12561
16730
1223740
22633
1571720
41065
17647
1623725
21295
91140
13400
442048
29982
32333
12551
12121
19811
1295565
20183
19301
420388
202463
1062145
19922
11154
12667
11330
10894
13183
156057
493109
1034323
19434
110805
10838
11840
42258
12789
10716
11506
11094
12695
77870
13401
276217
20972
1276905
55601
93159
12640
85232
14889
11424
10644
11000
10215
11250
81786
11984
12169
273565
199759
12836
2840084
21972
20825
28583
17546
891983
1236125
33143
312434
16982
28383
12748
15019
1678799
12061
12969
12698
13165
1333973
95284
24898
146001
16184
12653
42078
11967
13546
12445
13849
456842
15147
12435
1912903
296849
16319
330640
12752
11315
11848
12247
14982
11095
11699
11469
11882
14754
18583
21172
11796
58232
1160136
22105
12203
50971
11463
11951
12001
14932
805172
18465
25384
12404
208419
995528
725480
13133
12189
10284
12291
29009
35209
10522
10167
158473
14753
12302
9007
9082
2104
2648
2187
4936
2224
2119
2329
2095
2260
2925
2090
2301
92464
3136
5877
444565
3527
99198
2539
2330
8141
2155
66934
2749
2463
2350
2257
2154
2333
16684
2243
2617
107080
2883
7876
2305
10699
2440
16089
2181
2346
2461
5001
3616
2109
2260
2197
2079
2646
2557
2736
80205
55018
3040
200429
107722
132781
4083
2827
238421
4584
34370
8965
2339
2267
3402
193633
3920
3469
2135
2533
2332
3552
132660
3415
127494
6389
3539
2497
2424
2334
2523
2503
3075
183299
3933
2482
2474
2443
2449
3004
99011
3331
2792
2697
3867
2652
48158
112424
3732
5977
2438
2417
3553
2429
2861
17179
2331
4526
2528
2488
2343
2510
2226
2158
2337
3240
230187
4300
296448
7592
3464
303909
3984
17382
2562
84484
5439
6368
2395
2361
3645
250989
3880
3679
86008
39111
196154
3913
2200
2409
2145
2108
2602
31066
96703
193820
3781
20912
2128
2229
8176
2461
2077
2257
2165
2373
15026
2522
52535
3955
245994
10714
18083
2407
16694
2825
2255
2068
2145
2016
2190
15808
2336
2333
52209
39484
2458
542571
4326
4107
5499
3322
175353
236269
6197
59020
3321
5589
2451
2819
323512
2297
2487
2354
2548
252214
18979
4600
27905
3115
2415
7951
2228
2584
2345
2516
87542
2872
2348
365828
56176
3104
64001
2386
2241
2253
2309
2716
2085
2144
2108
2194
2708
3557
3940
2214
10905
224265
4165
2312
9609
2093
2235
2272
2735
153855
3498
4725
2314
39977
188756
139665
2522
2316
1938
2433
5585
6657
1955
1897
30357
2823
2383
1728
