50606
10847
13485
12052
26374
11322
11024
11646
11576
12055
14743
11595
12388
493282
16484
32212
2371979
18706
526911
13510
12346
44139
11646
366100
14898
12832
14098
11931
11782
13496
89400
12860
15021
561215
15046
41000
12721
58303
13414
84512
11741
13432
12673
25111
20652
11508
11961
11771
11045
13672
13113
14310
423368
298401
16120
1060269
585714
695642
21794
14899
1268219
25564
181998
47165
12276
11375
18759
1023526
21375
18089
11156
14325
11529
18331
708077
17752
683877
34352
18650
13769
13156
12408
12999
13735
15077
953696
20663
13536
12862
13103
13410
16348
527079
18325
14501
14528
21437
14801
263832
588618
20136
31366
12891
12976
19109
12899
14813
93176
12407
23642
14048
13575
12545
13415
11700
11340
12303
16686
1224641
21978
1570042
39954
17457
1622392
22433
93714
13275
443461
29348
32682
12352
12039
19148
1297838
20670
19695
423016
200797
1062641
19938
11618
12380
10941
10467
12774
158089
492191
1025846
19863
109999
11839
12138
42289
13546
10603
11951
11681
13273
78987
13787
274645
22082
1277789
56793
94766
12374
86543
14632
11379
10884
10513
11072
11253
81960
12051
11981
272747
199356
12108
2846269
22673
21019
29269
18075
890182
1236557
32720
316244
17835
28235
12221
14965
1672635
12180
13282
12943
12699
1337251
95936
23512
144616
16186
12523
42152
11880
14070
12070
13459
458055
15387
12002
1916882
291669
16749
331558
13609
11499
12170
12137
15361
11247
12031
12289
12121
15459
17950
22055
12434
55595
1158517
22867
11962
49536
12084
12081
12178
15576
809022
19104
25667
12717
208075
992440
725081
13387
11978
10450
11657
28424
34112
10381
9928
159626
14829
12187
9424
9386
2032
2577
2242
4895
2128
2066
2217
2204
2263
2870
2213
2387
92172
3118
6033
445212
3513
99358
2532
2335
8254
2201
67271
2772
2327
2630
2183
2225
2465
17025
2406
2747
107160
2883
7680
2375
10767
2485
16228
2246
2442
2355
4877
3886
2151
2254
2158
2103
2555
2411
2688
80874
54846
2985
200369
106686
132810
4124
2873
238431
4745
34578
8943
2343
2155
3638
193369
4026
3473
2081
2696
2177
3511
132201
3406
126584
6584
3520
2557
2476
2297
2466
2608
2889
182749
3809
2482
2372
2497
2483
2928
98346
3341
2670
2695
3882
2668
48078
112935
3753
5876
2397
2409
3571
2437
2837
17486
2436
4381
2658
2566
2327
2592
2237
2108
2302
3221
230035
4144
295785
7457
3379
303363
4115
17751
2526
84677
5321
6360
2358
2300
3570
251122
4044
3738
86239
38891
195917
3890
2257
2365
2096
2041
2512
31342
96450
192226
3832
20738
2359
2318
8194
2580
2077
2315
2273
2501
15251
2567
52390
4080
245869
10965
18346
2351
16847
2744
2235
2121
2074
2166
2222
15809
2401
2327
52186
39411
2332
542543
4487
4157
5565
3342
175093
236165
6144
59748
3487
5526
2346
2796
322338
2355
2535
2421
2443
252605
19124
4401
27600
3116
2416
8017
2226
2671
2306
2454
87978
2930
2260
366237
55089
3212
63980
2525
2274
2292
2240
2834
2119
2212
2281
2242
2801
3418
4137
2296
10486
224015
4300
2271
9411
2163
2303
2316
2858
154300
3578
4739
2397
39862
187849
139575
2591
2280
1946
2268
5484
6487
1959
1882
30242
2808
2372
1796
