50309
11578
14193
11906
26624
11579
11330
11356
11307
11989
15557
11559
11807
491035
16262
30738
2369331
18860
523950
13337
12110
42901
10830
362864
14935
13370
13995
12384
11004
13057
88774
12874
14613
560599
15123
42097
12171
58503
12876
83003
11798
12787
12170
25124
19550
10993
11893
12014
10841
14002
13273
14160
421690
299070
16951
1056596
584805
693204
22277
14495
1262328
25293
182643
47044
13080
12179
18129
1023625
20156
17295
11449
13998
11656
18882
705064
18048
690538
33703
18978
13053
13117
12566
13427
13238
16422
956802
20413
13346
13152
13157
12687
16110
531442
17297
15264
15641
20523
15245
264080
585047
19388
32279
13822
12802
19479
12810
15384
92056
12481
24002
13054
13149
12564
13065
11966
11445
12192
16624
1225238
23295
1572905
39682
18140
1618107
21456
91762
13934
444468
29284
31247
11616
12654
19334
1301720
20886
20447
420135
201066
1064152
20162
11467
12421
10199
10528
13178
157608
494804
1028975
19642
109013
10938
12229
42172
13102
11202
11438
11709
12701
78920
13475
277850
21516
1279922
55700
93935
12084
84423
14324
11250
11186
11304
10947
11087
81275
11622
12096
273277
197443
12442
2849776
22290
21571
28885
17206
890354
1236807
31929
317126
17223
27706
11976
15524
1681058
12169
13027
13583
12427
1337944
95556
23424
145684
15907
13075
42408
12018
13468
11739
12910
456580
15394
12419
1914619
296637
17081
335354
13056
11206
11168
11702
14985
10978
12101
12065
11839
15754
18634
22012
12187
55926
1161068
22694
11803
51628
11673
11530
12964
15907
807835
19226
25473
13706
208367
996498
729627
14038
12435
10333
12161
29209
34579
10727
9901
157420
15087
12330
9742
9345
2168
2740
2209
4914
2160
2157
2159
2136
2230
3040
2198
2270
91771
3057
5797
444695
3547
98996
2510
2303
8075
2103
66967
2794
2421
2631
2256
2073
2364
16931
2367
2670
107013
2878
7865
2356
10767
2382
16010
2232
2326
2242
4864
3663
2079
2222
2209
2107
2575
2449
2653
80540
54912
3145
199496
106800
132170
4215
2783
237319
4704
34608
9010
2482
2298
3535
193364
3861
3287
2174
2676
2192
3574
131884
3462
127562
6445
3599
2407
2455
2311
2574
2521
3134
183161
3763
2456
2450
2447
2365
2887
99133
3235
2842
2883
3733
2761
48138
112407
3635
5984
2565
2375
3599
2423
2896
17170
2410
4440
2479
2494
2341
2509
2299
2109
2260
3250
230495
4367
296136
7390
3496
302732
3996
17460
2620
84658
5259
6124
2193
2448
3598
252065
4039
3867
85992
38867
195697
3937
2237
2360
1947
2060
2606
31185
96790
192152
3798
20420
2162
2338
8136
2498
2166
2241
2232
2357
15235
2536
53043
4058
246609
10717
18120
2297
16528
2715
2217
2136
2199
2139
2202
15609
2303
2348
52101
39062
2426
543419
4396
4158
5507
3217
175090
236270
6000
59660
3355
5418
2304
2931
323744
2316
2479
2508
2372
252581
19008
4397
27800
3069
2450
8025
2263
2607
2245
2405
87520
2887
2335
365954
56041
3275
64740
2429
2229
2127
2197
2729
2115
2219
2246
2158
2888
3529
4114
2277
10483
224760
4260
2222
9771
2138
2219
2401
2941
154044
3599
4676
2544
39872
188905
140099
2685
2357
1921
2391
5618
6561
2002
1890
30150
2843
2413
1870
