50755
11571
13519
12119
27187
11332
11002
11210
10867
11493
15651
11922
12161
488500
16646
32202
2363807
18859
522265
13643
12222
44014
10878
362804
15257
13075
13291
12373
11566
13030
88407
12567
14852
563917
15713
42071
12390
56371
13658
85974
11834
13222
13017
25406
19876
11737
11626
11735
11389
13760
12774
14530
422310
298480
16362
1063297
581007
700017
21591
14268
1272448
25287
183018
46745
13577
11975
18750
1027922
21143
17795
10595
13472
10974
18496
702659
17146
689328
34370
18403
13503
13834
12559
12710
12915
15351
955474
20924
12818
13233
13730
12659
16541
528702
18038
14835
15073
21083
15549
263562
587115
20015
31910
13421
12899
19334
12184
16009
93275
12533
23374
13150
13307
13123
12835
11181
11922
12156
17195
1224147
22125
1574066
41806
18285
1618945
22362
90334
13916
446446
29174
31525
12357
11758
19386
1293735
19895
20758
418373
200242
1062584
20316
11303
12635
11351
10915
13235
158917
494476
1027370
19700
109176
11271
11992
40845
13419
11045
11356
11322
13013
77817
12947
276035
21921
1276411
55915
95051
12514
85750
13950
10958
11471
11417
10789
10889
81921
12148
11771
273496
198887
12310
2843037
22432
20830
28289
17432
892909
1230757
33438
315078
17340
28083
11880
15183
1684384
11739
13077
12877
13019
1332104
94791
24056
142601
14790
12030
42388
12103
13369
12063
14052
455792
15669
11929
1913857
292986
17051
328676
13149
11540
11485
12732
15271
10896
11471
12289
11696
14847
17741
22299
12324
55804
1157717
22361
12495
51089
11429
11263
12539
14972
809957
17815
26531
13412
211755
993544
727137
13028
12061
10621
12102
28075
34170
10510
10304
159411
15297
12482
9537
9377
2198
2579
2245
5003
2113
2110
2131
2057
2151
3048
2244
2312
91453
3145
6030
443305
3574
98483
2572
2336
8325
2085
66669
2843
2384
2468
2219
2133
2377
16894
2384
2726
107401
2979
7886
2382
10340
2545
16551
2287
2378
2345
4889
3695
2207
2223
2175
2166
2546
2377
2682
80512
54720
3070
200772
106228
133079
4042
2740
239265
4685
34738
8953
2548
2270
3656
194123
3981
3354
2001
2563
2113
3510
131119
3273
127413
6599
3531
2502
2585
2337
2396
2471
2975
182901
3824
2354
2455
2579
2358
2952
98905
3352
2735
2761
3846
2811
47801
112711
3741
5903
2505
2384
3595
2335
3005
17347
2478
4407
2510
2522
2438
2491
2151
2208
2260
3314
229998
4163
296315
7720
3539
302942
4112
17233
2632
85269
5257
6180
2320
2281
3587
250706
3889
3936
85516
38605
195593
3955
2208
2375
2150
2121
2596
31448
96855
192549
3810
20576
2211
2295
7923
2584
2150
2183
2200
2412
14982
2424
52802
4111
245112
10783
18380
2373
16686
2649
2156
2186
2226
2152
2159
15763
2385
2282
52004
39434
2419
542202
4405
4086
5444
3328
175703
235403
6301
59343
3364
5478
2274
2869
324343
2225
2484
2403
2490
252024
18872
4502
27246
2881
2267
8018
2276
2556
2274
2577
87116
2943
2215
365346
55473
3276
63503
2431
2271
2184
2413
2772
2063
2107
2263
2165
2736
3378
4190
2266
10500
223674
4206
2322
9715
2045
2148
2358
2757
154244
3384
4889
2502
40379
187805
139943
2529
2304
2016
2336
5362
6403
1968
1925
30513
2871
2426
1846
