48161
11626
13913
12498
26716
11571
11290
12132
11416
12229
15128
11587
11910
490694
17256
31931
2366146
18906
521380
13015
11331
43255
11267
366899
15177
12875
13475
12690
11462
12964
86819
12195
14570
555307
15296
42179
12787
58377
13181
84312
11710
12749
12778
25992
19887
11611
11867
11867
11954
15011
12830
13792
421301
297811
16290
1067670
589152
699240
21231
14642
1264464
24305
183809
46710
12663
11815
18385
1026727
19993
18531
11372
14197
11372
18574
707155
17367
685966
33615
18347
12989
13379
12512
12918
13126
16085
952143
20695
11864
13251
13596
12969
16330
531988
17900
14741
14109
20268
14522
263069
585145
20243
31260
12339
13209
19698
12762
14854
92667
12507
23950
13568
13184
12234
13308
11303
10984
13052
17109
1224918
23184
1570933
39568
18443
1621699
21208
90976
14145
443921
29067
32483
12123
12104
19495
1296406
20751
20197
421185
198543
1066105
20359
11186
12273
11322
11149
13187
159121
495517
1031331
19670
109678
10833
12529
40981
12620
10913
12190
12340
12762
76899
12904
277773
21364
1277440
56305
93310
12488
84843
13849
10878
11183
11353
11284
10966
81495
12011
12324
273729
196936
12104
2833737
22220
21276
27999
17303
886214
1230679
33321
316509
17566
28003
12551
15393
1676594
12027
12912
13533
12797
1333657
93704
24516
143612
15258
12317
42462
12045
13725
11966
13212
456844
15864
11792
1913875
293171
16512
332979
13236
11300
11991
11364
14383
11483
11460
11629
11740
15874
18588
21895
11978
57130
1159877
22246
11697
51102
11477
11044
12376
14970
809306
18831
25262
13510
206533
995484
725207
13625
11750
11239
12096
28730
34323
10753
9793
158011
15211
12612
9594
8946
2221
2677
2301
4905
2149
2133
2271
2141
2296
2924
2195
2291
91698
3228
6007
444080
3617
98644
2441
2190
8168
2164
67425
2833
2363
2496
2325
2130
2356
16543
2277
2657
105923
2899
7839
2425
10723
2483
16202
2226
2317
2347
5026
3710
2220
2254
2169
2289
2813
2387
2566
80305
54587
3051
201338
107428
133388
4010
2818
238024
4548
34857
8901
2373
2263
3585
193880
3755
3556
2140
2702
2155
3546
132054
3304
126959
6424
3498
2447
2507
2305
2450
2514
3084
182525
3839
2210
2452
2513
2427
2928
99192
3307
2716
2589
3715
2675
47991
112145
3797
5847
2288
2443
3643
2404
2840
17348
2419
4467
2602
2492
2300
2584
2182
2042
2364
3297
230496
4388
295935
7407
3534
303372
3925
17358
2698
84780
5324
6357
2322
2348
3586
250578
4013
3778
86142
38391
195932
3979
2145
2335
2109
2145
2574
31494
96695
193255
3807
20703
2141
2394
8005
2438
2116
2383
2368
2393
14831
2449
52949
4024
245611
10802
18038
2360
16639
2633
2166
2151
2202
2228
2146
15713
2385
2384
52222
39018
2353
540400
4368
4146
5338
3246
174408
234964
6201
59613
3435
5469
2403
2844
323177
2289
2482
2516
2437
252085
18674
4578
27523
2955
2370
8109
2267
2628
2303
2440
87392
2988
2223
365135
55394
3152
64281
2428
2258
2297
2162
2653
2164
2133
2167
2115
2884
3500
4100
2232
10767
223998
4212
2194
9590
2087
2102
2291
2764
154132
3511
4712
2545
39530
188554
139618
2616
2286
2124
2356
5480
6549
2013
1866
30174
2887
2429
1864
