50028
11138
14498
12869
26286
11852
10868
11399
11469
12132
15303
11962
12385
490293
16978
31616
2375316
18601
521124
13946
12175
44519
11659
365617
16699
12769
13651
12535
11309
13297
88046
12503
14285
563346
15945
41227
12235
57526
12567
83560
11773
13272
12515
26016
19198
11061
12085
11887
11062
14001
13634
14163
421050
297153
16528
1061096
586114
701580
20958
14813
1272859
24604
182777
46765
12664
12119
18342
1024849
20078
18223
11341
14597
11248
19246
703937
17980
685963
34153
18739
12796
13185
12359
13096
12634
16279
950448
19894
12996
12761
13518
12685
16426
529162
17989
15573
14983
20846
16228
263105
584225
20035
32969
12578
13011
18695
12423
16027
90737
12469
23430
13922
12990
12446
13226
11731
11957
12365
16689
1225554
22698
1569700
41691
17138
1628542
21405
90549
13609
446526
29197
31744
12196
12521
19256
1294119
20676
20480
419933
201949
1062138
19881
11366
12022
10247
10181
13028
156989
494502
1022555
19562
110580
11340
11050
41393
13178
10239
11596
11347
13566
77917
13303
273350
21127
1278130
55914
92994
12344
86490
14759
11236
11533
11198
10999
11384
81963
11529
11875
272978
200024
12204
2841212
21918
21360
29329
17788
889461
1228728
32415
313172
17414
29335
12473
15769
1677571
12121
13030
12917
12789
1334313
93328
23780
145098
15281
12720
41418
11472
13498
11950
13098
460013
14995
12335
1920164
294613
16926
333816
13353
10843
11466
11850
14549
11746
11462
11775
12225
14958
18747
21280
11754
55769
1160300
21906
12411
51430
12478
12034
12533
15456
811874
18448
25140
12740
208555
994990
727109
13746
11376
10221
12492
28360
34854
11156
9848
158179
14864
12494
10255
9269
2122
2768
2336
4813
2191
2086
2186
2167
2274
2999
2255
2318
91423
3272
5945
445530
3518
98309
2614
2342
8317
2260
67203
3153
2328
2545
2254
2119
2390
16799
2356
2644
107465
3019
7745
2301
10581
2338
16099
2252
2388
2308
5005
3596
2103
2250
2191
2162
2634
2525
2671
80138
54568
3076
200133
106958
133347
3942
2849
239084
4543
34588
9001
2391
2313
3566
193595
3827
3434
2169
2756
2148
3615
131421
3408
126901
6540
3576
2388
2463
2262
2504
2397
3113
181986
3682
2311
2385
2523
2375
2929
98600
3291
2878
2758
3782
2944
47874
112007
3715
6169
2353
2412
3464
2333
3009
17022
2419
4369
2664
2454
2314
2549
2229
2221
2256
3180
230765
4288
295964
7728
3335
304385
3970
17344
2532
85244
5315
6130
2313
2377
3571
250657
4060
3852
85753
39043
195588
3940
2201
2292
1967
1996
2577
31027
96852
191796
3780
20861
2223
2142
7999
2539
2021
2251
2178
2561
15113
2462
52070
3970
245989
10708
18018
2339
16852
2785
2217
2210
2186
2169
2273
15848
2270
2335
52065
39578
2366
541982
4339
4198
5569
3309
174747
234790
6124
59032
3415
5690
2386
2944
323395
2293
2479
2395
2396
252332
18660
4433
27670
2990
2417
7879
2176
2554
2264
2407
88007
2830
2311
366519
55561
3240
64434
2463
2156
2210
2233
2655
2204
2092
2205
2259
2758
3573
3998
2159
10567
224381
4099
2316
9737
2221
2244
2392
2854
154626
3493
4658
2432
39930
188423
139754
2668
2211
1919
2413
5480
6588
2040
1850
30170
2816
2409
1946
