49820
11423
14150
12078
26229
11149
11319
11671
11517
12304
15834
12149
11653
492432
16081
31172
2365993
19235
522771
13767
11990
44171
10959
367394
15542
12647
13831
12644
11615
13144
87507
12457
15236
562413
15382
41381
12470
57859
12460
83895
11916
12719
12550
25600
19748
11321
12266
11054
11224
14269
13035
14304
421178
298947
16900
1055205
583166
696848
21610
15005
1267667
24745
183904
47712
12613
11285
18019
1022648
20701
17290
10774
13718
11601
19401
705237
17906
690285
34124
18782
13572
13746
12597
12988
12831
15370
958176
20986
11873
13218
13062
12942
16255
528306
17388
15398
15150
20698
14831
261668
586487
18900
31261
12815
13030
19173
12803
14181
92996
12088
24275
13598
12808
12606
13684
11940
11883
13387
16718
1221327
22902
1568956
39025
18650
1623388
22408
92582
13537
441969
29270
30817
11997
11988
19946
1305585
20233
19991
420399
200799
1064794
19606
10866
11969
10870
11311
13646
157594
495047
1031024
19381
108200
11407
11526
41320
12232
10335
11118
11381
13339
77848
13072
277171
21562
1282774
56125
94117
12633
86734
14247
10766
11204
11155
10553
10694
82474
11593
11910
271689
197661
12142
2843519
22068
21300
28570
17080
889691
1235788
33330
314512
17254
27901
12304
15036
1674191
12518
12298
13465
12967
1332400
94250
24890
146677
15288
12621
42478
11187
13823
12296
13891
456965
15174
12519
1911057
294675
16666
333261
12873
11431
11572
11985
14468
11418
11715
11411
11606
15325
18447
21856
12249
56517
1162390
22582
12071
51255
12238
11553
12547
15300
809919
17930
26477
13279
208765
992583
730557
13598
12255
10959
11902
28400
34291
10475
10570
161175
14671
12139
9382
9195
2178
2730
2230
4826
2115
2176
2199
2152
2280
3055
2285
2218
91952
3079
5828
444252
3638
98675
2578
2303
8259
2104
67541
2882
2363
2562
2276
2176
2397
16644
2308
2759
107174
2914
7733
2391
10615
2331
16098
2273
2333
2310
4922
3693
2131
2323
2052
2133
2666
2432
2667
80216
54807
3134
199305
106480
132883
4073
2887
238574
4587
34952
9041
2375
2178
3520
193198
3897
3303
2051
2618
2210
3668
131697
3380
127656
6522
3578
2545
2556
2325
2438
2461
2962
183094
3820
2208
2448
2456
2425
2908
98426
3177
2849
2796
3751
2722
47937
112333
3557
5889
2396
2404
3548
2423
2691
17440
2366
4500
2566
2401
2346
2634
2280
2210
2471
3204
229498
4348
295814
7294
3612
303111
4149
17621
2555
84487
5268
6044
2278
2301
3681
252464
3952
3765
85878
38803
196042
3807
2149
2310
2048
2148
2662
31222
96965
193115
3757
20337
2235
2188
8078
2373
2050
2170
2195
2491
15012
2432
52871
4035
246969
10838
18254
2376
16925
2709
2143
2182
2152
2093
2135
15934
2270
2297
51832
39140
2407
542777
4324
4133
5433
3209
175359
236131
6295
59239
3410
5476
2370
2829
322554
2370
2369
2478
2492
251513
18726
4656
28034
2998
2404
8015
2133
2650
2307
2556
87610
2855
2347
365118
55636
3182
64290
2392
2292
2210
2242
2665
2164
2136
2123
2149
2810
3508
4129
2280
10649
224356
4253
2270
9726
2202
2194
2343
2837
154211
3364
4923
2465
39891
188009
140539
2593
2349
2049
2325
5466
6489
1962
2010
30877
2768
2372
1807
