48715
11557
13590
12443
27226
11262
11211
12017
11669
12381
15349
11701
12545
489977
16689
31496
2371012
19705
519657
13475
12205
43212
11543
365946
15323
13370
13173
12427
11621
13115
88927
12848
15038
564540
15949
43024
12709
57924
12660
85755
11822
12754
12651
26656
19954
11849
11862
11926
11504
14084
12738
14216
417888
299159
16371
1065426
588141
697062
20908
14868
1266185
24546
183579
47236
12988
11404
18485
1024085
21265
17024
11218
14148
11490
19209
709279
17529
684151
33627
18329
12976
13232
12556
12898
13377
15537
956694
20243
13023
13155
13330
13285
16365
533825
17418
14841
14062
21221
14669
261286
583352
19842
31616
13210
13153
19848
13215
15468
94527
13089
23731
13766
12981
12831
13256
11505
11534
12151
17236
1221620
22803
1575405
39983
18207
1621186
21498
91244
13146
441805
29781
31886
13053
11833
19622
1294398
20666
20057
421339
200661
1061323
20260
12002
12490
10493
10495
13341
157994
494502
1029705
19453
110237
11267
12021
41506
12658
10332
11553
11524
13027
78422
13290
272513
21826
1286968
55930
94573
12287
86494
14273
10764
10856
11184
10681
10834
81978
11870
11802
269973
197628
11528
2843324
22576
21467
28313
17037
890725
1231456
33074
314906
18299
27922
12451
15424
1676061
12112
12684
13267
12334
1338763
95985
25074
145222
16118
12549
41904
12152
13468
12357
13165
459897
14331
12052
1922140
296756
17113
332795
12740
11131
11889
12382
15625
11181
11657
11456
12334
14829
18899
21722
12670
56260
1163947
23198
11790
50353
11793
11489
12686
15121
808145
19158
26324
12885
207967
996836
729083
13363
11919
9984
11686
28600
34083
10566
10255
159058
14358
12404
9160
9022
2188
2623
2284
5030
2101
2159
2268
2211
2302
2960
2219
2370
91559
3174
5894
445372
3694
98297
2521
2332
8112
2198
67316
2848
2446
2451
2274
2165
2369
16950
2401
2760
107746
3021
8048
2402
10688
2340
16456
2262
2299
2334
5064
3716
2202
2249
2196
2204
2665
2361
2677
79534
54849
3064
200992
107327
133057
3974
2828
238516
4561
34877
9002
2430
2187
3588
193459
4038
3249
2149
2693
2161
3634
132562
3312
126506
6514
3508
2401
2470
2337
2444
2534
3001
182904
3739
2396
2418
2492
2446
2917
99648
3233
2766
2630
3845
2655
47666
112153
3725
5906
2446
2407
3685
2467
2933
17680
2547
4461
2619
2458
2396
2556
2190
2159
2305
3259
229999
4309
297307
7503
3536
303292
3984
17439
2482
84539
5337
6266
2453
2314
3631
250777
4016
3838
86151
38673
195707
3953
2347
2371
1999
2036
2646
31386
96870
193112
3797
20724
2225
2304
8072
2424
2023
2261
2245
2432
15141
2506
51975
4083
247578
10777
18274
2301
16814
2735
2148
2097
2185
2107
2174
15828
2347
2268
51699
39107
2275
542437
4430
4155
5436
3254
175382
235687
6247
59395
3514
5474
2385
2872
323146
2308
2438
2454
2392
253183
19076
4694
27725
3110
2386
7992
2273
2566
2344
2398
88004
2696
2305
367054
56002
3237
64315
2366
2190
2275
2289
2875
2122
2148
2115
2273
2738
3575
4091
2337
10606
224869
4345
2192
9566
2147
2183
2355
2780
154179
3599
4855
2402
39902
188896
140379
2574
2320
1897
2303
5510
6435
1959
1940
30382
2747
2414
1791
