49665
10944
13121
12385
25448
11903
11137
11681
11274
12657
15606
11858
11820
492216
16577
31503
2377187
18239
525037
13551
11996
44234
10953
364574
15302
12549
13334
12496
12041
12692
88577
12607
14413
561582
15301
42223
12371
56222
12933
84632
12145
13123
13264
26306
19813
11016
12302
11793
11285
14291
12982
14096
419469
298695
16135
1063543
590958
700432
21031
14688
1268515
24799
181940
48445
12645
11741
17824
1027973
21248
18235
11197
13902
11171
18765
711737
17286
688419
34449
18684
12886
13104
12452
12668
13580
16352
951836
19219
13547
13221
13113
13302
16248
525769
17786
14713
14902
21100
14326
260642
583651
19729
30500
12991
13095
19413
13337
15546
94242
12245
23749
12259
13056
12652
14064
12112
11887
12660
17227
1227025
23635
1572034
40144
17661
1622851
21980
91591
14178
442309
28929
31994
12578
12056
19533
1296855
20712
20246
421399
199883
1063885
20131
11696
11682
10987
11313
13298
156924
493270
1029567
19587
108980
11043
12096
42639
12927
11340
11780
11645
13387
79305
13393
277374
21582
1277543
55458
94346
12464
85947
14433
10955
11478
11345
10944
10734
80672
11335
11625
274230
198334
11514
2847500
21827
20791
29474
17666
889578
1232945
32310
315142
17610
27467
12225
15349
1681931
11843
12898
12459
12481
1341497
95716
25209
145634
16217
12898
42707
11427
13604
12266
13456
458600
14535
11586
1910111
294143
17218
336031
13007
11440
11339
12087
15071
11275
12261
12604
11684
15139
18728
21746
12659
55734
1162877
22652
12404
52104
11932
11569
12551
14859
809743
18363
25060
12910
205038
997860
723417
12920
12152
10731
12015
27428
34918
10983
9551
159180
14995
12309
8787
9133
2096
2538
2271
4695
2235
2095
2208
2145
2351
3041
2270
2264
92005
3127
5868
445778
3448
99013
2544
2300
8305
2132
67005
2844
2313
2478
2281
2261
2287
16832
2319
2635
107001
2886
7871
2353
10378
2420
16237
2331
2363
2425
5044
3705
2084
2338
2152
2186
2682
2388
2608
79947
54741
3016
200560
107876
133472
3958
2832
238591
4609
34482
9222
2370
2225
3453
193891
4047
3496
2138
2638
2124
3555
132871
3269
127267
6614
3570
2377
2469
2294
2389
2551
3164
182216
3578
2476
2390
2487
2475
2925
97972
3273
2706
2778
3831
2596
47393
112035
3681
5662
2424
2433
3605
2497
2939
17685
2411
4427
2348
2455
2349
2722
2301
2169
2315
3344
230142
4469
296456
7505
3441
303025
4048
17431
2724
84406
5229
6223
2364
2346
3594
250818
4038
3843
86095
38574
195772
3961
2284
2246
2067
2166
2638
31099
96471
192837
3825
20618
2156
2313
8291
2491
2206
2285
2250
2511
15248
2497
52830
4039
245853
10720
18302
2361
16745
2742
2186
2178
2206
2153
2139
15570
2229
2258
52138
39156
2267
542708
4267
4072
5578
3361
174957
235654
6107
59425
3388
5379
2324
2880
323854
2255
2456
2311
2392
252900
18994
4669
27769
3143
2440
8124
2149
2599
2306
2484
87853
2774
2190
365104
55560
3216
64827
2430
2240
2160
2248
2712
2124
2237
2349
2118
2780
3537
4102
2350
10516
224357
4274
2320
9829
2164
2212
2373
2758
154403
3482
4702
2402
39254
188885
139247
2499
2318
2027
2325
5254
6610
2049
1814
30405
2843
2350
1689
