48266
11352
13013
12175
27564
11847
11080
11676
11522
11563
15954
11088
12380
489284
16281
31065
2376083
18332
523510
13898
12234
43937
11556
366977
15331
12932
12947
12565
11095
13063
88644
12736
15216
564110
15638
42274
12925
57581
12995
84404
11585
12974
13152
25410
19985
11235
12470
12070
11297
14671
13855
14584
423534
296626
17434
1056500
587128
700605
21006
14911
1268096
25167
185064
47080
12936
11380
17643
1022323
21367
17058
11463
14028
11123
18637
706555
17364
690641
33407
19278
13474
13359
12268
12893
13302
15081
952587
20562
12610
13078
13391
13588
16293
528965
18180
16011
14543
21070
15038
263222
583371
20827
31960
12651
13100
19620
13259
16789
93030
13374
23538
13568
12964
11912
13415
11309
11342
12449
16716
1223309
22681
1571246
40954
17993
1618167
21890
91216
14248
443892
29232
32582
12031
12500
19232
1297477
20262
19644
424008
200153
1064943
19821
11496
11792
10848
10013
13214
158016
493547
1025168
19073
109458
11407
12054
43381
13271
11150
11286
12233
12781
78848
13145
273791
21390
1274541
56030
92772
12178
86521
15081
11247
10966
10862
10743
11033
81235
11459
11681
274562
196561
12205
2845084
21881
21463
28745
17664
889289
1236891
33808
314099
17704
28064
12270
15343
1679166
11934
13704
12827
13030
1336080
95998
23265
141691
16362
12647
42700
11526
12996
12247
13451
459234
15230
12074
1914036
295670
16777
333590
12702
10770
11473
11746
14978
11413
11659
12074
11928
15046
18524
21284
12393
56917
1162779
21697
11965
50912
11920
12369
12456
14585
811188
18536
25149
12814
207691
997340
722216
13401
12315
10591
12027
28843
34175
10548
10072
159475
14885
12227
9270
8897
2101
2518
2253
5031
2225
2095
2203
2188
2167
3047
2097
2350
91332
3088
5801
445678
3496
98902
2573
2347
8277
2192
67319
2844
2349
2428
2279
2101
2391
16855
2360
2784
107174
2994
7891
2419
10570
2434
16236
2213
2354
2384
4882
3717
2099
2344
2196
2193
2730
2539
2714
80509
54407
3237
199516
107142
133423
3966
2867
238865
4644
34996
9032
2423
2176
3434
193140
4041
3218
2141
2700
2115
3541
131880
3277
127711
6415
3672
2500
2500
2252
2452
2569
2915
182465
3784
2319
2441
2504
2545
2929
98647
3329
2952
2675
3835
2744
47880
111896
3847
5901
2336
2424
3693
2515
3103
17387
2570
4397
2547
2446
2255
2591
2156
2115
2298
3259
230261
4249
295860
7668
3468
302549
4037
17398
2684
84487
5288
6290
2290
2422
3550
250740
3970
3700
86834
38857
196148
3875
2251
2241
2060
1925
2639
31246
96698
192008
3733
20502
2241
2286
8335
2532
2181
2232
2330
2417
15215
2414
52100
4011
245499
10797
17948
2296
16898
2801
2205
2123
2119
2111
2224
15593
2249
2284
52248
38900
2382
542296
4312
4217
5525
3321
174616
236057
6304
59007
3446
5488
2343
2832
323373
2288
2634
2378
2473
251975
19106
4386
27167
3177
2404
8096
2175
2477
2315
2471
87986
2876
2279
365754
55866
3184
64214
2349
2134
2170
2199
2723
2164
2133
2192
2177
2752
3482
3976
2306
10693
224578
4077
2216
9661
2136
2318
2347
2708
154560
3484
4644
2375
39778
188721
138754
2582
2348
1970
2345
5556
6503
1997
1888
30523
2820
2382
1794
