49665
11517
13472
12137
27042
11731
11085
11507
11688
11936
15519
11561
11661
490514
16355
32119
2365039
19429
521172
13657
12262
42882
11354
365702
15792
12346
13067
12619
11245
13281
87090
12359
14569
563410
15436
41765
12283
56518
13040
85549
11921
13135
13140
26186
19695
11558
11969
11892
11508
13824
12841
13859
420183
297505
15911
1058554
582848
698344
22032
15359
1266977
25819
183880
46391
12785
11491
18953
1022961
20444
18258
11689
13641
11088
19781
709191
17387
689930
32994
18488
12209
13930
12528
12610
13412
15313
955076
20903
13029
12845
13875
13185
16152
528114
17932
14558
14266
21670
14448
259601
585475
19670
31349
12384
12908
18807
13228
15198
92907
11994
22923
13460
12698
12714
13433
11249
11142
13071
16154
1226998
23112
1572038
40886
18170
1622589
21226
92009
14297
447557
28814
31800
12248
12216
20506
1298548
21094
20477
417115
201104
1063521
19687
11228
12290
11174
10570
13388
158418
497669
1026531
19811
109841
11137
11789
43039
12669
10731
11211
11696
12443
79002
13499
273267
21667
1274902
56169
93571
12974
85154
14241
10794
11213
11073
10665
11311
82023
12284
11734
274076
196725
12240
2840818
22334
21180
26894
17837
891849
1240507
32863
312302
17358
28017
12219
16034
1667544
12175
12716
13088
12569
1333363
96422
24265
142582
16567
12398
43456
11754
14019
12119
12928
459733
15491
12532
1912009
295729
17378
334905
12521
11624
11931
11957
15052
11779
11625
11983
12293
15383
18415
21813
12062
56568
1158195
22779
11936
50177
11419
11818
12706
15482
809939
18692
26662
12915
207295
995673
723622
13184
12339
10802
12055
29124
34060
9872
10493
158991
14380
12646
9914
9150
2187
2595
2233
5010
2197
2105
2170
2200
2254
3012
2202
2190
91580
3088
6058
443792
3646
98376
2542
2310
8050
2182
67319
2948
2296
2462
2283
2106
2361
16598
2317
2658
107438
2925
7841
2335
10391
2437
16425
2270
2381
2410
5028
3679
2168
2268
2210
2214
2593
2401
2532
79992
54636
3013
199583
106321
132955
4142
2910
238462
4756
34809
8806
2393
2179
3649
193096
3922
3459
2204
2601
2109
3720
132560
3304
127721
6309
3553
2271
2593
2313
2411
2564
2950
182842
3870
2401
2381
2594
2424
2883
98868
3318
2692
2642
3927
2651
47291
112310
3699
5906
2361
2361
3504
2486
2845
17451
2348
4269
2587
2419
2419
2598
2157
2073
2395
3117
230618
4369
296125
7586
3507
303242
3918
17593
2709
85228
5240
6296
2357
2329
3789
251058
4071
3853
85309
38766
195891
3839
2216
2359
2131
2050
2653
31365
97243
192267
3813
20747
2212
2263
8358
2459
2084
2178
2287
2356
15249
2557
52278
4048
245108
10831
18139
2464
16565
2708
2181
2154
2147
2104
2250
15793
2412
2254
52196
38974
2410
542079
4362
4145
5138
3348
175669
236543
6195
59009
3396
5504
2302
2992
321161
2314
2452
2436
2392
251633
19136
4519
27260
3201
2366
8278
2187
2658
2318
2382
87880
2906
2363
365322
55839
3296
64558
2330
2278
2264
2221
2717
2223
2126
2203
2264
2783
3478
4116
2254
10654
223733
4285
2241
9502
2039
2226
2379
2809
154592
3535
4947
2437
39556
188325
139312
2550
2367
1992
2347
5589
6488
1853
1989
30243
2731
2456
1932
