49394
10693
13554
12016
28174
11491
10806
11362
11465
12024
15484
11214
12815
493019
17371
31467
2373432
19337
520361
13735
11644
43634
11096
366250
15697
13033
14054
12754
11896
12948
87466
13117
14265
560356
15457
41917
12305
57683
12698
86418
12224
13155
12829
26401
20421
11700
11422
11377
11660
14397
13390
14052
422142
295321
16480
1064724
588640
700163
21830
13695
1267909
25246
183440
46314
12104
11993
18314
1028307
20766
17951
10944
13252
11186
19230
705018
17219
686896
33927
18079
13063
13206
12481
13145
13590
15691
951873
20811
12642
12726
13379
12702
16168
527732
17542
15051
14607
20622
14553
262509
584772
19797
31831
13124
12677
19488
12775
15179
93637
12362
23505
13453
13485
12251
13726
12023
11720
13573
17053
1231069
22375
1568054
40316
17508
1618834
21457
91237
13711
442158
29187
32032
12803
12020
18642
1304243
20323
20657
422052
200090
1064291
20278
11277
12196
10914
10436
13331
158277
491628
1031530
19332
111258
11646
11961
42860
13317
10999
12104
11521
13151
78166
13313
279759
21114
1280423
56693
95688
12143
85124
14394
10918
10932
11612
10361
10901
80764
11852
11717
274498
199125
11918
2842949
22754
20972
29425
17564
886503
1233321
31703
315994
17793
28668
11978
15152
1674049
11522
12895
12981
13285
1334473
94254
24359
144828
15624
12721
41540
11663
13728
11987
13278
456729
14711
11824
1916801
292819
16414
334075
13777
11172
11322
12626
14637
11399
11204
11998
11504
15365
18312
22010
12117
55931
1169076
22641
11966
51207
11814
12085
13085
15459
806390
18525
26386
13314
208605
996362
723120
13701
11657
10671
12124
28232
35120
10579
9932
159549
15251
12502
9265
9122
2022
2599
2233
5155
2141
2082
2115
2184
2264
3011
2129
2416
92103
3302
5940
445598
3653
98211
2594
2237
8150
2143
67373
2900
2398
2609
2289
2221
2351
16730
2452
2597
106724
2931
7860
2339
10632
2390
16548
2311
2399
2362
5010
3807
2193
2193
2103
2203
2716
2502
2638
80285
54216
3041
200489
107472
133134
4121
2656
238577
4686
34652
8869
2272
2271
3561
194000
3908
3422
2089
2520
2118
3620
131539
3283
127152
6488
3497
2412
2468
2332
2501
2585
3019
182393
3838
2318
2357
2525
2343
2904
98355
3203
2770
2694
3758
2655
47792
112327
3715
5966
2449
2349
3632
2385
2872
17477
2372
4387
2518
2547
2271
2645
2314
2189
2490
3265
231426
4231
295897
7489
3431
302784
3931
17510
2604
84416
5269
6219
2451
2317
3437
252254
3968
3882
86267
38776
195939
3973
2187
2335
2084
2013
2600
31315
96404
193351
3722
20868
2284
2273
8294
2538
2135
2359
2195
2466
15018
2499
53233
3964
246426
10900
18445
2307
16658
2738
2132
2103
2257
2051
2157
15599
2375
2253
52158
39261
2320
541591
4428
4105
5566
3307
174687
235483
5951
59518
3491
5639
2312
2841
322540
2201
2491
2397
2519
251922
18756
4497
27766
3068
2421
7933
2203
2600
2283
2413
87254
2797
2261
365689
55575
3148
64618
2557
2212
2155
2378
2656
2146
2050
2233
2127
2807
3461
4129
2263
10569
225577
4220
2243
9619
2106
2262
2440
2867
153867
3470
4915
2499
39919
188759
139022
2660
2256
2006
2344
5423
6613
1969
1889
30452
2938
2409
1817
