47618
11649
14017
12130
27212
11686
11461
11475
11671
12502
15265
11842
11661
489057
15987
30641
2368409
18189
526259
13127
11685
43266
11471
365115
15387
12439
14042
12779
11748
13077
89520
13251
15066
563063
15478
42310
12803
57940
13030
84387
11397
12583
12548
26971
20399
11277
12760
11831
11319
14123
12785
14114
424615
296601
16580
1064360
589138
692593
20872
15009
1268726
25046
184932
45489
12706
11719
18200
1028842
20906
17753
10333
13643
11346
19255
709345
17791
687954
33949
18481
12810
13232
12239
12661
13674
14949
956351
20662
13825
12735
12567
12189
16177
528921
17770
15703
14970
21210
15578
266066
585993
20252
31874
13629
13481
19474
12456
15476
91691
12455
22740
14314
13471
12464
12993
11751
11558
12776
16895
1228124
23490
1560102
39991
16814
1625492
21762
91155
13649
444625
28959
32250
12340
12764
18849
1292088
21147
19806
420092
203422
1066674
19669
11330
12198
10321
11499
13197
160614
489111
1026730
19828
107460
11053
11369
42970
12902
10812
11535
11967
12818
78188
13603
274003
20786
1281150
54943
94406
12333
85928
14049
10857
10978
11362
10420
11514
80519
11892
11732
273651
199424
12353
2838835
21824
20924
28476
17426
892718
1231810
32334
317175
17204
27360
12016
15648
1676822
12199
12726
13590
12731
1334212
94320
23706
143356
16460
12053
41279
11349
13990
11561
13114
456229
14969
12193
1919276
292418
16683
332439
13276
11239
11390
12507
14589
11060
11732
12167
11718
16048
18204
22424
12353
57534
1160240
23301
12277
49912
11782
11364
12386
14967
812415
18885
25470
12513
207003
995661
722593
14116
12493
10426
11863
28362
34768
10870
10581
159174
14045
12405
9363
8796
2196
2690
2227
5022
2160
2170
2156
2199
2320
2991
2229
2202
91436
3056
5772
444216
3463
99045
2518
2238
8063
2205
67242
2876
2292
2615
2311
2183
2357
16892
2456
2767
107482
2924
7890
2392
10642
2399
16167
2214
2288
2297
5190
3796
2124
2426
2186
2210
2645
2386
2620
80620
54462
3111
200592
107573
132158
3926
2879
238858
4609
35136
8660
2402
2233
3535
193929
3984
3364
1955
2628
2118
3612
132426
3445
127143
6480
3525
2421
2505
2280
2374
2610
2932
182883
3803
2549
2360
2336
2307
2919
98886
3262
2920
2759
3838
2826
48422
112763
3798
5907
2572
2443
3615
2384
2913
17207
2415
4212
2710
2540
2345
2541
2269
2121
2328
3247
230846
4404
294379
7432
3268
303635
4034
17414
2586
84890
5270
6288
2345
2473
3493
249926
4105
3747
85933
39333
196246
3844
2244
2368
1989
2227
2580
31817
95851
192385
3832
20257
2173
2174
8323
2504
2123
2290
2285
2430
15092
2544
52147
3931
246115
10583
18293
2339
16806
2683
2156
2115
2175
2054
2265
15472
2346
2303
52164
39414
2378
541385
4319
4100
5414
3276
175539
235745
6067
59541
3367
5381
2292
2918
323157
2331
2404
2478
2463
251956
18720
4433
27468
3168
2324
7803
2145
2657
2179
2416
87189
2826
2308
366422
55460
3205
64122
2440
2194
2204
2352
2687
2097
2157
2237
2155
2938
3496
4184
2290
10835
224089
4330
2318
9439
2146
2146
2317
2732
154863
3578
4735
2313
39655
188513
139068
2703
2389
1949
2304
5477
6551
1999
1977
30512
2675
2426
1795
