49610
10947
13726
12812
26057
11411
10537
11347
11776
11798
15284
11733
11934
491423
16575
31287
2364280
18812
522679
13808
11860
43360
11119
365746
15907
12454
13264
11806
11621
12945
86603
12401
14221
562750
15192
41620
12566
57473
12486
83962
11652
12833
12673
25513
19967
11615
11664
12289
11427
13987
12844
14060
422247
296694
16533
1061784
586183
693849
21784
14716
1269920
25430
183901
46596
12668
11637
18145
1024583
21068
17906
11110
13459
11528
18494
705412
17496
689303
34138
18994
13092
13213
13059
12657
13454
15768
953651
19780
13149
12587
13860
12806
16480
530103
17039
14382
15107
20645
14959
262488
586522
20129
31613
13220
12509
19044
12192
14828
92341
12166
23805
13759
13518
12629
13003
11484
11362
12948
16894
1226264
23178
1577234
39350
17939
1622645
21544
90940
13467
441590
28194
32155
12177
11860
19578
1297374
21248
20262
418741
198945
1061146
19420
10963
12013
10708
10898
13133
157181
493155
1021314
18838
109644
11610
12342
42221
12586
11017
11657
11204
12695
78133
13428
275952
21297
1275920
55809
93887
12198
85252
14542
10860
11474
11235
10297
10947
80610
11734
12614
275547
199203
12389
2832390
21000
20798
27783
17769
892702
1236011
33652
316068
16201
28565
12158
15112
1683508
12013
12980
13493
12916
1332722
95395
22772
142093
15792
12425
41978
12187
14149
11651
13476
455938
15198
12085
1922712
293470
17110
331898
12757
11461
11102
11870
14859
11894
11894
12184
11958
15534
18826
21699
13175
57290
1160098
21156
11572
50795
12195
12064
12151
15374
807323
18816
25937
13674
206814
994477
726543
13714
12591
10686
12163
28131
34561
10948
10475
157386
15097
12193
9614
9193
2099
2665
2371
4790
2131
2027
2165
2213
2223
2972
2193
2291
91711
3150
5867
443445
3562
98544
2614
2268
8191
2118
67117
2972
2299
2473
2157
2166
2310
16495
2313
2582
107232
2903
7836
2383
10621
2323
16227
2210
2344
2313
4942
3689
2209
2243
2246
2181
2609
2393
2601
80410
54421
3110
200019
106971
132059
4092
2789
238785
4713
34853
8919
2379
2246
3535
193219
3988
3408
2102
2578
2173
3493
131772
3329
127509
6492
3606
2405
2444
2369
2407
2586
3052
182368
3680
2413
2351
2583
2399
2946
99020
3119
2677
2763
3780
2729
47934
112649
3785
5972
2493
2313
3506
2345
2791
17238
2368
4457
2613
2542
2359
2515
2199
2088
2380
3220
230727
4363
296876
7298
3450
303269
4030
17383
2555
84051
5094
6247
2316
2271
3593
250669
4134
3813
85587
38478
195317
3855
2144
2284
2035
2102
2565
31036
96643
191142
3694
20682
2281
2341
8079
2435
2158
2279
2168
2375
15044
2526
52735
3994
245545
10806
18172
2325
16604
2775
2163
2192
2169
2039
2166
15476
2305
2402
52499
39399
2365
540102
4154
4082
5322
3338
175196
236142
6280
59661
3162
5549
2328
2835
323924
2281
2469
2448
2463
251326
18960
4268
27057
3058
2378
7981
2260
2672
2204
2472
87405
2840
2289
367075
55391
3278
63981
2372
2280
2147
2237
2720
2260
2150
2276
2204
2825
3558
4077
2431
10812
224026
3976
2172
9589
2207
2265
2315
2784
153758
3512
4820
2530
39521
187960
139536
2677
2424
2022
2361
5406
6567
2076
1988
30043
2875
2351
1858
