49837
11401
13730
12331
26908
11845
11453
12003
10871
12202
15635
11762
12346
491892
16621
30434
2374145
19227
522563
13453
12235
42648
10819
362047
15133
12070
13341
12434
11361
13454
87956
12823
15088
564420
15663
41200
11792
57275
12801
85696
12240
13111
13331
25605
20269
11190
12119
11667
11380
14229
13471
14160
421058
294487
17042
1058580
585924
697283
21404
14807
1268980
24797
184088
46980
13450
12224
18311
1025805
20236
17778
11194
13652
11348
19438
704705
18073
688941
34409
17956
13184
13003
12036
13072
13061
15309
952111
20728
13111
12654
13561
12658
16893
531933
17519
15366
14225
21362
14452
259887
580887
19899
31638
12731
13012
18945
12804
15990
90954
12744
24794
13948
12472
12776
13692
11561
11180
12481
16747
1218990
23453
1572978
40736
17707
1615621
21580
91010
13711
446990
29645
31905
12886
11772
18614
1294942
20912
20491
426011
198449
1064859
19697
11132
12096
10360
10828
13438
156676
492454
1028683
19178
108811
11081
11817
42360
13400
11417
11134
11615
13467
79022
12740
275877
21186
1279007
55638
92075
12407
85463
14009
11255
11229
10805
11238
10697
80939
12315
11935
275131
199836
12059
2842033
21733
20830
28640
17477
888053
1232207
32481
315668
17963
28078
11969
14858
1676818
12014
12864
13122
12617
1334965
96103
23810
144658
15191
12493
41559
11836
13447
11864
12897
460149
15786
11281
1912167
293411
16575
335127
13246
11103
11485
12253
15610
11670
11501
11500
12138
14975
18121
20980
12821
56996
1156763
22146
11908
51743
11849
11645
12727
14678
810275
19012
25923
12715
207128
996151
724662
12854
11846
10562
11484
28638
33855
10921
10448
158628
14806
12773
9478
9232
2166
2645
2266
4898
2185
2168
2261
2090
2297
3022
2182
2361
91927
3139
5725
445151
3615
98551
2508
2350
7990
2118
66813
2850
2247
2486
2293
2162
2437
16650
2396
2752
107455
2959
7719
2242
10565
2423
16402
2310
2391
2411
4920
3772
2101
2322
2166
2180
2648
2492
2654
80135
53934
3137
200050
106885
132829
4057
2804
238374
4613
34924
8919
2511
2360
3545
193305
3805
3330
2134
2625
2139
3665
131668
3434
127727
6576
3422
2425
2447
2196
2473
2499
2941
182443
3844
2460
2335
2520
2346
3012
99165
3260
2843
2609
3933
2620
47492
111412
3713
5934
2409
2408
3531
2414
2985
16954
2472
4600
2629
2371
2380
2649
2204
2075
2324
3237
229056
4389
296280
7570
3425
301917
3998
17369
2629
85324
5308
6268
2434
2271
3435
250622
4085
3857
87035
38444
195940
3888
2172
2320
1963
2115
2634
31012
96462
192259
3738
20508
2175
2286
8213
2596
2217
2176
2248
2476
15213
2414
52447
3959
246024
10757
17825
2372
16686
2646
2257
2162
2100
2194
2134
15624
2399
2290
52267
39340
2344
541711
4325
4053
5407
3300
174774
235354
6088
59507
3520
5534
2273
2808
323051
2277
2481
2450
2466
251815
19139
4416
27561
2930
2357
7917
2214
2590
2239
2377
88064
2926
2156
364913
55384
3198
64590
2465
2211
2211
2287
2831
2184
2138
2142
2221
2711
3495
3933
2347
10706
223705
4181
2232
9762
2126
2194
2386
2696
154389
3560
4751
2349
39589
188263
139205
2519
2257
1970
2279
5494
6415
2031
1969
30197
2787
2463
1827
