49851
11065
13457
12563
27392
11517
10549
11533
11530
12127
14838
12464
12121
489581
16391
31528
2367168
18753
519881
13489
11901
43013
10795
368202
15460
12466
12683
12693
11525
13128
89172
12316
15738
562975
15855
41303
11870
58575
12670
83774
11328
13466
13025
25616
19794
11072
12099
11124
12099
14612
13049
14677
422745
297134
16758
1059349
591117
699631
21316
14862
1267654
24139
181225
45559
12673
11927
19020
1025283
20580
17889
10936
14033
11585
19095
706981
17676
686779
35733
18014
13239
13147
12795
12677
12973
15142
954554
21098
13142
13006
12805
13087
15736
528712
18140
13665
14871
21260
15240
264735
584539
20150
32046
12944
13331
19340
13164
15483
92847
12461
23144
13534
13393
13008
12713
11944
10895
12216
16826
1225198
23506
1568651
40192
18121
1624234
21875
90899
14432
440812
29235
31691
12285
11359
19976
1300201
21033
19658
422454
201170
1060457
20179
11152
12558
10623
10964
13590
156861
494281
1029981
18829
109786
11284
11615
42609
13071
10833
11674
11655
12798
78483
12958
277009
22339
1281238
55566
94701
12695
85510
14046
11044
11639
11036
11479
10274
82028
11853
11746
273925
199707
11749
2841915
21515
21659
28978
17384
893156
1240927
33025
316826
17120
28347
12074
15704
1675817
12200
12826
12950
12498
1330543
95536
24117
143581
16024
12974
41780
12196
13762
11791
12708
455775
15158
12147
1912792
298070
17127
329877
12883
11259
11707
12464
14712
11869
11649
11886
12188
15143
18691
21978
11962
56126
1162598
22941
11519
50831
12454
11910
12497
15552
813137
18366
25750
13067
209532
996786
723968
13733
11991
10513
12159
29521
35118
10805
10368
159542
15073
12523
9648
9241
2092
2593
2316
5035
2132
2027
2210
2159
2266
2860
2323
2311
91356
3120
5934
444198
3543
98293
2528
2286
8071
2077
67588
2853
2315
2343
2295
2123
2348
16982
2317
2813
107357
2983
7757
2252
10812
2380
16046
2152
2439
2403
4924
3656
2071
2299
2043
2301
2711
2393
2708
80385
54630
3131
199932
107767
133487
4032
2807
238549
4496
34429
8683
2389
2272
3684
193330
3865
3375
2036
2663
2218
3609
132173
3384
127182
6759
3447
2461
2419
2356
2404
2497
2922
182554
3884
2421
2414
2465
2444
2786
98740
3340
2559
2729
3850
2759
48101
112520
3770
6003
2410
2432
3584
2446
2877
17412
2428
4321
2557
2569
2411
2462
2274
2011
2245
3198
230328
4400
295346
7482
3525
303268
4014
17331
2726
84160
5246
6198
2315
2199
3639
251322
4081
3756
86437
38931
194869
3909
2184
2415
2012
2127
2669
31068
96776
192515
3695
20695
2205
2227
8253
2528
2099
2294
2222
2389
15098
2449
52943
4146
246366
10710
18265
2392
16652
2650
2201
2183
2134
2239
2034
15789
2322
2274
52103
39459
2312
541919
4221
4214
5541
3257
175511
236635
6216
59494
3339
5582
2319
2915
322533
2326
2471
2409
2436
251314
18868
4465
27359
3083
2461
7885
2245
2582
2223
2332
87227
2870
2297
364812
56334
3281
63672
2354
2232
2200
2344
2705
2233
2127
2180
2257
2812
3541
4118
2200
10611
224349
4302
2148
9616
2257
2302
2348
2860
154697
3482
4818
2441
40135
188468
139379
2661
2282
1957
2354
5649
6663
2036
1947
30453
2837
2410
1888
