48351
11810
13719
12475
26399
11379
11581
11496
11415
11800
14937
12234
11774
488280
17118
31910
2360435
19098
523875
13616
12157
43268
10421
364117
15355
12583
12259
12449
11187
12845
88464
12747
14720
563809
15742
41809
12549
57758
12571
83795
11715
13030
13401
25935
19870
11568
11745
12026
11003
14582
13550
14126
420373
298836
16433
1061950
589849
693799
21630
14755
1260578
25191
183427
46240
12981
12073
18678
1026271
20653
17497
11076
14018
11100
18421
704138
16985
684120
33706
18322
12937
13355
12540
11757
13660
15150
953802
20123
12922
12849
13487
13101
16367
528555
17619
14873
14235
21528
15827
261835
586630
20147
31403
13446
13471
19263
12399
15443
94246
12867
23703
13112
13203
12657
14043
11865
11300
12975
17217
1227334
21824
1560032
39850
18043
1622528
22123
90431
13924
445525
28067
33515
12094
12686
19353
1301526
20986
19596
418812
202599
1065487
20469
11607
11871
10506
10773
13403
158197
496734
1033079
19288
111419
11632
12245
42643
12945
10931
10787
11094
13169
78286
13509
274552
20398
1277604
55683
94456
12492
85258
14064
11017
11150
10983
10466
11337
80088
11688
11449
272515
198973
12041
2838924
22330
21161
28944
17368
882811
1232773
31976
312575
17541
28443
11821
15352
1677807
12260
13484
12699
12977
1329536
95622
24077
145308
15638
11958
42839
12181
13999
11826
13372
457344
14451
11959
1923533
294106
16433
333276
13336
11284
11930
12278
14430
11574
12012
12062
12349
15242
18838
22028
12495
55724
1161958
22176
12230
50238
11704
11435
12737
15037
808972
18526
26083
12800
206010
993028
725726
13288
11953
10276
12437
29550
34230
10950
9555
158354
14153
12540
9760
8937
2264
2623
2329
4880
2125
2171
2177
2146
2190
2923
2274
2225
91263
3244
5998
442946
3599
98783
2557
2347
8148
2022
67002
2855
2354
2273
2290
2110
2302
16830
2350
2727
107229
3017
7792
2359
10630
2349
16036
2260
2398
2463
5004
3674
2154
2248
2194
2130
2711
2493
2596
79958
54853
3085
200274
107399
132236
4041
2834
237233
4723
34627
8848
2453
2274
3614
193985
3961
3340
2087
2671
2080
3452
131578
3251
126472
6497
3517
2376
2513
2312
2240
2581
2906
182450
3737
2391
2339
2548
2452
2900
98612
3273
2750
2608
3912
2872
47672
112825
3781
5858
2504
2502
3577
2320
2897
17670
2543
4442
2485
2509
2298
2699
2293
2102
2394
3286
230462
4167
294348
7378
3486
303473
4116
17255
2608
84967
5108
6469
2258
2430
3607
251382
4037
3746
85746
39158
195961
3973
2286
2287
2049
2070
2644
31432
97162
193192
3785
20933
2251
2316
8273
2504
2125
2088
2171
2434
15178
2529
52358
3857
245703
10724
18248
2367
16625
2679
2181
2167
2152
2106
2251
15422
2283
2270
51931
39328
2386
541794
4398
4148
5535
3272
173723
235457
6015
58854
3441
5576
2263
2872
322914
2341
2609
2379
2483
251120
19023
4476
27556
3023
2316
8088
2284
2637
2251
2444
87767
2709
2256
367153
55605
3130
64403
2456
2229
2289
2320
2643
2188
2215
2226
2273
2776
3563
4123
2305
10508
224512
4167
2308
9498
2108
2182
2433
2768
154002
3492
4827
2395
39299
188056
139697
2578
2278
1931
2407
5656
6477
2043
1827
30261
2692
2419
1864
