49043
10853
13923
11677
27397
10731
11084
11495
10964
12081
15703
11378
12387
492454
16271
30774
2364648
18440
523735
13707
13257
43720
11528
364373
14270
13326
12652
12373
11388
12640
88215
12620
14487
563138
14984
42101
12393
58298
13120
84371
12327
13278
12647
25552
19771
11526
12782
12459
11487
13376
12866
13671
420849
298798
16569
1060485
589505
694035
21026
14381
1271005
25061
184277
47009
12577
11521
18990
1020860
19817
18043
11215
14066
11608
19817
706678
17445
687262
33439
18807
13195
13375
12596
12929
13218
15455
954126
21208
12644
12564
13039
12949
16032
527302
18012
14700
15009
21098
14799
262230
586286
19520
30891
13527
13050
19537
13058
15620
93721
12691
23873
13790
13278
12069
13508
11883
11744
11936
16673
1222919
23269
1565202
40324
18008
1625709
21929
90952
13223
444039
30058
31882
12382
12711
19922
1297611
20351
20491
420224
200368
1063279
20451
10800
12509
10955
10495
12715
159610
496365
1033110
19551
109356
11152
12104
43227
13466
10855
11661
11837
12464
77142
13157
274688
21683
1280317
57337
92981
11642
85488
13903
10794
10630
11059
10518
11240
81431
11597
11774
272156
197695
12442
2838888
21834
21586
28484
17367
889749
1236673
32683
318548
17739
29195
12456
14892
1682782
12231
13059
13372
13026
1336601
95938
24124
144908
16031
12438
42320
11959
13912
12237
13380
454733
15108
12321
1912269
297335
16447
335187
13409
11312
12090
12303
15113
11097
11905
12430
12198
15293
18048
21941
12130
56147
1161798
22920
11585
52150
11396
11130
12745
15002
814128
18129
25540
13509
207372
995287
725135
13229
12270
10764
12341
28726
34511
10597
9495
161020
14447
12705
9191
9063
2056
2703
2133
5007
2023
2136
2153
2128
2245
3053
2151
2353
91994
3068
5811
443524
3463
98868
2589
2511
8159
2195
66987
2690
2422
2351
2266
2129
2289
16778
2339
2638
107301
2865
7788
2374
10670
2439
16113
2339
2412
2345
4887
3672
2149
2416
2303
2177
2538
2413
2572
79765
54749
3092
200125
107697
132256
3935
2728
239187
4640
34903
9041
2370
2203
3650
192709
3776
3424
2098
2682
2180
3740
132121
3325
126870
6377
3593
2449
2520
2339
2439
2537
2982
182580
3897
2330
2302
2450
2421
2868
98388
3303
2761
2734
3818
2688
47774
112628
3700
5762
2519
2397
3593
2455
2943
17576
2477
4470
2591
2524
2243
2589
2286
2175
2235
3205
229803
4342
295063
7522
3450
303903
4056
17264
2509
84736
5423
6238
2343
2425
3614
251093
3953
3848
85747
38709
195482
4014
2154
2391
2080
2053
2531
31637
97155
193366
3836
20463
2173
2269
8353
2569
2121
2296
2279
2354
14872
2503
52388
4083
245696
10997
18021
2239
16696
2639
2126
2062
2131
2070
2237
15617
2297
2290
51828
39054
2426
540660
4262
4192
5440
3296
174934
235925
6147
59867
3455
5667
2362
2796
323963
2322
2483
2462
2470
252230
19086
4479
27623
3142
2373
8050
2232
2661
2306
2452
87277
2825
2358
365083
56194
3138
64790
2456
2237
2299
2341
2743
2127
2201
2274
2242
2789
3409
4140
2268
10500
224644
4296
2160
9795
2049
2098
2388
2769
155204
3437
4713
2538
39644
188174
139244
2558
2324
2005
2355
5533
6557
1970
1786
30731
2757
2448
1789
