48834
11730
13427
12050
27560
11471
11213
11292
11103
11438
15532
12031
12264
490929
16694
32280
2369039
19113
519913
14161
12041
43677
11158
364778
14766
13779
12574
11888
11003
13257
86700
13080
15111
560351
15145
40769
12739
58973
13357
84887
12181
13090
12603
25847
18991
11560
11611
11696
11289
14280
13632
15164
423213
298142
17523
1061896
589304
694733
21429
14362
1261326
25252
183308
47192
12333
11516
18380
1027007
20392
17652
11305
13463
11613
18416
706979
17693
681808
33822
18597
12708
13411
12580
12295
13014
15479
950365
21183
13061
12663
13168
13347
16740
528393
17889
15184
14523
21070
15300
261175
586677
20335
31960
12985
13124
19831
13136
15515
92307
12541
23693
13437
12789
12605
13044
11849
11270
12323
16628
1222018
22747
1567345
40505
17580
1617319
21651
90756
13487
444247
27808
31913
12263
12906
19225
1302692
20964
19860
423103
201069
1067585
19415
11216
12595
10636
10409
13187
158742
495869
1032278
19386
109439
10940
12344
41342
13410
10146
11738
11258
13176
79404
13551
276672
21308
1277037
55698
93364
12818
84722
14744
10678
11176
11434
10586
11752
81427
12096
11440
272514
198855
11645
2838910
22228
21350
28650
17810
888807
1230714
31893
316248
17916
27266
12137
15535
1675850
12186
13070
13732
11927
1333014
96310
24258
143114
15915
11920
41805
11771
13918
11950
13421
457141
15001
11911
1916275
296263
17165
330992
13350
11466
11131
12351
15351
11397
12019
11498
11884
15438
18572
22001
11960
57813
1165248
22092
11649
51819
12475
11355
12067
15220
808557
18480
25649
12965
207463
994687
723298
13327
11875
10478
12694
28619
35173
10223
10107
158832
14776
12498
9537
9029
2216
2588
2247
5073
2152
2138
2147
2091
2112
3000
2291
2350
91543
3155
6075
444841
3613
98058
2647
2326
8208
2137
67062
2793
2524
2338
2177
2068
2386
16593
2420
2755
106989
2904
7635
2391
10832
2500
16242
2296
2367
2280
4972
3545
2125
2259
2142
2162
2649
2514
2809
80179
54634
3226
200212
107211
132217
4039
2759
236946
4642
34710
8982
2327
2157
3588
193670
3821
3368
2129
2576
2199
3488
132155
3326
126205
6475
3563
2378
2514
2308
2336
2491
2980
181676
3906
2407
2351
2461
2508
3043
98640
3304
2783
2700
3786
2736
47480
112522
3747
5965
2450
2388
3680
2474
2916
17278
2444
4402
2553
2393
2344
2508
2255
2106
2246
3168
230146
4247
295206
7518
3450
302346
3996
17355
2536
84574
5060
6223
2333
2453
3524
252068
4056
3810
86065
38832
196008
3857
2216
2408
2004
2030
2599
31408
97083
192848
3780
20594
2167
2326
7992
2588
1995
2317
2171
2458
15234
2578
52598
3981
245592
10738
17972
2403
16570
2755
2123
2159
2211
2102
2337
15777
2340
2202
52036
39242
2294
541339
4322
4188
5434
3356
174870
235138
5995
59593
3493
5357
2322
2878
322517
2324
2498
2508
2314
251629
19157
4524
27342
3055
2263
7954
2189
2632
2293
2441
87589
2802
2263
365643
55859
3271
63829
2461
2273
2131
2298
2759
2152
2175
2145
2164
2817
3511
4105
2200
10827
224813
4152
2206
9829
2265
2162
2299
2812
154202
3503
4767
2424
39678
188118
139239
2617
2273
1940
2410
5475
6643
1899
1899
30196
2776
2371
1846
