49967
11674
13532
12524
26666
11279
11035
11945
11515
12074
15312
12131
11881
490273
16549
31901
2364474
18370
522910
14347
11981
45144
11578
362145
14937
13384
13179
12404
10758
12889
88430
12707
14609
564250
14832
41860
12526
57369
13094
85213
11719
12524
12050
26409
19026
11411
11627
11527
11925
13906
13212
13897
422890
292712
17148
1052875
582337
692143
21351
15191
1269798
24580
182451
46324
12409
12504
18883
1022579
21649
17672
11637
13449
11655
19810
711104
17558
687818
33903
19567
13161
13748
12386
13076
13551
15704
951822
21096
13007
13379
13970
12853
15764
532209
17705
15434
14627
20508
14916
264423
586421
20692
32819
14083
13613
18972
13120
15064
94343
12015
22971
13344
13280
12395
13524
11405
11896
11908
16460
1221825
22734
1577146
40760
17838
1621203
21418
90546
13401
444467
29314
30944
12884
12947
19195
1296247
21510
19799
420584
203377
1061415
19802
11594
12554
11045
10561
13285
158364
492855
1028085
19554
110684
11182
11838
42282
13076
10860
11497
11592
12943
78320
12949
276368
21243
1279054
56472
94950
12791
84002
13836
10896
11069
11205
10570
10795
80942
11245
11408
273341
197042
11693
2838402
21772
22292
28637
17648
888391
1233620
31973
316956
18103
28459
12288
15079
1678962
11673
12508
13295
12305
1333723
95940
23604
143790
15749
12483
42608
11127
13717
11564
13534
458432
15077
11950
1913659
298546
16833
332254
13291
10996
11162
12323
14634
11610
11878
11576
11887
15753
18687
21757
12135
57325
1156283
21965
11877
51455
12548
11432
12503
15485
812855
18542
25686
13058
206809
992916
723436
13160
12501
10929
11848
28310
34930
10550
10064
158451
14322
12145
9701
9223
2188
2637
2354
4892
2080
2068
2270
2161
2291
2991
2288
2280
91426
3157
5998
444050
3469
98657
2694
2285
8433
2218
66615
2754
2448
2427
2238
2036
2343
16774
2370
2676
107580
2831
7855
2361
10631
2444
16436
2238
2293
2221
5093
3581
2183
2206
2122
2277
2605
2475
2543
80590
53672
3143
199087
106469
132008
4029
2883
238819
4565
34514
8773
2352
2360
3642
192994
4062
3371
2182
2596
2224
3705
132529
3341
127357
6510
3709
2396
2567
2306
2500
2624
3023
182426
3897
2374
2444
2601
2396
2845
99268
3300
2840
2712
3718
2719
48042
112385
3830
6129
2643
2515
3517
2489
2811
17690
2376
4267
2551
2515
2278
2593
2176
2189
2185
3178
229666
4290
296678
7621
3467
303149
3957
17228
2539
84752
5277
6023
2447
2467
3553
250881
4149
3748
86026
39423
195173
3906
2273
2392
2065
2054
2594
31370
96496
191995
3824
20864
2214
2245
8200
2488
2116
2223
2243
2453
15199
2450
52707
3985
245625
10921
18338
2396
16427
2605
2162
2135
2153
2070
2151
15682
2229
2220
52021
38934
2304
541334
4259
4320
5491
3350
174503
235756
6035
59642
3512
5532
2317
2837
323180
2252
2394
2464
2345
251937
19118
4402
27535
3000
2390
8093
2084
2604
2190
2473
87938
2805
2237
365277
56351
3193
64270
2455
2171
2171
2291
2635
2151
2156
2138
2180
2846
3517
4049
2241
10778
223179
4123
2219
9705
2235
2203
2344
2836
154884
3445
4794
2450
39646
187870
139336
2554
2371
2035
2298
5426
6614
1979
1928
30246
2716
2353
1865
