49368
11149
13188
12422
26909
11477
10923
11249
11523
12311
16583
12005
12000
489802
17730
31544
2361805
18851
522107
13492
12351
42464
11268
366175
14840
13229
13174
11932
11525
13076
88238
13046
14916
564017
15150
42582
12394
58629
13651
83383
11680
12405
12576
25201
19752
11119
11176
11650
11483
14929
13617
13978
422522
296785
16846
1062164
587135
693168
21290
15047
1262197
25248
183836
47624
12766
11736
18720
1020144
20702
18237
11350
13333
11456
18553
705237
17727
687942
34116
18693
13110
13406
12335
12331
13031
14904
954015
20871
13084
12808
13208
12625
16285
530917
17234
14774
14645
21111
15649
263409
585524
21026
32380
12741
12928
19284
12202
15236
94449
12453
23689
13362
13478
12367
13647
11589
11222
12859
16636
1224646
23129
1566773
40812
17384
1621310
20955
90235
13918
443981
29785
31895
12104
12014
19818
1297874
21502
20196
420586
200921
1061729
19845
11479
13111
10797
11156
13876
159271
494236
1023782
18679
110456
11336
11569
41979
12782
10484
12022
11054
13446
78846
13204
274456
21134
1277197
55829
91885
12468
84132
14294
11267
10876
11015
11152
11047
81181
11671
12226
274996
199234
12328
2849055
21575
21198
28049
17681
889378
1228457
31377
320701
17760
28080
12131
15899
1682630
11573
13043
12862
13226
1333043
95809
24546
143256
16005
13067
42333
12258
13918
12550
13517
456465
14963
11839
1909119
295029
17379
336812
12711
11606
11590
12481
15139
11411
11798
11621
12194
15376
19582
21039
12444
56306
1164640
23289
11745
50766
12078
11527
11892
15958
809066
19210
25433
13122
206840
990725
723798
14101
11858
11195
12126
27898
34357
10633
9507
157584
15125
12401
9707
9133
2116
2565
2291
4927
2131
2068
2153
2172
2297
3172
2279
2276
91270
3320
5888
443154
3558
98456
2540
2352
7988
2151
67453
2754
2443
2454
2174
2156
2350
16769
2407
2717
107422
2897
7955
2353
10740
2547
16025
2230
2236
2346
4889
3629
2091
2152
2134
2234
2791
2497
2613
80202
54462
3142
200397
107074
132010
3998
2901
237425
4662
34812
9053
2422
2212
3643
192234
3962
3454
2128
2573
2196
3543
131729
3351
127013
6520
3570
2398
2510
2272
2362
2492
2906
182434
3850
2364
2360
2470
2388
2906
98829
3189
2745
2659
3857
2868
47905
112512
3889
6018
2390
2380
3565
2323
2860
17643
2420
4391
2538
2527
2321
2610
2236
2088
2404
3182
230014
4356
295115
7508
3359
303040
3879
17219
2627
84735
5376
6216
2319
2293
3636
251260
4172
3822
85910
38819
195251
3904
2259
2475
2021
2142
2745
31430
96595
191795
3663
20776
2196
2173
8085
2425
2042
2358
2160
2498
15185
2506
52307
3950
245181
10732
17762
2363
16442
2720
2256
2083
2119
2144
2188
15677
2298
2372
52326
39284
2393
543297
4245
4168
5344
3335
175011
234883
5927
60242
3481
5489
2309
2979
323967
2208
2506
2372
2556
251594
19053
4534
27277
3081
2474
8016
2308
2612
2415
2491
87348
2829
2233
364522
55676
3252
64787
2374
2324
2247
2345
2749
2168
2147
2141
2248
2814
3721
3934
2286
10583
224869
4377
2229
9613
2182
2209
2259
2934
154073
3611
4731
2414
39504
187422
139124
2679
2282
2082
2353
5400
6552
1974
1815
30102
2837
2375
1885
