49184
11118
13386
12223
27281
11251
10817
11615
11591
12271
15069
11301
12333
490151
16670
30924
2362065
19202
522173
14055
12727
43234
11205
364527
15075
12900
12593
12195
10885
13182
86955
11174
14558
563277
15962
41925
11479
56677
13062
84036
12123
12717
13145
25895
19614
11633
11889
11175
12128
14154
13617
14435
424531
297134
17158
1061508
587668
699994
22050
14944
1271180
24694
183761
47513
12959
12158
18745
1027994
20566
17838
11501
13694
11187
19491
705779
17909
688847
33704
18401
13275
12976
12822
12965
12947
15489
949272
20240
13544
12828
13926
13542
16321
528782
17529
14705
15209
21168
15493
263937
585313
19982
30986
12909
13403
19792
12598
14891
93849
11837
23858
13232
12861
12401
13068
11683
11322
12337
17410
1223579
22812
1563959
41071
17669
1611621
21569
91202
13524
443842
29587
32355
12508
12587
19775
1291701
20551
19888
420269
200876
1061946
20519
11483
12292
10769
10972
12754
156236
491496
1030386
20015
110619
10631
12225
42975
13141
11000
11291
11837
12700
78467
13539
274011
21534
1282039
56572
95138
12297
86333
14474
10973
10735
11632
11039
10209
80846
11371
11416
269962
196951
12236
2845888
21193
20935
29367
17133
886060
1236789
32701
316972
16771
27441
12191
14861
1675480
11516
12681
12637
13281
1338518
95181
24544
143777
16317
12702
41992
11172
13774
12600
14113
455137
15416
12356
1915772
294282
16293
333743
13413
11290
11593
12184
15069
10826
11582
12174
12563
14574
18031
22446
12496
56883
1169001
23182
12414
51365
11909
11496
12451
15232
810721
18582
26163
13398
206879
992707
721463
13582
11768
10355
12268
29003
33657
10576
10074
158446
14660
12442
9654
9143
2075
2580
2281
4991
2087
2107
2219
2187
2308
2898
2174
2371
91647
3158
5813
443048
3589
98525
2597
2422
8111
2123
66836
2813
2374
2319
2246
2066
2410
16478
2114
2635
107364
3012
7832
2205
10421
2415
16103
2324
2338
2379
4964
3677
2193
2264
2077
2320
2655
2510
2678
80761
54468
3183
200085
107166
133187
4145
2854
238917
4581
34880
9033
2445
2313
3626
193721
3859
3390
2166
2620
2134
3694
131760
3380
127296
6422
3535
2481
2450
2334
2437
2495
2945
181575
3735
2450
2380
2591
2517
2883
98324
3251
2718
2784
3812
2791
47949
112150
3723
5767
2417
2428
3667
2370
2801
17541
2314
4456
2506
2455
2311
2565
2265
2090
2289
3336
230043
4267
294841
7605
3446
301588
3997
17391
2588
84711
5343
6301
2374
2428
3611
250007
3983
3773
85927
38753
195424
3975
2251
2365
2054
2097
2511
30929
96190
192769
3858
20890
2091
2323
8283
2513
2163
2212
2279
2349
15116
2516
52195
4004
246011
10865
18407
2356
16736
2724
2202
2086
2254
2152
2055
15590
2226
2190
51481
38963
2365
542549
4176
4086
5601
3199
174135
236002
6117
59588
3299
5387
2340
2764
322883
2209
2406
2347
2555
252548
18949
4512
27456
3128
2436
7944
2084
2663
2384
2593
87314
2886
2311
365901
55704
3137
64461
2480
2236
2219
2281
2763
2072
2134
2253
2311
2696
3421
4219
2323
10650
225373
4343
2307
9696
2108
2192
2368
2789
154499
3518
4876
2491
39549
187673
138651
2601
2269
1935
2358
5568
6327
1980
1911
30348
2803
2414
1860
