49469
11317
13858
12219
26379
12254
11368
11262
11046
12492
14972
11414
11978
486452
17696
31298
2364205
19130
524931
13440
12234
42357
11050
362184
14862
13232
12808
12820
11069
13157
88471
12192
14548
565952
15114
42145
12574
58177
12848
85080
11657
13405
13130
26069
19762
11380
11587
11623
11574
13649
13612
14825
420775
296600
16239
1062793
583910
694716
22008
15012
1267622
25792
183474
46872
13013
12120
19061
1029493
20160
18402
11389
13711
11992
19288
702678
17583
690160
33818
18405
12757
13177
12692
12731
13397
15652
957099
20675
13470
13108
12965
12658
16993
523832
17158
14589
15588
21065
15219
263897
588760
20354
31089
13052
13499
19951
12602
15318
93947
12159
23394
13386
13441
12491
13354
11838
12011
13016
16834
1217019
22860
1573177
41298
17642
1627628
21391
91312
13290
442882
28450
32237
11826
11855
19781
1290384
20747
19591
419448
202154
1069602
19552
11455
13023
10381
10376
13494
156223
492451
1027385
19004
111271
11063
12090
41982
13043
10817
11564
11654
12988
79261
13132
276637
21288
1280200
56282
95352
12284
85204
13772
10553
10816
11685
10635
10609
81755
11985
12405
276015
198262
11731
2841667
21806
20983
27574
17567
889908
1233775
32894
317462
17747
28621
12087
15480
1680833
11621
12873
13759
12166
1333554
94152
23981
140714
15511
12425
42492
12065
13804
12039
13233
451968
15329
12438
1916404
295361
16540
332395
12888
11214
11308
12056
14839
11870
11800
12596
12392
15968
18659
20843
12016
55732
1162522
22160
12054
51503
12399
12305
12537
15113
811022
18682
25624
13457
209288
997027
721107
12892
12554
10576
12939
28800
33849
10314
9772
158006
14337
11977
9629
9160
2151
2693
2286
4853
2259
2160
2138
2081
2341
2908
2135
2277
90896
3317
5915
443313
3610
98910
2535
2300
8021
2115
66858
2750
2446
2379
2314
2075
2357
16737
2259
2616
107720
2898
7811
2391
10611
2400
16222
2232
2444
2425
5052
3684
2144
2215
2143
2189
2543
2499
2743
79929
54523
3059
200265
106590
132362
4104
2911
238612
4779
34693
9024
2469
2303
3683
194042
3806
3518
2156
2615
2267
3595
131131
3334
127464
6457
3536
2352
2476
2335
2411
2542
3013
183154
3816
2440
2440
2464
2359
3008
97871
3211
2730
2845
3783
2745
48059
112806
3798
5840
2474
2471
3681
2389
2891
17566
2344
4357
2532
2519
2305
2575
2282
2208
2401
3230
228872
4294
296401
7646
3457
304099
3943
17388
2543
84507
5123
6285
2227
2284
3623
250036
4012
3739
85551
38997
196331
3845
2265
2491
1996
2010
2611
31051
96553
192307
3692
20904
2162
2291
8138
2527
2114
2268
2239
2409
15301
2460
52693
3924
245734
10779
18323
2303
16634
2640
2114
2101
2237
2102
2111
15736
2350
2407
52518
39140
2313
541073
4236
4082
5238
3290
175149
235655
6208
59814
3431
5619
2336
2887
323785
2212
2508
2519
2328
251680
18765
4478
26907
3001
2366
8028
2280
2635
2268
2454
86668
2870
2313
366085
55797
3154
64075
2400
2233
2174
2255
2715
2260
2165
2332
2257
2902
3520
3987
2224
10487
224036
4173
2231
9642
2240
2298
2329
2770
154323
3476
4745
2531
40036
188659
138630
2503
2391
1986
2511
5538
6424
1926
1854
30127
2714
2309
1849
