49067
11419
13640
12283
26860
11432
11064
11885
11038
11795
15676
11727
12686
492999
17395
31200
2358684
18462
524205
13225
11804
43682
11695
365373
14720
12978
12940
12408
11345
13001
86690
12619
14392
563565
14470
42154
12352
57712
13177
85685
12062
13015
12839
25825
19181
11045
12497
11581
11944
14258
13647
14565
419148
299403
16458
1062727
587343
694099
21641
14172
1264767
24740
183551
45933
12577
11522
18145
1027475
21378
18182
11231
13618
11213
18982
703213
16645
692063
34620
18276
12752
12996
12873
12872
13599
15480
952775
19668
13319
13852
12668
13118
16876
532964
18754
14715
14743
21585
14518
262262
587622
20245
31771
13351
12951
20061
12953
15207
94697
12655
23820
13511
13066
12293
12807
11235
10572
12701
16597
1225495
22496
1566078
40807
17849
1622000
21746
92118
13789
445033
29613
31881
12165
12092
19483
1295998
21317
19437
420320
201808
1060678
19475
11521
12170
10884
10252
13351
157488
490726
1026409
18855
108992
11099
11756
42454
12898
10506
11522
12127
13466
78313
13203
277454
21162
1277480
55008
93177
12096
86212
13849
11346
10659
11179
10717
11618
81459
11796
11776
272574
200081
12339
2843472
22451
21317
27765
17832
889389
1237424
33477
314784
17306
28287
11776
14950
1677647
12407
12821
13274
12886
1327786
93168
24535
144404
16303
12948
41741
11340
14021
11382
13132
458348
14856
11856
1918752
294810
16740
336364
13122
11129
11691
12389
14686
11683
11687
11858
11888
15423
19215
21546
12728
58134
1161785
22249
11511
50203
11769
11657
12698
15409
805950
18457
26478
12767
208376
996818
722125
13259
12092
10351
12782
28776
34017
10391
9988
159761
15057
13093
9707
9174
2152
2617
2244
4953
2140
2099
2264
2084
2228
3039
2195
2403
91867
3250
5866
442573
3456
98803
2488
2270
8198
2230
67140
2770
2377
2425
2231
2122
2357
16528
2346
2649
107400
2772
7898
2334
10652
2438
16363
2300
2377
2374
4981
3584
2086
2341
2147
2275
2662
2521
2689
79766
54917
3040
200361
107447
132564
4083
2739
237980
4624
34772
8803
2378
2204
3532
193964
4007
3448
2110
2626
2141
3550
131039
3173
128028
6567
3458
2386
2467
2377
2428
2627
2972
182144
3640
2447
2540
2370
2454
3002
99246
3446
2745
2723
3926
2633
47658
112771
3808
5967
2478
2396
3712
2425
2860
17761
2435
4424
2573
2497
2330
2453
2180
1978
2296
3157
230110
4241
295149
7621
3451
303082
4042
17439
2588
84773
5381
6196
2332
2362
3607
250805
4082
3710
85794
39020
195405
3805
2214
2349
2078
1987
2635
31164
96071
192291
3719
20568
2187
2219
8196
2448
2066
2232
2340
2478
15092
2485
52800
3937
245755
10588
17939
2318
16887
2643
2227
2082
2151
2118
2265
15658
2310
2293
51791
39469
2427
541597
4432
4129
5345
3336
175142
236267
6266
59258
3376
5513
2233
2789
323114
2329
2475
2440
2490
250826
18467
4582
27576
3173
2438
7906
2110
2654
2174
2433
87855
2816
2213
366395
55643
3189
64725
2466
2207
2234
2332
2677
2177
2150
2214
2204
2812
3624
4051
2337
10916
224346
4191
2159
9517
2094
2185
2354
2824
153739
3479
4821
2380
39833
188474
138948
2552
2310
1937
2459
5519
6511
1938
1926
30414
2870
2539
1877
