49010
11726
13654
12755
26449
11095
10923
12066
11408
12187
14554
11389
11893
486516
17030
30797
2364895
19751
521108
13170
11726
43719
11063
366802
15330
12744
12823
12806
12056
12429
89149
12604
15401
562675
14795
41929
12786
57334
13196
85116
11788
13383
12753
25870
20679
11160
12276
12101
11535
14761
13466
14408
423527
296905
16399
1064912
583700
695834
21240
15149
1272979
24859
185047
47029
12712
12181
18339
1026685
20888
18024
11383
14170
11333
19591
704904
17575
686386
32977
18127
13202
13211
12429
13405
13590
15625
948512
20379
12512
12779
13010
13657
15887
523129
17528
14695
14964
21579
14967
264801
588777
20575
31753
13149
12970
20034
12898
15608
94224
12796
23460
13839
14182
12332
13062
11715
11497
13031
17134
1230482
23116
1565196
39598
17706
1627574
21861
92187
13540
444841
29179
32381
12147
12787
19777
1295952
20712
19996
420297
201446
1064262
19334
11393
12997
11125
11096
12848
157994
496010
1031536
19360
111212
11453
11520
42257
13390
11069
11815
11562
12809
78170
12962
276451
21512
1281063
56159
92985
12528
84752
14983
10520
11403
10630
10278
10977
82113
11981
11773
274727
199545
11634
2852726
22094
20990
29044
17865
890370
1230075
31643
316847
18194
27720
12135
14005
1679946
12181
12765
12995
13487
1333924
94375
24093
143317
15988
12405
41373
11196
13652
11680
13100
459161
15062
11659
1916018
291867
16628
334516
12490
10859
11557
12193
14581
11100
11923
11505
11883
14673
18870
21779
12834
56901
1162261
22674
11671
50748
11689
11823
12102
15604
811493
17793
26234
13104
208166
995964
726603
13158
12586
10133
12327
28091
33862
10780
10146
156328
14887
12540
9506
9049
2203
2627
2345
4893
2098
2084
2266
2167
2271
2843
2125
2266
90914
3221
5757
444005
3659
98369
2480
2249
8197
2150
67262
2880
2326
2370
2296
2264
2260
16964
2325
2784
107084
2830
7879
2425
10550
2440
16313
2227
2423
2346
4998
3836
2116
2334
2221
2219
2721
2478
2627
80372
54552
3058
200814
106467
132434
4014
2851
239630
4599
34970
8984
2360
2316
3588
193611
3954
3439
2155
2725
2134
3668
131804
3343
127047
6321
3505
2446
2478
2293
2560
2616
2962
181290
3738
2270
2389
2430
2559
2835
97529
3271
2700
2751
3919
2693
48176
112884
3832
5960
2427
2390
3699
2439
2909
17638
2466
4366
2582
2688
2310
2534
2254
2145
2417
3303
231084
4311
294729
7378
3427
304060
4063
17561
2569
84766
5289
6302
2312
2463
3662
250703
4022
3795
85876
38874
195880
3784
2246
2455
2101
2131
2552
31326
97288
192901
3793
20965
2223
2209
8179
2592
2144
2314
2203
2414
15060
2430
52730
4034
246173
10871
17913
2387
16485
2841
2121
2190
2073
2026
2188
15811
2348
2285
52330
39422
2276
543191
4310
4120
5572
3341
175379
234985
5936
59653
3521
5420
2346
2635
323371
2301
2438
2406
2578
251943
18816
4493
27427
3116
2354
7878
2096
2578
2223
2456
87870
2876
2208
366015
55262
3180
64536
2351
2174
2228
2299
2655
2089
2201
2147
2187
2692
3523
4080
2391
10672
224418
4251
2206
9603
2109
2248
2280
2847
154728
3347
4868
2436
39762
188183
139477
2557
2388
1888
2415
5366
6369
2026
1960
29715
2810
2420
1845
