48202
10950
13931
12005
27605
11666
11162
11339
11294
11739
15999
12261
11838
491871
16022
31701
2371179
18842
526143
13769
12711
44095
11661
364628
15588
13026
12921
12450
11436
13580
88991
12376
14334
559208
15692
41629
12049
58524
12850
85320
11963
12102
13176
26132
20086
12070
12150
11637
11788
13893
13092
14413
420514
298567
16554
1065227
587786
699068
21926
14749
1270989
24686
182044
44628
13018
11678
18539
1026810
20591
17979
11177
14492
11196
18946
709450
17093
689695
34344
18846
13549
13371
11662
13124
13546
15001
952816
21078
12608
12996
13595
12691
16297
525464
18104
14494
14901
22040
15027
263437
582222
18638
31775
13264
13055
19003
12959
15821
91388
12067
22917
13544
13340
13008
13214
12332
11459
12484
16932
1228650
23441
1574654
41504
18376
1619699
21134
90031
13724
446855
29956
31678
12234
12507
19425
1298352
20513
19708
416182
199194
1062641
19436
10889
12461
10878
10491
13286
157505
494015
1030768
18959
111201
11250
11970
42700
13174
10808
11604
11305
13526
77861
12936
276637
21506
1277034
55071
93536
12932
85251
14889
10700
11032
10699
11094
11087
80697
12185
11465
275621
196649
12687
2830723
21705
20571
28888
16732
889392
1241973
32095
314237
17202
27158
12098
14998
1674969
12256
12863
12728
13079
1335159
95397
24157
143835
16319
12701
41758
11800
13178
11428
13818
455911
15317
11713
1913497
294050
16715
332287
12949
11107
11668
12508
15151
11607
11353
11515
11594
15256
18831
21620
12259
57173
1157768
22475
11155
51879
12581
11333
12434
14437
815204
18410
25434
13050
207453
999530
722946
13545
12275
10106
12079
28700
34953
10613
9490
158117
14411
12447
9653
8982
2095
2642
2229
5012
2204
2137
2155
2144
2218
3108
2308
2241
91760
3033
5985
444779
3544
99202
2576
2434
8267
2245
67127
2902
2375
2394
2261
2128
2450
16907
2343
2658
106620
3022
7740
2293
10797
2407
16345
2269
2215
2415
5007
3726
2283
2313
2158
2232
2596
2405
2668
80031
54589
3044
200786
107184
133338
4092
2817
239018
4560
34521
8590
2448
2226
3556
193562
3885
3404
2103
2740
2129
3599
132583
3270
127601
6588
3607
2538
2516
2181
2469
2588
2900
182430
3932
2321
2416
2582
2398
2932
98027
3343
2683
2742
3955
2714
47930
111862
3494
5927
2487
2424
3529
2457
2964
17107
2340
4355
2582
2540
2434
2530
2352
2111
2275
3263
230848
4437
296740
7683
3543
302948
3889
17203
2594
85348
5370
6134
2300
2376
3556
250631
4014
3709
85107
38611
195551
3846
2163
2400
2032
2032
2602
31219
96670
192753
3724
20866
2203
2288
8245
2508
2108
2254
2176
2473
15031
2429
52674
3977
245257
10590
18086
2437
16618
2846
2120
2144
2087
2158
2215
15588
2409
2224
52480
38974
2481
539471
4245
4041
5533
3154
174995
237011
6101
59214
3379
5310
2322
2798
322318
2343
2475
2339
2490
251790
18922
4496
27495
3145
2385
7970
2219
2533
2174
2563
87214
2893
2218
365201
55510
3184
64199
2408
2204
2215
2324
2760
2209
2097
2094
2146
2790
3545
4099
2223
10717
223581
4211
2106
9736
2251
2182
2339
2705
155226
3452
4740
2421
39732
189092
139085
2637
2351
1888
2365
5541
6661
1989
1814
30195
2739
2395
1868
