49919
11395
13791
12422
26164
10863
10768
11790
10903
12210
15392
11465
12480
489592
16533
31880
2363286
18501
524536
13987
12340
44413
11253
366723
14943
12903
12416
12175
11905
13185
88445
12120
14461
562511
14958
41602
11975
57936
12433
85497
11862
12696
13139
25089
19788
11509
12013
11435
11260
13915
13201
14484
422100
295286
16516
1058609
589682
694800
21335
14415
1275567
25519
182768
46407
12618
11869
18216
1022644
20931
18061
10599
14501
11192
18729
700462
16846
690270
32647
18213
13880
13605
12146
13559
12959
15051
949931
20967
13145
12573
13793
12820
16492
527011
17589
15552
15091
19928
15025
262816
587412
20398
31744
13536
14148
19419
12275
15270
92502
13160
24364
12777
12926
12507
13460
11389
11113
12839
17013
1228082
23254
1568415
40560
18106
1618963
21057
89611
13701
445509
29265
31392
11825
13083
18691
1294431
20754
19509
423393
201354
1063063
20775
11295
11990
10453
10670
13475
157798
491522
1023574
18763
109002
11445
11970
42605
13234
10713
11022
11094
12825
78914
12713
273942
21101
1281174
56265
93266
11999
85477
14242
10979
11123
11158
10344
11254
82961
12104
11476
271588
200681
11979
2841370
22839
21587
28041
17204
887132
1240134
31676
316379
18145
28494
12013
15194
1672603
12202
12599
13081
13008
1333675
96377
24428
145165
15877
12715
42331
11464
13865
11949
13723
456229
15153
12306
1916147
298839
16823
335633
13612
11400
11812
11936
14365
10888
12260
12257
11866
15665
19116
21599
12283
56966
1161061
22531
11558
51908
12637
11647
11811
15313
808692
18286
25613
12816
208130
993975
725265
12943
12303
10511
12465
27629
33986
10345
10552
158126
14833
12844
10024
9230
2155
2638
2313
4830
2063
2081
2236
2023
2269
2981
2187
2360
91394
3112
5977
443668
3495
98877
2622
2336
8366
2141
67314
2780
2388
2338
2235
2236
2391
16770
2242
2649
106891
2839
7738
2316
10681
2352
16343
2250
2335
2410
4848
3726
2170
2314
2111
2158
2589
2440
2695
80172
54200
3073
199554
107640
132406
3994
2747
239778
4745
34758
8903
2393
2316
3582
193048
3979
3432
2004
2788
2138
3544
130847
3233
127565
6247
3456
2536
2528
2253
2566
2486
2931
181655
3902
2425
2323
2598
2396
2931
98507
3246
2888
2775
3680
2695
47813
112777
3826
5931
2578
2612
3605
2299
2880
17314
2524
4566
2431
2459
2332
2613
2210
2071
2397
3286
230535
4394
295491
7533
3531
302563
3905
17055
2607
85198
5279
6094
2255
2520
3420
250483
4030
3721
86615
38917
195545
4110
2252
2321
1974
2057
2656
31279
96091
192002
3638
20515
2217
2296
8260
2532
2061
2153
2135
2412
15232
2378
52278
3950
245929
10852
18032
2303
16746
2708
2170
2166
2178
2014
2214
15908
2375
2228
51648
39732
2359
542328
4474
4204
5297
3228
174562
236903
5984
59611
3479
5592
2310
2840
322107
2332
2397
2420
2462
251628
19174
4518
27706
3081
2404
7991
2143
2630
2251
2503
87502
2830
2317
365652
56281
3230
64590
2506
2259
2249
2224
2627
2078
2249
2264
2197
2868
3553
4068
2278
10739
224083
4243
2179
9780
2252
2214
2227
2803
154361
3462
4735
2366
39990
188220
139288
2503
2383
1976
2404
5293
6462
1922
1997
30284
2832
2460
1921
