49913
11162
13604
12063
27201
12058
11338
10933
11346
11820
15137
11396
11436
491182
16587
32334
2360141
18338
524669
12755
11498
44036
11196
367395
15711
13079
12654
12361
11425
12499
87810
12805
14841
560630
15615
42438
12288
56689
13221
84223
11948
13336
12733
25952
19205
11218
12149
11650
11457
14413
13472
13841
421037
296383
16477
1059806
586757
697052
21970
14778
1271249
24867
182747
45228
12483
11985
18850
1029306
20184
18101
10860
13466
11277
18627
708302
17406
686216
33894
18940
12292
13825
12466
12870
12979
15209
948466
21352
13011
12965
13250
12570
16772
527910
18017
14652
14812
21163
15410
263260
585884
20243
31451
12282
13900
19253
12500
15555
93497
12236
23747
12984
13742
13116
13023
12212
10958
12607
16790
1225642
23010
1564858
40413
17247
1618272
20765
92021
13315
441567
29261
32475
12522
11941
19406
1298168
21814
20970
421792
199315
1067478
18880
11133
12889
10576
10123
13302
157269
493256
1029775
19701
109737
11405
12129
41857
12932
11229
11435
11373
13559
78509
13372
273430
22018
1284283
55515
93252
12304
87245
14531
10893
10610
10775
10357
11513
79769
12073
12023
273158
200478
12309
2836168
21469
20943
28425
16959
888570
1235806
32383
315890
17438
28042
12167
14905
1678601
12567
13204
13019
12491
1334772
96084
25163
143201
16130
12438
42440
11760
14185
11799
13863
455862
15782
12467
1913796
295353
16680
333066
13144
11240
11137
12083
15228
11541
12274
11755
11355
15285
18450
21948
12951
56941
1164290
22667
12003
51614
12057
11234
12842
14847
812680
17599
25511
12216
208689
994030
722550
13057
11672
10801
12335
27929
35401
10700
9919
156938
14991
11913
9290
9222
2145
2596
2256
4988
2252
2191
2088
2145
2227
2931
2126
2217
92013
3115
6072
442588
3476
99049
2403
2196
8258
2183
67569
2931
2415
2359
2275
2132
2265
16746
2383
2697
106950
2969
7918
2324
10430
2445
16127
2309
2442
2343
5031
3578
2126
2319
2165
2201
2696
2471
2594
80176
54488
3054
199919
107252
132555
4138
2849
238652
4628
34757
8624
2368
2293
3663
194121
3839
3426
2051
2568
2147
3556
132067
3284
126923
6530
3596
2286
2592
2322
2423
2505
2889
181563
3951
2427
2381
2507
2347
2991
98554
3295
2726
2690
3832
2807
47924
112393
3743
5903
2327
2523
3570
2385
2905
17507
2368
4437
2451
2553
2427
2533
2318
2041
2313
3189
230345
4345
294852
7473
3334
302340
3857
17481
2527
84215
5318
6304
2387
2305
3583
251310
4179
3978
86250
38421
196147
3700
2186
2459
2028
1964
2609
31155
96497
192842
3836
20676
2253
2337
8133
2494
2191
2222
2218
2526
15128
2508
52198
4108
246825
10613
17957
2345
17047
2780
2160
2087
2124
2025
2264
15375
2370
2344
52054
39556
2446
541358
4206
4057
5379
3203
174784
235968
6041
59439
3375
5476
2324
2767
323040
2393
2527
2414
2391
251985
19086
4657
27368
3102
2384
8074
2199
2658
2252
2532
87263
2951
2350
365226
55777
3191
64075
2423
2240
2153
2256
2771
2165
2226
2212
2087
2791
3479
4109
2360
10711
224754
4238
2246
9669
2173
2136
2396
2726
154666
3301
4708
2287
39892
187919
138886
2509
2235
1998
2405
5379
6718
2018
1874
30102
2846
2314
1806
