49051
11385
13277
12047
26528
11325
10892
11520
11378
12081
15772
11573
11909
494736
16305
30935
2365501
18398
525714
13947
12519
43855
11695
365641
14506
12729
12697
11753
11610
11954
89649
12821
14879
562417
15019
42738
12246
56732
13055
84548
11796
13443
13630
25549
19673
11606
12102
12491
11189
14050
12576
14121
421509
296230
16300
1062562
584168
699429
21463
14753
1263331
24820
181783
46797
12620
10974
18383
1030823
20374
18694
11169
13644
10949
18557
708299
17643
689976
34264
18419
13431
13380
12317
13022
13429
16203
953876
21093
13026
12468
13243
12996
15757
530563
17720
14847
15048
21121
14753
265289
582437
20994
31832
13011
12236
18360
13356
15609
93644
12104
24428
14011
12797
12811
13127
12027
11685
12334
16030
1217182
22273
1576008
40546
17899
1618905
21153
90081
13690
444081
29024
32612
12335
12315
19456
1297739
21670
19569
418694
201181
1057266
19902
11312
12331
10960
10561
12694
157177
494506
1028157
19606
108417
10885
11565
41583
12720
11152
12023
11533
12891
79005
13088
273466
22085
1278169
56218
94435
12999
84451
14187
11392
10657
11246
10508
10950
81741
12108
11942
274153
200366
11794
2842951
21806
21156
29006
17097
890483
1235177
33312
315856
17463
28443
11979
14675
1678051
11908
13000
13315
12794
1329237
94340
24237
145098
16014
12222
42436
11525
14360
11489
13453
458080
14536
12131
1918952
296353
16368
336016
13519
12024
11405
12727
15495
12069
11684
12255
11884
15117
18800
21755
11906
56043
1159022
21969
12025
49725
11821
11595
13250
15705
809195
19067
26383
12953
208933
996185
723407
13306
11921
11579
12611
28643
34473
10572
9921
158854
14357
12535
9617
9094
2127
2562
2264
4914
2091
2058
2185
2148
2247
3047
2160
2278
92354
3110
5829
443460
3523
99037
2604
2377
8252
2231
67238
2709
2304
2372
2147
2122
2136
16997
2370
2694
107059
2853
7921
2348
10438
2445
16142
2264
2443
2465
4932
3674
2212
2296
2286
2149
2635
2371
2633
80161
54307
3032
200412
106728
133232
4028
2840
237594
4617
34538
8936
2365
2151
3581
194226
3869
3555
2119
2608
2098
3480
132211
3359
127406
6466
3498
2447
2535
2278
2476
2579
3118
182506
3912
2410
2325
2505
2460
2817
98957
3270
2766
2784
3850
2670
48240
111933
3891
5936
2429
2240
3433
2510
2923
17561
2364
4564
2661
2438
2408
2528
2318
2152
2288
3083
228740
4196
296847
7616
3457
302469
3931
17206
2633
84864
5255
6299
2324
2366
3631
250914
4193
3699
85659
38818
194396
3893
2229
2355
2051
2020
2518
31019
96924
192429
3813
20442
2150
2197
8084
2392
2174
2334
2198
2408
15252
2481
52237
4098
245965
10814
18233
2444
16392
2702
2232
2035
2175
2043
2195
15773
2387
2350
52204
39521
2311
542448
4278
4130
5526
3265
175200
235542
6276
59371
3403
5609
2262
2761
322791
2280
2470
2447
2436
250845
18805
4505
27570
3057
2347
8041
2191
2759
2189
2473
87604
2758
2294
366205
56103
3120
64771
2496
2360
2173
2396
2812
2283
2151
2235
2164
2780
3532
4079
2206
10527
223792
4145
2235
9395
2153
2220
2471
2876
154155
3611
4845
2428
39889
188507
139317
2565
2274
2153
2444
5458
6586
1954
1879
30359
2720
2418
1843
