49605
11746
13804
12471
26560
11665
11056
11568
11375
12091
15548
11948
12401
490547
17162
30886
2371128
18957
523099
13744
12177
43735
10904
365914
15369
12307
12523
13353
11791
13282
89107
12437
14707
565606
15621
42593
12183
58244
13098
85630
11645
12626
13046
25444
19392
10931
12080
12225
11362
14628
12851
14757
420040
294833
15895
1061584
587149
699563
21683
15004
1263972
24637
182219
47552
12771
11969
18533
1025373
20416
17061
11039
14155
10770
18706
710018
17697
688462
34060
18510
13609
13185
12543
12669
12719
14518
947504
20478
12560
12926
13381
13190
16872
531020
17970
15196
15114
20341
15523
264941
581028
19688
31105
13233
13152
19510
13356
14875
92577
12218
23153
13267
12941
12137
12913
11634
11262
13358
16032
1218765
23227
1574815
40070
17898
1615557
21313
90643
13692
439508
28408
33506
12508
12253
19508
1295356
20363
20711
420893
198778
1062544
20633
11167
11464
10771
10938
13314
157818
495747
1030031
19217
111043
10905
12309
40535
13112
11176
11301
11731
12958
79273
13444
277543
21135
1281432
55719
93132
12455
84626
14402
10935
10345
10941
11161
10782
79842
11240
12523
275271
197773
11898
2836214
21769
21331
28170
17377
891595
1231210
33082
311948
18491
27275
11964
14474
1675835
12283
13158
13342
12011
1333958
95416
24540
144032
15351
12331
42490
11349
13514
11560
13607
457293
15606
11261
1911389
293805
17060
333982
12812
10982
11762
11691
14075
11478
11253
11706
12114
15410
19168
21981
12225
56291
1161176
22727
11963
51956
11874
12083
12358
15574
808151
18534
25566
13098
208500
995205
726150
13276
12793
10385
12172
28811
35005
10869
10287
156341
15507
12153
9780
9214
2234
2678
2292
4893
2184
2134
2181
2144
2225
2989
2252
2399
91679
3213
5815
444622
3570
98610
2571
2312
8160
2085
67207
2915
2300
2321
2437
2222
2377
16880
2307
2673
107612
2951
7960
2311
10681
2466
16415
2201
2315
2409
4936
3647
2089
2283
2225
2173
2685
2386
2773
79936
53992
2950
200084
107065
132875
4084
2847
237919
4572
34508
9128
2391
2247
3564
193357
3879
3259
2061
2731
2029
3575
132443
3321
127266
6531
3527
2524
2486
2326
2401
2454
2812
181071
3824
2299
2366
2497
2487
2966
98909
3347
2825
2760
3757
2812
48084
111761
3699
5833
2491
2409
3612
2518
2806
17317
2377
4340
2506
2438
2273
2526
2238
2112
2466
3094
229368
4342
296565
7412
3478
302169
3977
17292
2587
84001
5132
6516
2392
2381
3604
250742
3957
3889
86030
38413
195300
4029
2207
2206
2005
2131
2586
31319
96939
192524
3734
20938
2163
2314
7908
2498
2192
2193
2240
2386
15219
2501
52782
3951
246224
10718
18112
2353
16455
2721
2160
2020
2158
2192
2147
15363
2197
2432
52248
39051
2346
541210
4322
4150
5357
3300
175393
235219
6241
58678
3606
5275
2307
2712
322612
2323
2524
2503
2309
251940
18959
4579
27485
2998
2328
8043
2143
2577
2218
2503
87634
2977
2128
364834
55442
3251
64593
2420
2188
2240
2195
2559
2158
2073
2153
2239
2848
3611
4097
2280
10575
224126
4244
2236
9769
2144
2309
2334
2850
154159
3536
4736
2456
39919
188417
139739
2589
2437
1921
2376
5543
6612
2023
1953
29776
2929
2352
1884
