50037
11214
13526
12514
26780
11947
10966
11518
11437
12645
15983
11740
12422
491465
16455
31234
2367258
18361
523201
13688
12360
43621
11270
367991
15959
12831
13386
12239
11705
13311
88055
12882
14695
566133
16393
42518
12424
56610
12572
85122
11803
12600
12844
25491
19827
11526
12067
12209
11387
13982
13582
14688
423034
296972
17254
1063419
586273
695783
21173
14226
1269766
25711
180753
46705
11963
12624
18204
1028016
21376
18001
11538
13405
10918
18768
708816
17858
684734
33712
17952
13029
13246
12061
12809
12540
15908
951394
20288
12275
12783
13334
13728
16262
527941
17448
14211
15007
21908
14986
263090
582227
19862
31716
13197
13203
18470
12616
14924
92886
12405
22881
13206
13161
12631
13134
11743
11214
12838
17077
1228211
23373
1562586
41981
17388
1619069
21592
91213
13439
445587
29040
31911
12357
12654
20001
1299379
20708
20415
421225
201934
1061654
19089
11076
12211
11142
10711
12932
155938
494446
1031045
18705
109577
10661
12142
42793
12232
11141
11859
11733
13200
77903
13114
277291
21135
1277799
56706
93675
12485
85545
14574
11209
10728
11387
11021
10811
81909
12096
11615
273577
198340
11962
2837650
21581
21414
28414
17565
891931
1233151
32847
318953
17864
28492
11986
15420
1674965
11963
12898
13453
12619
1336654
95316
24307
146155
15590
12531
42859
11464
13448
11785
13345
454121
14884
11428
1911268
293972
16521
332106
12538
10584
11018
12309
15237
11464
11848
12643
11738
15555
18943
20998
12562
56998
1159709
22133
11519
51083
11686
11784
12203
16469
807404
18732
26189
13184
207987
991466
724074
12640
12228
11536
12583
27799
35398
10665
10023
158309
15012
12585
9517
9196
2111
2612
2289
4929
2218
2113
2193
2153
2375
3085
2223
2387
91850
3136
5821
444459
3463
98925
2562
2396
8137
2163
67720
2946
2347
2456
2222
2194
2409
16763
2425
2690
107999
3115
7928
2354
10437
2338
16361
2231
2283
2357
4891
3680
2208
2320
2243
2195
2639
2508
2697
80413
54461
3164
200911
106887
132827
3991
2718
239282
4784
34380
8958
2262
2394
3488
193956
4012
3420
2197
2561
2073
3584
132550
3411
126652
6461
3436
2434
2509
2237
2436
2377
3042
182238
3752
2278
2362
2510
2558
2933
98740
3234
2655
2769
3915
2778
47912
111879
3751
5897
2475
2446
3501
2380
2772
17413
2390
4298
2485
2471
2330
2524
2274
2089
2366
3261
231251
4393
294928
7796
3363
303404
3985
17365
2557
84968
5272
6205
2357
2435
3680
251729
4002
3900
86175
39114
195642
3767
2179
2313
2093
2083
2551
30923
96913
192768
3646
20648
2091
2286
8262
2373
2190
2301
2267
2446
15005
2479
53142
3960
245889
10882
18146
2414
16759
2767
2207
2081
2222
2112
2148
15727
2383
2245
52279
39137
2332
541658
4291
4170
5433
3306
175629
235669
6195
60045
3465
5575
2308
2896
322976
2283
2449
2499
2390
252685
18913
4505
27867
3009
2384
8176
2148
2574
2246
2447
86982
2808
2173
365440
55515
3171
64330
2312
2094
2116
2277
2732
2172
2170
2307
2174
2846
3605
3959
2287
10703
223973
4153
2156
9636
2133
2235
2276
3014
154348
3571
4810
2427
39974
188009
139680
2462
2322
2154
2426
5344
6684
2015
1922
30260
2834
2439
1858
