50007
11394
13513
12001
27143
11921
11306
11137
11215
11901
15881
11579
12234
487118
16891
31715
2361793
18349
518294
13501
12871
43018
10887
368512
15168
13002
13162
12636
11533
12894
87046
12538
14955
561710
15348
41913
12573
57316
12611
84130
12142
13189
13085
26542
20443
11213
11665
11997
11481
13696
12942
14375
424629
297961
16743
1056144
584991
697304
22403
15109
1264807
24218
182626
45173
12366
12075
18874
1025609
20575
17835
10869
14301
11694
18586
707313
17756
688305
33363
18652
12550
13581
12941
13373
12968
15668
948248
21402
13701
12455
13435
12539
15728
528732
18045
14596
14745
20503
15101
264838
583484
20071
31449
13073
13036
19765
13266
16384
93599
12503
23266
13048
13121
12453
13543
11260
11479
12848
17111
1224528
22420
1574910
40256
17981
1625432
20775
90045
13524
445576
28540
32219
12135
12219
19122
1299337
21461
20057
420205
201892
1063784
20075
11164
12709
10399
10972
13460
157688
494243
1030873
19314
108745
10043
11784
41614
12750
10701
11728
11506
12650
80057
13487
275058
21389
1278963
55826
92538
12050
84573
14351
10864
10903
10973
10641
10767
82674
11289
11992
273876
200039
11917
2838725
21963
21630
28858
17875
892371
1231885
34112
314084
17614
27821
12568
14714
1681080
12538
13227
12721
13371
1331103
96607
24330
143097
15775
12391
43190
11405
13279
12493
13969
457942
14983
12067
1909187
293301
17017
331879
12811
11211
11364
12415
14916
11108
11626
11947
11889
15157
18253
22004
12737
56529
1160592
22733
12136
51132
11840
11401
12235
15435
809400
18077
25451
12894
205350
996237
725136
13621
12582
10439
12289
28403
33969
10579
9901
157401
14599
12053
9865
9210
2136
2588
2230
4985
2221
2143
2110
2120
2257
3077
2176
2331
90999
3211
5939
443084
3477
97778
2571
2432
8080
2122
67740
2826
2402
2435
2296
2188
2324
16606
2311
2724
106953
2919
7800
2366
10567
2361
16124
2323
2399
2400
5118
3825
2139
2233
2215
2202
2567
2409
2670
80703
54571
3075
199382
106793
132743
4205
2878
238131
4494
34649
8602
2336
2297
3658
193342
3882
3401
2057
2723
2204
3515
132024
3358
127152
6371
3591
2335
2530
2408
2503
2475
3000
181711
3939
2524
2290
2480
2349
2857
98464
3273
2732
2733
3706
2749
48189
112188
3723
5931
2468
2431
3671
2521
3084
17489
2418
4388
2500
2493
2303
2611
2174
2143
2381
3289
229855
4206
296522
7492
3469
303840
3904
17247
2568
84944
5203
6261
2310
2366
3513
251210
4128
3813
86014
39104
195354
3956
2188
2461
1964
2106
2661
31231
96929
192729
3719
20521
1981
2219
8028
2477
2103
2280
2207
2355
15426
2529
52365
3981
245810
10748
17994
2273
16529
2721
2164
2114
2141
2075
2125
15895
2257
2297
52310
39510
2302
541212
4333
4187
5514
3337
175517
235113
6399
59078
3409
5465
2381
2772
323439
2371
2507
2359
2535
251280
19167
4536
27349
3097
2367
8166
2131
2518
2374
2559
87509
2821
2287
364247
55332
3231
64128
2353
2231
2165
2310
2716
2135
2120
2199
2154
2793
3479
4138
2373
10595
224171
4300
2263
9675
2123
2189
2309
2832
154110
3414
4743
2443
39348
188715
139315
2630
2414
1947
2379
5426
6438
2007
1867
30046
2746
2341
1896
