49438
11019
13646
12351
26922
11613
10996
11691
11358
12784
15760
11341
12240
491825
16144
32856
2370112
19474
529023
12838
12235
44090
11362
366746
15043
12764
12832
12345
11154
13418
87989
12550
14115
560169
14770
43046
12158
58021
13223
84740
12115
13147
13034
25559
20696
11284
12129
11997
11492
14066
13220
14365
424437
299244
17137
1066799
585724
696764
21411
14887
1270887
25134
183677
46490
12779
11907
18433
1030854
21007
18443
10852
13920
11396
18592
706716
17852
689312
32958
18593
13049
13515
12059
12866
12549
15597
958514
20206
13056
13032
13887
12519
16098
527646
17483
14848
15004
20953
14535
261966
582917
20521
31456
13540
13358
20148
12343
15864
93783
12980
24877
13294
13639
12344
13166
11530
11511
12565
15902
1228413
22585
1571560
39788
17882
1624913
21605
90045
13277
442980
29349
33161
11937
13346
19903
1297116
20809
20344
423420
201856
1062217
19681
11608
12786
10817
10384
12329
158242
494284
1035117
20050
108635
10636
12280
43036
12895
10354
11165
11204
13044
78524
13707
275636
21361
1277498
55818
93468
12742
85985
14258
11205
10925
11043
11627
11025
82239
11267
11465
272529
198795
12066
2839177
22281
21262
28866
17419
891005
1238115
33118
315559
17673
26896
11732
14528
1676561
12044
13447
12809
12883
1335387
95557
23695
144587
16168
12506
41628
12170
13589
11903
13455
456582
15196
12525
1920544
291498
17366
335837
12861
11279
11165
12790
14904
11223
11380
11820
11671
15321
18418
21409
12395
55797
1159719
22652
11191
50961
12313
11424
13139
15101
808878
18995
25887
12918
207348
1000530
721767
13224
11721
10711
11787
28865
34312
10843
9984
158669
14794
12407
10003
9145
2065
2599
2254
4979
2140
2090
2228
2154
2362
3077
2195
2324
91923
3078
6169
444875
3680
99625
2424
2339
8250
2181
67359
2793
2347
2394
2239
2102
2432
16671
2340
2582
106959
2794
8052
2306
10614
2476
16260
2340
2393
2386
4936
3857
2122
2333
2182
2198
2649
2467
2625
80893
54831
3155
201616
106882
132803
4034
2875
239238
4667
34949
8960
2422
2244
3628
194287
4023
3494
2049
2653
2169
3530
132069
3377
127497
6326
3554
2426
2567
2237
2405
2426
2983
183347
3782
2393
2423
2646
2349
2869
98446
3258
2740
2753
3800
2667
47703
111829
3858
5923
2558
2470
3716
2335
2971
17538
2496
4625
2541
2604
2325
2569
2221
2160
2329
3092
231210
4242
296329
7382
3463
304009
4005
17246
2541
84560
5315
6442
2277
2567
3664
250960
4058
3851
86638
38926
195579
3868
2270
2432
2096
2034
2438
31280
96764
193650
3924
20522
2071
2315
8316
2480
2050
2185
2156
2435
15213
2563
52511
3992
246072
10733
18144
2432
16750
2700
2230
2096
2133
2261
2179
15851
2232
2238
52113
39284
2359
541833
4399
4149
5458
3264
175467
236869
6223
59585
3428
5272
2229
2728
323342
2311
2571
2392
2443
252185
19077
4422
27694
3146
2382
7920
2271
2604
2253
2477
87478
2872
2359
366623
55192
3294
64741
2401
2250
2146
2408
2732
2166
2080
2200
2160
2817
3490
4012
2286
10492
224276
4261
2096
9619
2192
2157
2466
2740
154575
3582
4807
2391
39728
189475
138957
2554
2269
2010
2315
5504
6526
2032
1911
30476
2803
2419
1935
