49328
10866
13485
11861
27854
11432
11028
11576
11062
12062
15276
11592
12080
491821
16637
32113
2371632
19047
523355
13112
12392
42636
11011
366421
15799
12551
12890
12618
10988
12428
88632
12301
15155
564488
14622
41323
12727
58076
12891
83738
11557
12594
12489
25551
19139
11726
12393
12171
11868
14737
13296
14203
423328
298269
16597
1063513
588516
698264
21710
14216
1271499
25401
181291
47041
13205
11808
18495
1029547
20932
17874
11130
13840
10851
19495
709205
17985
690342
33022
18288
13358
13263
12989
12562
12685
15438
951667
20613
12486
12864
12536
13571
16424
529817
18427
15270
14364
22264
15030
264646
586710
20001
31105
12892
13139
19451
13034
15601
93934
12837
24159
12838
13129
12244
13394
11582
11898
12706
16933
1222753
23388
1574560
39802
17678
1624677
21599
91365
13667
441991
29102
32186
12779
12264
19650
1294468
21162
20174
422283
202743
1064289
20168
11612
12448
10390
10591
13461
156555
493897
1025866
20020
109817
11555
12323
41140
13302
10838
11587
11455
13380
79181
13776
275217
21717
1283550
55205
94987
13069
85352
14341
11248
11721
11418
11025
11304
82189
12129
11937
274205
198115
11973
2847724
21635
21124
28841
17354
889386
1240813
32566
317852
17485
28673
12436
15832
1676817
12116
12722
12664
12644
1336313
95189
24253
142857
15916
11952
41824
11989
14078
12019
13263
458676
15137
12736
1918782
294312
17136
333173
13424
11431
11511
12322
14338
11324
11998
11865
11976
15445
18471
21492
12572
55669
1163683
21820
11614
51098
11479
11826
12618
14853
814650
18607
25726
13261
207765
992769
724474
13455
11885
10221
12509
28526
34748
10559
9887
160921
14997
12568
9933
9165
2075
2601
2206
5100
2152
2079
2220
2098
2251
2982
2174
2302
91853
3153
5978
445149
3627
98997
2480
2352
8018
2125
67544
2943
2317
2402
2304
2076
2260
16795
2304
2749
107504
2795
7746
2411
10698
2417
16086
2219
2293
2283
4886
3546
2204
2350
2225
2283
2743
2454
2669
80516
54769
3098
200582
107225
133108
4089
2768
239446
4687
34454
8961
2482
2220
3580
194358
3975
3388
2089
2658
2076
3708
132339
3406
127790
6328
3482
2475
2461
2390
2402
2416
2991
182574
3798
2311
2368
2366
2522
2952
98717
3414
2869
2632
4049
2752
48259
112801
3756
5849
2431
2427
3613
2471
2906
17656
2508
4506
2458
2488
2318
2596
2209
2223
2318
3262
229748
4371
296893
7398
3455
303643
3967
17402
2541
84537
5288
6315
2379
2364
3660
250825
4130
3867
86398
39217
195984
3948
2239
2417
1942
2064
2611
31179
96831
192193
3891
20735
2260
2333
7997
2530
2110
2281
2210
2492
15242
2562
52551
4071
247094
10706
18403
2469
16679
2728
2169
2265
2216
2179
2221
15844
2359
2311
52350
39150
2320
542583
4248
4155
5562
3245
175063
237212
6127
59846
3435
5632
2372
2962
323483
2297
2435
2359
2441
252492
18916
4547
27325
3074
2300
7945
2253
2665
2289
2453
87938
2831
2366
366706
55647
3277
64296
2504
2279
2230
2285
2647
2161
2198
2182
2213
2798
3495
4046
2297
10603
224992
4081
2189
9708
2089
2240
2376
2734
155465
3491
4808
2495
39755
188476
139320
2576
2284
1900
2429
5526
6548
1962
1872
30651
2788
2421
1912
