49933
11164
13383
12195
26403
11259
11201
11393
11154
12037
15222
12204
12262
489623
16704
31197
2372958
18740
526990
13804
12409
42114
11017
365812
15265
13141
13558
12090
11653
13311
87568
12398
13938
563709
15424
41838
12851
57837
13310
83960
11543
12734
12944
26466
19580
11592
11885
11541
11693
14297
13407
14577
419355
300016
16304
1058740
584630
693794
21486
15040
1275707
24379
180863
46090
13130
11387
17975
1025854
20287
17929
10533
14107
11289
18998
707678
17143
688850
33012
18128
13189
13875
12879
13192
12920
15354
955204
20483
12723
13105
13560
12923
16510
528336
17510
14574
14583
21288
15301
262877
585637
19616
31664
13974
12799
19122
13317
15160
92599
11652
24341
13462
12504
12073
13703
11650
11419
12666
16995
1229940
23153
1569380
39906
17668
1623289
21475
90983
14162
448165
29231
31331
12741
12141
20486
1296295
20550
19872
424533
204008
1062022
20490
12246
12298
10145
10670
13682
157722
499434
1030127
18794
110743
11175
12725
41599
12831
10815
11931
11544
12990
77470
12996
272834
21551
1281202
56296
93981
12856
86604
13868
10975
11289
11067
10770
11339
81245
12284
11538
272211
197114
12151
2842839
22829
20871
29085
17704
888492
1233865
32117
317656
17988
28802
11974
15603
1679762
11594
13171
13074
12087
1339772
94981
23895
145618
15233
12463
41862
12225
13461
11155
12846
454105
15214
12533
1918131
294910
16795
331628
13042
11497
11693
12268
14607
11166
11682
11552
11754
15506
18247
21825
12047
56991
1162293
22098
12530
49652
12328
12022
12139
15179
808279
18848
25870
13330
207177
994564
719932
13575
12468
10317
12534
28455
35242
10470
9898
159448
14848
12244
9591
9211
2129
2629
2261
4871
2079
2138
2188
2090
2234
2955
2266
2321
91542
3183
5845
445932
3559
99727
2586
2388
7894
2132
67357
2834
2401
2511
2203
2186
2387
16626
2317
2547
107425
2905
7831
2417
10685
2493
16109
2206
2329
2354
5116
3652
2185
2250
2119
2216
2660
2493
2711
79914
55184
3059
199896
107002
132508
4004
2892
240020
4529
34284
8750
2444
2185
3472
193772
3843
3357
2003
2680
2142
3599
132320
3249
127432
6296
3515
2450
2597
2386
2480
2449
2975
182854
3787
2356
2414
2525
2390
2959
98728
3249
2705
2700
3890
2766
47855
112290
3691
5890
2609
2350
3549
2487
2884
17423
2291
4506
2541
2406
2217
2650
2274
2109
2354
3269
230956
4326
296181
7403
3431
303634
4004
17477
2670
85636
5280
6120
2419
2354
3763
250827
4009
3764
86825
39413
195371
4027
2401
2368
1960
2050
2682
31224
97726
193015
3647
20856
2204
2395
8063
2455
2119
2313
2229
2443
14980
2451
51926
4011
246487
10775
18150
2449
16875
2636
2174
2192
2164
2134
2235
15681
2419
2283
52001
39109
2434
542615
4525
4057
5542
3288
174958
236061
6077
59920
3476
5633
2291
2910
323729
2218
2522
2414
2318
253083
18940
4463
27882
2944
2374
7903
2290
2582
2152
2357
87206
2877
2360
366904
55947
3205
64207
2453
2251
2217
2302
2660
2131
2144
2164
2155
2820
3498
4128
2245
10729
224358
4131
2358
9403
2225
2289
2262
2786
153915
3581
4814
2457
39684
188413
138540
2611
2377
1926
2433
5506
6669
1961
1863
30479
2839
2383
1865
