47488
10625
13323
11629
24526
10859
10498
11247
10887
11959
15121
10797
11245
471690
16200
31633
2290605
18505
494288
13421
12020
41210
11711
360480
14063
12466
12541
12096
11169
12828
88955
11915
14279
557233
14904
40687
11535
53522
12035
78570
11900
12250
12331
25239
19746
11217
11237
10847
11179
13760
12814
13741
394215
296925
15978
1015585
560903
684245
20795
14471
1215379
24022
177092
43465
12044
11073
17779
980286
19462
18406
10820
13698
11077
18387
666662
17525
678123
31836
17221
12419
14731
11997
11823
12349
15180
915687
19812
12006
12187
12363
12545
15533
487855
17175
14322
14263
20554
14724
261840
588127
20927
28970
12631
13089
18178
12489
15555
87354
12350
23830
13812
12337
11208
12557
10918
11678
12004
16526
1194456
23928
1527224
39791
17217
1579972
21496
89011
13697
428663
28159
32197
11707
12590
19172
1251607
20299
18880
406226
183527
1070624
19735
10936
11732
10608
10496
12666
156884
491540
993903
19177
109092
11150
11410
41062
12161
10476
11010
10648
12660
80263
12606
265738
20763
1233713
52630
88207
12203
81190
13996
10539
10665
10581
10171
10451
79711
11206
11564
268327
195889
10856
2740966
21617
21026
28668
17743
859959
1168984
30943
303966
16312
28500
12323
15275
1629585
11432
12283
12621
11792
1280209
95510
23667
142372
15396
13034
40149
11599
13256
11938
13419
451559
14563
11557
1839539
292073
16383
337865
12730
10607
11202
11768
14639
11106
11371
11953
11896
14983
18254
20513
11614
54455
1161841
23864
11866
51875
11637
10904
12436
15419
760457
18569
24814
13079
199555
988244
700626
13024
11553
10152
11708
27877
32032
10933
10015
148583
14729
12128
9047
8477
1968
2492
2087
4385
1997
1917
2064
1956
2192
2830
1983
2102
85265
2934
5711
415016
3355
90108
2427
2196
7538
2157
64090
2571
2243
2231
2118
2034
2246
16437
2145
2503
102304
2749
7373
2155
9551
2153
14590
2166
2156
2193
4736
3528
2051
2059
1942
2072
2493
2282
2447
72411
52683
2858
184627
99008
126055
3791
2660
220473
4302
32290
8073
2207
2059
3318
178531
3572
3360
1985
2529
2045
3378
120379
3205
121371
5891
3223
2222
2637
2140
2149
2273
2836
169506
3531
2142
2175
2224
2267
2680
88010
3056
2561
2534
3603
2554
46068
109080
3782
5286
2282
2329
3280
2274
2785
15875
2325
4243
2495
2305
2018
2336
2037
2072
2136
3067
216983
4349
278074
7149
3214
285175
3863
16346
2500
79148
4956
6049
2153
2286
3434
233762
3786
3464
80546
34247
190128
3731
2057
2203
1896
1939
2400
30160
93305
179711
3607
19853
2123
2072
7658
2268
1997
2089
2010
2269
14910
2286
48865
3734
228690
9767
16575
2238
15365
2544
2016
1989
1986
1956
2018
14767
2138
2166
49380
37516
2091
505279
4091
3964
5216
3242
163673
215872
5617
55308
3104
5371
2290
2773
303226
2109
2297
2279
2173
233833
18382
4245
26401
2871
2382
7339
2107
2447
2206
2378
83716
2649
2139
339859
53449
2994
62834
2307
2055
2049
2148
2580
2056
2023
2144
2115
2665
3342
3705
2096
9933
216982
4266
2136
9446
2023
2001
2250
2725
139883
3329
4423
2354
37049
181150
130337
2448
2135
1833
2192
5210
5887
1972
1808
27397
2696
2268
1698
