47077
11603
13343
11783
24620
10713
10703
11339
10939
11813
15093
11140
11427
474989
16303
31288
2290482
18519
498159
13018
12053
41654
11081
364545
15174
12486
11822
12131
11117
12551
91409
12617
14109
556819
15145
40409
12025
55117
11870
80713
11880
12555
11804
24592
18335
11217
11988
10956
11055
13746
13021
13356
396311
300049
15864
1016767
561184
681132
21303
14836
1217363
25044
175166
42294
12731
11973
18114
986485
20473
17144
11003
13669
11128
18292
668769
17881
681141
30956
17857
12889
15511
12435
12405
12501
14542
917637
19649
12588
11807
13261
12620
16296
491887
17152
15213
14264
20504
14317
259464
587787
20177
30262
12611
12888
17759
12132
15381
88904
12501
23053
12485
12898
12046
12873
11795
10946
12334
16931
1197698
22638
1520600
39121
16729
1583787
22039
89012
13467
427806
29033
32621
11812
11997
19530
1251353
19927
19324
404132
186583
1067023
19588
11706
11989
10740
10355
12402
157079
496379
1001958
20085
109253
10073
10774
41770
12026
10644
11920
11119
13095
79003
13488
265164
20734
1237577
53770
88114
12590
83809
13336
10481
10319
10773
10156
10371
81252
11605
11525
265546
197200
12095
2750231
22040
21348
28446
17623
859541
1174953
31004
301699
17736
28414
11825
15035
1625171
11444
12413
12954
11867
1276584
92296
23103
143794
15018
12210
40606
10871
13672
11336
13015
451147
15053
11554
1847819
294645
16809
337786
12681
10820
11049
12018
15009
10751
11331
11730
11121
14435
17018
20598
11474
54618
1158264
22122
11673
51025
11721
11219
12059
15203
773590
18641
25591
12477
197962
990043
705314
13233
12427
9989
11989
28182
32028
10218
9777
148743
14913
11845
9595
8449
2119
2503
2129
4399
1931
1990
2102
2001
2144
2868
2031
2106
85844
3015
5719
416349
3405
91023
2367
2211
7565
2076
64863
2718
2208
2101
2155
2029
2192
16778
2249
2499
102690
2817
7317
2181
9753
2157
15004
2195
2201
2127
4545
3354
2020
2209
1943
2065
2478
2353
2419
72861
53047
2852
185818
98906
125775
3854
2687
221293
4476
32017
7789
2290
2168
3408
180118
3787
3174
2027
2538
2063
3367
121064
3298
122098
5747
3313
2321
2790
2206
2289
2310
2706
170042
3509
2233
2108
2419
2271
2823
88880
3095
2747
2557
3601
2565
45808
109105
3669
5466
2301
2308
3193
2213
2790
16217
2334
4162
2299
2358
2200
2398
2191
1960
2172
3129
218240
4116
278197
7047
3151
286894
3927
16487
2459
79107
5096
6151
2177
2229
3489
234326
3773
3556
80407
34919
189823
3711
2195
2189
1967
1943
2365
30107
94377
181317
3757
19807
1937
1988
7824
2258
1998
2235
2070
2351
14849
2440
48912
3764
229974
9945
16513
2296
15766
2431
2009
1930
2015
1948
1973
15092
2189
2174
48939
37759
2275
507932
4181
4081
5281
3223
164136
217570
5618
55172
3316
5328
2219
2736
303176
2127
2333
2313
2204
233547
17786
4187
26749
2825
2240
7413
1983
2540
2108
2333
83719
2728
2148
342063
53939
3066
62903
2295
2085
2034
2153
2674
2004
1998
2102
1989
2570
3131
3743
2053
9948
217027
3975
2114
9398
2004
2079
2170
2673
142780
3409
4585
2259
36811
181829
131612
2454
2248
1795
2252
5210
5853
1858
1804
27471
2703
2240
1798
