46938
11028
12828
12267
25311
10801
10740
11191
10874
11649
15096
11432
12100
471518
15016
31344
2294710
18021
501955
13352
11807
42317
10834
362327
14777
12561
12272
12232
11227
13121
88741
12686
14608
555046
15281
41547
12069
53677
11911
78832
11764
12315
12684
24536
20017
11256
11792
11897
10429
12885
12461
13813
394637
297639
17244
1015847
562572
687173
21316
14532
1218059
25517
174203
42440
12435
11629
18017
982298
21641
17389
10590
13953
10549
17368
666191
17671
678943
30285
17914
13039
12170
12089
12477
13088
15081
915256
20590
12948
13238
12644
12279
17206
488827
17449
14560
14721
20213
14647
260771
586204
19440
30492
11821
13213
19725
12326
15062
90457
12533
23362
13133
12189
12108
12813
11295
11077
12495
16926
1200284
22719
1525009
40251
17861
1579747
21160
90097
13475
429545
28334
31452
11959
11693
18925
1256130
20185
19195
406075
186837
1070779
19506
10746
12393
10763
10503
12922
157435
501083
998933
19465
106896
10795
11469
41572
12435
10903
11227
11185
12513
79141
12733
264990
20221
1244784
53798
87719
11981
82540
13615
10651
10310
10153
10762
10903
81195
11541
11961
267703
197043
11650
2748089
22429
21958
28630
17951
859058
1172501
30978
306988
17452
27315
11688
14697
1635897
11229
12736
12859
11976
1282539
93587
24100
144396
15624
11595
40397
11135
13586
11400
13993
453229
14409
11340
1851768
292520
16208
334152
12244
11173
10915
11707
14401
10731
11298
11930
11494
14016
17790
20899
11619
52929
1166337
21810
11420
50377
11446
11344
12132
14916
772123
17884
25639
12213
198228
992160
709260
13467
12585
10705
12875
29835
32960
10246
9545
151889
14409
11973
9327
8429
2006
2393
2206
4488
1953
1979
2064
1984
2109
2815
2081
2230
85603
2777
5665
417512
3335
92047
2455
2202
7739
2072
64563
2657
2227
2190
2168
2037
2308
16400
2293
2571
102539
2809
7512
2202
9590
2156
14669
2180
2177
2261
4609
3566
2048
2189
2104
1970
2379
2239
2499
72785
52916
3089
185729
99930
127024
3895
2688
221812
4588
32137
7910
2257
2160
3391
179772
3950
3221
1966
2556
1952
3210
120790
3250
121955
5677
3309
2326
2237
2180
2298
2402
2811
170331
3665
2284
2358
2300
2251
2944
88655
3117
2584
2634
3581
2607
46029
109492
3545
5494
2143
2363
3532
2248
2764
16439
2332
4193
2408
2237
2197
2414
2123
1988
2256
3152
219226
4175
279091
7217
3330
286615
3812
16688
2461
79724
4977
5903
2239
2170
3408
235189
3798
3542
80669
34975
191190
3711
2081
2301
1965
1992
2478
30297
95188
181539
3670
19523
2064
2145
7821
2274
2042
2144
2069
2288
14807
2315
49116
3652
231681
10001
16534
2219
15689
2532
2097
1929
1928
2049
2099
15080
2214
2257
49756
37902
2244
508654
4295
4127
5359
3280
164164
217342
5667
56141
3304
5177
2163
2693
305315
2091
2351
2281
2240
234940
18102
4365
26724
2945
2153
7462
2015
2488
2111
2457
84292
2629
2077
343264
53515
3012
62430
2217
2134
2031
2126
2550
1959
2004
2151
2018
2496
3286
3804
2135
9717
218436
3982
2049
9284
2010
2118
2198
2638
143200
3275
4643
2245
36933
182608
132303
2550
2321
1925
2402
5553
5991
1877
1763
28172
2666
2250
1735
