47073
10943
12431
11732
24767
10928
10284
11483
10905
12047
15212
11558
11950
474624
16218
31114
2300009
19127
499476
12867
11679
42527
11485
363272
15467
12273
12001
12309
11168
12155
90514
12239
14064
558060
15126
40935
11913
53675
13133
79756
11262
13309
11932
24896
19679
10883
12111
10850
10964
14277
12647
14074
397908
298523
15787
1016798
562825
685111
21841
14934
1231136
25452
176737
42647
12247
11016
17517
989469
20148
17964
10811
13347
11379
18131
670164
16734
681779
30757
18664
12357
12613
12315
12256
13382
14823
917309
20169
12554
12661
13841
12403
15453
491551
17282
13963
14207
20331
14607
261607
587311
19697
30185
12674
12493
18200
12834
14820
90790
12467
23240
12945
12431
12155
13607
10574
11436
12269
17216
1195150
22685
1522210
40056
17111
1573697
21688
91395
13129
431253
28542
32462
12412
12502
18667
1257592
20182
20179
408431
185224
1070290
20049
11235
11442
11070
10623
13358
157441
495424
999159
19525
108815
11532
10970
40338
13124
10323
11131
11412
13264
80286
12036
266464
20736
1240798
52007
88435
11557
81284
13967
10013
10759
10491
9815
10766
81305
11403
11817
269154
198797
12051
2745727
23101
20755
28245
17189
870067
1181703
30742
309409
17468
27926
12531
15343
1629572
11730
12565
13205
11722
1280071
94619
24136
144711
15110
11490
40408
11341
13621
11691
13379
451106
14922
11660
1850781
293426
16277
336509
12132
10864
11420
12129
14463
11307
11386
11735
11373
14071
17676
20415
11610
54532
1163224
21921
11208
51840
11420
10988
11955
15306
775129
17983
25624
12581
196702
986707
705679
13413
12047
10402
12389
27855
32788
10899
9243
154819
13868
12320
9648
8485
2007
2326
2123
4432
2001
1919
2065
2001
2179
2891
2143
2176
86273
2974
5745
418884
3478
91393
2372
2190
7778
2151
64773
2812
2217
2175
2175
2026
2134
16751
2247
2496
103174
2783
7407
2169
9652
2326
14823
2085
2360
2144
4671
3525
1996
2202
1958
2078
2591
2289
2540
73412
53009
2871
186063
99941
126704
3993
2784
224289
4583
32496
7911
2216
2022
3303
181048
3704
3314
1987
2488
2106
3334
121593
3134
122664
5737
3437
2254
2299
2209
2267
2463
2787
170296
3648
2207
2283
2460
2259
2655
89234
3104
2534
2531
3598
2586
46303
109476
3560
5473
2295
2235
3307
2351
2659
16375
2375
4208
2371
2294
2202
2536
1958
2063
2189
3230
218592
4152
279118
7203
3187
285689
3919
16903
2385
80064
5041
6138
2261
2320
3366
236071
3765
3690
81519
34844
191226
3817
2115
2136
2072
1990
2548
30347
94311
181430
3678
19798
2178
2048
7662
2436
1951
2142
2111
2397
15008
2184
49261
3750
231125
9679
16674
2148
15494
2592
1941
1988
1987
1856
2059
15186
2187
2224
49923
38287
2274
508385
4382
3939
5237
3131
166271
219343
5642
56563
3282
5280
2336
2767
304931
2186
2347
2314
2189
234862
18243
4334
26791
2872
2173
7504
2067
2549
2173
2386
83988
2691
2178
343359
53888
3021
63027
2194
2073
2090
2159
2572
2098
2006
2082
2024
2487
3207
3720
2112
9934
218032
4002
2059
9430
2008
2009
2207
2666
143661
3259
4585
2289
36693
181721
131954
2499
2256
1872
2322
5248
5999
1996
1711
28730
2591
2359
1777
