47114
11076
12433
11895
25775
11268
10659
10975
10904
11597
14930
11465
11483
475528
16566
32205
2306776
18335
502362
13462
12065
41623
10837
366296
15324
12269
11904
12194
11457
12699
91521
12743
14215
556274
15169
41354
12459
53751
12505
79198
11485
12157
12417
24902
19596
11181
11956
11171
11234
14456
13137
13930
396223
296134
16465
1023093
567514
688145
21194
14196
1217600
24970
173379
42942
12766
10999
17247
981738
20128
17977
11057
13580
10701
18812
673550
17223
684896
30424
16844
12730
12878
12111
12183
12477
15521
917538
19672
12532
12282
13166
12857
15706
490935
17452
14253
13598
20624
14456
261626
586110
19684
30559
12741
12989
19063
12866
15465
88658
11948
23690
13096
13155
12132
12532
11723
10781
12470
16679
1194201
23160
1518314
39759
17900
1581383
21365
89370
13440
430367
28686
31546
12510
11999
19641
1255983
20287
19356
405717
185410
1060928
19959
11379
12437
10920
10210
13104
158185
497972
999915
18962
108685
10737
11137
41274
12788
9703
11536
11099
11975
80365
13317
265635
20939
1247462
51993
88301
12224
84096
14243
10475
10580
10213
10414
11444
80151
11750
11717
267642
197317
11226
2747844
21360
20995
28639
16945
862678
1176616
31145
302021
16530
28767
11992
14937
1635840
12028
13373
12485
11878
1287107
92924
23605
143145
15194
12526
40736
10250
13548
10968
13624
452865
14855
11549
1845016
294572
16401
336098
12182
10769
10818
11704
14149
11087
10788
11452
11318
15446
17111
20523
12161
54647
1165137
22374
11443
53159
11386
11388
11566
14961
774027
18373
25659
12887
202639
993269
706023
13227
11231
10468
12021
28703
32924
10043
9851
152268
14243
11962
9489
8482
2030
2361
2143
4605
2009
1998
2042
1975
2112
2775
2107
2129
86065
3051
5860
420215
3390
91857
2476
2249
7625
2045
65269
2762
2185
2118
2174
2053
2210
16876
2288
2515
102869
2818
7526
2283
9618
2255
14789
2110
2148
2194
4657
3541
2040
2213
1976
2111
2635
2378
2493
73100
52782
2968
187247
100704
127143
3815
2658
222080
4540
31801
7991
2315
2020
3252
180221
3701
3325
2036
2515
1961
3467
122290
3174
122914
5702
3129
2258
2341
2154
2244
2300
2882
170829
3545
2272
2211
2392
2330
2747
89109
3146
2552
2455
3609
2548
46313
109537
3577
5520
2319
2301
3455
2376
2833
16151
2279
4291
2428
2391
2166
2354
2172
1932
2206
3093
218190
4168
278471
7157
3336
286993
3833
16559
2478
79769
5097
6004
2293
2235
3539
236029
3816
3573
80997
34815
189552
3790
2151
2288
2027
1903
2513
30362
94778
181774
3587
19803
2068
2065
7786
2384
1871
2175
2108
2224
15036
2430
49213
3802
232530
9728
16581
2267
15839
2610
1997
2014
1938
1990
2206
15003
2245
2228
49641
37910
2160
508913
4120
4023
5274
3089
165138
218450
5731
55311
3115
5488
2243
2743
305625
2219
2446
2228
2202
236209
18019
4220
26570
2899
2310
7533
1874
2491
2055
2452
84210
2700
2138
342351
54026
3038
62865
2228
2102
2025
2129
2525
2030
1935
2044
2004
2727
3189
3748
2199
10058
218588
4064
2078
9765
2001
2096
2127
2671
143609
3405
4605
2340
37782
182802
131920
2461
2076
1909
2248
5387
6037
1848
1824
28294
2613
2257
1763
