46930
11439
12695
11838
25101
11142
10802
10567
10993
12341
15086
11155
11908
475470
15948
32108
2296973
18140
503415
13087
11675
43263
11801
364042
15439
11829
11992
11775
11309
13010
89862
12672
14203
558622
14491
40551
11759
54665
12057
81181
11838
12420
12625
24079
18908
11075
11031
11092
10923
14276
13666
14608
395982
295728
16126
1020309
567402
686743
21305
14935
1226179
25143
176106
43378
12261
11696
17508
988099
20964
17192
10948
13784
10548
18274
673416
17217
683176
31424
18410
12756
12651
12271
12748
12493
14720
924725
20054
12827
12895
13198
13158
15534
494518
17491
14888
14166
19999
14871
264534
586999
20246
29645
12855
12895
18336
12327
15248
88398
12136
22007
13412
13180
12161
13332
11895
11437
13019
16664
1193448
22425
1527565
41324
17459
1579453
22169
89142
13450
430467
27767
31894
11643
12176
18320
1250009
20731
19999
406670
188104
1078709
20121
10576
12199
10610
10575
13640
156123
495630
1007177
19515
110225
10736
11532
41557
12706
10546
11244
10817
12298
79424
12697
267606
21026
1238721
52318
88419
12420
83278
14595
11129
10739
10411
10134
10210
81392
11303
11340
269472
195329
11767
2757493
21896
20578
28374
17459
866734
1179967
30345
302250
17426
27867
12143
15457
1634451
11805
12968
12734
12432
1280359
95530
23152
142051
15378
12294
40709
11071
13307
11762
13176
451405
14326
11767
1859194
291637
16330
336123
12679
11142
10499
11888
14461
10971
11143
11814
11678
14262
17345
21524
12292
56383
1165908
21893
11660
50597
11446
11059
12296
14664
769871
18373
26421
13224
203299
992317
706452
12540
11549
10508
11813
27855
31630
10112
9500
149193
14839
11698
10098
8481
2052
2366
2123
4492
2037
1993
1955
2033
2231
2833
2084
2225
86376
2956
5868
418737
3347
92282
2406
2156
7901
2184
64894
2780
2126
2187
2057
2037
2266
16494
2243
2523
103210
2684
7388
2178
9766
2198
15091
2163
2193
2230
4495
3434
2025
2061
1968
2021
2569
2476
2655
73129
52644
2909
186942
100716
127271
3866
2771
223088
4503
32406
8073
2217
2182
3327
181018
3873
3203
2010
2584
1952
3336
122218
3166
122744
5918
3408
2315
2323
2210
2354
2316
2751
171923
3593
2302
2292
2403
2362
2680
89695
3111
2730
2538
3564
2657
46797
109512
3669
5370
2321
2316
3296
2230
2759
16135
2285
4035
2490
2452
2212
2493
2189
2059
2327
3078
218123
4150
279797
7463
3317
287119
4010
16478
2507
80143
4867
6086
2116
2266
3316
234854
3916
3700
80976
35261
192282
3868
2041
2260
1958
1982
2611
30080
94324
183283
3705
20125
2055
2129
7825
2367
2025
2137
2050
2262
14827
2346
49577
3810
231262
9809
16699
2274
15831
2685
2181
2016
1962
1900
1968
15195
2142
2136
49801
37604
2222
510417
4170
3940
5274
3196
165685
219044
5526
55582
3286
5316
2259
2795
306018
2202
2416
2333
2296
235364
18376
4192
26453
2863
2276
7519
2011
2484
2157
2355
84241
2635
2164
345318
53566
3024
62993
2239
2150
1941
2170
2546
2021
2009
2152
2095
2539
3202
3921
2187
10320
218802
4014
2110
9304
1969
2029
2214
2640
142825
3347
4794
2422
37898
182646
132056
2361
2135
1911
2220
5256
5807
1825
1716
27766
2726
2214
1878
