46757
11355
12973
11890
24683
11696
10329
11069
10498
12087
14688
11231
11893
475839
16159
31797
2294825
18124
499837
12745
11645
42142
10638
362019
14983
12349
11541
11667
11565
12704
89072
12424
14317
554586
14888
40336
11609
54189
12012
82404
11835
13200
12944
24480
19373
11253
11663
11702
12013
13828
13078
13589
399703
293644
16932
1024440
568004
686250
21682
14998
1230840
25443
176159
43097
12256
12207
17737
987319
19533
17747
10508
13216
11259
18069
672454
17203
682113
29149
17473
13097
13922
12212
12509
13179
14830
917702
19121
12528
12317
12253
13030
15953
492298
17318
14589
14729
20508
14830
261457
586287
19347
29025
13381
12629
18687
12687
14770
90313
12288
23821
13327
12768
11797
12079
10727
11291
12462
15955
1198587
22631
1527879
40986
16802
1580778
21639
90139
13154
430393
28036
31922
11751
11636
19151
1251125
19811
19740
410210
187529
1065977
19212
11041
11771
10450
10393
12381
154263
496743
1006308
19840
108321
11019
11144
40095
12478
10957
11416
10651
13065
79049
12956
264817
20540
1242467
53100
89011
12057
82708
14369
10470
10407
10591
10047
10014
80597
10916
11797
271134
195589
11772
2758539
22481
20797
29478
17454
866471
1172711
31019
307332
17337
27558
12139
15440
1635723
11118
12301
12482
11693
1284481
94502
23576
145392
15414
11907
39700
11643
13560
11574
13469
448733
14846
11764
1853476
292681
16047
336575
12397
10867
11646
11465
14306
10158
11351
11908
11836
15108
16996
20466
12025
55090
1160787
21971
11792
51081
11395
11622
11570
15068
769309
18427
25654
12256
199659
996872
702897
13105
11964
10436
12050
28973
32343
10717
9876
150512
14678
12061
9661
8437
2086
2422
2147
4441
2091
1921
2034
1948
2194
2799
2054
2186
86509
2962
5814
418454
3360
91585
2332
2134
7643
2018
64626
2718
2232
2088
2102
2076
2207
16555
2264
2590
102646
2770
7288
2163
9686
2198
15345
2198
2320
2281
4591
3505
2107
2154
2074
2231
2526
2364
2467
73727
52331
3058
187341
100481
127161
3946
2768
224460
4605
32445
8013
2221
2219
3337
181253
3653
3275
1908
2446
2051
3338
122103
3134
122346
5498
3240
2329
2509
2197
2282
2438
2772
170959
3480
2232
2198
2264
2361
2781
89192
3126
2652
2606
3662
2604
46276
109194
3518
5254
2445
2262
3412
2362
2677
16393
2303
4319
2469
2331
2135
2256
1991
2004
2237
3016
219237
4113
280333
7343
3199
287222
3905
16761
2426
80039
4937
6034
2169
2173
3457
235161
3755
3583
81710
35262
190484
3638
2079
2194
1960
1945
2383
29828
94470
183006
3749
19809
2083
2075
7588
2328
2091
2179
1987
2372
14857
2382
49006
3727
231734
9960
16724
2234
15672
2663
2014
1956
2015
1944
1940
15050
2108
2226
50222
37544
2247
510831
4292
3966
5425
3184
165797
218009
5709
56216
3286
5290
2231
2796
305817
2034
2273
2271
2157
236116
18311
4285
26934
2878
2180
7305
2110
2517
2131
2400
83646
2714
2131
344565
53973
3005
63223
2235
2104
2146
2108
2530
1897
2024
2144
2135
2678
3133
3754
2124
10103
217909
3987
2155
9363
1988
2149
2128
2687
142845
3356
4628
2243
37211
183608
131490
2469
2217
1889
2236
5433
5928
1956
1829
27854
2721
2256
1792
