46480
11165
13647
11624
24758
11632
10264
11517
11333
12003
15016
11272
11996
475806
16890
31438
2299116
18221
497076
12966
11625
42030
10621
366605
15246
12816
12291
12841
10815
13384
90190
11696
14109
561176
15954
41672
12252
55259
13145
80540
11472
12482
12749
25026
19036
11618
10900
10769
10981
14530
13340
14082
396795
296447
16707
1022846
566924
685160
21475
14292
1226044
25002
174339
44178
12296
11498
17557
989368
20610
17680
10964
13023
10698
17597
670968
17674
679980
30220
17867
12633
12571
12661
11768
12816
14621
918112
19992
12285
12379
14000
12778
15780
492370
17833
14913
14271
21021
15013
263450
582112
19999
29661
12806
12694
18925
12068
14947
89023
12180
22671
12742
12940
12004
12777
11270
10610
12235
16601
1190859
23050
1527082
40702
18214
1582730
21972
89242
13079
431422
28870
30750
12249
12181
19054
1255975
19768
19461
406431
185317
1074604
19814
11106
11857
11008
10698
13091
155941
500759
1002330
18791
109338
10992
11784
40659
12784
10346
11172
11696
12891
79238
12309
268317
20450
1242193
52400
89401
12061
80969
13906
10747
11280
10965
10712
10807
82015
11850
11777
267060
197455
11816
2755440
21813
21007
29384
18095
864733
1184269
32062
309832
17497
28351
11884
14831
1636748
12234
12279
13363
11934
1283578
92593
23419
145073
15584
11903
40858
10982
14319
11843
13449
451028
15367
11465
1861596
292284
16404
337330
13251
10726
10584
12246
14451
11704
11093
11913
11393
15245
17566
21813
12201
55034
1161050
22139
11707
51398
12246
11260
12658
15130
770898
18173
24646
13180
203176
999128
709526
12489
12081
9634
12371
29083
31377
9675
10226
151224
14329
11913
9734
8420
2025
2575
2098
4464
2110
1903
2159
2093
2150
2841
2031
2241
86417
3081
5731
418915
3342
91235
2350
2160
7669
2025
65401
2775
2265
2223
2265
2013
2361
16702
2157
2504
103609
2928
7567
2272
9826
2389
14949
2140
2209
2294
4705
3463
2117
2076
1917
2034
2637
2418
2526
73383
52892
2999
187445
100652
126954
3934
2680
223528
4501
32160
8201
2250
2149
3313
181493
3797
3286
2023
2408
1975
3231
122057
3293
122338
5701
3330
2307
2318
2266
2186
2378
2756
170995
3592
2213
2217
2520
2313
2768
89524
3181
2674
2521
3749
2679
46749
108939
3625
5380
2320
2298
3422
2183
2714
16284
2310
4053
2349
2415
2182
2423
2125
1930
2212
3129
218066
4175
280347
7302
3417
287654
3939
16646
2397
80099
5039
5890
2245
2243
3417
236227
3757
3564
80937
34961
192169
3792
2144
2198
2019
2018
2497
29962
95336
182559
3578
20000
2119
2190
7688
2393
1960
2097
2203
2344
14889
2274
49691
3715
232160
9826
16861
2236
15363
2544
2056
2089
2019
2039
2087
15285
2245
2217
49475
37854
2240
510855
4202
3974
5399
3259
165748
220197
5870
56699
3317
5406
2195
2708
306310
2296
2297
2351
2206
236161
17888
4245
26839
2955
2223
7488
1991
2617
2174
2409
84145
2808
2098
345970
53775
3081
63269
2379
2067
1968
2241
2559
2150
1970
2135
2048
2692
3279
3985
2193
10069
218147
4077
2128
9504
2153
2056
2329
2727
143204
3330
4450
2402
37918
184375
132692
2393
2216
1762
2321
5432
5846
1749
1870
28143
2633
2234
1808
