46086
11254
13178
12055
24122
11304
10570
10847
10869
11392
15263
11071
12250
474745
16427
31334
2292373
18327
497886
13316
11748
43636
11168
363040
15516
12652
12190
11848
10956
12511
91044
12550
14219
557566
14680
40098
11842
54325
12948
81765
10985
12412
11982
24455
18956
11295
11458
11173
10933
13398
13108
14875
391825
296761
16889
1012460
563389
683728
21945
15019
1218856
24973
173255
43307
12699
11411
17611
974041
20806
17432
10800
12866
10163
18247
657858
18162
682276
31067
17915
12665
14999
11926
12276
12575
15008
912113
20637
12646
12456
12664
12245
15479
485475
17102
14403
14901
20661
15246
260278
585914
20332
30630
13170
13067
18613
12012
15549
89561
11929
23703
13356
12513
11357
13353
11833
10980
12057
17625
1191908
23179
1519099
39332
17253
1576891
20773
90039
13637
430326
28441
31970
11548
11831
18861
1255410
20568
19665
402723
181731
1075722
19503
10710
12313
10355
9836
13136
157718
498587
996704
19344
108112
10825
11633
41086
11953
10034
11311
10925
12876
79536
12861
266132
20716
1239254
52371
87724
11782
81939
14068
10301
10890
10790
10488
10554
80182
11519
11025
268583
199216
11634
2741601
21663
21860
28689
17431
862121
1176226
31598
307256
17103
28020
12213
14945
1623350
11218
12806
12909
11612
1276560
94408
23194
142925
15131
12082
39376
11375
13784
11612
13167
449070
14300
11329
1846453
289350
16519
335515
12180
10870
11517
11567
14590
11471
11811
11339
11351
14490
17467
20661
11140
52904
1166201
22732
11942
51236
11486
11516
12366
14350
766233
18441
25221
12920
199553
992884
703839
13041
11578
10504
11857
28229
31567
10258
10082
152145
14761
11235
9972
8231
2032
2447
2124
4323
2054
1936
1995
1951
2074
2897
2015
2246
85853
3024
5694
415726
3325
90762
2429
2168
7898
2090
64343
2782
2270
2212
2112
1978
2201
16739
2242
2527
102484
2718
7247
2164
9670
2344
15114
2022
2192
2118
4560
3374
2039
2103
1985
2042
2421
2330
2645
72102
52582
3039
184603
99390
125856
4033
2799
221031
4433
31773
7982
2266
2090
3293
178244
3799
3255
1968
2377
1899
3356
119150
3330
122152
5792
3280
2295
2732
2136
2252
2309
2789
168730
3661
2250
2225
2324
2231
2700
87749
3080
2593
2667
3599
2652
45942
108642
3663
5515
2370
2306
3333
2183
2799
16195
2254
4230
2432
2302
2065
2482
2156
1996
2146
3239
216769
4230
276637
7123
3231
284696
3765
16583
2477
79371
4983
6038
2111
2208
3362
234293
3839
3637
79826
34020
190800
3694
2028
2277
1891
1833
2494
30268
94402
180393
3591
19618
2059
2165
7683
2231
1876
2141
2045
2317
14905
2338
48872
3746
229711
9755
16399
2156
15410
2568
1972
2018
2034
1980
2017
14906
2198
2087
49386
38032
2205
505433
4117
4102
5292
3208
163872
217290
5770
55871
3215
5313
2255
2698
302164
2061
2342
2302
2184
233020
18138
4197
26407
2862
2238
7266
2070
2509
2140
2370
83240
2621
2065
340845
53153
3047
62665
2186
2099
2105
2129
2583
2084
2105
2030
2002
2555
3249
3773
2030
9653
217478
4118
2147
9339
1979
2120
2256
2586
140964
3320
4508
2323
36972
182255
131053
2432
2124
1884
2229
5266
5815
1855
1839
27968
2709
2084
1872
