47144
10499
12444
11450
24371
11363
10476
11367
10643
11839
15470
10557
11272
475650
17176
32742
2302524
18678
499255
13540
12214
43667
11065
363707
14720
12261
12595
11808
10770
13127
91698
12753
13857
559363
15828
40016
12072
54259
12791
80303
12196
12202
12993
25031
18976
10977
11538
11449
11164
13703
12651
14492
396222
298059
16619
1027217
564270
687381
21071
14178
1225762
25250
175162
42706
12551
11156
17740
987547
20842
16909
10571
13748
11314
18499
671387
17489
683137
31014
17040
13323
13005
11947
12537
12088
14798
921242
20055
11804
12841
13032
12893
15898
495498
17769
14108
14584
21349
14678
259550
587740
20287
30120
12126
12812
18327
12693
15244
90227
12310
23937
12839
12761
12115
13192
11392
11400
12193
16599
1194390
23219
1525862
39757
17677
1582437
21483
89831
12925
433158
29501
31997
11862
11622
19581
1256603
20910
19102
407886
187377
1070416
18907
11275
12801
10584
10358
13432
154364
495480
997309
19399
108019
10938
11305
41579
12624
10068
11473
11111
12919
79240
13257
265857
20620
1244022
51563
88988
11878
84693
14440
11220
11108
10539
10506
10297
79628
11734
11102
270065
198830
11692
2761766
21285
20924
29154
17186
862490
1184919
32282
309449
17439
28505
11076
14565
1638185
13118
12801
12907
12278
1285229
93279
24370
142717
15317
12266
40783
10956
13334
12207
13512
451424
14962
11611
1859455
293325
16698
335850
12463
10970
10842
11399
14115
10997
11162
11874
11909
14914
17932
20945
11868
55924
1167153
22654
11535
50760
11462
11451
11822
14445
769418
17900
24963
13282
202034
993917
704990
13063
11991
10492
12042
29269
32612
10642
9553
154101
14785
12104
9246
8470
1911
2357
2092
4414
2065
1939
2129
1947
2167
2928
1951
2107
86283
3166
5979
419754
3437
91701
2477
2276
7929
2096
65094
2671
2196
2262
2079
1968
2303
16973
2284
2502
103218
2964
7236
2208
9730
2332
14995
2268
2177
2303
4681
3455
2019
2139
2066
2086
2530
2287
2597
73413
53118
2961
188114
100154
127152
3876
2640
223806
4525
32277
7893
2289
2075
3351
181185
3842
3127
1921
2546
2081
3462
122046
3248
123032
5817
3162
2433
2373
2185
2260
2257
2761
171721
3624
2137
2292
2369
2366
2767
90018
3169
2534
2584
3778
2607
46022
109761
3649
5478
2229
2310
3318
2300
2763
16437
2316
4315
2391
2334
2189
2502
2101
2068
2198
3101
218530
4270
280077
7181
3305
287766
3892
16668
2377
80446
5213
6062
2168
2189
3506
235902
3938
3531
81376
35351
191371
3628
2154
2326
1966
1934
2550
29934
94410
181333
3612
19795
2101
2113
7858
2368
1926
2172
2087
2337
14868
2437
49167
3745
232574
9701
16759
2190
16017
2675
2149
2075
2011
2014
1986
14967
2256
2104
50078
38226
2228
512409
4103
4047
5413
3154
165146
220183
5913
56519
3312
5410
2053
2665
306724
2430
2368
2324
2260
236526
18053
4378
26523
2897
2264
7577
2010
2455
2258
2396
84235
2752
2132
345366
54025
3113
63033
2252
2134
2052
2060
2539
2024
2003
2130
2140
2649
3285
3793
2124
10294
218956
4088
2111
9362
2010
2119
2170
2612
143040
3284
4538
2370
37719
183371
132004
2449
2254
1922
2257
5456
6033
1933
1766
28597
2695
2280
1741
