46560
10657
12713
11717
24606
11425
10146
10774
11342
11193
14785
11150
12043
474553
16106
31649
2300729
18554
500285
13180
11701
42049
10512
365431
15390
12426
12117
12291
10879
11933
89179
12337
14255
559990
15231
40640
11991
54005
12501
79719
11121
11885
12697
24899
17987
11308
11817
11913
11051
13822
12613
13411
398371
295648
16525
1023137
567737
686220
21797
14483
1227763
25202
176128
42271
12400
11184
17572
986646
20498
16909
11381
13623
10670
17885
669858
17552
679062
30875
18313
12898
13107
11367
13196
12202
14769
922304
20186
12598
13363
12743
12811
15069
499243
17841
14781
15008
21334
14601
262898
585073
20024
29184
12728
12644
18936
12177
15488
90017
11814
22784
12845
12551
12160
12824
10514
11056
12511
17043
1197598
23418
1522165
39069
17498
1583091
21347
90155
13357
430176
28921
31584
11746
12129
19542
1261045
20497
19777
405820
188793
1064250
19490
10728
12193
10400
10413
12498
156782
495797
1003136
19322
108189
11376
11573
41492
12763
10681
11401
11314
12557
80299
12851
265793
20308
1240199
52806
87610
11678
82431
13156
11046
10716
10979
10600
10114
80925
11344
11846
268223
196640
11794
2766026
22064
20751
28071
17101
867004
1179112
30942
308270
17539
27685
12099
15238
1634636
11204
12669
12240
12181
1278633
95294
23105
141950
15249
12301
41084
11223
13544
11347
13419
447171
15008
11537
1862665
293335
17229
332783
13376
10923
11004
12228
14310
11376
11327
11661
11718
14090
17434
21353
12621
53173
1165582
22341
11899
51194
11635
10770
12165
15115
770004
18669
25206
12830
202466
997450
708702
13108
11819
9827
11544
28565
32510
10802
9643
151323
14390
11661
9303
8395
1980
2362
2156
4420
2074
1885
2020
2093
2035
2803
2074
2226
86298
2976
5781
419968
3413
91787
2417
2203
7711
1953
65443
2818
2220
2221
2163
1960
2091
16602
2258
2516
103551
2814
7369
2213
9683
2252
14906
2070
2137
2301
4663
3277
2077
2167
2116
2046
2511
2291
2448
73821
52624
3015
187771
100831
127428
3970
2692
224315
4531
32412
7904
2255
2090
3306
181413
3806
3105
2083
2546
1968
3291
121957
3233
122549
5766
3489
2315
2347
2042
2418
2258
2788
171952
3636
2253
2438
2368
2357
2617
90721
3199
2679
2715
3776
2586
46573
109181
3626
5352
2314
2245
3433
2248
2866
16457
2221
4084
2341
2281
2191
2426
1983
2005
2248
3157
219326
4243
279844
7105
3323
288172
3842
16763
2459
80120
5078
6030
2170
2284
3518
237170
3863
3663
81010
35600
190630
3706
2056
2296
1930
1950
2429
30218
94623
182725
3646
19802
2186
2126
7856
2382
2029
2138
2119
2294
15070
2344
49363
3699
232159
9936
16581
2190
15673
2452
2138
2024
2084
2006
1971
15143
2160
2225
49757
37827
2231
513309
4206
3944
5235
3148
166086
219478
5692
56494
3323
5246
2255
2764
306629
2081
2360
2219
2273
235763
18461
4231
26336
2904
2296
7535
2043
2515
2092
2407
83411
2757
2124
346410
54031
3213
62422
2405
2078
2066
2251
2506
2097
2026
2123
2090
2508
3184
3930
2253
9735
218862
4101
2157
9473
2033
2002
2220
2702
143183
3365
4485
2361
37813
183969
132674
2431
2183
1804
2185
5333
6004
2000
1787
28167
2641
2196
1716
