46096
10955
12964
11342
25275
11212
10791
10670
10765
11767
14940
11191
12512
473091
16395
31148
2297521
18984
500800
13408
11681
42881
10932
363202
14690
12119
12365
11887
11717
12946
91096
12705
14026
555607
14993
39705
11759
55758
12705
81075
11027
13002
11963
24601
20020
11662
11514
11503
11125
13977
12937
13708
400619
299336
16394
1022732
566117
688041
21629
14016
1227619
25990
176488
42041
12505
11476
17849
987489
20405
16569
10837
13411
11243
18243
674172
17477
679345
30583
17398
12562
12723
12951
12719
12756
15602
921943
20529
13070
13183
12554
12746
15891
494415
17575
14101
14036
21089
14961
261745
578921
20305
30084
12798
12462
18543
11923
15449
88837
11992
24413
13484
13148
12372
12877
11288
10882
12548
16457
1202496
23490
1525105
40020
17897
1583109
22227
91018
13855
430553
29298
32246
11777
12939
19158
1262750
20860
19644
405374
187664
1072474
19449
11146
12345
10141
10419
12758
155802
497612
1003743
18915
110276
10752
11247
41299
12672
10567
11550
11396
12787
79047
12902
268070
20989
1241739
52543
90119
12608
83166
14172
11041
10424
10597
10018
10494
82182
11616
11864
265013
197777
12048
2758402
21608
21537
28484
17692
863785
1183520
31380
305835
16881
28725
11990
15447
1636263
11799
11689
13239
12245
1288038
93975
23562
145369
15510
12566
40852
11008
13846
11350
13334
449273
14908
12019
1866835
292465
17021
335476
12476
10996
11404
11943
14334
10892
12002
11826
11668
14556
18381
21560
12011
54167
1163288
22514
11685
52490
11853
11318
12095
13779
774966
18050
25053
12524
201145
994706
708186
12986
12025
10458
11317
29235
32484
10319
9813
151809
14685
12252
9353
8285
2032
2466
2047
4551
2060
2003
1988
1989
2125
2851
2046
2300
86188
2997
5694
419869
3473
91952
2465
2190
7841
2033
64936
2692
2199
2222
2095
2137
2257
16879
2278
2481
102853
2782
7245
2175
9999
2333
15120
2049
2286
2155
4582
3631
2127
2130
2058
2087
2527
2343
2495
74073
53527
2973
187471
100524
127862
3950
2608
224176
4630
32608
7893
2289
2135
3350
181589
3772
3086
1986
2495
2087
3361
122658
3268
122479
5761
3256
2290
2334
2341
2335
2335
2916
172480
3705
2335
2368
2284
2342
2806
89788
3145
2529
2552
3725
2636
46203
108216
3666
5438
2311
2265
3363
2184
2799
16217
2255
4444
2495
2423
2255
2432
2135
1965
2250
3059
220313
4296
280264
7289
3356
288223
4030
16886
2522
80312
5169
6094
2204
2416
3489
237662
3953
3620
81103
35256
191874
3697
2132
2288
1887
1960
2449
30038
94810
182944
3575
20140
2095
2079
7731
2351
1994
2222
2143
2350
14874
2368
49658
3805
232146
9862
17007
2337
15864
2580
2125
1981
2001
1910
2028
15355
2212
2221
49172
38071
2304
512589
4153
4043
5237
3241
165759
220264
5759
56096
3190
5451
2228
2862
306653
2200
2195
2376
2269
237026
18170
4313
26953
2939
2279
7496
2001
2581
2088
2408
83761
2780
2241
347071
53836
3228
62838
2269
2135
2101
2158
2546
1988
2115
2144
2086
2593
3373
3941
2186
9944
218816
4089
2130
9613
2118
2089
2239
2478
144030
3310
4585
2306
37463
183788
132723
2475
2225
1912
2146
5449
6023
1894
1798
28167
2699
2278
1759
