47087
10975
13278
11844
25530
11580
10718
10996
11234
11590
15343
10593
12178
475598
16157
33300
2300163
18599
502971
12868
12384
42402
10474
362708
14533
12329
11712
11491
10960
12656
90286
12288
14036
561354
15876
41454
12201
54784
12951
81484
11102
12413
12263
24815
18908
10742
11191
10735
10944
14022
12804
13832
398172
297595
16515
1023132
562696
681683
21245
14037
1227541
24954
176318
43981
13054
10840
17938
987340
20292
17276
10559
13568
11666
18178
665983
17005
686259
31112
17280
12596
13426
11761
12924
13143
15063
921125
20063
12404
13291
12954
12473
15380
494701
17749
14687
14379
20171
15353
263553
584483
19794
29964
13062
12895
19135
12509
15819
88416
12663
23242
12915
12254
12306
13689
11236
10597
12620
16128
1195646
22697
1531457
40273
16686
1583581
21654
91031
13064
431536
28694
31974
11778
11888
19091
1258384
21275
20989
411261
190203
1069688
19800
10982
11832
10455
10469
13041
156831
491974
1003067
19101
109173
11411
11734
41138
12796
10720
10967
10632
13013
79676
13497
268403
20764
1242456
52628
88519
12014
82878
13566
10331
10975
10597
10423
11042
80722
11452
11942
267966
199614
11206
2760464
21881
20738
29523
17523
871868
1182405
31563
308678
17115
27972
11635
14728
1629299
11628
12655
12815
12643
1289539
94669
22960
144223
15155
11817
40037
11314
14061
11401
12866
452681
15226
11766
1861612
293768
17122
337057
12432
10153
11080
12038
14577
11058
11780
11317
12138
14205
17557
21116
11509
55516
1157572
21381
11877
51764
11478
11115
12045
14510
781738
18547
24777
12812
201462
999728
706845
13158
11153
10376
11614
29355
32588
10789
9169
150394
14820
12006
9368
8537
2016
2445
2161
4616
2095
2004
2027
2054
2131
2874
1982
2236
86514
2985
6096
420261
3368
92235
2366
2289
7709
1966
64953
2668
2187
2108
2097
1972
2245
16803
2185
2463
103933
2955
7570
2245
9827
2342
15202
2026
2159
2202
4653
3453
1995
2070
1938
2035
2540
2307
2487
73687
52955
2991
188022
100093
126738
3881
2633
224522
4578
32464
8208
2385
2026
3401
181234
3703
3224
1955
2531
2170
3364
121527
3152
123526
5810
3253
2287
2409
2140
2396
2439
2868
171887
3637
2223
2391
2379
2293
2682
89864
3141
2652
2573
3601
2727
46644
109335
3578
5464
2368
2341
3466
2303
2884
16153
2404
4270
2402
2269
2222
2588
2124
1891
2268
3035
218857
4170
281444
7319
3144
288443
3934
16866
2409
80268
5017
6050
2168
2240
3410
236768
4029
3850
82143
35805
191598
3769
2106
2189
1929
1950
2530
30373
93779
183292
3609
20046
2210
2185
7779
2405
2058
2104
2031
2372
14988
2492
49792
3785
232360
9820
16725
2206
15685
2518
2020
2031
2048
1992
2139
15182
2174
2259
49681
38448
2181
512947
4193
3942
5480
3220
166954
219864
5737
56737
3226
5317
2146
2684
305970
2179
2340
2346
2335
237563
18363
4121
26865
2867
2187
7425
2058
2606
2113
2300
84313
2784
2144
346413
54212
3204
63427
2254
1969
2046
2163
2578
2063
2112
2042
2158
2571
3232
3904
2117
10203
217768
3909
2165
9534
2008
2062
2210
2592
145046
3415
4471
2329
37538
184256
132455
2458
2095
1875
2200
5466
6028
1955
1722
27932
2754
2290
1766
