46646
11205
12836
11797
25501
11390
10959
11216
11319
11590
15225
11863
11905
474172
16316
31694
2299378
18163
501632
13384
11967
42421
10550
362792
13801
12736
12038
11965
11372
13054
90290
12314
14483
561729
15453
40554
11968
53810
12294
80177
12159
13062
11919
25142
19280
11241
11971
11530
11108
14265
12524
13617
397642
297326
16538
1027758
568273
686249
20888
14087
1231046
25839
173749
43960
12005
11347
17561
986528
20190
17557
11338
12934
10884
18263
674270
16336
681418
30700
17866
13190
13279
12030
12269
12183
14682
917427
20618
12530
12248
13080
12414
16442
493566
17076
14292
14171
20008
14757
261504
583849
19261
29195
12582
12976
18252
11965
14897
90416
11643
22635
13509
13308
11729
12428
11323
11002
12427
16224
1198788
22495
1522967
40416
18341
1578406
20935
90169
13641
434523
29033
31855
11397
12067
18953
1262855
21071
19735
407779
184938
1071346
20016
11341
12297
10851
10266
13714
156516
493192
1004298
19533
110558
10744
11827
41316
12505
10521
10622
10873
12803
79489
12840
267207
19591
1243043
52746
88412
12536
83992
14043
10159
11143
10807
9597
10741
81396
11734
11514
266769
199361
11504
2757801
22235
20856
29070
17099
865647
1178836
32972
303221
17375
27306
11452
14751
1640915
11078
12599
12872
12346
1290844
95386
24122
142628
15464
12015
40068
11496
13479
11471
12910
450925
14515
11315
1855954
293067
16062
336883
12818
10805
10985
11655
14578
11060
11291
11320
11671
14597
17919
21016
12087
54989
1161236
21887
11815
52132
11235
11096
12519
14748
773966
18017
26263
13328
203005
997097
711855
13033
11786
10397
11744
29131
32024
10557
9378
152107
14202
11695
8973
8414
2081
2410
2141
4542
2079
2042
2019
2047
2140
2874
2200
2213
86363
2989
5828
420730
3316
92097
2461
2245
7751
1957
64862
2512
2293
2226
2114
2080
2305
16664
2258
2581
103849
2899
7402
2219
9611
2253
15007
2265
2298
2120
4713
3462
2078
2230
2057
2084
2570
2270
2486
73592
53214
2986
188535
101100
127377
3795
2658
224970
4656
32046
8142
2181
2122
3274
181072
3758
3268
2063
2410
2024
3372
122716
3012
122735
5727
3338
2365
2454
2188
2289
2280
2768
170843
3682
2227
2212
2361
2297
2871
89611
3081
2580
2554
3534
2581
46417
109134
3517
5300
2295
2291
3317
2215
2690
16485
2220
4149
2500
2443
2152
2343
2100
1989
2212
3023
219451
4113
280276
7313
3451
287597
3794
16650
2474
80956
5076
6014
2133
2261
3438
237560
3923
3643
81460
34928
191783
3847
2179
2286
2020
1958
2620
30166
94149
182961
3692
20285
2083
2185
7781
2347
2015
2035
2057
2332
14919
2357
49644
3559
232409
9880
16794
2299
15968
2568
1976
2103
2070
1826
2083
15270
2253
2194
49504
38338
2205
512144
4261
3954
5389
3138
165687
219340
6031
55797
3310
5180
2139
2697
307669
2073
2340
2323
2323
237885
18483
4378
26607
2952
2221
7433
2117
2482
2106
2303
84141
2670
2071
345295
54066
2984
63179
2300
2113
2066
2109
2575
2046
2031
2038
2124
2559
3315
3842
2171
10124
218650
4005
2157
9555
1989
2057
2270
2641
143838
3331
4730
2447
37909
184073
133448
2477
2195
1873
2208
5470
5891
1913
1743
28286
2643
2209
1687
