47295
11100
13099
11898
25636
10832
11172
11344
10528
11485
15667
10833
11482
475911
16713
32294
2298898
18825
507025
13093
12204
43362
11342
365822
15214
12698
12473
12347
11670
12264
90648
11764
14402
559562
15393
39321
12754
54410
12036
79910
11275
13059
12347
24573
18971
10622
11037
11026
10869
14481
12680
13992
398550
298602
16897
1023943
566180
684475
21747
15385
1229144
25211
177584
42920
12965
10659
17313
988415
21064
17413
10760
14188
11034
19062
675831
17341
682335
31873
18802
12998
12712
11734
12594
13524
14653
922587
20038
12773
12559
12560
12195
16204
499584
17142
14595
15014
21823
15134
261241
584530
19757
28843
12913
11991
17918
12145
15203
91124
11937
23256
12623
12313
12558
13536
11275
10601
12033
17501
1196162
23737
1524724
40510
17472
1586258
21805
91348
13037
432505
27742
31069
12627
11370
18848
1260050
20644
19261
406126
184878
1064829
20234
10679
12224
10560
11270
12807
156928
493341
1005549
18920
108920
11428
11643
41554
12557
10755
11195
10952
12482
78597
12763
269061
20180
1239580
53291
88845
12429
83046
13659
10709
10785
10544
10473
10779
81648
11849
11701
267900
200553
11616
2761777
21772
21263
28036
16969
869647
1186889
31898
307479
17956
28628
12058
14823
1639144
12396
13188
13233
12506
1286031
93755
24445
140973
14672
12014
39849
11384
14159
11285
13392
452328
14104
11926
1853594
292958
16510
336051
11983
10828
11129
12504
15475
10935
11880
11632
11628
13969
18152
20579
11968
55558
1163801
22695
11243
51823
11743
10820
11763
14495
774478
18881
26208
12731
199255
996769
710086
12377
11332
10739
11769
29955
32647
10801
9792
152615
15037
11848
9458
8454
2039
2502
2131
4622
2003
2104
2071
1952
2144
2944
2018
2137
86486
3101
5929
419922
3479
93196
2418
2260
7927
2098
65553
2763
2264
2273
2181
2138
2171
16788
2175
2570
103486
2839
7189
2353
9776
2204
14954
2121
2318
2244
4654
3454
1947
2033
1980
2035
2651
2277
2520
74071
53239
3091
188126
100831
127221
3955
2849
224768
4556
32844
8037
2368
2017
3294
181969
3876
3256
1977
2641
2033
3532
123052
3216
122924
5966
3497
2328
2342
2104
2294
2515
2760
172105
3594
2262
2277
2269
2248
2792
90732
3088
2669
2699
3850
2680
46440
109511
3633
5230
2336
2135
3245
2240
2831
16621
2285
4257
2346
2289
2264
2563
2146
1934
2166
3269
219389
4323
280340
7316
3315
288664
3903
16938
2408
80387
4912
5969
2348
2122
3420
237237
3915
3530
81292
34834
190758
3849
2055
2282
1935
2107
2455
30327
94191
183618
3627
20018
2197
2140
7805
2373
2013
2130
2050
2283
14735
2330
49903
3671
231815
9973
16712
2312
15738
2515
2082
1996
2008
2016
2101
15283
2266
2219
49746
38488
2229
513734
4148
4033
5224
3128
166724
220966
5846
56453
3399
5474
2204
2713
307321
2276
2415
2364
2345
237149
18175
4406
26406
2757
2244
7354
2102
2621
2101
2405
84468
2591
2183
345342
54028
3113
63016
2165
2090
2058
2274
2719
2054
2136
2082
2072
2491
3297
3799
2145
10175
218988
4163
2078
9487
2069
1994
2162
2612
144149
3459
4787
2308
37283
183826
132919
2341
2140
1956
2228
5602
6067
1950
1807
28344
2768
2198
1807
