47259
11010
13130
11264
25317
11287
10837
10832
11188
12284
15276
11853
11420
477934
16048
32069
2296532
18423
503367
12884
12219
42191
10851
362862
15539
12765
11482
11608
10887
12701
89915
12386
14104
552958
15340
41715
11739
54743
13406
80127
11485
12498
12684
24466
19150
10658
11771
11008
10873
14488
13190
13611
395485
294821
16196
1021870
565762
691417
20434
15018
1231664
24799
178284
42689
11862
11344
17255
989728
20518
17382
10695
13150
11082
18573
676532
17482
683514
30705
18021
12572
13390
11963
12811
12721
15043
924532
19826
12713
12417
12988
12785
15584
497127
17441
14540
14255
21443
14642
260484
583960
19789
30140
13049
12823
19207
12691
14579
91150
12395
22619
13219
12396
12079
12701
11005
11445
12436
15971
1195525
22190
1527068
41202
18419
1575460
21389
88753
13246
431236
28876
31677
12071
11297
19325
1258054
19711
19751
410309
189277
1068274
19626
10859
12326
9894
10474
13003
156632
495079
1004884
19655
108852
10819
11331
40091
12641
10794
11132
11193
12752
79052
13131
266597
20943
1244393
53116
92268
12086
81890
14350
10121
11129
10399
10583
10325
80809
11025
11836
270910
198581
11926
2761332
22205
21051
29956
17619
864169
1179041
31721
309954
17480
27583
12708
14852
1635714
12133
13104
12895
11952
1287574
94341
24158
143618
14895
13111
39983
11146
13777
11948
12861
452773
15282
11930
1857850
294203
16508
335493
12649
10772
11101
11773
15139
11504
11059
12204
11251
14697
17985
20916
11943
54774
1160991
21830
11390
51710
11643
11057
12240
15382
780690
18253
26130
12484
202023
995999
708853
13411
11212
10212
12140
28887
32764
10003
9546
151990
13925
11074
9525
8495
2039
2485
2044
4538
2076
2024
2014
2057
2244
2882
2160
2115
87009
3007
5881
419342
3405
92417
2402
2259
7717
2041
65243
2770
2275
2092
2036
1984
2212
16644
2217
2500
102375
2837
7538
2145
9858
2408
14991
2133
2236
2269
4578
3523
1960
2167
1979
2039
2628
2373
2472
73322
52558
2962
187905
100742
128029
3737
2785
225080
4514
32804
8006
2187
2129
3274
181748
3776
3238
1996
2464
2057
3431
123065
3251
123152
5789
3324
2265
2432
2160
2381
2333
2811
172396
3583
2282
2262
2365
2324
2722
90493
3130
2608
2555
3832
2621
46346
109464
3597
5457
2378
2325
3500
2346
2691
16594
2370
4150
2424
2301
2193
2423
2061
2030
2212
3024
219275
4074
280529
7457
3504
287120
3878
16539
2412
80283
5055
6047
2232
2132
3495
237244
3753
3662
82015
35601
191444
3738
2078
2308
1831
1970
2470
30270
94320
183215
3678
19815
2050
2116
7571
2355
2070
2105
2098
2313
14919
2387
49382
3818
232990
10001
17336
2251
15644
2629
1947
2077
1958
2038
2004
15175
2104
2255
50286
38261
2277
513503
4256
4015
5561
3203
165938
219445
5839
56831
3303
5321
2312
2716
307139
2234
2428
2349
2255
237406
18098
4368
26737
2819
2438
7408
2015
2557
2217
2324
84546
2876
2168
345555
54149
3101
63115
2260
2107
2078
2165
2680
2108
1943
2189
2031
2618
3322
3852
2171
10026
218718
4023
2097
9502
2051
2042
2248
2767
144992
3377
4705
2229
37645
183952
132972
2531
2116
1859
2303
5441
6055
1833
1788
28301
2564
2091
1778
