47997
11377
12727
11886
24581
11015
10241
10849
10831
11590
15448
12169
11636
478012
15874
31606
2308780
17705
508296
13487
12289
43857
11205
364526
15026
12595
12071
12491
10983
12612
88844
12288
13887
557514
15061
40346
12370
56072
12924
81858
11435
12442
12286
24354
19139
11382
11860
11434
10738
14164
12558
13918
399557
297283
16657
1030647
570875
690644
21396
14776
1224493
24648
177148
43614
12481
11327
17479
988716
20153
17137
10387
14195
11197
18800
678310
17127
680753
31119
17980
12328
12395
11883
12693
12464
15329
925904
20643
12979
11927
12832
12139
15917
495716
18170
14160
14100
20295
14804
262202
579954
19616
30101
12544
12718
20121
12406
15354
89251
12463
23368
12880
12490
12393
12385
11163
11319
12131
16708
1196872
22636
1527682
40907
17704
1581599
21302
91081
13935
432634
28840
31067
12715
11740
19574
1268061
20884
19568
406972
187116
1067582
19665
11031
12489
10131
10793
12717
156229
494136
1009899
19746
109549
11050
11565
40852
12785
10485
11289
10871
12750
79363
13565
266376
20780
1244393
51712
89378
12241
83345
14391
10870
10974
11035
9494
10545
80129
11349
11554
269698
201013
11509
2763598
21372
21107
28945
17305
863800
1181116
30218
305930
17977
28146
12093
15772
1636283
11552
13101
12849
12237
1286687
94168
23220
144056
15273
12575
39833
10969
13829
11389
12805
452911
16081
11360
1859556
291305
16962
335767
12757
10679
11032
11729
14191
11147
11803
11198
10881
14329
17733
20250
12421
55415
1163992
23036
11362
51306
11780
11003
11732
14577
780419
18897
24258
12164
200987
992045
708767
13319
11862
10465
12004
29043
32978
10493
9753
152727
14636
12113
9198
8619
2072
2406
2101
4388
2037
1927
2010
1990
2126
2874
2206
2150
86907
2901
5773
422481
3267
93404
2451
2260
7971
2125
65383
2709
2231
2188
2206
2004
2228
16508
2213
2456
103379
2791
7379
2262
10013
2385
15225
2146
2185
2170
4520
3453
2101
2220
2022
1974
2569
2277
2491
74041
53071
2993
189147
101723
128030
3910
2748
223966
4472
32728
8156
2324
2111
3275
181712
3735
3209
1906
2644
2064
3476
123719
3191
122732
5866
3348
2229
2291
2151
2331
2342
2890
173040
3730
2315
2163
2343
2227
2782
90291
3244
2552
2553
3617
2636
46581
108710
3583
5481
2286
2263
3625
2284
2833
16264
2339
4232
2423
2357
2251
2338
2096
2042
2180
3152
219620
4171
280925
7350
3335
288636
3837
16956
2556
80471
5090
5916
2341
2219
3504
239135
3975
3623
81454
35292
191248
3824
2132
2327
1869
2033
2414
30176
94395
184174
3751
20141
2115
2172
7712
2385
2022
2145
2057
2292
14961
2502
49494
3796
233076
9690
16861
2271
15904
2680
2103
2111
2064
1834
2041
15112
2200
2190
50083
38644
2178
514265
4118
4006
5447
3168
165944
220256
5581
56303
3393
5368
2223
2883
307534
2142
2413
2359
2301
237493
18261
4205
26801
2885
2306
7394
2026
2573
2118
2301
84569
2968
2093
346427
53578
3153
63107
2328
2057
2069
2177
2525
2047
2103
2052
1988
2575
3256
3727
2248
10136
218905
4234
2059
9482
2042
2043
2159
2615
144813
3489
4411
2208
37614
183317
133319
2527
2220
1899
2235
5456
6053
1920
1790
28307
2702
2281
1717
