46104
11420
13372
11327
25228
10927
10087
10990
11703
11646
15107
11425
12203
476893
16051
31301
2304800
18417
503464
13773
12360
42071
10976
364084
14638
11932
12370
12041
10932
12866
89124
11719
14968
561228
15535
41999
12216
54915
12340
81008
11726
12426
12818
24921
19083
11601
11336
11174
11021
13886
13316
13847
399923
298901
16114
1019940
570432
689387
20864
14382
1229644
25727
175975
43404
12734
11969
17843
992384
20432
17612
10783
14029
11087
18691
674162
17208
683392
31255
17088
13085
12617
11828
12001
13047
14980
922809
19879
12145
12555
13553
12545
15338
498628
17965
14826
13847
20053
15129
262725
579026
20414
30261
12982
12692
19075
12743
15903
88820
12160
22497
13340
12688
12131
12551
11032
11589
12158
16739
1203018
23036
1528755
39801
17799
1588240
22171
90641
13102
431625
29438
31839
12356
12020
19422
1258718
19831
20243
409111
188209
1071891
19896
11153
11843
10072
10729
13099
158105
496522
1005848
19548
109934
11220
11710
41634
12461
10852
10956
11182
12861
78451
13032
265945
20598
1240593
52080
90000
12590
82034
13787
10628
10364
10639
9789
10973
81388
11421
11667
269968
198794
11718
2755521
22380
20710
29216
17029
869396
1183422
32035
307975
17610
27564
12062
15042
1633683
11970
12601
12556
11952
1290408
94356
24130
144795
15299
11897
40230
11370
13249
11438
12851
454350
14751
11986
1861886
292606
16933
334673
12038
10868
11767
12169
14509
11165
11422
12071
11804
14841
16828
21041
11682
55631
1164715
22120
11615
51293
11570
11508
11796
15164
776526
18691
26131
12748
200354
993512
705105
13150
11508
10243
11219
28440
32457
10535
9435
152518
14450
12545
8970
8311
2099
2485
2046
4562
2001
1884
1991
2156
2152
2864
2090
2274
86695
2990
5766
421631
3364
92582
2515
2265
7727
2067
65196
2683
2160
2230
2118
2010
2311
16509
2144
2658
104062
2899
7546
2286
9835
2250
15145
2161
2196
2308
4675
3497
2126
2133
1978
2038
2537
2422
2490
74182
53317
2927
187344
101425
127952
3858
2699
225233
4618
32411
8104
2318
2245
3367
182316
3770
3255
1989
2579
2056
3448
122908
3194
123364
5817
3220
2359
2300
2175
2233
2433
2814
172503
3579
2197
2284
2469
2315
2726
90863
3194
2659
2496
3578
2673
46663
108555
3713
5523
2377
2292
3440
2365
2895
16183
2284
4111
2447
2354
2188
2355
2107
2087
2204
3169
220856
4240
281193
7229
3348
289556
4004
16818
2455
80468
5113
6033
2292
2242
3477
237192
3742
3738
81730
35613
192050
3816
2119
2198
1891
2023
2494
30584
95023
183761
3710
20042
2177
2195
7898
2336
2083
2063
2104
2313
14671
2380
49449
3769
232284
9764
17024
2335
15615
2543
2053
1959
2030
1894
2139
15275
2216
2231
50215
38314
2220
513291
4320
3933
5445
3128
166781
220565
5861
56746
3324
5297
2265
2741
306899
2233
2352
2309
2231
238048
18386
4406
26899
2930
2216
7409
2074
2459
2144
2319
84911
2693
2199
346913
53990
3180
63078
2173
2091
2170
2184
2628
2041
2039
2161
2138
2678
3086
3859
2140
10167
219257
4056
2096
9415
2042
2138
2167
2704
144373
3416
4679
2327
37548
183804
132231
2475
2133
1883
2149
5348
5992
1919
1744
28483
2660
2346
1668
