46841
10483
12467
12106
26101
10966
10550
10938
11208
11617
15201
10805
12121
479255
16112
31670
2310963
19970
504444
12987
11805
42781
10669
363034
15908
12151
12258
12268
10928
12167
90473
13028
14291
561999
15101
40209
12067
54130
12818
80341
11807
13601
12710
25357
19709
11236
11739
11223
11098
13490
13003
14213
400462
298188
16296
1021351
567110
689655
21158
14274
1226868
25249
177840
43857
12270
11729
17809
988150
20526
17363
11366
14329
11611
18327
674438
17499
682736
30618
17868
13775
13098
12200
12953
12463
15349
925266
20865
13083
12838
12398
12592
15317
497822
17579
14315
14898
20605
14895
263047
586716
20026
29917
12555
12126
19404
12459
15380
91090
11968
23470
12720
12794
11526
12966
10941
11413
12412
16332
1195873
23453
1538440
39105
17167
1593408
21262
90860
13304
436091
28904
33195
12218
11835
18554
1271804
21295
19555
409383
191527
1065861
20276
11536
12462
10290
10591
13365
157555
493754
1004352
19441
109883
11070
11874
41490
12841
10317
11148
10645
13102
77824
12896
264907
20202
1242870
54283
88818
12274
82098
14591
10854
10437
10518
10511
10587
79127
11735
11843
267681
195326
11485
2759521
22483
20894
29032
17006
866674
1187762
31159
306493
18108
28697
12117
14571
1639917
11764
12780
13275
12390
1289995
94504
22838
142605
15399
12506
40184
11662
13433
11952
13310
449741
15314
12003
1870030
292088
16174
336974
12737
10407
11359
11976
15312
11178
11321
11290
11817
14601
17396
20822
12071
54662
1157048
22443
12088
50525
12205
11653
11988
14625
775320
18500
25595
13180
200321
990009
707082
12668
11733
10387
11536
28428
32571
10020
9440
150264
14710
11545
9390
8440
1942
2360
2217
4648
1994
1985
2017
2098
2091
2915
1984
2249
87208
3006
5773
422937
3688
92755
2382
2209
7808
1995
65159
2869
2185
2212
2157
2006
2173
16787
2381
2535
104318
2770
7264
2204
9730
2339
14994
2186
2379
2247
4743
3593
2095
2198
2035
2063
2485
2364
2535
74257
53337
2957
187767
100838
128343
3837
2675
224419
4535
32804
8207
2268
2169
3369
181466
3846
3254
2120
2645
2141
3392
122768
3207
123226
5813
3359
2507
2418
2194
2388
2325
2917
172796
3758
2343
2313
2280
2296
2720
90577
3156
2590
2674
3645
2619
46595
109877
3676
5451
2302
2178
3527
2293
2811
16651
2221
4261
2371
2350
2082
2430
2043
2058
2238
3046
219427
4272
282526
7167
3290
290288
3844
16810
2414
81276
5137
6280
2285
2211
3334
239748
4030
3645
81816
36112
191430
3852
2176
2332
1910
1998
2529
30580
94269
183515
3675
20181
2140
2180
7837
2433
1970
2151
2033
2384
14662
2355
49405
3721
232976
10169
16751
2244
15615
2690
2089
1966
1970
2039
2078
14897
2237
2243
49794
37661
2196
513711
4344
3985
5424
3116
166450
221424
5751
56221
3438
5491
2260
2664
308119
2167
2384
2359
2288
237771
18353
4169
26541
2927
2326
7456
2110
2489
2196
2388
84096
2840
2205
348116
53921
3019
63267
2324
2025
2096
2178
2720
2074
2051
2045
2108
2619
3233
3852
2190
10108
217748
4094
2215
9286
2116
2159
2206
2647
144150
3394
4662
2438
37440
183121
132792
2388
2174
1883
2208
5339
6025
1807
1735
28083
2695
2153
1774
