47931
11105
13422
12001
25504
11357
10871
11490
10909
12023
15629
10676
11476
475703
16697
32434
2307316
17910
502758
13351
11655
43636
10827
365455
14929
12659
12118
11978
11092
12748
89919
12511
14440
556778
14990
41273
11665
54751
12782
80651
11184
12299
12659
25049
19172
11655
11534
11084
11149
13779
13036
13508
398207
294157
15963
1028379
573020
689724
21788
15198
1234968
24585
178149
43833
12010
11166
18275
991724
20728
17937
10696
14589
10894
18083
676581
17249
679001
31210
17597
13462
12857
12508
12388
12809
15608
928841
20336
12764
12535
13198
12089
16389
494456
17064
14866
14435
20374
15247
264245
583155
20713
30555
13058
12572
18675
12487
15594
91367
12395
23163
12742
12862
12391
12354
10753
10152
12516
16224
1201291
23092
1527394
39869
18461
1589135
20869
89601
14001
432383
29873
32003
12003
12596
19026
1264473
20591
20129
409451
188070
1071307
19233
11037
12449
10278
10239
13352
156271
497052
1008222
19703
107519
10798
11344
41163
12274
10122
11401
11479
13620
78986
12849
269217
21206
1245566
51749
89803
12796
83387
14395
10765
10501
10882
10507
10915
80827
11103
11548
269297
196220
11929
2764307
23230
21570
27809
17601
867434
1187740
31867
308138
17945
28643
11729
14583
1635167
12286
12801
12994
12453
1289660
94607
23228
141011
15492
11957
39712
11797
13643
11673
13228
455673
14743
11158
1869542
294236
16765
332658
12581
11169
11375
12320
14126
11517
11093
12104
11646
14747
17107
21451
12748
54741
1160646
22314
12201
51810
11061
11117
12187
15327
782583
17787
25190
12598
201201
997467
707430
13520
11839
10468
11601
28874
33101
10416
9738
152671
15371
12319
9601
8594
2045
2537
2188
4582
2100
2058
2143
2014
2171
2912
1998
2120
86937
3078
5968
423072
3293
92492
2457
2204
7907
2023
65545
2714
2287
2208
2110
2057
2263
16620
2280
2564
103489
2822
7581
2188
9775
2319
15184
2126
2197
2247
4703
3455
2151
2150
1996
2081
2518
2338
2491
73999
52624
2907
189138
102055
128312
3976
2842
226331
4454
32954
8211
2224
2116
3460
182603
3811
3313
1994
2713
2040
3325
123320
3244
122515
5944
3312
2450
2350
2275
2269
2359
2943
173649
3680
2287
2275
2408
2218
2885
90305
3102
2706
2599
3604
2698
46929
109335
3819
5569
2366
2306
3360
2295
2862
16724
2318
4195
2373
2386
2274
2354
2027
1871
2274
3035
220671
4275
281586
7234
3497
289949
3820
16725
2579
80626
5244
6075
2266
2343
3408
238617
3897
3712
81898
35726
191967
3672
2143
2333
1905
1930
2527
30234
94929
184170
3701
19760
2067
2096
7773
2303
1895
2169
2161
2469
14870
2345
50100
3883
233420
9781
16884
2369
15946
2659
2090
1992
2069
2012
2105
15206
2182
2167
50135
37898
2310
514620
4471
4124
5180
3248
166505
221602
5791
56572
3385
5468
2199
2691
307290
2257
2364
2322
2338
238144
18410
4212
26405
2935
2208
7342
2128
2537
2179
2375
85200
2704
2068
348229
54395
3092
62760
2279
2154
2119
2246
2529
2131
1997
2188
2086
2628
3199
3946
2290
10109
218927
4086
2208
9582
1963
2057
2249
2719
145758
3220
4605
2295
37584
184549
133056
2567
2204
1902
2211
5405
6072
1908
1803
28352
2843
2329
1799
