45480
11607
12767
11757
24365
11261
10757
10512
10958
11937
15129
11440
11911
471659
15777
31207
2286851
19369
494594
13803
11851
42657
11664
365431
14876
12418
12277
12027
10586
12314
90758
12844
14269
555032
15913
39913
11731
54693
12696
79920
11503
13377
12660
24162
20153
10708
11408
11618
10949
13876
12780
13797
397428
296162
16452
1016532
560980
682596
21797
14647
1213422
25791
174170
43581
11974
11026
18005
974692
20130
18282
10537
13060
10782
18293
665747
16942
683540
31274
17880
12894
15663
12129
13073
12965
15562
916337
19740
12257
12558
12076
12997
15627
492144
17794
14636
14475
21216
14558
262631
587170
20236
29528
12360
12833
18453
12249
14386
89169
11847
22813
13156
12521
11915
13116
10761
11236
12221
17051
1193224
23037
1526057
40747
17588
1577535
22165
89951
13517
431598
28629
31428
12026
12711
18723
1249292
20724
19598
404387
186029
1068995
19960
10539
11512
10396
10889
13231
156892
495932
996462
19553
106951
11090
11765
41674
12539
10043
11287
10488
13135
82347
12343
264685
20323
1235962
52810
88963
11802
81667
14046
10299
10602
10465
10684
10786
80687
11198
10761
268153
198829
12223
2752322
22687
20363
28782
16824
860286
1175695
31069
305007
17366
27746
11498
14901
1623900
12057
12815
12419
11464
1277608
92745
23711
144114
15345
12203
39196
10722
13058
11704
12809
451524
15516
11060
1853075
291396
16783
333995
12326
11151
11235
11501
14487
10820
11440
11019
10790
14172
18428
21101
11689
53693
1162414
22140
11604
50566
12029
11349
11686
14789
761375
18365
25680
12998
200036
996996
705342
13266
12146
10732
11815
28844
32699
10329
10081
147325
14829
11682
9417
8181
2128
2368
2115
4372
2064
1977
1960
2027
2131
2849
2093
2173
85367
2913
5653
414801
3547
90330
2500
2147
7770
2172
64728
2675
2193
2190
2065
1933
2164
16639
2315
2511
102420
2887
7194
2183
9761
2298
14751
2113
2354
2216
4519
3631
1965
2096
2071
2038
2549
2294
2465
73189
52602
2943
185383
99080
125886
3967
2710
220354
4661
32015
8013
2165
2039
3387
178074
3690
3351
1951
2428
1981
3328
120266
3141
122219
5798
3311
2347
2840
2158
2391
2384
2890
169776
3516
2196
2244
2209
2371
2706
88862
3164
2639
2629
3721
2595
46295
109217
3636
5344
2232
2247
3317
2231
2618
16121
2237
4111
2444
2287
2151
2427
2029
2026
2175
3177
217508
4210
278457
7328
3314
285592
3981
16579
2489
79619
5047
5923
2212
2323
3371
233403
3881
3579
80253
34775
189860
3790
1987
2171
1911
2013
2500
30143
93855
180703
3667
19423
2118
2173
7769
2318
1894
2110
1963
2409
15307
2265
48719
3679
229527
9817
16654
2170
15348
2571
1972
1957
1956
2016
2087
14967
2128
2007
49390
37896
2315
507536
4279
3849
5286
3054
164186
217367
5655
55745
3278
5267
2131
2701
302581
2226
2356
2232
2130
233306
17819
4298
26597
2911
2246
7234
1931
2422
2156
2272
83896
2842
2035
342307
53169
3093
62305
2214
2125
2060
2092
2557
1988
2023
2011
1925
2521
3367
3860
2117
9722
217726
4038
2088
9170
2083
2111
2090
2580
140846
3353
4566
2348
37290
182761
131327
2472
2222
1931
2247
5379
5999
1869
1838
27277
2747
2202
1752
