47882
11397
13172
11508
24853
10895
10355
11369
11053
12226
15689
11256
11620
478985
16570
31676
2304616
18408
503387
13331
11695
42861
10707
367146
15383
12412
11782
11988
10819
12814
90216
12623
14541
559237
14644
40911
11651
56693
12008
79199
11703
12658
12352
25186
19084
10707
11744
11239
11528
13791
12147
14275
402153
300188
16421
1025907
571401
687398
20846
14863
1233066
24436
177296
43483
12418
11781
17974
986925
20638
17997
10862
13307
11739
17712
673559
17196
682589
31221
18107
12518
12411
12426
12529
12956
14616
924585
20458
12246
12396
13241
12432
15698
498148
18322
14875
14446
20752
14890
261592
580890
19799
31105
12017
13466
19103
12703
15427
91457
12096
22791
13133
12404
11454
12740
11574
11068
12169
17105
1203020
22565
1537662
41106
17583
1593534
22587
90587
13279
433697
28604
32449
12221
11526
18626
1256043
19880
19487
406179
188204
1065959
20066
11411
11923
9967
10774
12631
155267
497438
1005244
19218
109857
10486
11617
41192
12536
10957
11623
11017
12028
76736
13244
265454
20268
1254316
52588
89149
12331
82976
14709
11278
10702
10731
10583
11390
79044
10974
11672
272034
199168
11970
2762259
22010
20311
28734
17904
870921
1186899
31122
306828
17126
27763
12494
14629
1637280
11431
12572
13549
12358
1290028
92680
23695
143037
15034
11935
40471
11972
13429
11511
12805
452369
15502
11553
1863376
294562
16834
331533
12971
10597
10770
11519
14906
11118
11566
12155
11445
14029
17432
21112
12128
53545
1162117
22429
11475
51066
11064
10335
11798
15068
782057
17837
25555
12314
202186
993374
712931
12894
11698
10592
11005
28971
32232
10263
9641
153248
14227
11944
8721
8616
2071
2470
2085
4492
2010
1962
2134
2014
2232
2980
2103
2156
87397
3031
5801
422314
3386
92834
2435
2191
7818
2018
65864
2799
2237
2154
2149
1972
2259
16778
2320
2572
104018
2756
7474
2135
10206
2208
14882
2167
2257
2181
4750
3466
1976
2194
1988
2187
2510
2223
2587
74479
53559
2995
188542
101597
127916
3874
2749
225933
4419
32694
8160
2246
2156
3417
182159
3816
3303
2001
2501
2142
3310
123035
3216
123305
5822
3378
2267
2300
2202
2312
2397
2737
172763
3646
2230
2231
2417
2274
2758
90885
3275
2710
2607
3688
2654
46593
108805
3583
5674
2222
2423
3446
2350
2840
16618
2313
4172
2456
2314
2078
2406
2177
1990
2201
3240
220798
4153
282877
7450
3311
291029
4075
16916
2469
80794
5054
6121
2254
2172
3380
237252
3789
3625
81218
35513
191403
3835
2202
2217
1859
2032
2408
30122
94937
183742
3615
20112
2033
2146
7825
2343
2094
2202
2083
2200
14506
2439
49412
3718
235037
9861
16807
2286
15798
2735
2150
2012
2032
2022
2166
14933
2112
2203
50644
38360
2284
514471
4218
3889
5359
3251
167067
221486
5717
56405
3308
5294
2327
2695
308023
2162
2332
2435
2319
238123
18050
4326
26826
2878
2272
7485
2181
2506
2133
2294
84589
2827
2150
347620
54381
3128
62613
2340
2059
2026
2091
2645
2037
2090
2211
2044
2525
3251
3885
2170
9858
218974
4105
2103
9417
1950
1962
2134
2664
145542
3318
4618
2241
37885
183643
133725
2432
2176
1937
2132
5437
5998
1883
1780
28449
2656
2246
1654
