47717
11424
13249
11975
25307
11229
10854
10930
10759
12102
15314
11365
12140
475980
16371
32048
2315919
19236
501845
13212
12090
41162
10667
362275
15361
12861
11908
12039
11035
12927
90241
12409
14287
559881
15063
40611
12524
55277
12618
80942
12249
13166
12647
24290
19047
10764
11004
11287
11262
13321
12502
13299
402288
297130
16846
1025969
566471
689730
20652
14308
1226031
25432
177753
44588
12135
12083
17561
988842
20525
17927
10357
13827
10971
18568
676063
16875
680845
31629
17911
12801
12506
12140
11947
13047
15006
934148
20284
12640
12779
13098
12507
16071
495507
17587
14895
14609
20038
14491
261691
587298
20004
31117
12519
12969
18752
12394
15100
91350
12841
23151
13120
12739
11925
12396
11231
10638
12290
16174
1200066
22755
1535292
40543
16802
1581737
21076
90580
12875
431271
28153
31777
12365
12041
19567
1261717
20973
19851
410010
189260
1069220
19549
11150
12157
10639
10650
13048
158712
497426
1007584
19431
108542
10802
11029
42092
12008
10272
11235
11198
12791
78215
12622
268098
19828
1243502
53929
89626
11884
82588
14780
10336
10649
11096
10306
10400
80816
11397
11644
269674
199589
11755
2763746
21771
20520
29105
16959
869952
1191940
32206
309469
17767
28393
12040
14159
1647872
11852
12367
11806
12390
1294544
95125
24360
142612
15977
11854
39631
11162
13263
11718
13846
452696
13943
11900
1854490
291370
16092
335560
12671
10329
11143
11680
14493
11062
11644
11632
11411
15014
18366
21503
11512
54824
1162930
21498
11095
51711
11362
11628
11480
14643
776954
18197
25703
13330
201474
990401
706127
13436
11489
9724
12032
28261
32533
10483
9556
152249
14488
11633
9598
8684
2092
2480
2184
4546
2035
2011
2037
1965
2205
2886
2085
2252
86828
3028
5839
424485
3538
92377
2409
2269
7575
1992
64734
2792
2323
2159
2171
2038
2284
16738
2259
2546
104163
2812
7347
2271
9990
2321
15221
2249
2351
2287
4605
3425
2019
2051
2024
2123
2460
2242
2423
74700
53094
3045
188815
101170
128279
3785
2648
224782
4571
32860
8306
2229
2231
3356
182337
3805
3341
1935
2534
2065
3418
123537
3128
123114
5954
3316
2325
2258
2187
2236
2412
2854
174866
3643
2283
2332
2404
2308
2782
90394
3180
2669
2633
3555
2566
46710
110140
3646
5646
2319
2348
3367
2269
2786
16603
2394
4261
2442
2371
2141
2330
2051
1949
2207
3058
220338
4186
282302
7353
3175
288810
3814
16841
2392
80487
4909
6069
2289
2258
3533
238095
3966
3675
82017
35892
191805
3740
2128
2279
1981
2007
2478
30611
95176
184052
3657
19992
2097
2067
7951
2246
1979
2137
2124
2343
14698
2310
49848
3654
233351
10076
16998
2217
15736
2740
2004
1982
2089
1954
2019
15194
2195
2194
50268
38386
2242
514868
4170
3922
5432
3145
167355
222488
5866
56966
3336
5393
2244
2605
309485
2185
2339
2154
2324
238827
18535
4419
26719
3035
2166
7367
2041
2475
2177
2455
84618
2571
2194
346398
53895
3039
63227
2330
1994
2108
2147
2588
2058
2117
2100
2066
2688
3365
3958
2070
10052
219364
3915
2018
9533
2019
2156
2129
2620
144760
3348
4642
2415
37516
183540
132667
2503
2132
1806
2279
5273
5996
1915
1782
28379
2691
2203
1782
