47248
10575
13537
11353
25069
11678
10575
11840
11220
11962
15765
10949
11777
476806
16539
31922
2313838
18754
501933
13122
11836
42888
11417
363405
15298
12196
12590
11747
11310
12905
90236
12188
14414
558699
14852
40955
11808
54333
13281
81523
11348
12891
11615
23887
19127
10946
11928
11281
10829
13544
13435
13731
399816
293355
16227
1024447
571700
688326
21788
14598
1233687
24346
177150
44009
11939
12082
18077
986261
21048
17202
10368
13574
11766
18762
678073
18118
681669
31351
17749
12884
13121
11875
12566
12501
15029
923795
19885
12713
12526
13448
12410
16297
499163
17885
14130
14664
20809
14347
262972
579422
20151
29590
12600
12233
19026
12081
14511
91113
12308
23361
12437
12589
12141
12130
11110
11367
12514
17355
1199813
22709
1533124
39856
17473
1595050
21789
90467
13631
434987
28153
31045
12490
11886
19219
1267835
20391
19877
409992
189839
1068872
19738
10875
11554
10919
10127
12905
157401
499018
1002713
19783
109065
11011
11752
42244
12742
10918
11652
10157
12900
80187
12790
269350
20637
1251937
53450
88667
12297
82784
14122
11058
10858
11554
10793
10741
80153
10993
11349
271706
195621
12169
2764001
21725
21259
30065
17190
865585
1190789
31923
305013
18031
28092
11568
15130
1640147
12084
12670
12742
12078
1287184
93833
22478
143131
15993
12464
40556
11064
13503
11630
13426
449080
15241
11363
1861764
294363
16996
336354
12646
11177
11422
11519
15195
11158
11515
11738
11583
14407
18415
21095
11782
54899
1161637
22407
11819
50495
11891
11028
12294
14839
775090
18625
25424
12503
200491
989003
710223
13562
11699
10074
12134
28214
32518
9908
9510
155220
14946
11922
8913
8565
1964
2541
2048
4527
2167
1960
2169
2040
2185
2981
2049
2192
86951
3050
5840
424369
3428
92562
2448
2208
7850
2143
65034
2791
2203
2292
2112
2050
2293
16816
2249
2565
103728
2756
7488
2198
9783
2449
15228
2123
2281
2088
4543
3475
2022
2236
2010
2021
2490
2435
2489
74260
52445
2999
188831
101793
127967
3998
2765
226370
4393
32709
8200
2170
2226
3378
181820
3860
3218
1961
2544
2174
3468
123792
3353
123104
5883
3294
2316
2366
2164
2341
2352
2860
173155
3565
2305
2258
2478
2277
2825
91048
3202
2577
2620
3683
2550
46815
108669
3674
5386
2305
2198
3419
2259
2680
16676
2317
4270
2329
2329
2206
2305
2120
2062
2273
3267
220508
4216
282266
7254
3312
291203
3945
16742
2524
81070
4976
5862
2328
2238
3477
239290
3881
3695
82092
35771
192048
3753
2104
2159
2034
1941
2455
30416
95246
183119
3697
19949
2126
2171
7965
2405
2072
2221
1916
2362
15112
2361
50133
3781
234669
10068
16738
2296
15690
2608
2100
2033
2196
2050
2070
15094
2109
2175
50556
37687
2323
514417
4198
4092
5606
3173
166270
222243
5911
56146
3425
5316
2140
2777
308381
2212
2391
2295
2256
237675
18196
4154
26661
3048
2320
7477
2036
2553
2154
2388
84146
2771
2108
346963
54338
3176
63167
2300
2166
2133
2139
2697
2056
2061
2132
2119
2588
3378
3845
2126
10133
219198
4108
2172
9280
2102
2046
2261
2646
144477
3436
4615
2282
37606
183322
133399
2577
2173
1841
2302
5326
6012
1834
1780
28865
2782
2260
1700
