47171
11714
13893
12214
25294
11228
10172
11409
10928
11801
15325
11387
12038
480842
16346
31839
2308768
19219
508232
14485
12311
43674
11262
365066
15141
12150
12438
12061
11092
12288
90220
11948
13879
558742
15094
41551
11647
55794
12506
80815
11690
12358
12570
24283
19379
11074
11431
11752
10472
13982
12837
14408
398886
297051
16053
1022954
572315
690402
21063
14330
1235058
25677
176977
43318
12985
11265
17712
985056
20112
17224
10404
13740
10831
18961
678295
17230
684918
31963
17665
12748
12816
11783
12176
12753
14518
921599
19539
12664
12731
12720
13644
16038
496264
17085
14189
14431
19550
14778
262245
586758
19966
30737
12320
12319
18520
11724
15708
89685
12215
23101
13346
13606
11982
12708
11314
11263
12017
16859
1196664
23071
1534889
38878
16885
1595869
21547
90364
13491
432627
28698
31285
11880
11443
19358
1263324
21541
19562
408801
190195
1070795
20006
11158
12676
10375
10556
12925
155272
494471
1007035
19981
109401
10717
12096
42208
12217
10570
10885
10675
12814
79544
13159
267645
20902
1243074
55963
90252
11868
85499
14427
10487
10867
10309
9975
10462
80264
10972
11763
271356
199395
12060
2759273
22115
20765
28359
17266
864631
1193120
31873
307254
18308
26984
11820
14375
1642052
11499
13050
12425
12234
1287116
93615
23976
144625
15116
11519
39945
11535
14112
11198
13734
451111
15209
12780
1871883
291812
17235
333525
12704
10873
11642
12149
13919
10935
11496
11673
12126
14659
17695
21152
12018
54441
1163992
21511
12079
51260
11679
11402
11993
14664
775531
18506
24658
11892
200649
993139
711487
13849
11548
10873
11500
30097
32802
10156
9668
153143
14877
11815
9228
8519
2153
2572
2225
4524
2066
1918
2156
2016
2128
2896
2119
2234
87694
3043
5852
422928
3517
93537
2601
2272
7984
2108
65261
2801
2204
2269
2148
2065
2180
16771
2165
2474
104051
2777
7510
2141
10066
2273
15102
2184
2184
2247
4554
3528
2015
2124
2088
1986
2564
2332
2616
73991
53265
2900
188508
101955
128572
3845
2687
226224
4603
32763
8100
2382
2077
3349
181990
3707
3202
1902
2571
2013
3466
123797
3191
123597
5979
3269
2308
2330
2136
2249
2394
2751
172548
3563
2267
2328
2330
2477
2760
90672
3142
2582
2599
3532
2644
46725
109890
3635
5596
2290
2218
3360
2227
2888
16488
2308
4259
2464
2495
2231
2440
2126
2040
2160
3149
220030
4244
282705
6992
3171
291237
3882
16745
2475
80703
5061
5986
2178
2137
3476
238627
4080
3584
82148
35801
192153
3810
2154
2337
1928
1966
2461
30105
94774
183886
3757
20209
2063
2261
8017
2328
2013
2082
2008
2356
15028
2393
50011
3840
233021
10434
17018
2218
16284
2648
2032
2078
1974
1926
2042
15097
2108
2221
50364
38442
2284
514864
4248
3947
5283
3172
166448
222549
5920
56588
3455
5192
2187
2657
308487
2157
2388
2258
2328
237768
18216
4350
26910
2897
2160
7441
2130
2611
2070
2492
84741
2804
2331
348728
53921
3219
62957
2306
2118
2191
2210
2469
2028
2070
2104
2199
2610
3256
3875
2162
9988
219673
3954
2226
9523
2049
2131
2243
2621
144417
3425
4491
2240
37595
183942
133762
2629
2166
1998
2189
5600
6102
1868
1822
28510
2766
2258
1735
