48451
10593
12994
11983
26048
11146
10820
11107
11125
11706
14215
11129
11807
480876
16306
31653
2300072
18652
508702
13685
11685
42756
10919
363285
15227
12913
12002
12156
11385
12850
89689
12166
14543
553470
15019
40215
11836
53434
12005
80585
11193
13117
12465
25327
19731
11154
11842
11941
11321
13874
13194
13555
401773
295802
15763
1022282
565905
688335
21098
14346
1234926
25142
176229
43347
12441
11939
17737
988223
20707
17807
10580
13749
10874
18493
678638
18067
683267
31378
17702
12755
12991
12380
13108
12561
15028
924585
20324
13145
12975
12928
12394
16022
499504
17245
14852
13657
20664
14697
263949
583172
19793
29844
13157
12627
18629
12829
15536
90468
12146
23977
13504
12919
12027
13026
11601
11047
12006
17134
1194587
23060
1530767
40362
18108
1587213
21776
91664
13329
434795
29060
32876
12253
12768
19631
1268744
20640
20155
412248
189399
1066362
19699
11118
12273
10221
11251
12726
157275
495784
1007644
19242
107008
11004
11884
40748
12603
9995
10501
11269
13019
78579
13138
268606
20753
1249009
52761
88809
11529
84892
14293
10844
10826
10900
10180
10638
81550
11792
11871
269683
198497
11688
2771178
21813
20995
28780
17773
872609
1192365
31908
310987
16980
28250
12290
14477
1641086
12534
12529
12750
12676
1287893
93878
24545
143864
15845
12678
40568
11729
13819
11252
12895
454467
15149
12215
1862404
291460
16790
338418
12225
11197
11297
11408
14265
11052
11876
11876
11730
15397
18163
21630
11553
54636
1161987
22214
11911
51792
12078
11106
12251
14571
780362
18346
25472
12647
202380
995247
708111
13661
11711
10083
12370
28513
33002
10374
10098
152851
15059
12303
9458
8733
1981
2432
2204
4675
2054
2008
2028
2044
2135
2728
2058
2206
87676
3029
5824
421770
3447
93692
2532
2197
7839
2048
65373
2742
2335
2191
2189
2096
2281
16739
2221
2571
103144
2821
7356
2184
9608
2170
15176
2089
2341
2225
4800
3593
2054
2227
2118
2121
2540
2385
2474
74806
52938
2871
188312
100981
128295
3885
2705
226167
4584
32689
8120
2275
2191
3353
182364
3852
3266
1985
2564
2022
3438
123963
3342
123473
5926
3333
2282
2378
2231
2418
2343
2824
173064
3682
2370
2339
2370
2286
2832
91111
3125
2715
2497
3696
2611
47034
109576
3630
5439
2393
2286
3381
2354
2846
16565
2303
4344
2502
2392
2207
2475
2161
2011
2148
3172
220068
4199
282482
7309
3398
290311
3970
17078
2473
81384
5154
6265
2274
2407
3545
239667
3905
3738
82538
35873
191643
3762
2115
2248
1903
2091
2469
30451
94880
184371
3638
19687
2126
2230
7787
2369
1914
2023
2146
2384
14864
2386
49885
3767
234480
9951
16780
2172
16137
2624
2071
2015
2104
1983
2055
15310
2237
2240
50104
38317
2237
516487
4235
3960
5354
3259
167831
222936
5889
57288
3235
5379
2269
2659
309083
2349
2366
2309
2397
238129
18239
4424
26775
3023
2344
7492
2128
2552
2116
2319
84928
2785
2216
347449
53774
3094
63671
2229
2148
2109
2099
2557
2036
2113
2128
2101
2732
3354
3980
2101
10105
219410
4151
2156
9572
2115
2041
2236
2646
145339
3386
4598
2322
37944
184209
133386
2580
2204
1823
2351
5355
6112
1926
1869
28481
2792
2353
1776
