46862
11031
12826
11870
23865
11288
10259
11194
11068
11778
15376
11168
11987
475119
16446
32824
2289394
18125
500238
13237
11741
41073
11467
363948
15251
12063
12229
11565
11150
12962
89598
12312
14376
557514
15082
39768
12277
54246
12080
79355
11324
12043
12338
23784
19550
10838
11665
11312
10552
13232
13111
14012
393558
296689
17054
1019004
558618
683417
21897
15041
1221661
25571
176262
43887
13038
11235
17409
976657
19954
16997
10337
13450
11314
18713
664736
18012
686817
30550
17590
12513
15521
11607
12703
12610
15342
917172
20812
12681
12156
13261
12011
16909
494646
17545
14818
14419
20820
14604
262239
585166
20875
28600
13147
12633
19169
13021
15055
89651
12168
22296
12995
12730
11956
12511
10827
11627
12363
16120
1190888
22321
1525491
39625
17659
1579369
21170
88641
13547
431338
28017
31269
12097
12120
19605
1256597
19956
20396
408323
183735
1070419
18942
11027
12208
10214
10369
12712
156299
497229
993677
19721
110459
10697
11609
41462
12885
10046
11476
10696
12742
78977
12946
264226
20364
1239503
51943
87832
12580
81748
14614
10472
10118
9988
10452
9984
79257
11653
11774
267769
197498
11148
2747332
21979
20708
28118
17234
864264
1174492
31905
303178
17298
27993
11649
14682
1633363
12588
13085
12391
12649
1282211
92749
23503
143691
15193
11782
39370
11230
13476
11425
12749
448211
15509
12026
1844671
294504
16788
334058
12016
10763
11474
11780
14513
10402
11830
11618
11878
14166
17409
20666
12195
54323
1159789
22487
11310
51908
11591
11006
11874
14335
766375
18148
25363
12653
200943
994398
706998
13223
11397
9982
12034
28575
32223
10295
9278
151462
13174
11242
8693
8408
2008
2384
2142
4278
2048
1890
2025
2036
2122
2862
2055
2222
85748
3003
5914
415339
3295
91098
2415
2147
7465
2124
64595
2771
2154
2204
2042
2007
2265
16493
2220
2518
102687
2757
7210
2226
9530
2208
14729
2076
2148
2211
4397
3459
1986
2145
2014
1975
2378
2349
2477
72507
52488
3055
185563
98485
126104
3968
2767
221754
4582
32324
8135
2346
2074
3263
178298
3685
3150
1914
2503
2074
3449
120046
3284
122898
5729
3258
2275
2796
2087
2329
2341
2847
170366
3728
2252
2212
2406
2176
2880
89192
3149
2669
2617
3689
2526
46148
108676
3776
5161
2353
2245
3442
2399
2764
16194
2290
4029
2384
2344
2173
2334
2049
2075
2215
2994
216660
4051
278303
7167
3312
285429
3804
16499
2516
79597
4982
5878
2225
2245
3441
234622
3703
3749
80878
34376
190774
3613
2083
2256
1894
1918
2465
29954
93987
179873
3701
20042
2039
2154
7757
2385
1905
2191
1998
2300
14805
2371
48727
3715
230207
9643
16543
2290
15468
2653
2011
1903
1894
1982
1891
14759
2171
2192
49391
37879
2129
506312
4167
3937
5219
3104
164518
217045
5829
55447
3234
5286
2191
2675
303997
2251
2416
2244
2350
234200
17812
4231
26522
2845
2204
7233
2055
2479
2092
2299
83392
2822
2214
341511
53861
3090
62324
2191
2042
2135
2127
2574
1933
2101
2063
2118
2519
3155
3762
2201
9890
217007
4055
2082
9432
1990
2038
2135
2590
141444
3298
4552
2295
37310
182463
131734
2474
2128
1809
2283
5332
5918
1878
1707
27878
2479
2129
1649
