46318
11202
12965
12131
25498
10991
10720
11166
10715
11991
14992
11305
11401
476124
16552
32054
2291774
18637
497064
13098
11560
42697
10790
364776
14823
12093
12330
11934
10981
12489
89413
11797
14115
558726
15765
40193
11605
53045
12124
78826
11308
12488
12523
24944
19717
10907
11375
11684
11394
13080
12844
14404
394026
296829
16640
1018113
562683
688615
21821
14400
1217982
24386
176075
41583
12452
10796
17064
982767
20406
17910
10918
13423
11115
18591
671568
17166
680301
30660
17578
12327
15638
12461
11648
12766
14641
914551
20240
12970
12422
13179
12408
15147
491444
17122
13995
14424
21300
14756
263712
589024
20304
29826
12153
12350
18643
12217
15551
88616
12222
23180
13234
13014
12291
12739
11746
11213
12218
17174
1192990
23052
1522227
39575
17831
1579902
22284
89331
12972
430259
28481
31527
11881
11094
19596
1245875
20747
18869
406552
185676
1067798
19813
11509
11816
10614
10622
13267
156382
495832
1003584
19275
109268
10873
12031
41574
12659
10724
11102
11213
12618
78859
12483
264264
20299
1236693
52003
89289
11938
82395
14179
10471
10312
10941
10361
11126
80529
11567
11093
267405
196688
12100
2742014
20783
21834
29222
17113
861927
1183157
32460
306655
17083
28968
11707
14974
1629830
11933
12487
12835
12219
1283995
93930
23674
143636
14623
12093
40348
12497
13660
11962
13268
447503
14705
11784
1855672
290424
15124
333733
12662
10867
12169
11937
14610
11181
10802
11849
11297
14290
17246
20598
12771
54218
1160865
22532
11099
51848
11938
10695
11746
13999
769551
18309
25260
12718
198540
986713
704125
12689
12080
10582
11726
29192
32040
9828
10411
151277
14425
11621
9908
8265
2049
2433
2191
4590
2001
1998
2065
1951
2157
2822
2061
2110
85959
3078
5882
416239
3410
90721
2387
2131
7807
1995
65055
2664
2140
2239
2102
1971
2195
16481
2142
2472
102991
2913
7249
2152
9564
2220
14601
2088
2214
2216
4678
3543
2016
2093
2076
2115
2357
2341
2590
72548
52606
2964
185794
99407
126833
3964
2682
221468
4395
32170
7712
2276
1985
3231
179661
3743
3266
2005
2461
2046
3429
121530
3174
121939
5767
3253
2236
2837
2218
2177
2328
2755
170121
3596
2327
2219
2378
2265
2599
88780
3049
2503
2579
3727
2628
46551
109449
3710
5379
2216
2237
3377
2253
2851
16141
2284
4209
2431
2381
2223
2390
2162
2007
2167
3170
217488
4193
277655
7159
3355
285847
3974
16482
2391
79553
4982
5897
2181
2047
3492
233558
3893
3444
80662
34669
190058
3794
2162
2202
1930
2009
2509
30016
93959
182021
3632
19791
2075
2214
7815
2348
2015
2108
2111
2291
14665
2285
48864
3696
229703
9702
16751
2205
15576
2613
2025
1933
2051
1948
2130
15023
2199
2091
49304
37604
2274
507197
3991
4120
5403
3127
164503
218337
5917
56006
3230
5497
2164
2724
303963
2201
2297
2311
2268
235030
18120
4259
26546
2768
2225
7458
2255
2514
2153
2355
83151
2675
2135
342934
53225
2815
62386
2274
2077
2216
2161
2580
2053
1917
2113
2021
2535
3177
3699
2261
9908
217054
4086
2026
9549
2094
1988
2158
2490
142084
3354
4550
2300
37056
181391
131228
2394
2233
1913
2227
5459
5927
1785
1911
28094
2650
2195
1860
