49510
11518
13791
12366
27433
11359
11228
11351
10268
11368
15268
11760
12155
491255
17015
31984
2368786
18828
523451
13165
12192
45179
11625
367115
15193
12895
13221
12628
11853
12828
88483
12699
15046
557658
14657
42565
12642
57808
13377
84165
11734
12502
12147
25496
19932
11635
11898
10947
10958
13567
13794
14668
421739
296787
17385
1060919
587659
698260
21643
14935
1266759
24823
184525
46525
12546
11455
18493
1027636
21177
17847
10783
13977
12153
19233
712443
17677
685225
33241
19125
13812
14252
12085
12929
13268
15824
953450
19952
13233
13465
13046
12810
16028
527743
17700
15102
14637
21012
14974
261769
579424
19874
31963
13108
13452
19254
12779
15440
92973
12762
23271
13624
13967
12418
13429
12057
11810
12255
17165
1225256
23837
1573231
39514
17782
1626846
21643
90964
13698
444636
29587
31486
12383
12551
19201
1301671
20344
19733
419402
200216
1064683
19436
10942
12134
10524
10928
13927
157406
497044
1029606
19398
111289
11342
12033
41889
12827
10944
11868
10713
12712
78041
13132
275912
21165
1283644
56545
94614
13233
84765
14992
11585
11485
11130
10495
11181
82021
11590
11468
275010
197109
12174
2841600
21491
21036
28369
17669
885795
1238471
33712
317669
17914
28471
12333
15000
1689837
12535
12725
13025
12833
1335378
94884
23754
144504
16039
12769
41981
11435
14167
12150
14115
459898
14810
11767
1920157
298261
17257
332249
12730
11264
11541
11707
15120
11455
12112
12007
11892
15308
18582
21590
12513
57040
1162959
22440
11809
49771
11776
12080
11759
15217
810380
18572
25320
13918
207956
994067
726403
14000
12291
10230
12204
28797
35352
10542
10094
158571
14641
12715
9406
9141
2147
2667
2289
5013
2121
2157
2168
1952
2128
2995
2209
2318
91967
3217
6030
445279
3551
99066
2453
2323
8469
2231
67493
2822
2387
2451
2307
2193
2328
16871
2387
2761
106796
2803
7954
2402
10658
2514
16149
2237
2306
2270
4937
3716
2204
2247
2041
2106
2565
2530
2719
80380
54494
3215
200765
107457
133263
4070
2849
238436
4635
34910
8895
2353
2196
3622
194240
4006
3421
2057
2681
2289
3620
133134
3352
126661
6351
3633
2573
2679
2243
2440
2578
3049
182812
3708
2428
2488
2454
2352
2893
98488
3282
2778
2709
3815
2727
47626
111556
3709
6002
2439
2462
3587
2436
2899
17516
2442
4394
2576
2660
2318
2579
2334
2199
2254
3297
231088
4497
296526
7397
3419
304629
4031
17340
2607
84725
5362
6119
2370
2386
3550
251978
3969
3726
86091
38729
195794
3822
2145
2340
2003
2119
2708
31145
97392
193307
3777
20956
2248
2313
8117
2484
2132
2328
2088
2396
15113
2463
52672
3986
247153
10880
18331
2522
16605
2822
2286
2220
2152
2065
2217
15800
2256
2243
52475
38978
2414
542844
4285
4132
5407
3350
174665
236802
6349
59858
3479
5609
2364
2817
326122
2402
2452
2411
2457
252743
19009
4442
27646
3110
2403
8040
2136
2692
2274
2590
88143
2801
2244
366917
56476
3256
64267
2366
2233
2210
2196
2771
2159
2225
2216
2214
2809
3542
4048
2341
10756
224894
4236
2184
9466
2125
2295
2249
2796
154918
3555
4714
2596
39903
188249
139982
2729
2344
1909
2387
5542
6684
1992
1905
30216
2788
2446
1838
