48120
11118
13539
11681
26991
11429
10803
11417
11083
11879
15058
12448
11884
491659
16559
31401
2369143
18700
520539
14330
11810
43207
10834
363939
15465
12521
13011
12234
11407
12758
88675
12752
14687
565469
15375
40823
12493
56918
12962
85665
11544
13488
13165
26573
19425
11239
12126
12580
11001
14123
13041
14047
424211
299044
16011
1063868
592487
698098
21930
14689
1266554
24857
183066
47381
12595
11659
19168
1027255
20738
18419
10928
14338
11475
18688
707780
16940
689040
33656
18572
13047
13634
12511
12969
13456
15541
951427
20108
13183
12950
13801
13431
16229
528450
18069
14580
15076
20696
14853
261566
579956
20257
31034
12935
13260
19173
12488
15133
94131
12310
24255
13474
12620
12333
13101
12113
11157
12372
17067
1224537
22820
1567262
40800
17402
1616121
21972
92356
13462
444994
28356
31840
12923
12458
19893
1296070
21183
20406
418869
200030
1060698
20220
11165
12218
10845
10554
13318
159071
491847
1025911
19771
110080
10866
12179
42517
13020
10465
11464
11355
13568
77922
13294
279743
21575
1285391
56608
94776
11696
86081
14586
11004
11345
10937
10264
10917
81151
11695
11795
273312
197443
11879
2848521
22700
20556
28873
17409
888638
1238825
31860
315354
17689
28134
12745
14712
1683348
11558
12568
13363
13153
1340823
95194
24118
143295
15598
12351
43553
12078
13319
12124
13057
456857
15385
12036
1918163
294768
16912
336240
13100
10981
11820
12458
15456
11770
11777
11947
12182
14310
18345
22008
11873
55863
1162424
22215
11886
50965
11436
11484
12236
14887
808971
18526
25115
12965
210184
995133
723017
13238
12005
10519
12040
28307
34526
11060
10020
158117
14362
12505
9343
8944
2101
2624
2159
4965
2150
2096
2177
2081
2222
2906
2337
2275
92014
3131
5907
445195
3532
98303
2659
2277
8120
2102
67113
2890
2337
2393
2252
2115
2313
16874
2378
2696
107905
2948
7609
2385
10536
2427
16480
2210
2494
2442
5089
3640
2107
2289
2297
2134
2666
2422
2596
81022
54988
2992
201149
108268
133137
4141
2790
238783
4610
34856
9051
2372
2259
3718
194446
3954
3521
2075
2696
2161
3527
132517
3263
127682
6451
3498
2360
2530
2306
2456
2554
2997
182804
3716
2418
2414
2599
2510
2914
98686
3372
2665
2785
3825
2696
47852
111633
3808
5872
2409
2461
3586
2352
2875
17588
2420
4562
2565
2416
2298
2534
2324
2078
2306
3271
230662
4293
296553
7583
3383
302877
4064
17635
2562
85209
5140
6225
2432
2382
3659
251329
4166
3868
85768
38743
195702
4000
2181
2318
2075
2038
2621
31472
96434
192474
3835
20855
2138
2333
8257
2509
2066
2239
2189
2534
15048
2517
53362
4022
247356
10898
18380
2219
16865
2776
2180
2195
2139
2013
2177
15681
2323
2256
52236
39109
2316
544306
4451
4045
5509
3297
175207
237354
6076
59553
3441
5548
2439
2761
325010
2218
2432
2488
2527
253514
18963
4524
27463
3015
2373
8316
2228
2517
2282
2421
87777
2897
2273
367025
55868
3262
64993
2429
2138
2265
2352
2753
2208
2189
2232
2246
2626
3482
4134
2241
10535
224746
4207
2253
9650
2071
2165
2344
2786
154713
3505
4670
2479
40333
188729
139467
2536
2315
1994
2321
5460
6576
2098
1909
30225
2771
2415
1785
