52064
10747
13848
12462
26759
11473
11245
11902
11736
12154
15756
11929
11703
490105
16884
32579
2361964
18509
523782
13560
12760
43533
11620
370823
14929
13699
12988
12427
11477
13312
88522
12267
14983
561386
15405
44035
11697
57798
12849
85827
12135
12868
12671
26517
20202
11574
11552
12020
11642
13955
13309
14711
422110
297270
17124
1065489
592984
698119
22054
14417
1272497
24979
184271
47996
12602
11945
17644
1026986
20485
18542
11436
13888
11661
18766
708163
17558
684631
33630
18413
13888
13757
12132
12949
13449
15071
950885
20251
12336
13103
13774
13164
15604
531406
17160
14638
14934
21386
15454
264761
582749
20437
31107
12543
13046
19882
12493
15544
94212
12783
24542
13208
13132
12166
13686
11890
11612
12477
16288
1219832
22569
1575820
39800
17159
1620132
21600
91753
13862
443265
30124
31309
12370
12072
19257
1300061
20569
20231
416466
199142
1059986
19661
11279
12514
10275
10593
13419
158628
493342
1026990
19670
107532
11282
11953
41407
13405
11037
11888
12055
12897
79339
13238
275071
21652
1282547
57412
94616
12043
86207
14976
11718
10600
10991
10494
11318
81863
11434
12175
271547
200251
12346
2843338
22511
20961
29041
17679
891439
1240257
32873
315784
17627
28259
12896
15404
1680233
12027
12803
13123
13074
1334952
95141
23542
144748
15761
12894
41558
11008
14151
12111
13388
458255
14747
11596
1924413
293852
17092
335404
12503
10789
11818
12247
15336
11509
12204
12054
11520
15097
18417
21576
12055
56415
1164570
22657
11980
51702
11469
11643
12708
15365
811461
18833
25708
12969
206918
994314
727074
13505
12211
10955
12395
27912
35109
10650
9674
158711
14556
12465
10139
9631
2050
2662
2290
4908
2171
2137
2260
2223
2311
3061
2249
2240
91847
3209
6163
444494
3525
98911
2539
2447
8202
2224
68103
2801
2515
2425
2265
2174
2423
16895
2272
2711
107192
2954
8166
2230
10662
2384
16403
2309
2332
2335
5117
3756
2190
2238
2224
2255
2610
2457
2718
80569
54669
3202
201413
108508
133122
4164
2765
240237
4633
34975
9260
2323
2288
3458
194468
3932
3499
2156
2650
2235
3556
132526
3334
126916
6470
3487
2565
2590
2286
2436
2567
2918
182506
3781
2296
2481
2562
2464
2846
99338
3191
2711
2765
3923
2801
48286
112113
3841
5871
2364
2425
3681
2384
2949
17699
2495
4590
2505
2491
2269
2631
2299
2132
2301
3159
230097
4222
297772
7425
3336
303360
4006
17497
2601
84844
5442
6164
2379
2325
3570
252004
3988
3836
85401
38539
195763
3918
2214
2399
1963
2079
2679
31403
96788
192715
3840
20325
2217
2294
8074
2552
2137
2343
2318
2419
15251
2503
52551
4019
247043
11040
18299
2269
16869
2821
2277
2057
2130
2053
2228
15762
2286
2354
51922
39666
2389
543656
4431
4058
5539
3342
175881
237189
6225
59521
3455
5526
2431
2883
324618
2309
2455
2428
2476
252847
18975
4406
27679
3054
2439
7880
2084
2725
2328
2468
87978
2781
2211
368412
55772
3257
64862
2368
2142
2275
2310
2769
2201
2233
2237
2148
2760
3520
4039
2240
10645
225309
4279
2231
9727
2084
2205
2414
2848
155156
3547
4753
2431
39753
188513
140025
2629
2317
2032
2396
5416
6682
2011
1838
30359
2756
2400
1935
