50174
11006
14276
12472
26698
11651
10765
11280
11694
11805
15303
12034
11937
491500
16103
31971
2375709
18285
523522
13582
12086
43108
11147
365791
14956
12705
12999
12358
12062
13087
87610
12830
14472
565220
15199
41652
12722
58299
12681
86068
12228
13091
12237
26488
20236
11658
12015
11507
11002
13883
13370
14971
420401
298461
17010
1063372
590966
696012
21711
14706
1269189
25426
182664
47174
12786
11746
18216
1028397
20907
17812
11127
14543
11201
19244
710934
17569
687951
33140
17653
13212
13671
12631
12999
13073
15592
958359
20601
13594
13117
13313
12302
17070
530305
18208
14833
14720
20877
15086
262717
582405
20018
32149
12783
12616
19540
12295
16222
93196
12289
24190
12844
13361
11568
13526
11901
11691
12381
16861
1226791
22217
1572152
39951
17823
1623351
20853
89599
13625
445725
29800
31840
12272
12404
20052
1302693
20589
19974
423261
201346
1067751
20282
12025
12796
10596
10767
13350
159266
494005
1026362
18627
111760
11171
12698
42522
12987
10932
11319
11003
12834
79502
13310
275522
21664
1283772
55325
96810
12513
84608
13901
10932
10928
11148
10540
11295
82680
12195
11717
274847
198261
11576
2840486
21688
21155
28302
17872
884806
1237298
32512
317948
17202
27869
12764
14806
1678604
11824
13201
12861
12177
1337806
97584
23748
144849
16572
12092
42405
11495
13689
11902
13735
455676
15281
11834
1921356
295447
15942
332532
12862
11258
11598
11629
15052
11378
11898
11325
12604
15159
17912
21167
12482
56917
1162519
22764
12145
51373
12026
11561
12997
14849
810541
18971
25553
12693
205765
990891
725692
13277
12226
10477
11982
28169
34998
10951
9571
159809
15031
12966
9152
9319
2074
2783
2308
4990
2138
2079
2134
2205
2182
2984
2276
2286
92130
3041
5974
446606
3388
99032
2546
2318
8047
2151
67187
2811
2335
2446
2236
2234
2363
16712
2368
2639
107724
2925
7835
2424
10709
2376
16487
2314
2400
2274
5043
3763
2218
2303
2147
2139
2587
2513
2802
80181
54904
3130
200931
108209
132657
4072
2797
239358
4682
34657
9001
2423
2252
3560
194302
4007
3382
2122
2732
2139
3603
133028
3357
127476
6328
3425
2471
2580
2335
2457
2479
3002
184116
3795
2500
2406
2494
2297
3037
99218
3328
2747
2704
3832
2778
47945
111760
3748
5998
2412
2329
3649
2333
3019
17567
2360
4585
2439
2547
2167
2628
2300
2193
2302
3265
231134
4218
297204
7476
3464
304171
3898
17120
2586
85288
5410
6171
2346
2401
3676
252639
4035
3770
86672
38988
196793
3963
2351
2444
2033
2072
2631
31659
96868
192745
3634
20985
2209
2421
8219
2526
2156
2216
2139
2407
15379
2527
52697
4071
247534
10661
18689
2396
16572
2634
2159
2106
2168
2077
2260
15899
2356
2254
52428
39239
2274
543233
4307
4145
5454
3357
174548
236664
6161
59925
3378
5498
2396
2823
323984
2248
2500
2393
2368
253507
19361
4449
27680
3174
2318
8050
2166
2632
2259
2545
87603
2890
2252
367821
56101
3035
64393
2414
2262
2208
2164
2736
2127
2179
2119
2347
2759
3432
4019
2282
10707
225117
4258
2249
9731
2141
2191
2418
2731
154905
3604
4760
2397
39567
188131
139885
2556
2324
1962
2322
5433
6610
2002
1807
30527
2856
2518
1784
