49190
11764
14058
12269
26962
11423
11024
11572
11090
12213
14855
11748
12120
491759
17233
31272
2375519
18585
526587
13551
12209
44756
11444
361011
15588
13019
12575
12601
11668
13156
89211
12909
15082
562049
15645
42040
12644
58616
12374
86502
12112
13088
12859
25739
19851
11484
11377
11996
11097
13982
13354
14486
423192
296052
16871
1061047
592930
695219
21706
15326
1268932
24576
180996
46906
12272
12169
18483
1026311
20610
17714
10128
14235
12228
19351
711834
17351
685785
34544
18743
13028
13579
12121
13148
12819
15232
952318
21153
13200
12997
13383
12556
16939
528614
18251
15274
15830
19965
14932
263404
584919
19952
32114
13181
12567
18846
12806
15385
93010
12856
24368
13534
12815
12243
13489
11413
11169
11865
17295
1225367
22886
1571892
41336
17940
1613474
21122
90829
13544
444111
29158
31229
12277
11917
18949
1297961
20514
20582
419965
201178
1061474
20260
11822
12742
10542
10838
13362
157863
493023
1029204
19555
109606
11454
12221
42614
13149
10588
11267
11959
12779
78441
13554
275809
20821
1286184
55781
93096
12385
85718
14227
11416
11197
11312
11012
10915
83101
11975
11453
275158
196949
11627
2846219
21652
21918
28575
17274
892123
1236720
32563
319249
18150
28235
12182
14562
1677504
12042
12365
13539
12618
1336034
96863
24417
142665
15951
12576
42998
11739
13757
12074
14003
456429
15129
12417
1919905
294104
16887
333433
13304
10671
11064
12084
14915
11566
11326
11614
12140
15568
19051
21005
13300
56972
1158845
22072
11771
51049
11741
11789
13089
15079
812656
18057
26075
12716
206586
993185
725469
13022
12336
10160
12377
28379
35255
10415
10239
159077
14724
12346
9452
9173
2265
2735
2258
4980
2133
2101
2210
2091
2302
2867
2216
2309
91965
3255
5886
446547
3480
99535
2540
2317
8434
2199
66589
2873
2429
2353
2314
2193
2370
16971
2429
2746
107485
2988
7826
2414
10864
2354
16617
2310
2392
2348
4960
3704
2161
2157
2216
2170
2650
2513
2729
80652
54396
3151
200641
108253
132820
4089
2923
239474
4597
34490
8978
2337
2328
3592
194306
3910
3420
1929
2752
2297
3678
133306
3317
126973
6630
3584
2450
2540
2267
2495
2487
2922
182718
3921
2444
2369
2541
2385
3010
98678
3382
2818
2924
3690
2691
48107
112475
3729
6059
2476
2328
3490
2397
2894
17455
2495
4570
2571
2454
2257
2583
2184
2050
2219
3326
230930
4315
296713
7752
3493
302210
3939
17358
2568
84942
5310
6140
2337
2296
3511
251797
3982
3931
86004
38931
195993
3963
2273
2448
2017
2060
2601
31472
97006
193079
3788
20665
2256
2318
8314
2539
2103
2189
2277
2404
15162
2542
52816
3890
247391
10760
17954
2361
16799
2729
2268
2126
2189
2183
2178
16052
2343
2243
52694
38976
2288
544288
4278
4256
5451
3291
175736
236859
6203
60366
3533
5539
2330
2741
323993
2314
2382
2522
2423
252805
19275
4535
27239
3106
2409
8182
2183
2616
2284
2566
87897
2849
2321
367735
55514
3241
64565
2481
2111
2130
2254
2704
2170
2106
2168
2225
2842
3589
4005
2487
10736
224458
4189
2208
9649
2143
2237
2488
2793
155353
3389
4856
2400
39766
188228
139717
2534
2327
1893
2391
5506
6665
1957
1960
30390
2816
2395
1840
