49259
11409
13772
12256
26617
11697
10777
11645
11453
11839
15442
11608
11695
489472
17234
31861
2372648
18727
525101
13434
11820
42782
11622
364682
15425
13047
12261
12531
11898
13114
88834
12790
15383
561402
14929
41676
12590
57640
12715
85031
12013
13253
12905
25837
19340
11574
11681
11525
11302
14040
12675
14519
421746
298324
16332
1057443
587873
695521
22023
15444
1275475
25569
182823
47756
12534
11761
18409
1028954
20668
17643
10836
14352
11520
18688
709229
16723
684666
33767
18934
12909
13550
12026
12926
13559
15239
957432
20307
12827
13119
13875
12913
16469
531179
18135
14605
14884
21115
14742
260869
583655
20560
31695
12778
12622
19870
12608
15545
94506
12769
24059
13780
13273
12626
13761
11922
10901
13359
17276
1226891
23110
1569710
39795
17799
1625981
21738
91583
13996
448209
29962
31896
12162
11989
19788
1299512
20620
19934
421373
201432
1063497
19150
11266
12223
10520
10535
13383
158097
492926
1028024
18857
110620
11170
12172
41790
13015
10905
11183
11184
12957
77134
13538
273972
21207
1285921
55855
93415
12388
85469
14043
10989
10812
10723
10344
11004
83106
11912
11716
271505
199203
11600
2846306
22491
21557
28359
16929
890435
1238176
33142
314718
16926
27996
12568
15094
1688054
11948
13116
12502
12457
1333259
96339
23526
144752
16092
13075
43042
11933
13485
11957
13854
457006
14837
12127
1915318
296922
16599
333462
13063
11025
11198
12227
14604
10806
11543
12002
11684
14909
18713
22122
13230
56117
1161385
22502
12253
50856
11493
11626
12483
15360
810857
18567
25392
12804
209627
993445
725440
13141
12232
10757
11899
29224
36055
10790
9998
160035
14159
13024
9387
9069
2141
2634
2293
4923
2189
2077
2204
2172
2248
2994
2191
2221
91719
3262
5986
445607
3533
99088
2516
2261
8055
2169
67242
2893
2416
2278
2286
2218
2370
16855
2393
2801
107196
2852
7772
2373
10544
2383
16347
2257
2378
2386
4941
3620
2199
2231
2166
2184
2642
2376
2724
80506
54851
3019
199990
107507
132561
4096
2914
240322
4724
34641
9134
2366
2267
3574
194282
3932
3331
2060
2719
2210
3547
132782
3183
126887
6481
3649
2380
2524
2217
2472
2577
2945
183294
3775
2374
2429
2611
2463
2936
99146
3372
2767
2739
3840
2708
47608
112102
3840
5914
2382
2325
3695
2393
2929
17720
2468
4514
2637
2506
2342
2656
2289
2046
2483
3326
231039
4348
296639
7448
3463
304394
4008
17470
2659
85647
5437
6188
2280
2288
3662
251659
4004
3779
86298
39085
195853
3822
2231
2358
1997
2028
2632
31255
96538
193096
3641
20846
2232
2372
8087
2530
2130
2174
2154
2442
14869
2546
52405
3968
247307
10812
18062
2352
16740
2670
2159
2098
2071
2023
2151
16005
2322
2281
51904
39452
2265
544141
4491
4229
5403
3204
175364
236899
6228
59309
3337
5488
2373
2830
325541
2275
2544
2343
2394
252336
19239
4394
27606
3149
2485
8216
2191
2549
2275
2565
87853
2775
2303
366708
56227
3169
64572
2401
2190
2136
2277
2683
2080
2118
2207
2188
2722
3561
4134
2419
10574
224800
4204
2297
9635
2092
2218
2367
2801
154892
3523
4677
2399
40166
188400
139856
2527
2364
2027
2315
5586
6818
2019
1893
30589
2717
2529
1819
