49439
11289
13336
12282
27391
12166
11626
11263
11167
12380
16000
11232
12598
490740
16883
32440
2374646
18658
522709
13497
12576
43368
11205
364908
15932
12912
12982
12184
11665
13407
87601
12813
15295
565372
15232
42030
11860
55978
13091
83995
11690
12813
12611
26149
20124
11562
11848
11678
11310
14185
12996
14056
427119
297712
17772
1065228
587430
691656
21539
14803
1270440
24970
184502
46222
12396
11690
18984
1028567
20572
18496
11399
14254
11060
18437
707218
17977
682476
33518
18439
13018
13713
12012
13187
12665
15577
953107
20727
13065
13319
13537
12511
16557
529691
17595
15164
15104
21239
14762
264442
583206
20403
31960
12814
13576
19302
12808
15498
94399
12817
23031
13496
13032
12785
13760
11676
11986
12227
16837
1222619
22329
1573374
39351
17761
1627476
21976
91226
13248
445982
29505
31795
12480
12198
19740
1297506
20195
20640
419121
202078
1065897
20124
11952
12063
11039
10877
13292
155786
493028
1024993
19254
111023
10922
11709
42030
13221
10754
11595
11346
13101
77578
13381
276271
22226
1288486
55867
93386
12652
84285
14032
10903
11179
10801
11392
10136
82062
11148
11769
273617
198591
11708
2841849
22017
21154
28150
17909
889264
1238695
34104
314916
17813
28159
12041
15576
1679841
12304
12286
13350
12642
1337827
94183
24361
142026
15551
12074
43000
11760
14089
12099
13768
455781
14802
11700
1926041
295410
16445
331328
12599
11427
12128
12065
14392
11187
11508
12048
11625
15181
18216
22329
12571
57977
1162532
23311
12392
50777
11302
11477
12416
14860
808672
18067
26177
12990
208226
992228
723058
12679
12322
10581
12612
27959
34214
10089
10137
160661
13647
12573
10114
9117
2129
2581
2308
5047
2304
2207
2160
2150
2309
3120
2140
2415
92031
3211
6058
446133
3504
99006
2563
2412
8150
2151
67298
2945
2399
2456
2233
2179
2433
16724
2393
2762
107967
2942
7904
2248
10354
2422
16221
2248
2305
2323
5064
3792
2178
2217
2178
2193
2643
2417
2606
81349
54803
3279
201521
107638
132212
4055
2810
239718
4632
35055
8838
2337
2247
3687
194706
3893
3509
2144
2733
2128
3491
132385
3401
126760
6405
3528
2431
2587
2213
2519
2457
3002
183124
3811
2449
2458
2559
2331
2961
98980
3269
2832
2841
3877
2682
48163
112027
3829
5960
2421
2503
3573
2409
2897
17713
2498
4295
2540
2485
2383
2639
2241
2218
2277
3256
230416
4229
297256
7401
3487
305109
4052
17439
2501
85138
5291
6226
2382
2325
3624
251548
3909
3927
86062
39066
196547
3967
2340
2303
2093
2114
2609
31018
96770
192286
3754
20935
2155
2247
8215
2534
2095
2263
2202
2455
15008
2516
52642
4139
248454
10739
18109
2376
16582
2688
2180
2153
2105
2256
1990
15827
2188
2299
52343
39343
2304
543603
4328
4142
5401
3406
175491
237133
6398
59413
3451
5544
2297
2936
324472
2335
2376
2479
2430
253425
18752
4545
27368
3035
2332
8217
2206
2698
2309
2544
87484
2750
2218
367987
55891
3145
64158
2342
2260
2332
2252
2653
2135
2127
2219
2138
2803
3499
4206
2331
10854
225359
4367
2340
9671
2042
2190
2349
2758
154448
3410
4826
2436
39878
188219
139265
2464
2331
1973
2417
5356
6528
1890
1925
30765
2608
2433
1934
