49186
10913
13686
12229
27488
11388
10930
12252
11730
12112
15934
11761
12039
491941
16992
31747
2367367
18782
523650
13148
12251
43737
11727
364074
15687
12305
12966
12607
11522
13002
86738
12662
14454
564586
15351
42405
12864
57376
12636
84542
11521
12882
13273
26069
20497
11451
11623
11559
10933
13389
13350
14212
422442
297223
16929
1064534
590575
698169
21358
15024
1269386
25231
182001
47117
12740
11844
18272
1024471
20170
17976
11638
13549
11213
19209
709755
17302
691591
32724
18217
13183
12792
12481
13189
13777
15544
955218
20304
12772
12739
12988
13113
16110
529515
18181
14664
14942
21418
15905
263596
579653
20514
31338
13507
13175
18858
12746
15489
93322
12075
24360
13563
13470
12756
13400
11455
11303
13187
16634
1226894
23088
1575470
39677
16828
1621444
21428
91386
14000
445350
28804
32725
12734
11722
18593
1305063
21056
20094
419921
199635
1063458
19088
11233
12488
11013
10839
13583
157539
493324
1023970
18912
109555
11343
11807
43050
13317
10570
11745
12154
13090
77791
12810
277298
21710
1288504
56471
93001
12171
84143
13772
11191
11183
11076
10339
10584
81216
11697
11989
278266
198925
12703
2855749
21855
20987
28631
17663
889275
1237380
32459
315304
17255
28155
11479
15764
1682256
12694
13707
13265
12989
1340136
96381
24190
142677
16018
12374
41856
11565
13580
11696
13617
455942
15026
12446
1916536
294849
17028
332128
12641
11794
10937
11975
15554
11471
10559
12030
12283
14936
18718
21574
12209
57449
1158860
22852
11924
50702
12085
11344
12701
15029
810851
18200
25363
13441
208580
998269
722633
13120
12505
10476
12315
28373
35752
9900
9738
158423
14525
12836
9598
9213
2076
2631
2257
5091
2120
2094
2348
2197
2301
3069
2216
2290
92247
3180
5998
445358
3556
99057
2460
2325
8235
2274
67181
2934
2299
2392
2298
2171
2343
16549
2338
2651
107640
2928
7968
2442
10616
2358
16265
2230
2357
2423
5008
3817
2165
2229
2124
2097
2520
2493
2661
80519
54707
3144
200957
107935
133425
4015
2868
239397
4678
34674
9004
2404
2264
3537
193475
3853
3414
2217
2631
2167
3632
132907
3294
128288
6285
3535
2442
2382
2348
2494
2608
3006
183392
3748
2353
2335
2443
2475
2905
98816
3339
2704
2781
3920
2895
47908
111394
3858
5878
2537
2426
3530
2421
2924
17474
2346
4566
2575
2552
2417
2581
2202
2096
2412
3164
231310
4337
297727
7422
3302
303778
4001
17454
2646
85157
5224
6392
2414
2308
3458
252990
4054
3772
86212
38701
195881
3742
2201
2397
2077
2064
2631
31341
96793
192192
3672
20591
2214
2277
8318
2569
2109
2265
2351
2445
15020
2438
52942
4105
247910
10883
18067
2297
16516
2634
2224
2172
2156
2036
2149
15759
2309
2330
53020
39342
2460
545545
4306
4114
5453
3344
175340
236797
6107
59575
3364
5517
2209
2956
324500
2408
2604
2493
2454
254108
19213
4512
27282
3104
2347
7985
2147
2599
2246
2522
87512
2815
2317
366680
55803
3267
64174
2351
2328
2085
2239
2850
2210
1996
2222
2264
2755
3552
4090
2288
10856
224386
4319
2242
9641
2197
2163
2401
2769
154944
3471
4720
2489
39987
189170
139132
2543
2398
1979
2385
5480
6805
1861
1838
30286
2779
2478
1859
