49675
11450
14286
11930
26830
11479
11179
11553
11974
12510
16411
12072
12186
492266
17364
31606
2374772
18480
526006
13792
12144
41758
11426
367274
15082
12976
12750
12250
11503
13382
87302
12465
15138
557056
14964
41995
12394
57305
13086
83305
11626
13213
12989
25432
19728
11253
11968
11816
11163
14112
13257
14308
423202
295524
16541
1062856
589349
692529
21639
14597
1271666
25496
182649
45344
12427
12032
18410
1028540
20091
18598
11007
14242
11560
19262
710897
17759
693428
33395
18606
13197
12894
12979
12339
13237
15501
946631
20078
12959
12659
13608
13388
16616
526126
17145
15703
14568
21457
15339
262593
581296
19466
31937
12872
12991
18771
13015
15175
94760
11957
23756
13074
12996
12111
13188
11300
12245
12532
16796
1228284
22391
1579077
39682
17172
1621781
21787
89846
14295
444556
29048
31822
12200
12113
20190
1301453
20961
20676
420505
201065
1066090
19689
11651
12296
9798
10922
13183
157732
494371
1030423
19407
107428
11039
11885
42069
12802
10537
12331
11934
12803
77694
12983
276444
21536
1282785
55953
93543
12261
85885
14414
10727
11105
10607
10467
11577
82054
11734
11763
272780
199760
11622
2841359
22285
20606
28579
17466
890925
1235106
32396
316177
16770
28243
12141
15300
1677216
12386
13291
13055
12483
1337803
94828
23698
143860
15790
12208
41312
10868
13977
11253
13070
454371
15506
12175
1915600
292717
17285
333581
12935
10741
11180
11678
14590
11315
11750
12682
11914
14867
18676
21616
11866
56979
1163830
23290
11888
51130
11766
11740
12397
15396
808725
18346
25654
13040
207345
993748
719661
13410
12487
10224
12055
28573
34364
10582
10107
158385
14367
11926
9525
9195
2194
2758
2223
4933
2175
2131
2176
2231
2307
3190
2260
2313
92153
3299
5934
446524
3547
99591
2603
2338
7937
2173
67893
2826
2397
2350
2199
2161
2411
16648
2300
2752
106612
2880
7861
2354
10536
2478
16072
2257
2421
2399
4888
3720
2140
2303
2177
2159
2669
2455
2643
80747
54279
3067
200859
107619
132380
4068
2804
240237
4716
34804
8672
2373
2279
3579
194261
3849
3568
2080
2711
2174
3663
132839
3354
128659
6432
3532
2415
2412
2392
2362
2530
2977
181809
3711
2366
2357
2541
2509
2981
98519
3214
2883
2722
3912
2790
47916
111969
3683
5968
2398
2411
3524
2473
2871
17779
2341
4440
2510
2489
2289
2583
2184
2281
2301
3238
231227
4235
297924
7400
3349
303946
4064
17202
2655
85055
5271
6218
2313
2374
3710
252297
4057
3918
86314
39019
196509
3878
2255
2331
1888
2096
2581
31250
97006
193305
3778
20344
2183
2299
8183
2467
2059
2407
2290
2423
14963
2479
52707
4034
246980
10815
18186
2362
16771
2727
2161
2130
2058
2074
2267
15876
2335
2301
52154
39599
2300
542882
4376
4019
5500
3280
175714
236611
6135
59706
3304
5557
2338
2857
323530
2341
2534
2405
2424
253563
18895
4440
27477
3045
2337
7846
2047
2697
2174
2395
87139
2902
2299
366814
55525
3305
64457
2399
2129
2154
2193
2708
2136
2178
2338
2221
2725
3515
4106
2211
10780
225036
4356
2259
9730
2147
2204
2372
2823
154650
3427
4789
2402
39748
188163
138766
2593
2367
1932
2338
5493
6459
1981
1920
30270
2731
2321
1870
