49991
11270
13779
12590
26926
11264
11326
11526
11236
12201
15566
11324
12486
490656
16719
31269
2366065
19106
522258
13323
12951
42871
10755
367334
15179
12913
12826
12488
11565
13629
88416
12648
14435
561659
15351
42594
12291
58515
12741
85621
12058
12327
12594
26412
19195
11052
12683
11440
11535
14227
13101
14422
421651
299473
17417
1064105
593623
697043
21443
14608
1275171
25238
182663
48182
13274
11086
18402
1028616
20930
17385
10970
14579
11143
18794
707219
18287
689238
32863
19376
12928
13247
12799
12716
13380
14912
954221
19957
13048
12989
13146
12490
16454
533265
18138
15176
15005
21168
15524
263336
583677
20227
32182
13272
12694
19974
12769
15615
94996
12141
24411
13040
13616
11955
12577
12056
10715
13153
16672
1222613
22996
1568950
40242
17402
1621006
21225
92075
13323
446129
29787
31551
12539
12810
19372
1297364
20456
19984
421364
201201
1061639
19894
11926
12213
10814
10600
13074
155852
493498
1026089
19179
108090
11104
12556
42683
13119
10997
12217
11985
13152
78680
13738
276382
21680
1284751
56012
95116
12550
84861
14734
11297
11127
10804
10235
11153
81191
12323
11999
272320
197603
12369
2840863
22511
20822
28723
17661
889960
1240900
33117
316523
18103
27512
11712
14834
1676371
11738
13024
13365
12932
1337696
94880
23799
144075
15297
12704
42777
11806
13638
12343
14050
457963
15400
11005
1920064
295367
17048
335827
13160
11202
11454
11830
14920
11499
11829
12051
11589
14297
18191
21962
12699
57015
1162508
22693
11670
50674
12017
11286
12555
15430
802842
18781
25663
12997
208274
988973
723291
13568
12026
10371
11600
28185
34516
10386
10048
158526
14453
12103
9691
9239
2102
2668
2339
4984
2111
2157
2223
2106
2289
3024
2163
2361
91913
3141
5871
444734
3638
98840
2527
2441
8083
2079
67641
2843
2370
2380
2286
2176
2423
16792
2382
2649
107391
2919
7935
2334
10754
2367
16458
2300
2247
2340
5048
3574
2065
2443
2118
2225
2653
2411
2665
80173
55148
3218
201275
108257
133092
4036
2785
240361
4701
34779
9158
2458
2116
3556
194580
3988
3337
2086
2774
2125
3550
132160
3467
127983
6322
3701
2418
2487
2381
2416
2555
2862
183160
3703
2406
2396
2510
2361
2956
99660
3368
2829
2751
3846
2827
47947
112102
3805
6076
2483
2345
3720
2392
2944
17790
2385
4574
2526
2594
2252
2416
2309
1995
2448
3249
230322
4301
296219
7564
3416
304129
3964
17578
2533
85495
5407
6163
2386
2490
3565
251462
3985
3753
86486
39085
195889
3882
2320
2340
2075
2083
2589
30932
96768
192328
3691
20472
2205
2387
8311
2528
2164
2394
2281
2425
15292
2567
52633
4043
247430
10823
18392
2381
16605
2790
2221
2150
2129
2043
2200
15698
2435
2340
51978
39164
2441
542607
4426
4072
5461
3331
175381
237460
6245
59732
3535
5420
2253
2785
323560
2257
2470
2484
2443
253058
18907
4464
27560
3029
2404
8183
2224
2614
2381
2531
87880
2875
2111
367551
56020
3220
64955
2457
2229
2187
2229
2759
2158
2148
2222
2132
2649
3440
4096
2380
10766
224891
4274
2176
9616
2211
2129
2378
2838
153669
3574
4771
2425
39873
187766
139408
2625
2331
1918
2293
5431
6540
1963
1908
30274
2729
2330
1887
