50290
11733
12930
12405
26737
11792
11190
11371
10737
11716
15841
11477
12081
490417
15840
32032
2369026
18950
520506
13562
12103
42814
11437
364556
14612
12565
13038
12855
12168
13075
89580
12279
13955
559929
14903
42639
12545
58262
13324
85246
12068
13129
13606
25290
19044
11248
12174
12151
11503
14795
12655
14507
420219
297793
16542
1063050
582883
695830
21666
14853
1274123
25700
182663
46634
12508
12009
18408
1029950
20647
19037
11230
14499
12136
19041
712912
17263
687940
33214
18845
13305
13242
12511
12695
13403
15672
958035
21253
13593
12430
13475
12992
16886
528770
17905
14940
14522
20438
15185
261023
581648
20148
30931
12645
12938
18957
12843
15687
93849
12571
24294
12874
13315
12404
13442
11330
11226
12522
16389
1223458
22688
1567933
40102
17991
1625452
21647
91880
14301
448005
29249
32634
12122
11763
19221
1303102
21140
20699
421125
201983
1063344
19900
11112
12921
10782
9937
13098
155893
493492
1026937
19208
109990
11674
11806
41653
12890
10980
11836
11630
12991
77546
13392
276610
21295
1287534
56890
92652
12407
86861
14605
11136
10634
11241
11228
11475
81842
11203
11516
271221
198963
11811
2850564
22711
20604
28942
17464
892110
1237524
32328
316097
16387
27941
12333
14674
1682573
12079
13059
12822
13172
1336548
95543
24006
143200
15824
12537
41880
11642
13454
11891
13329
457294
15168
11804
1916708
296228
16603
331749
12872
11476
11149
12274
15049
11314
11953
12101
11808
15044
18196
23026
12732
55853
1160801
21712
11756
49574
11042
11728
12072
15460
806152
18228
25315
12985
210675
993280
723804
13683
12178
10573
12233
29511
35179
10469
9929
158131
14531
12336
9609
9294
2220
2511
2285
4969
2208
2163
2176
2026
2189
3092
2179
2293
91896
3023
6021
445788
3611
98648
2553
2324
8050
2185
67116
2726
2307
2419
2341
2294
2371
17012
2311
2557
107062
2862
7933
2372
10739
2509
16398
2294
2376
2466
4875
3557
2114
2324
2223
2186
2769
2399
2731
80214
54869
3092
200964
106732
132811
4067
2832
239968
4757
34641
8944
2370
2315
3578
194816
3935
3597
2128
2747
2314
3601
133216
3268
127893
6364
3617
2470
2465
2318
2453
2549
3036
183709
3920
2495
2327
2553
2436
2981
98839
3329
2776
2673
3720
2791
47662
111814
3766
5838
2355
2411
3520
2419
2940
17599
2456
4552
2479
2498
2327
2650
2207
2083
2322
3136
230380
4292
296239
7484
3513
304740
4025
17546
2685
85648
5324
6356
2322
2290
3579
252491
4077
3923
86414
39019
196154
3906
2189
2505
2034
1958
2613
31077
96775
192916
3787
20760
2313
2238
8073
2504
2158
2328
2259
2394
15046
2519
52881
3965
247698
10936
17982
2388
17078
2789
2210
2099
2175
2225
2259
15750
2242
2211
51853
39199
2307
544440
4452
4047
5531
3305
175803
237200
6042
59570
3203
5517
2377
2757
324726
2307
2487
2403
2475
253282
18998
4493
27429
3093
2377
7972
2210
2546
2267
2450
87855
2852
2229
366725
55997
3166
64289
2387
2293
2140
2306
2740
2149
2246
2245
2162
2785
3469
4327
2350
10576
224628
4084
2196
9384
1998
2175
2295
2846
154015
3406
4693
2419
40361
188453
139626
2644
2334
1987
2383
5685
6730
1961
1881
30260
2752
2371
1836
