50960
11219
13821
12123
27626
11791
10929
11663
10796
11827
15541
11414
12342
492225
16099
31731
2370147
18261
524137
12842
12033
42736
10585
361825
14643
13166
12672
11840
11225
13192
88031
13150
14483
562254
14818
41573
11957
57529
13010
84437
11672
12907
13556
25681
19141
12062
11969
11761
10961
14016
13827
14305
422798
298167
17111
1062109
589644
701813
21350
14626
1272212
25583
183457
47398
11998
11350
18479
1026845
21152
18109
11422
13694
11492
18908
711159
17166
689987
33594
18322
13213
13259
12704
13680
13006
15229
950557
20764
12454
12925
13600
13566
15991
525683
17726
15570
14910
21274
15380
261529
582628
20025
32152
12728
12237
19661
12794
14772
92216
12584
24015
13212
12501
11844
12539
10723
11753
12476
17598
1224980
22505
1573454
39984
17351
1622215
21117
92445
13767
446219
29772
33033
12354
12409
19130
1299350
20280
20185
419218
197538
1062123
19232
11365
12751
10850
11009
13120
157498
492457
1028286
19494
111661
11225
11727
41566
12875
10459
11458
11135
12695
79451
13297
275657
22097
1285553
55140
93637
12370
86167
15086
10654
10760
11016
10511
10379
80754
11312
11537
272277
199134
12444
2838100
21925
21289
28049
19211
895047
1240185
32350
314661
17904
28661
12058
15170
1673623
12059
12829
12926
12732
1332087
96856
24456
146516
15556
11932
41772
11302
13954
11633
13102
460305
14621
12357
1922635
293679
16207
332888
12925
11370
11482
12250
15152
11326
11502
11485
11723
15275
17723
22292
12488
56369
1159995
22764
12130
51075
11927
11293
12458
15641
807334
18547
25962
13223
207888
991694
728085
13441
12475
10937
12348
28421
34331
11025
9453
159490
14488
12197
9773
9476
2157
2661
2252
5120
2208
2089
2203
2078
2204
3040
2178
2331
92000
3065
5971
445653
3457
99300
2453
2318
8038
2083
66771
2781
2407
2394
2148
2105
2350
16736
2427
2631
107512
2835
7824
2274
10607
2474
16232
2253
2368
2484
4931
3577
2288
2277
2172
2140
2647
2535
2646
80519
54859
3172
200572
107575
133875
3999
2852
239783
4711
34812
9059
2262
2186
3550
194606
4006
3452
2164
2607
2172
3551
133137
3260
127733
6440
3488
2460
2497
2341
2599
2514
2930
182504
3856
2298
2417
2589
2510
2891
98421
3276
2909
2738
3842
2785
47637
112170
3773
5975
2398
2274
3643
2411
2752
17362
2435
4525
2531
2389
2234
2422
2097
2174
2263
3374
230812
4249
296962
7439
3371
303771
3899
17661
2594
85137
5343
6357
2380
2377
3573
251879
3965
3833
85984
38373
195834
3742
2192
2400
2091
2154
2588
31346
96737
193023
3769
21006
2240
2267
8088
2487
2075
2221
2166
2388
15331
2465
52754
4125
247305
10676
18150
2358
16788
2861
2117
2083
2152
2059
2031
15653
2220
2257
52045
39522
2437
541925
4302
4147
5362
3600
176157
237402
6081
59474
3480
5609
2306
2842
323763
2290
2433
2378
2461
252231
19381
4575
27977
3016
2272
8014
2133
2670
2227
2437
88290
2740
2336
367521
55624
3102
64348
2363
2270
2207
2302
2777
2144
2121
2160
2175
2764
3388
4192
2304
10610
224150
4306
2263
9611
2117
2148
2328
2894
154336
3500
4774
2477
40030
188465
140411
2630
2374
2062
2390
5500
6546
2073
1797
30481
2745
2392
1903
