49022
11327
14197
11928
27852
11762
10535
10893
11770
11986
15730
11684
12048
489769
16446
32418
2374595
19083
530734
14084
11683
43734
10747
367102
15370
12997
12291
12033
11561
13046
87970
12828
15263
565294
15343
42050
11527
58769
13140
84739
12307
12971
13324
26378
19642
11609
12240
11776
11240
14349
14179
14075
423277
297310
17001
1059991
586741
695438
21250
14922
1274917
25604
182059
47040
13137
12279
18709
1028225
20792
18208
11238
14044
11669
18884
709889
17665
688651
33187
18703
13318
13853
12417
12582
12899
15514
954393
20240
13198
12839
13454
13210
17147
525380
17955
15093
14495
20488
14915
264518
582933
20244
31707
12800
12636
19148
13303
15917
93734
12830
23844
13019
13616
12430
13604
11399
11289
12676
17200
1222813
23284
1571802
40348
18011
1624657
21416
90899
12902
443739
29169
31671
12406
12057
19459
1299947
20644
20691
421874
201626
1061951
19642
11607
12654
10800
10693
13323
157433
492049
1028374
18754
108143
10795
11989
43014
13341
10991
11317
11313
13296
79279
13392
275637
21842
1294171
57005
95154
12630
84747
14575
10938
11037
10889
10502
10600
81669
11788
11345
274347
196986
11975
2840436
22583
21555
27724
17874
890613
1230915
33976
314641
17171
28358
11998
14696
1683561
12010
12663
13306
13495
1334552
96392
24146
143084
15651
12233
42639
11836
13853
12202
13590
456196
15086
12240
1911182
295258
16546
333680
12439
11131
11383
11949
15598
11353
12527
11497
11982
15678
19199
22578
11986
55915
1162836
22474
11709
50922
12264
11151
12766
14666
814746
18785
25339
13246
207332
997332
722654
12820
12535
10788
12630
28738
33606
10397
9828
159131
15367
12432
10002
9111
2161
2761
2218
5107
2206
2049
2087
2226
2233
3061
2236
2296
91624
3104
6079
446113
3586
100227
2650
2223
8239
2050
67524
2887
2393
2304
2194
2186
2342
16736
2389
2762
107819
2905
7856
2200
10827
2470
16272
2369
2364
2458
5083
3666
2182
2319
2161
2159
2689
2624
2605
80722
54609
3142
200787
107293
132594
3965
2844
239988
4760
34516
9004
2455
2328
3584
194425
3920
3430
2115
2680
2234
3531
132527
3396
127399
6436
3580
2474
2603
2305
2400
2466
3030
183150
3709
2402
2394
2522
2513
3036
98219
3344
2778
2675
3746
2722
48107
112277
3761
5944
2422
2375
3571
2479
2990
17623
2498
4462
2456
2531
2297
2627
2170
2093
2359
3319
230496
4361
296790
7535
3491
304022
3939
17284
2462
84743
5279
6209
2320
2354
3578
252041
4039
3918
86295
39057
196164
3884
2313
2420
2072
2081
2624
31265
96602
192648
3643
20352
2127
2273
8285
2579
2150
2217
2196
2480
15400
2497
52543
4110
249122
10979
18344
2391
16649
2777
2212
2130
2105
2067
2128
15818
2328
2224
52326
39148
2329
542910
4444
4233
5300
3382
175466
235871
6377
59318
3376
5586
2301
2772
324458
2308
2410
2492
2560
252893
19190
4492
27523
3048
2330
8047
2220
2629
2291
2498
87534
2853
2296
365861
55762
3149
64480
2345
2227
2170
2245
2851
2139
2272
2119
2237
2884
3654
4247
2246
10580
224833
4267
2206
9622
2232
2162
2402
2694
155454
3505
4752
2514
39764
189034
139375
2490
2399
2028
2452
5497
6440
1947
1839
30258
2938
2423
1965
