49666
11411
13971
12494
27118
11792
10929
11390
11414
11717
15403
11722
11648
490655
16661
31164
2370855
18683
524365
12883
13048
43418
11481
365233
15768
13177
13084
12245
11488
13038
87959
12391
14996
559260
15073
41584
12413
58797
13043
83898
11970
12757
13373
25838
19498
11949
12024
11509
11329
14747
13123
14592
419507
297682
16962
1065420
593769
696774
21975
14586
1275449
25203
183554
46716
12707
11768
18715
1031773
19995
18020
11180
13537
11695
18824
708670
16924
688923
33522
19031
12905
13201
12087
12700
12989
15763
953128
20579
12532
13259
12896
12654
16026
533178
17262
14652
14753
21070
14924
263585
580407
20002
31922
13389
13471
19384
12759
15055
92854
12528
23329
13235
13236
12536
13850
11482
11981
12297
16740
1222763
22726
1567880
39985
17746
1625461
22259
91376
13482
445423
30047
31594
12821
12192
19837
1303240
20422
20315
420677
199961
1061594
20201
11769
12764
11216
10582
13538
157415
493327
1025092
19102
107119
11020
12405
42541
13182
10310
11558
11105
12974
78757
13468
276061
21034
1283990
55569
94005
12267
87493
14524
10535
11335
11307
11423
11188
81453
11834
11365
272979
197808
11651
2840663
21367
21907
29142
17409
888900
1240279
32078
316047
17293
28258
12426
15202
1679338
11857
13685
13102
12069
1333780
96126
24614
143222
16280
12468
41945
12017
13514
12640
12765
454733
14908
11896
1921465
294732
16496
334223
13135
11855
11341
12441
15086
10758
12399
12533
11939
15353
18296
21730
12488
56215
1158628
22777
12238
50148
12022
11446
12637
15029
807848
18657
26164
13458
208012
996103
725656
13415
12595
10485
11809
28210
35373
10734
9992
158640
14193
13141
9531
9161
2167
2676
2308
4988
2203
2099
2168
2168
2232
2994
2233
2185
91725
3150
5803
445260
3524
99182
2444
2479
8173
2214
67199
2926
2432
2418
2217
2164
2386
16715
2304
2745
106762
2877
7818
2379
10822
2444
16110
2288
2329
2474
4984
3662
2271
2331
2155
2157
2746
2437
2718
80127
54749
3203
201270
108521
132948
4144
2813
240247
4693
34831
9012
2387
2252
3627
194806
3790
3466
2135
2584
2214
3612
132574
3238
127359
6389
3649
2430
2458
2246
2414
2482
3017
182908
3793
2349
2439
2416
2384
2906
99792
3173
2718
2738
3853
2731
47986
111893
3734
5949
2506
2483
3608
2445
2862
17444
2452
4372
2526
2500
2310
2691
2208
2210
2288
3199
230328
4293
295839
7442
3458
304344
4123
17441
2573
85268
5439
6162
2451
2359
3661
252159
3990
3842
86003
38802
195616
3995
2276
2447
2142
2020
2662
31190
96718
192231
3754
20280
2184
2360
8220
2562
2051
2270
2194
2447
15208
2529
52784
3958
247381
10782
18137
2313
16988
2740
2092
2166
2190
2252
2232
15709
2339
2217
52055
39122
2282
542928
4238
4238
5604
3295
175224
237242
6018
59637
3397
5565
2397
2856
324245
2290
2626
2454
2318
252561
19138
4577
27478
3177
2370
8019
2243
2594
2395
2341
87414
2797
2242
367566
55743
3166
64544
2440
2342
2177
2318
2732
2053
2265
2324
2214
2815
3462
4088
2330
10624
224240
4259
2283
9557
2165
2162
2382
2776
154092
3534
4812
2531
39836
189032
140055
2597
2394
1955
2319
5426
6726
2002
1907
30298
2685
2539
1843
