50171
11788
13338
12503
26548
11550
11262
11794
11456
12167
15661
11714
12245
491334
15745
31199
2371694
18292
524078
14128
12484
44165
11757
362745
15104
12455
13278
12413
11534
12756
88221
12219
14486
563910
15142
42461
11950
57570
13141
84790
11897
12990
12878
26025
19101
12044
11975
11167
11229
14403
13161
14011
423726
294646
15721
1067855
586289
697922
21739
14757
1277347
25253
183368
46893
12637
11951
18350
1025627
20754
18166
11216
13955
11529
18562
707362
16671
693167
33115
18330
13653
12804
12233
13035
12479
16084
953270
20365
12747
12599
13435
13017
16466
528946
17956
14559
15157
21911
14857
263521
581754
19778
32285
12883
13054
19924
12579
15311
93234
12845
23935
13030
13281
12502
13600
10934
11529
12326
17107
1232334
21966
1577946
40023
18216
1627020
21130
90215
13177
441180
29411
31770
12007
11878
18956
1292169
20897
19982
416732
199163
1061432
19814
11417
12196
10244
10866
13273
158939
498311
1029111
19583
112186
11461
11822
42505
12902
10900
11657
11485
12956
77284
13963
274086
21913
1281751
56502
93163
11878
86253
14281
10786
11297
10917
11127
10802
81041
11951
11808
276652
198994
12081
2852772
22327
20990
28080
17321
896026
1235644
31510
317456
18344
27953
12315
15223
1685651
11963
12489
13568
12530
1336676
95195
24496
145915
15786
12843
42252
11197
13269
11877
13560
456179
15282
12116
1914119
293869
16671
332562
13051
10722
11454
12393
15246
11675
11581
11663
12139
14855
18534
22650
11890
55479
1161637
22271
11975
51658
12511
11420
11940
15845
814025
18337
25711
13023
209148
998527
724452
12412
11598
10223
12344
28118
35005
10956
9557
159916
14372
12232
9927
9286
2214
2568
2303
4902
2146
2161
2248
2159
2249
3032
2204
2363
91978
3012
5886
446306
3449
99035
2659
2387
8312
2268
66863
2843
2288
2459
2251
2145
2294
16840
2290
2655
107619
2875
7898
2287
10609
2459
16267
2302
2388
2367
5078
3576
2273
2280
2060
2143
2733
2426
2583
80718
54442
2922
201520
107370
133296
4083
2842
240558
4653
34734
8977
2404
2275
3586
193964
3963
3449
2128
2663
2206
3512
132467
3206
128055
6392
3545
2534
2431
2260
2464
2393
3073
182645
3755
2348
2338
2522
2422
2942
98672
3276
2665
2795
3989
2699
48339
111829
3681
6004
2410
2426
3680
2409
2882
17575
2492
4460
2505
2524
2364
2625
2113
2138
2276
3267
232067
4162
297856
7484
3541
304726
3924
17272
2521
84520
5344
6237
2282
2287
3503
250367
4098
3789
85234
38714
196110
3896
2267
2331
1967
2090
2613
31526
97364
193199
3800
21151
2261
2242
8233
2530
2123
2296
2201
2456
14904
2595
52390
4092
246895
10871
18088
2264
16842
2708
2146
2146
2151
2175
2115
15567
2348
2283
52726
39484
2385
545220
4375
4139
5360
3287
176375
236599
5946
59820
3576
5500
2370
2863
325501
2267
2412
2551
2399
252892
18967
4559
27822
3098
2457
8119
2081
2536
2290
2520
87595
2898
2292
365842
55487
3213
64403
2408
2136
2205
2341
2773
2194
2121
2137
2264
2705
3515
4191
2204
10460
224928
4169
2255
9737
2266
2180
2262
2927
155690
3446
4734
2433
40176
189142
139674
2412
2177
1905
2422
5430
6539
2058
1820
30519
2753
2360
1913
