49449
11144
14524
12416
27627
12190
11167
11495
11749
11956
15000
11592
11778
496646
16436
31859
2372570
18689
526310
13198
11996
45212
11878
365308
14895
12892
12359
11867
11660
12863
86855
13137
14574
562971
15357
42430
13042
58493
12768
85827
11420
12874
13299
25915
19752
11584
12026
11512
11587
14216
13485
14251
422013
295909
16432
1057482
592326
698296
21861
15268
1275625
25394
184907
47082
12944
12299
18008
1023169
19698
18196
11042
13927
11211
18143
709600
16983
685756
32101
18471
13107
12828
12442
13052
13172
15774
953155
20983
12628
12900
13584
13216
15398
533223
17282
14765
14745
20338
14521
262491
582624
20276
31327
13529
12901
19351
12634
16251
94506
13009
23917
13459
12761
12816
13306
11310
11430
12699
18194
1223689
22134
1575464
40811
17515
1621020
20756
91087
13566
447645
29093
32130
12713
12613
20347
1297432
20680
20612
423565
200189
1063512
19545
11794
12618
11033
10969
13353
157273
495825
1030905
19512
108705
11115
12199
41530
13592
10566
11624
11537
13494
77388
13281
273099
21839
1284949
55105
94275
12719
85069
14109
11033
11158
11090
10335
11864
83151
11512
12765
273510
199471
12026
2839373
21474
20135
27921
18101
893844
1236426
32363
313372
16825
27026
12227
15145
1682118
12228
12410
13041
12774
1329818
96310
23762
144688
15982
12560
41332
11739
13382
11697
13282
460430
15415
11995
1916090
294321
16879
332158
13201
11507
11886
11700
15112
11388
11823
11977
12080
15205
18331
21801
12452
56933
1163896
22871
11333
50444
12152
11391
12952
15589
808862
18310
26066
13378
209077
996142
723289
13188
12263
10367
12326
28634
34736
10657
9988
159017
14760
12211
9646
9232
2118
2811
2283
5088
2237
2129
2171
2221
2255
2931
2194
2272
92853
3089
6040
446017
3527
99752
2492
2307
8477
2299
67375
2761
2368
2315
2169
2194
2341
16662
2435
2684
107467
2959
7923
2466
10809
2411
16392
2185
2331
2441
4965
3657
2192
2303
2121
2200
2682
2499
2683
80521
54390
3047
200172
108154
133202
4121
2905
240337
4716
35052
8977
2420
2350
3479
193690
3760
3460
2078
2639
2102
3458
132797
3216
127031
6134
3552
2453
2404
2310
2465
2489
3038
183370
3881
2341
2399
2554
2474
2773
99575
3232
2758
2745
3723
2679
47816
111972
3790
5857
2539
2415
3628
2381
3088
17803
2518
4477
2580
2472
2368
2546
2175
2100
2336
3483
230256
4152
297453
7578
3371
303690
3842
17438
2572
85528
5233
6227
2410
2442
3776
251262
4021
3888
86788
38935
196059
3860
2319
2394
2077
2123
2638
31203
97191
193385
3789
20506
2200
2323
8045
2591
2080
2305
2250
2531
15018
2457
52193
4082
247646
10601
18220
2397
16718
2692
2168
2142
2184
2077
2329
16074
2271
2492
52380
39468
2376
543108
4186
3990
5360
3422
175971
236706
6071
59188
3286
5327
2320
2839
324588
2326
2401
2403
2435
252094
19288
4444
27655
3122
2406
7921
2224
2593
2226
2460
88357
2905
2278
366491
55723
3250
64467
2470
2244
2249
2176
2745
2148
2178
2253
2261
2805
3469
4102
2304
10787
225162
4318
2126
9573
2177
2152
2435
2867
154733
3445
4848
2514
40036
188928
139164
2562
2315
1941
2392
5488
6587
2025
1915
30365
2785
2383
1844
