49851
10871
14032
12074
27046
11257
11232
11209
11464
12442
15868
11035
12033
491955
15988
31643
2369636
19053
526448
13582
12516
43914
11119
367014
14747
13283
12554
12682
11358
13020
87938
12464
14484
562979
15442
41768
12083
57051
12904
82603
11585
13400
13053
25711
19764
10999
11281
11556
11160
14156
13008
14472
423150
295612
16266
1063661
590732
695703
21873
15240
1268896
25779
184230
47155
12812
11666
18458
1028231
20671
18378
10835
14409
10915
18732
709250
17910
689154
34510
18270
13873
13659
13082
12659
12504
15999
957772
20898
12824
12554
13793
12752
16086
529090
17859
15315
14625
20866
15617
265384
582294
19469
31853
13460
12958
19228
12362
15497
94482
12082
24267
13381
13269
12218
13154
11955
10678
12993
16830
1225639
21986
1568800
40002
18374
1620434
21551
91346
13146
442990
30103
31984
12473
12264
19142
1297038
22150
20532
421769
200395
1058868
20193
11485
12548
10566
10791
13564
157228
495275
1029754
19277
110594
11099
11966
41760
12890
10552
11173
11361
12686
78072
12988
276049
21850
1285053
55223
93776
12840
85127
14033
10871
11056
11021
10877
10930
81452
12015
11575
276862
200435
12136
2840179
22167
21166
27999
17926
888348
1240431
32905
314594
17086
28211
12158
14642
1676012
12167
12999
12690
12802
1341206
95540
24663
144536
15410
12692
41158
11505
13662
11819
13630
460081
15363
12092
1923169
295347
17235
334539
12970
10865
11323
11953
14609
11121
11917
11355
11620
14582
19368
20976
11783
57465
1156795
22043
12092
50706
11591
11065
12154
16160
812138
18899
25304
13484
209207
995138
726591
13491
12519
10931
12352
28678
34552
10709
10225
158891
14603
12303
9572
9214
2070
2695
2210
4952
2128
2148
2121
2207
2306
3082
2094
2286
92017
3041
5910
445666
3614
99524
2558
2402
8255
2124
67414
2766
2411
2336
2307
2136
2329
16819
2318
2660
107544
2905
7829
2319
10500
2413
15961
2193
2431
2386
4900
3693
2090
2138
2132
2141
2678
2413
2717
80905
54366
3043
200833
108052
132765
4097
2943
239582
4759
34921
9069
2428
2235
3592
194518
3899
3503
2079
2765
2074
3558
132752
3400
127547
6598
3505
2586
2562
2419
2413
2362
3068
183939
3820
2407
2335
2574
2398
2872
98979
3347
2858
2706
3810
2852
48411
111873
3656
5920
2523
2374
3564
2338
2966
17731
2372
4499
2564
2516
2333
2547
2310
1990
2384
3242
231168
4191
296436
7461
3570
303502
4010
17484
2547
84956
5482
6242
2396
2339
3567
251403
4277
3844
86420
38810
195645
4024
2250
2387
2014
2087
2656
31105
96983
193345
3763
20901
2216
2294
8124
2470
2086
2194
2193
2402
15125
2476
52674
4019
247500
10687
18194
2472
16715
2703
2148
2140
2188
2136
2173
15686
2365
2277
52753
39638
2384
543581
4360
4164
5338
3354
175044
237523
6195
59496
3386
5489
2324
2747
323894
2305
2473
2341
2438
253781
19036
4571
27691
2976
2410
7899
2150
2629
2243
2510
88381
2888
2306
367870
55830
3280
64770
2409
2189
2141
2217
2680
2109
2185
2102
2164
2671
3639
3958
2199
10891
223728
4164
2275
9569
2091
2127
2267
2993
154877
3610
4644
2498
40076
188811
139979
2615
2417
2032
2401
5535
6563
2006
1936
30474
2760
2381
1839
