48763
11611
13645
12455
26614
11458
11115
11386
11748
12071
16081
12241
12076
491576
16645
31346
2372641
19044
523154
13720
12762
43819
11266
363317
14923
13127
12731
12478
11024
12807
87986
12913
14896
560116
15223
42641
12525
57291
13154
86716
11939
12919
13086
26071
19962
11510
12036
11572
11725
13884
13268
13645
424086
296981
17490
1069842
592293
690587
21384
14796
1272852
24975
182748
46745
13071
11677
18606
1026944
20798
18198
10872
13825
10802
18550
708916
17520
691542
33289
17972
13294
13437
12468
13331
12879
14804
952721
19986
12492
12930
13289
13165
16909
530109
17440
14604
14743
21534
14866
263235
581853
19227
31251
12868
12211
19145
13003
15270
94481
12590
24814
13486
13175
12104
13322
11428
11846
12718
16191
1228799
23157
1570747
40164
17611
1619100
20821
91199
13364
443054
29376
31738
12026
12473
18792
1300273
21147
19730
421964
200084
1059724
20604
11568
12408
10479
10650
13224
157372
492777
1028468
19152
110280
11407
11336
42540
13255
10746
11602
11678
13494
77610
12707
275175
21971
1283285
55851
93075
12737
85301
14392
11260
10961
11088
10943
10928
81903
12146
12237
272582
201500
12355
2839159
23385
21318
28015
17229
890648
1236460
32941
318476
17374
27502
12558
15723
1679201
12223
13282
12656
12765
1329882
96588
24776
144483
16441
12850
43044
11577
13865
12201
13449
457661
14832
12380
1914217
292144
16751
332376
13282
11963
11664
11652
15076
11316
11027
11793
12373
14634
18723
21101
11626
56729
1162601
22482
11731
52063
11207
11865
12519
15557
806969
18887
25082
13321
209498
994374
727842
13399
12308
9971
11789
29536
34723
10441
9929
160347
14492
12695
10181
9044
2168
2636
2285
4888
2153
2138
2169
2216
2255
3126
2331
2338
92040
3150
5934
445923
3602
98982
2606
2431
8239
2156
67005
2779
2434
2350
2268
2060
2315
16679
2444
2742
106972
2906
7978
2386
10582
2472
16693
2279
2363
2433
5044
3733
2196
2315
2136
2230
2581
2464
2597
80925
54682
3205
202052
107992
131893
4071
2806
240042
4637
34749
8945
2436
2240
3595
194047
3929
3462
2087
2679
2090
3572
132476
3335
127977
6376
3471
2466
2543
2280
2500
2477
2879
182857
3732
2297
2387
2486
2455
3046
98798
3246
2718
2752
3975
2693
48247
112012
3622
5839
2428
2259
3599
2433
2894
17622
2446
4618
2595
2464
2295
2594
2185
2180
2343
3149
231242
4394
296705
7458
3429
303580
3894
17378
2526
84647
5303
6216
2280
2408
3469
251896
4089
3734
86499
38709
195651
4073
2272
2378
1985
2050
2576
31328
96696
192963
3715
20856
2212
2165
8191
2541
2124
2268
2264
2524
15004
2396
52455
4121
247228
10850
18059
2410
16661
2745
2223
2102
2169
2162
2155
15805
2379
2353
52148
39838
2400
542292
4599
4190
5392
3257
175600
236890
6211
60145
3402
5420
2429
2937
323780
2337
2559
2359
2456
251887
19182
4569
27696
3175
2458
8173
2188
2655
2310
2499
87863
2831
2334
365855
55378
3209
64321
2456
2350
2215
2183
2755
2145
2034
2213
2277
2682
3557
3964
2162
10608
225274
4227
2211
9807
2008
2254
2356
2852
154264
3570
4676
2467
40262
188864
140022
2626
2363
1863
2287
5682
6563
1962
1924
30555
2765
2447
1943
