49735
11110
13756
12441
26245
11930
11337
11713
11036
12856
15526
11553
12179
487465
16683
31283
2357605
17898
525122
13681
12252
43051
11448
364897
15630
12344
12920
13018
10909
13184
88263
12806
14739
564228
15046
41138
12135
58600
12843
83973
11557
13036
13011
25655
20384
11118
11476
11150
11788
14267
13522
14428
422796
300062
17067
1063118
585207
695548
20982
14854
1275371
25406
182473
46669
13541
11612
18024
1027767
20923
18449
11116
13287
11128
19141
707272
18045
683673
33975
18850
12737
12763
12711
12793
12822
15203
952786
19961
12900
12587
13370
12630
17841
526891
17275
15181
14452
21080
14862
265261
582238
20292
31859
13179
13385
19004
12623
15937
94445
12691
24352
13061
13254
12191
12927
11752
11389
12686
16487
1219388
23632
1571440
41418
18130
1622713
21311
89947
13445
442904
29695
32411
12887
11859
19547
1300568
20600
20356
421859
201739
1056288
19405
11309
12598
9991
10614
12980
158174
494789
1032984
19280
109612
11538
12157
42284
13136
10939
11423
11827
13100
76969
12995
277400
21546
1285796
54861
93555
12367
85976
14275
10856
11392
11248
11354
10778
81657
11773
11830
271830
200878
12073
2847814
22208
21151
28619
17041
888320
1238214
32534
316270
17629
28965
12211
16143
1676480
11977
12996
13356
12853
1331277
97946
24486
144231
16064
12685
42396
11798
14282
11746
13868
457543
15162
12139
1918197
291880
16305
335349
12854
11157
11637
11944
15137
11187
11706
11404
11933
14993
18263
22014
12571
56497
1158821
22236
12578
50224
12056
11826
11677
15320
809184
18011
26043
12435
208577
995774
726762
13172
12359
10720
12235
27974
35484
10878
9941
160568
14374
12625
9777
9164
2105
2633
2308
4833
2213
2166
2236
2115
2404
3022
2164
2345
91438
3187
5882
443571
3407
99154
2584
2345
8091
2172
67235
2932
2317
2412
2318
2042
2373
16787
2396
2676
107612
2870
7751
2347
10740
2398
16095
2223
2407
2369
4918
3815
2133
2203
2068
2300
2708
2493
2685
80500
54972
3200
200997
107062
132678
3967
2856
240355
4747
34555
8919
2534
2202
3499
194475
3971
3496
2112
2555
2093
3619
132398
3455
126742
6517
3553
2346
2415
2350
2436
2461
2969
182485
3707
2362
2336
2502
2352
3131
98325
3190
2821
2683
3854
2675
48328
111880
3795
5997
2477
2467
3574
2367
2993
17725
2473
4529
2522
2505
2281
2516
2245
2117
2300
3177
229904
4434
296755
7657
3519
304309
3946
17198
2525
85054
5400
6330
2451
2338
3593
252147
4034
3825
86391
38985
195094
3850
2205
2399
1910
2047
2567
31387
96989
193411
3768
20701
2274
2310
8212
2534
2129
2273
2262
2477
14907
2455
52984
4035
247338
10616
18170
2331
16783
2707
2126
2200
2184
2213
2134
15706
2298
2293
51932
39856
2378
544165
4406
4110
5491
3252
175277
236943
6129
59835
3446
5664
2342
3023
323427
2278
2474
2474
2462
251871
19546
4541
27610
3124
2429
8050
2233
2769
2210
2547
87822
2871
2304
366718
55403
3173
64884
2344
2212
2219
2220
2760
2140
2148
2110
2213
2741
3447
4118
2322
10676
224170
4210
2344
9497
2139
2241
2204
2818
154288
3407
4836
2372
39984
188837
139955
2561
2395
1995
2386
5386
6643
2042
1871
30669
2746
2447
1907
