48774
11479
14118
12216
27588
11627
11246
11400
11390
12491
15056
11234
12426
493695
16364
32179
2375474
18527
528493
13318
12473
43283
11104
364717
14784
12199
12879
12544
11701
13281
86655
12322
14290
563462
14623
42056
12564
57323
12759
85836
12256
13375
12901
26044
19572
11410
12284
11758
10851
14543
13349
14630
423334
296053
16768
1062934
591263
695357
21467
14633
1279049
24802
184186
48461
12491
11684
17798
1025482
21303
17388
11252
14232
11267
18852
709678
17394
689717
32959
18567
13157
13324
11894
12877
13219
16222
949601
20656
12760
12348
13491
12583
15917
528828
18047
14760
14454
21016
15141
264086
584129
19910
32456
12989
13271
19898
13175
15795
93610
12339
23558
13300
13060
12353
13133
11389
11277
13216
16533
1227730
23242
1567981
41478
17664
1631141
21974
92500
13818
446944
28574
30887
12931
12704
19017
1296902
21108
20579
417844
199953
1063576
20026
12090
12402
10988
10621
13495
158282
495119
1025502
19331
110279
10965
11456
42247
13286
10735
11767
11833
12480
77990
13185
274935
21924
1286083
56344
95803
12277
86125
15039
11075
10895
11098
10575
11483
80801
10687
12137
272196
199165
12102
2840938
21008
21027
28125
17804
891891
1230624
31214
314274
17162
28983
12123
14706
1669901
12409
13729
12769
12266
1335240
96918
23483
144729
15960
12606
42082
11533
14146
12188
13519
454308
15552
12640
1918666
295485
17186
331879
12670
11225
11564
12200
15278
10621
11891
11662
11539
15219
17797
21327
12197
56796
1163381
22065
11793
51149
11767
11418
12377
15078
808069
19213
26539
12850
207704
993315
724975
13644
11871
10246
12277
27485
34404
11044
9719
159706
14730
12286
9635
9073
2153
2715
2271
5099
2152
2148
2148
2137
2333
2944
2173
2366
92328
3098
6019
446474
3527
99961
2525
2384
8084
2173
67265
2765
2292
2382
2279
2189
2376
16567
2300
2629
107368
2804
7842
2388
10583
2403
16478
2366
2445
2333
4986
3683
2166
2345
2184
2114
2725
2495
2699
80608
54305
3121
201185
107999
132509
4076
2803
241242
4596
34862
9263
2349
2239
3470
193966
4034
3283
2111
2720
2125
3571
132492
3262
127718
6342
3573
2461
2525
2224
2463
2493
3129
182391
3782
2368
2313
2494
2361
2852
98764
3351
2743
2728
3861
2724
48098
112234
3733
6060
2468
2445
3697
2476
2953
17539
2399
4399
2519
2484
2333
2533
2168
2078
2446
3197
231531
4365
296177
7762
3471
305350
4111
17606
2590
85367
5170
6103
2431
2392
3537
251487
4073
3908
85752
38743
195760
3922
2393
2382
2087
2066
2622
31387
97041
191950
3748
20871
2159
2188
8211
2575
2133
2292
2292
2353
15109
2464
52415
4068
247654
10771
18499
2369
16829
2848
2216
2093
2146
2105
2247
15620
2139
2358
52048
39430
2380
542779
4170
4151
5368
3385
175504
235832
5843
59236
3368
5663
2324
2799
322716
2385
2577
2375
2339
252588
19240
4409
27795
3112
2403
7971
2174
2665
2353
2484
87054
2953
2376
366908
55847
3282
64128
2351
2239
2210
2273
2783
2020
2181
2173
2145
2770
3408
4012
2274
10768
225188
4162
2205
9675
2154
2165
2303
2762
154409
3651
4924
2403
39858
188502
139728
2633
2263
1907
2361
5329
6545
2028
1858
30469
2797
2384
1848
