49387
11748
14156
12397
27551
11762
10573
11607
10891
12265
15988
12047
11426
490268
16679
31785
2366740
18702
523997
14003
12300
42612
11233
367689
15604
13827
12974
12114
11212
13725
87731
12595
14957
561725
14846
41250
12249
56833
12997
84887
11472
13132
12396
25761
19648
11631
11280
12151
12398
14092
13223
14472
425900
297145
16463
1058961
588341
696980
21672
15281
1268161
25407
182773
46411
12672
11905
18848
1022286
21013
17950
11381
14657
11109
19134
707146
18235
688322
33489
18220
13274
13124
12006
12998
12860
15949
956713
20357
13112
13469
14002
12891
16484
530448
17817
15070
14338
21227
15414
262866
580408
21159
31278
13033
11871
19003
12266
15722
92930
12485
23591
13249
13598
12700
13699
11463
12032
13324
16807
1228667
22864
1567770
39664
18076
1629134
22018
89477
14193
443941
29773
32655
12082
12589
19443
1299541
20881
18914
417384
199839
1067458
19449
11048
12088
10725
11082
13987
157107
496137
1028924
19250
109769
11047
11445
40327
12631
10499
11095
11668
12673
79271
13556
275420
21158
1279842
56627
92970
12656
84896
14258
10696
11781
11497
10384
10907
82264
11232
11865
274707
198079
12710
2841055
21726
20162
29115
17790
892417
1231673
32272
315090
17829
28437
12381
15062
1679837
12153
12961
13102
12404
1337701
97094
24262
145038
15381
12175
41432
11715
13321
12190
13720
460905
14845
12298
1920230
293789
17103
334076
12989
11006
11429
12193
15147
10992
11567
12120
11446
14939
18221
22339
11967
57153
1161779
21842
11736
50670
11753
11759
12027
15219
808159
18530
24725
13164
206445
994230
726110
13294
12571
10249
12184
28775
35304
10826
9206
159994
14854
12826
9870
9190
2265
2715
2300
5045
2197
2066
2196
2065
2296
3088
2297
2229
91956
3172
5970
445072
3524
99082
2627
2366
8067
2162
67818
2899
2528
2391
2193
2093
2460
16674
2382
2737
107127
2866
7781
2356
10492
2432
16286
2192
2385
2297
4923
3637
2178
2204
2224
2382
2617
2438
2684
80963
54585
3025
200003
107545
133153
4105
2902
238700
4739
34659
8826
2394
2256
3647
193452
3966
3424
2154
2787
2110
3617
132247
3478
127428
6378
3457
2470
2434
2212
2477
2427
3050
183346
3771
2391
2515
2613
2443
2944
99087
3250
2808
2656
3867
2802
48024
111563
3905
5873
2436
2221
3556
2335
2972
17443
2445
4402
2542
2558
2373
2642
2189
2213
2458
3193
231413
4296
296056
7408
3495
305068
4116
17159
2639
84919
5403
6408
2280
2425
3622
251974
4071
3632
85484
38756
196521
3822
2182
2322
2038
2124
2765
31108
97324
193084
3741
20825
2170
2185
7808
2497
2046
2160
2262
2373
15326
2539
52590
3910
246700
10827
17998
2414
16616
2708
2121
2268
2239
2029
2166
15844
2217
2246
52530
39167
2456
542245
4266
3967
5526
3352
175737
235469
6072
59536
3455
5555
2364
2848
324090
2286
2481
2423
2377
252857
19431
4539
27705
2981
2318
7845
2212
2542
2313
2529
88371
2799
2351
367462
55560
3255
64376
2385
2170
2173
2276
2751
2129
2135
2246
2172
2756
3454
4143
2217
10739
224772
4125
2215
9629
2108
2247
2300
2819
154546
3514
4612
2440
39610
188437
139909
2584
2427
1927
2350
5540
6695
2016
1754
30677
2789
2477
1916
