48528
11805
13629
12649
27392
11887
11041
11746
11453
12369
15944
11680
12282
488462
17374
31716
2378197
18385
523781
14010
12377
44595
11381
364878
15286
12747
12828
12719
11699
13486
89364
12158
14587
559241
15896
42135
12728
57466
13018
86744
11859
12954
12724
25491
20471
11344
11606
12228
11371
13920
13020
14540
420985
299202
17064
1063844
592346
700790
21333
15011
1267712
25410
183805
46922
13235
11746
18542
1030799
20340
17469
11011
13769
10654
18658
706989
16796
688066
34056
18409
12520
13469
13071
12975
13171
16334
956409
19893
13264
13069
13249
13002
16469
532030
17864
15129
15132
21390
15199
265000
582157
20574
31915
12846
12819
19428
13011
15858
92358
12494
23832
13197
13392
12282
13449
12029
10963
12425
17151
1225829
22782
1567693
40775
17580
1621340
21646
89225
13774
449716
29122
32903
12657
12408
19706
1301415
21439
20617
419360
201139
1062037
19123
11764
12092
10276
10797
12867
157302
492777
1026336
20033
110447
11232
11778
42079
13360
10874
11473
11101
13269
77672
12734
274895
21934
1282177
55352
92830
12823
86967
14430
11172
11281
11666
10629
11128
82834
11537
11165
275148
198686
12504
2848634
21543
21229
28283
18067
892811
1233840
32908
315913
17021
28559
12395
15986
1671016
12056
12735
13380
12658
1335595
95486
23995
142748
16502
12497
42291
11378
13536
12173
12869
454524
15359
12355
1915798
292660
16304
330967
13197
10906
11038
12061
15139
11025
11834
12066
12168
15620
18077
21601
12463
55805
1158159
21863
11551
50358
12350
10865
12015
15159
811360
18384
25986
12873
209072
989858
723522
13290
12604
10646
12154
28529
33732
10501
9943
160197
14934
12554
9451
8977
2222
2605
2337
5024
2199
2127
2230
2168
2320
3061
2199
2347
91476
3269
5948
447216
3481
98850
2611
2387
8372
2187
67185
2906
2394
2391
2245
2185
2454
17080
2253
2667
106983
2986
7859
2436
10609
2436
16631
2264
2371
2365
4943
3789
2142
2233
2238
2185
2622
2445
2683
80213
54990
3164
201061
108202
133700
4059
2887
239018
4695
34792
9009
2477
2256
3614
194710
3876
3307
2087
2619
2061
3521
132255
3162
127302
6494
3488
2362
2514
2436
2448
2536
3164
183204
3679
2413
2390
2487
2443
2951
99299
3293
2816
2799
3893
2776
48261
112193
3822
5973
2402
2383
3609
2470
2959
17239
2427
4473
2569
2546
2294
2603
2328
2028
2312
3305
230733
4305
296046
7605
3418
303519
4038
17013
2621
85925
5276
6413
2414
2416
3634
252064
4158
3917
85906
38942
195827
3751
2331
2341
1953
2098
2546
31238
96765
192668
3875
20815
2217
2240
8184
2586
2100
2274
2143
2464
15055
2411
52657
4052
246983
10656
18098
2446
16933
2721
2237
2208
2268
2082
2205
15937
2298
2208
52402
39293
2424
543945
4280
4123
5404
3408
175843
236213
6135
59637
3362
5609
2365
2981
322773
2316
2455
2489
2453
252876
18976
4442
27287
3229
2362
8004
2141
2573
2340
2349
87229
2891
2349
366583
55489
3110
63946
2418
2162
2110
2277
2779
2094
2184
2247
2200
2838
3412
4016
2308
10487
223656
4121
2184
9474
2192
2060
2242
2787
155105
3494
4796
2400
40084
187486
139208
2569
2405
2002
2362
5445
6367
1967
1905
30674
2859
2387
1808
