49715
11637
13479
12278
27243
11717
10599
11649
12157
12490
15701
11238
12186
491823
16788
31198
2363868
18991
519847
13365
11344
42890
11089
366855
15275
13379
12599
12331
11666
13447
89086
12433
14862
559695
15156
41841
12271
56658
12513
83139
11491
13044
13239
25903
20200
11451
12296
12242
11456
14036
13511
14387
422914
299296
16130
1061598
584524
694470
20904
15000
1267751
25067
181919
45644
13119
12153
18164
1024154
20000
17223
10788
13661
11191
18772
705732
17875
687214
32944
19210
12956
13755
12210
13127
13292
14674
952943
20046
12478
12812
13372
12728
16411
527540
17968
15150
15458
21476
15065
262822
583281
20265
32136
12443
13151
18767
13398
15254
93087
12697
23676
13842
13464
12247
13138
11923
11943
12570
16636
1228244
22092
1563154
40300
17819
1619101
21212
90534
13772
445908
29157
31795
12081
12049
18975
1299257
20307
20119
422268
201313
1058607
19521
11200
12285
10869
10537
13238
157174
490555
1030974
19864
109865
11576
11867
42263
13442
10659
11411
11198
12909
78573
13387
274956
21438
1284533
57124
94970
12385
85321
14155
10744
10393
10778
11360
10959
79590
12057
11010
270287
199137
12057
2842307
21184
21017
29649
17762
892435
1233221
31593
316972
17657
27397
12851
15034
1677382
12065
12802
12603
12678
1336809
95503
23288
144273
15790
13330
42521
11391
13640
12036
13532
461322
15239
12131
1922593
296093
17304
332675
12793
10810
11403
12590
14446
11657
12679
11614
11581
15324
17908
20723
12123
56530
1159124
22656
11920
50316
12461
12067
12413
15676
807802
18338
26271
12918
207285
994667
725938
13832
12378
10658
12690
28824
35191
11065
9325
159472
14644
12563
9810
9246
2209
2578
2244
5024
2194
2024
2229
2288
2346
3049
2132
2301
91862
3178
5872
444675
3574
98339
2514
2180
8001
2164
67310
2819
2432
2364
2242
2180
2461
16913
2315
2713
106706
2892
7860
2330
10416
2344
16024
2221
2394
2428
4971
3744
2166
2334
2256
2197
2620
2512
2685
80603
55043
3009
200862
107070
132641
3988
2849
238845
4675
34625
8737
2459
2300
3531
193602
3810
3336
2047
2627
2120
3562
131886
3392
127260
6278
3647
2387
2562
2287
2485
2530
2831
182844
3718
2331
2394
2511
2405
2968
98696
3336
2806
2808
3903
2745
47924
112393
3836
6040
2370
2443
3512
2481
2866
17429
2481
4412
2654
2515
2273
2548
2277
2186
2315
3227
231040
4207
295486
7538
3436
303564
3901
17218
2583
85049
5289
6252
2312
2318
3490
251588
3975
3813
86440
38968
195164
3853
2214
2388
2058
2041
2586
31343
96384
193316
3837
20756
2264
2268
8235
2606
2072
2242
2152
2399
15173
2503
52485
4045
247196
10990
18381
2354
16652
2712
2132
2035
2112
2202
2198
15315
2358
2154
51778
39371
2378
543052
4178
4100
5654
3311
175793
235998
5937
59827
3432
5351
2433
2799
323754
2296
2462
2345
2419
252863
19026
4329
27560
3081
2503
8132
2137
2587
2294
2485
88489
2873
2301
367402
56150
3303
64283
2335
2159
2203
2359
2629
2209
2338
2155
2134
2821
3409
3899
2245
10649
224115
4213
2251
9536
2239
2276
2332
2883
154125
3428
4849
2415
39809
189025
139784
2682
2340
1994
2437
5545
6668
2077
1778
30426
2780
2456
1910
