49532
12599
14013
11810
27252
11992
10656
11817
11685
12296
15592
11602
12231
487903
16289
31288
2370770
18762
526506
13604
12118
43183
10998
366390
14722
13014
13005
12002
11653
12918
88431
12866
14524
561005
15494
41844
12351
59362
12736
85764
12008
12554
12835
26542
18920
11423
12500
11822
11247
13978
12764
14111
421857
298715
16619
1065978
591816
695035
21325
14577
1272176
24644
184401
46394
12560
12470
18622
1028516
20862
17644
11049
14889
11384
18778
708791
17585
685494
32969
18055
13746
13323
12930
13387
13100
15420
949884
20610
12541
12596
13414
13309
16037
530802
18146
15256
14982
21417
14498
264645
579328
20280
31724
12684
13308
19530
12737
15803
94871
12220
23782
13508
13208
12995
13640
11816
11979
11767
16851
1225611
22399
1570930
40895
17984
1622800
21337
91319
13936
446083
30164
32134
12916
12656
20220
1304160
21868
20306
423729
202537
1064016
19930
11673
12116
10415
11384
13835
158852
496216
1025418
18873
110293
11486
12503
41689
12799
10895
11702
11803
12782
77631
13052
275434
21615
1281198
56496
93832
12699
85687
14105
11537
11284
11357
10148
11054
80537
11638
12176
270906
197829
11886
2842522
21534
20823
28806
18081
891991
1241686
32870
316689
17403
28447
12592
14722
1675101
12419
13148
12959
12673
1334149
95249
23836
147014
15389
12295
41702
11879
14031
11734
13312
458618
14847
12104
1914253
293208
16453
335644
13075
11484
11596
12269
14864
10852
11715
12122
12424
15412
17989
22108
11963
56809
1160815
22081
11981
51623
12062
11380
12347
16418
800432
18660
26466
13027
207249
999589
726241
12603
11430
10502
12433
28510
34052
10442
9501
158599
14468
12306
9828
9163
2355
2698
2171
5009
2234
2036
2223
2206
2268
3000
2191
2341
91449
3127
5868
445890
3547
99679
2594
2321
8114
2108
67378
2731
2436
2416
2179
2177
2339
16833
2399
2624
107022
2945
7812
2365
10923
2427
16518
2317
2300
2338
5101
3575
2142
2357
2168
2145
2638
2361
2629
80425
54900
3102
201230
108130
132741
4003
2793
239768
4562
34888
8870
2389
2345
3619
194340
3977
3409
2096
2834
2138
3528
132431
3355
126721
6296
3415
2547
2496
2409
2555
2490
2959
182152
3843
2312
2352
2508
2507
2913
99164
3355
2793
2741
3903
2641
48325
111315
3769
5936
2369
2495
3623
2410
2960
17753
2384
4454
2553
2535
2386
2634
2286
2208
2198
3266
230657
4205
296342
7595
3478
303573
3963
17476
2640
85207
5417
6290
2387
2404
3731
252379
4201
3837
86804
39214
196605
3930
2280
2335
1997
2195
2705
31549
97360
192254
3700
20785
2284
2377
8065
2462
2154
2310
2232
2426
15064
2450
52578
4042
246725
10890
18228
2428
16767
2726
2249
2190
2195
2008
2190
15504
2308
2385
51624
39123
2371
542631
4259
4086
5492
3378
175910
237588
6174
59727
3436
5576
2412
2763
323479
2361
2529
2423
2451
252257
19063
4472
28061
3022
2352
7970
2237
2662
2250
2465
87964
2827
2315
366289
55463
3193
64970
2412
2282
2215
2275
2735
2093
2116
2247
2282
2816
3421
4179
2236
10727
224177
4193
2255
9759
2166
2186
2313
2996
153036
3543
4904
2432
39870
189341
140093
2449
2167
1944
2428
5479
6501
1952
1791
30274
2769
2388
1887
