49225
11631
14123
11982
26858
11626
10912
11468
11465
11775
15157
11699
12164
490487
16809
31323
2369588
19331
525327
13977
11989
44034
11324
365379
14774
12928
13156
12429
11860
13146
87616
13234
15479
563844
15198
42854
12443
57757
13137
85378
11989
12758
12759
26357
19929
11387
12223
11493
11212
14159
13221
14647
421602
295472
16510
1060483
587959
697470
21176
14803
1267432
25217
183645
47117
13069
12116
18893
1031896
21058
18467
11517
13852
11164
19144
710809
17560
689538
33850
19196
13057
12741
12958
13290
13481
15007
958011
20895
13209
12717
13399
13198
16917
530613
17441
15226
14210
20386
15017
261132
581279
19136
31342
12668
12995
19606
12672
15633
93338
13014
23272
12911
12879
12154
13945
11697
11149
12513
17007
1222869
23128
1577676
41088
18277
1623652
21354
90777
13213
445468
28691
32715
12438
12594
19313
1297529
21341
20209
421429
199525
1057349
19644
11458
12719
10412
10973
13842
158718
494022
1024196
19802
109438
11203
12450
42016
13613
11068
11491
11655
13346
78856
13239
276009
21626
1282640
56329
93878
11994
85359
14257
10420
10895
11239
10495
11402
84240
11418
12215
272163
198376
11561
2845522
21429
21003
29709
17761
896236
1238072
32370
313079
17904
28607
12298
15771
1684966
11521
12827
12674
13090
1340941
96132
23640
145568
16137
12607
42741
11606
13887
11660
12593
456715
15157
12351
1922269
296015
17063
334302
13012
10857
11635
12338
14879
10967
12316
12029
12464
15133
19167
21805
12049
56706
1163732
23338
12156
52081
12347
11643
11922
15101
807964
17885
25939
12889
208542
997997
719655
13400
11820
10530
11571
28972
34185
10831
9610
157903
14577
12276
9924
9167
2198
2677
2245
4902
2187
2086
2174
2171
2226
2939
2206
2314
91708
3169
5861
445151
3641
99069
2636
2302
8253
2184
67187
2776
2407
2432
2243
2206
2363
16691
2451
2825
107669
2908
8002
2367
10678
2452
16444
2284
2346
2354
5097
3748
2120
2336
2118
2171
2682
2463
2720
80499
54367
3086
200604
107574
133231
3982
2825
238926
4663
34857
9042
2478
2321
3677
195008
3944
3511
2187
2621
2118
3597
132676
3360
127645
6471
3649
2421
2408
2355
2534
2589
2890
183431
3846
2475
2366
2532
2489
2993
99074
3260
2817
2621
3718
2723
47510
111568
3609
5842
2392
2419
3647
2408
2910
17542
2524
4345
2467
2423
2286
2685
2258
2046
2289
3274
230480
4366
297561
7575
3505
304084
3954
17309
2506
85076
5223
6319
2363
2412
3577
251341
4200
3827
86282
38639
194853
3838
2259
2455
1986
2141
2700
31353
96960
192249
3830
20556
2236
2366
8121
2562
2199
2252
2247
2509
15209
2471
52657
4049
246951
10866
18159
2286
16719
2688
2077
2113
2175
2090
2255
16211
2244
2376
52083
39288
2287
543334
4216
4093
5622
3355
176406
237208
6074
59140
3524
5619
2335
2942
324931
2208
2442
2367
2491
253249
19138
4378
27780
3150
2391
8164
2185
2659
2229
2353
87531
2846
2331
367571
55936
3268
64560
2404
2155
2238
2305
2736
2050
2274
2253
2267
2762
3624
4102
2243
10731
224952
4374
2268
9858
2233
2207
2266
2815
154285
3362
4806
2457
40024
188981
138549
2582
2251
1987
2255
5538
6518
2045
1827
30234
2774
2354
1936
