49583
11352
13449
11748
26555
11617
11011
11619
11107
11844
15168
11798
11867
489790
16749
32118
2373873
19204
521986
13448
12592
43416
11572
363798
15304
12786
12537
12862
11231
12928
88644
12079
14638
567788
15363
42020
12673
58563
13136
84687
11701
13448
12802
25915
20003
11164
12299
11635
11142
14185
12837
14600
423173
299525
15995
1064109
589385
699584
20866
14380
1268981
24899
182415
45079
13044
11910
18345
1024293
19781
18478
10510
13728
10893
19771
709067
17147
688895
34168
18367
12934
13784
11915
12819
13266
15487
951867
20413
13002
13047
13215
12859
17300
530047
17838
15211
14396
21921
15488
264084
584360
19065
31600
13476
13186
18224
12705
15501
94260
12827
23229
13771
13033
11529
13213
11940
11143
12463
17637
1223057
22025
1578721
40869
17660
1623541
22186
90727
14140
445675
28607
32495
12467
13016
19711
1302794
20784
20129
421411
200104
1066692
19372
11799
12939
10517
10445
12895
157797
491464
1030658
19650
109745
11434
12454
41557
12432
10885
11561
11317
13281
77764
13045
277079
21732
1279387
57301
95314
12343
85694
14783
10784
11108
11075
10618
11100
80932
11741
12111
276187
197516
12278
2852335
22352
21012
27211
16678
888925
1232741
32583
312485
17572
28921
12745
14497
1678597
12306
12793
12537
13188
1340607
97405
24222
144723
15337
12075
43357
11664
13507
11412
12940
457947
14943
12229
1918311
294984
16802
334271
13336
11255
11232
11762
14117
10857
12074
11872
12292
15713
18654
20846
12259
56456
1165408
22356
12465
52714
11832
11258
11946
14885
807010
18504
25657
13191
206852
995742
723713
12913
12250
10535
12550
28845
34391
10509
10369
157369
14960
11547
10087
9214
2119
2616
2190
4911
2164
2107
2193
2086
2202
2963
2221
2254
91745
3176
6035
446025
3630
98850
2517
2375
8131
2206
66983
2863
2340
2331
2336
2150
2343
16867
2273
2664
108467
2968
7873
2418
10773
2443
16214
2214
2452
2362
4939
3724
2129
2327
2117
2142
2641
2411
2710
80563
55007
3022
201055
107704
133371
3965
2747
239321
4603
34687
8614
2448
2245
3575
193788
3756
3506
2013
2620
2084
3735
132441
3287
127354
6562
3515
2398
2568
2230
2445
2569
2956
182745
3795
2383
2420
2468
2413
3118
98976
3283
2789
2665
3992
2818
48303
112040
3594
5899
2508
2415
3432
2379
2905
17685
2514
4298
2631
2481
2163
2533
2296
2075
2298
3394
230483
4197
298060
7601
3426
304319
4097
17373
2676
84978
5179
6361
2389
2524
3620
252480
4027
3810
86243
38797
196210
3831
2316
2448
2023
2004
2549
31322
96388
193389
3856
20734
2212
2359
8071
2387
2128
2270
2215
2481
15021
2454
52798
4051
246284
11015
18422
2359
16725
2789
2153
2135
2137
2104
2193
15576
2329
2345
52783
39162
2405
544420
4418
4114
5224
3181
174937
235924
6192
59050
3422
5592
2466
2738
323481
2324
2458
2337
2559
253630
19351
4535
27580
2983
2335
8214
2207
2591
2167
2418
87761
2817
2287
366696
55804
3224
64674
2468
2240
2149
2179
2595
2062
2221
2179
2255
2854
3566
3946
2294
10661
225406
4211
2309
9961
2109
2143
2256
2728
154130
3466
4781
2498
39651
188958
139224
2529
2336
1992
2460
5606
6542
1967
1968
30027
2860
2265
1949
