48705
11522
13942
12105
26726
11954
10570
11814
11539
12071
16055
11908
12313
492545
17142
31389
2361471
19241
521530
13177
12248
42959
11024
366709
15219
12944
12278
12501
11374
13607
89323
12386
14530
561697
15851
42132
12071
57490
12328
85265
11108
12652
13252
25957
19918
10532
12062
10942
12046
13989
13230
13937
425271
297452
16547
1064808
590194
694576
21038
14245
1269851
25115
183759
48031
12374
11647
18854
1030442
20795
17485
11411
14661
11130
19187
708397
18150
688649
33063
18498
12437
12995
12456
12431
13404
15703
947143
20398
12963
13240
12676
12942
16377
529870
17396
15069
15611
20723
15123
264568
580883
19608
32010
13070
13245
19629
12513
16010
92679
12430
23144
13413
12800
12319
13715
11889
11465
12006
16882
1223073
22701
1566780
40496
17574
1628285
22477
91659
14117
445870
28075
32200
12032
12490
19138
1298852
21037
20065
420044
202509
1064520
19175
11683
13320
10974
10707
12972
156889
495295
1030509
18928
111718
11144
11286
43271
13221
11022
12393
11051
13250
78056
13024
275996
20740
1285472
56461
94671
12379
85427
14279
10693
11378
10924
10752
10795
81345
11792
11563
272523
199375
12119
2848265
21877
21155
27991
17439
892554
1237278
31625
316175
17892
28307
11988
14837
1685374
12058
13386
13041
12636
1335321
93144
24516
143730
16251
12439
41796
12234
13275
11617
13425
455495
15409
12162
1914968
294913
16763
332984
13124
11698
11243
11999
15303
11329
11953
11744
11918
15545
19149
21001
11933
56250
1154342
22751
12178
51014
11768
12001
12137
15698
803973
18742
26474
13285
206841
997533
724544
13414
12515
10534
12238
28552
34793
10772
10087
158849
14766
12868
9845
9020
2169
2706
2235
4956
2214
2028
2214
2161
2267
3109
2268
2343
92062
3230
5869
443541
3609
98383
2487
2367
8061
2124
67415
2866
2344
2307
2280
2140
2456
16951
2329
2651
106906
2999
7898
2292
10560
2314
16312
2154
2323
2433
4984
3732
1979
2326
2005
2313
2626
2455
2601
80689
54741
3106
201176
107684
132761
3983
2758
239013
4643
34881
9190
2361
2240
3602
194652
3926
3335
2141
2808
2107
3631
132320
3444
127350
6351
3550
2333
2407
2310
2345
2554
3011
181836
3764
2412
2434
2416
2482
2936
99118
3220
2774
2897
3793
2773
48169
111509
3695
5990
2461
2422
3640
2370
3004
17377
2428
4293
2536
2413
2318
2617
2310
2128
2263
3251
230375
4243
295951
7580
3377
304339
4174
17521
2681
85017
5097
6260
2270
2392
3537
251852
4082
3840
86016
39262
195941
3764
2277
2540
2101
2085
2552
31135
96913
192850
3667
21041
2223
2167
8338
2551
2156
2412
2146
2478
15139
2449
52616
3900
247561
10899
18341
2344
16738
2716
2153
2198
2103
2125
2104
15648
2374
2231
52093
39329
2362
543807
4340
4126
5335
3296
175808
236953
5954
59661
3432
5584
2317
2809
324475
2275
2525
2419
2432
252472
18496
4570
27452
3149
2400
7939
2309
2546
2206
2500
87477
2882
2300
365983
55866
3206
64428
2470
2319
2150
2252
2763
2162
2183
2186
2192
2840
3671
3970
2208
10562
223218
4295
2255
9692
2109
2267
2257
2876
153577
3532
4924
2493
39752
189174
139394
2557
2394
2008
2376
5528
6594
2028
1936
30317
2786
2456
1867
