49916
11288
13591
11856
27136
12224
10811
12094
11581
11487
15307
11721
12120
494699
16874
31069
2378416
18516
524207
14132
11884
44114
11825
366378
14969
12645
12552
12204
11580
13105
87220
12758
15336
565489
15531
41970
12012
57749
12814
84365
11865
12987
13082
26047
20774
11101
11602
11624
12042
14403
13217
14449
425518
298781
16782
1058521
588736
696855
21558
14202
1268708
25926
180900
46684
12266
12421
18237
1029543
20161
17581
11086
13289
11526
18839
714370
17872
685169
34077
18259
13335
14020
12435
12982
13100
15509
946800
20231
12411
12172
13275
12838
16766
532331
18477
14729
15178
21616
14566
264241
581354
19249
31785
12802
13089
19242
12902
15537
94760
13318
24472
14366
13532
12480
13120
11338
10765
12638
16745
1231202
23049
1568002
40901
17866
1621471
20991
92212
13555
441871
29216
30954
12209
12542
19730
1301990
20857
19673
421819
199490
1062597
19126
11271
12781
10975
10346
13298
155557
492612
1027011
19597
111949
11035
11913
41724
13662
10499
11850
11296
12955
77175
13201
275078
21115
1280309
57075
94259
12808
86089
14169
11314
11134
10696
10722
11338
81094
11575
12789
274476
198477
12026
2841789
22006
20810
29248
17740
888849
1235611
33377
319402
17653
28051
11797
15726
1681195
12466
12885
12855
12190
1332743
95887
23294
145715
15855
12560
42706
11005
13647
11890
13253
453234
15211
12191
1914061
293701
16442
336936
12294
11193
11315
11840
15571
11840
11876
11678
11543
15360
18766
21577
12282
56073
1161322
21864
11700
51011
12627
11139
12270
15039
807102
17897
26252
13176
208062
995616
722894
13694
11780
10687
12254
27781
35014
10280
9718
158776
14481
12468
10128
9295
2124
2640
2205
5028
2238
2073
2275
2170
2148
2981
2204
2311
92422
3210
5890
446557
3505
98816
2649
2271
8276
2238
67518
2816
2364
2377
2231
2183
2373
16567
2361
2784
107882
2957
7854
2294
10656
2380
16242
2274
2394
2417
5024
3851
2101
2231
2174
2309
2673
2469
2692
81027
54774
3094
200409
107630
132672
4044
2764
238635
4758
34470
8958
2336
2347
3538
194259
3796
3345
2121
2567
2150
3568
133239
3390
126656
6550
3492
2473
2595
2273
2463
2477
2989
181765
3772
2291
2294
2473
2398
3027
99132
3439
2737
2820
3907
2648
48194
111658
3618
5917
2385
2397
3593
2448
2920
17735
2559
4565
2713
2582
2321
2558
2183
1982
2342
3237
231633
4325
296001
7680
3438
303840
3897
17632
2555
84582
5274
6060
2315
2390
3637
251857
4020
3731
86425
38673
195685
3800
2198
2390
2064
1982
2622
31028
96661
192351
3807
21014
2207
2279
8102
2563
2101
2336
2192
2416
14908
2474
52389
3955
246437
10982
18191
2460
16843
2666
2227
2153
2072
2117
2251
15561
2326
2481
52328
39308
2316
542498
4351
4080
5615
3353
175286
236144
6251
60156
3455
5492
2251
2964
324373
2356
2487
2405
2386
251788
19040
4335
27867
3073
2368
8125
2096
2596
2283
2436
86921
2872
2310
366022
55711
3120
65099
2288
2227
2179
2217
2802
2244
2171
2164
2156
2807
3599
4062
2259
10561
224382
4060
2194
9647
2254
2115
2337
2783
154304
3371
4904
2464
39930
188416
139142
2648
2266
2029
2388
5328
6612
1921
1858
30432
2745
2408
1962
