48042
11312
14387
12305
27085
10991
11053
11888
10802
12136
15446
12407
12018
493298
15979
32324
2370233
19301
521816
13994
12269
44312
11458
364025
14830
12905
13228
12816
11903
12912
87808
12424
14695
562121
15870
41765
11901
56901
12664
85565
11766
12971
12880
26125
19322
12174
11621
12076
11476
14418
13430
14512
425646
297327
16716
1061479
585972
694862
21491
14710
1269517
25587
182505
47116
13222
12065
18438
1029166
21142
16667
10990
13806
11770
19449
709208
17691
685667
34554
18446
13131
13401
12546
12533
13231
14871
955134
20761
12396
13317
13985
13024
16357
527877
17801
15095
15086
21342
15000
262574
585519
19123
31456
12933
13099
18519
13721
15654
93108
12752
24766
13352
13067
12067
13599
11696
11494
13299
17642
1222202
22717
1579494
39398
16524
1622163
21687
91102
14479
442830
29695
31260
12419
12355
19248
1304555
20540
20853
422873
202238
1057971
19630
11319
12670
10794
10474
13265
155648
497200
1024911
19047
108918
10698
11936
43149
13168
11130
11741
11281
12589
77028
13557
276005
21566
1277369
57194
92814
13128
85376
13865
10822
11791
10827
10214
10997
82298
11978
11480
273414
197419
12131
2853348
22425
20601
28502
17762
891503
1239920
33923
313794
17260
29215
12394
15299
1680685
12669
13040
13489
12271
1330906
96263
24623
146035
15877
12437
42403
11773
13840
11564
13844
454375
15529
11837
1913409
291491
16647
330690
12774
11088
11071
11734
15583
11028
10648
11838
11838
16118
18045
21828
12611
57311
1160889
22570
11673
50589
11807
11221
12618
15148
809873
18867
26643
12521
208240
992545
724013
13698
11898
10603
11988
28841
35011
11072
10055
158685
14700
12865
8941
8901
2122
2807
2279
4974
2082
2124
2227
2041
2275
3004
2354
2285
92276
3024
6077
445195
3595
98798
2641
2376
8253
2177
66903
2745
2367
2455
2336
2270
2329
16804
2349
2689
107118
3025
7819
2239
10450
2397
16447
2254
2390
2336
4990
3621
2289
2187
2177
2222
2705
2509
2668
81075
54752
3107
200409
107178
132657
4022
2829
239073
4785
34644
9032
2496
2302
3588
194258
3967
3200
2087
2662
2213
3635
132507
3340
126929
6578
3521
2438
2509
2310
2389
2543
2832
182948
3832
2312
2450
2606
2411
2931
98693
3315
2812
2767
3847
2738
47870
112621
3575
5875
2415
2387
3420
2582
2912
17474
2486
4558
2576
2479
2256
2620
2284
2113
2433
3393
230162
4247
298077
7324
3224
303955
4004
17365
2726
84642
5342
6064
2360
2399
3551
252462
4000
3962
86439
39064
194966
3855
2228
2418
2073
2052
2596
31005
97354
192238
3729
20580
2134
2273
8351
2549
2195
2329
2181
2333
14942
2561
52633
4021
245606
11041
17956
2487
16704
2628
2162
2275
2095
2049
2142
15916
2388
2244
52115
39044
2364
544598
4412
4031
5444
3313
175543
237043
6381
59334
3395
5720
2377
2869
323850
2417
2499
2509
2317
251870
19148
4635
27875
3089
2403
8147
2216
2634
2201
2548
87241
2925
2237
365729
55099
3149
63913
2396
2181
2122
2203
2835
2113
1988
2195
2185
2959
3428
4148
2325
10757
224406
4291
2210
9597
2119
2129
2368
2788
154903
3549
4934
2377
39886
188152
139522
2647
2257
1980
2342
5542
6669
2053
1903
30404
2777
2473
1737
