49345
11700
13659
12069
27638
11745
10906
11099
11795
12058
15525
11234
11910
491659
17143
31303
2372483
19392
523893
13408
13172
43987
10997
363075
15447
12502
12696
12231
11208
13256
89391
11941
14290
565249
15042
42235
12594
57178
13416
85705
11938
13158
13168
25545
19372
11575
11858
11677
11291
14108
13097
14668
425316
298478
16938
1057154
589091
697040
21039
14656
1266062
24861
186114
46747
12717
12107
17739
1027933
20848
18006
11563
13415
11378
18566
709914
17472
686980
33148
18878
13475
13825
12746
13678
13337
15504
951942
21350
12756
13141
13387
12165
15817
527373
18039
14670
15186
20569
14822
266042
578878
20660
31564
13292
13680
19210
12874
15528
93512
12257
24018
13131
12868
12576
13289
11942
10993
12141
16400
1226667
22883
1572344
42046
17630
1624595
22178
90410
13610
443689
28798
30743
11908
11950
19255
1299204
20592
19674
421051
200487
1058917
19850
11696
12107
10929
11034
13432
157875
495126
1025513
19279
109733
11292
12376
40820
12901
10563
11018
11197
13269
79388
13167
273195
21956
1286133
56647
93531
12717
86043
13960
10771
11520
11191
10547
10738
80736
11658
11992
272620
200453
11715
2841856
22117
21530
28384
17525
888308
1232487
33379
317296
17204
28532
11680
15027
1682962
11768
12486
13322
13141
1331994
96119
23969
143559
16302
12246
42735
11796
13841
12416
12932
460833
15253
11662
1917297
294189
16561
334469
13094
11526
11935
12901
14595
11796
11890
12862
11788
15706
18421
21864
12941
57031
1153919
22814
11543
50614
11725
11676
12400
16344
810758
18274
24747
13210
208682
994281
723535
13195
11508
10428
12538
28797
34593
10530
10563
160511
14526
12342
10065
9144
2215
2650
2250
5065
2231
2102
2131
2226
2258
3042
2164
2267
91951
3230
5892
445963
3655
99143
2497
2489
8312
2144
67022
2853
2310
2351
2239
2114
2399
17052
2271
2623
108169
2877
7888
2391
10545
2509
16421
2293
2417
2441
4942
3643
2171
2297
2157
2170
2646
2443
2707
81190
54816
3146
200253
107684
132933
3961
2859
238678
4665
35224
8933
2374
2295
3469
194309
3951
3454
2173
2605
2194
3517
132733
3304
127087
6294
3638
2477
2586
2340
2594
2519
2988
182499
3961
2366
2445
2537
2304
2836
98614
3309
2704
2822
3758
2698
48518
111465
3864
5880
2474
2558
3548
2420
2929
17552
2382
4479
2474
2443
2349
2536
2293
2034
2238
3176
230924
4332
296368
7849
3426
304217
4134
17245
2574
84673
5270
6019
2240
2325
3541
252052
3998
3719
86265
38831
195165
3924
2283
2341
2076
2124
2656
31370
97232
192527
3737
20691
2196
2329
7902
2507
2037
2175
2133
2514
15324
2471
52283
4110
247505
10894
18150
2395
16831
2630
2171
2197
2168
2099
2131
15541
2318
2357
52096
39669
2329
543412
4404
4214
5375
3318
174990
236224
6250
59805
3317
5534
2276
2782
324343
2230
2389
2437
2501
252001
19244
4460
27499
3172
2312
8052
2214
2668
2338
2394
88331
2854
2227
367071
55693
3158
64456
2426
2306
2217
2428
2691
2229
2169
2367
2173
2852
3488
4103
2374
10787
223241
4268
2184
9617
2103
2239
2347
3000
154962
3426
4683
2499
40134
188212
139517
2580
2200
1979
2403
5512
6542
1973
2013
30661
2732
2388
1923
