49477
11487
13694
12273
26845
11753
11086
11594
10567
11720
14850
11666
12329
489203
16995
31405
2367773
18420
524783
13857
12839
44343
10920
366060
15282
12586
13280
12544
11357
13517
88096
12548
15306
562010
14717
40742
12136
57344
12901
85258
12649
13455
12864
25964
19568
11115
12474
12016
11375
13939
13036
14396
425156
298483
16889
1062900
587234
699859
20651
14944
1270189
24997
187066
46032
12085
11911
18950
1024609
21198
17761
11156
13983
11306
18273
709896
17100
688913
33446
18012
13115
13372
12448
12565
13621
16056
957751
20973
13001
12817
13541
12631
16409
531995
17611
14970
13907
21245
14604
264650
584855
20410
31977
13206
13097
19976
12465
15646
94261
11873
23618
13831
12833
12513
13491
11801
12011
12574
16207
1220728
22296
1572380
39843
17557
1619874
21275
92608
13999
442117
29346
32055
11933
12202
19492
1297480
21058
20361
421267
199964
1057262
19732
11671
11833
10513
10270
13566
156723
493509
1029399
20030
111019
11238
12099
41298
13083
10754
11512
11247
13093
76216
13835
275107
21397
1280217
56544
92982
12478
84705
14554
11155
11169
10862
10548
11559
80834
12168
11810
274034
199576
12433
2842962
22242
21212
27789
17573
889725
1239235
32748
314762
17327
27716
12513
15707
1681220
11727
12700
12886
12711
1329439
94241
23346
144346
16221
12192
43041
11602
13646
11847
13648
461821
14698
12063
1918827
293611
16975
333037
13336
11473
11455
12476
14812
11257
11182
12353
12121
15668
18890
22608
12257
55907
1159359
22237
11631
51487
12225
11979
12368
15277
804818
17933
25910
12697
209074
995143
730184
12805
12106
10746
12669
28496
35290
10367
10128
159630
14848
12512
9622
9125
2182
2625
2272
4927
2182
2108
2214
2006
2218
2909
2199
2328
91283
3225
5911
444746
3489
99164
2588
2422
8305
2102
67180
2861
2306
2482
2307
2128
2482
16880
2362
2764
107225
2819
7591
2335
10549
2428
16365
2435
2428
2376
4987
3656
2059
2398
2214
2208
2614
2388
2736
80947
55021
3141
200596
107086
133606
3901
2825
239208
4628
35397
8801
2295
2299
3636
193897
3997
3407
2096
2698
2141
3500
132508
3273
127450
6345
3457
2433
2480
2310
2370
2608
3080
183430
3884
2404
2356
2540
2352
2932
99316
3288
2741
2579
3862
2677
48120
112225
3841
5967
2477
2428
3709
2356
2931
17607
2321
4425
2584
2437
2347
2610
2238
2223
2312
3122
229422
4189
296858
7440
3455
303168
3966
17576
2672
84684
5271
6252
2253
2344
3613
251331
4061
3836
86127
38716
194721
3859
2267
2306
1984
2014
2657
31179
96934
192712
3831
20893
2225
2272
7981
2507
2097
2278
2171
2448
14773
2591
52525
4023
246439
10858
17964
2368
16691
2786
2211
2169
2106
2062
2265
15598
2374
2304
52335
39561
2416
542387
4365
4140
5287
3327
174957
236894
6167
59395
3361
5449
2358
2944
324365
2247
2454
2395
2466
251128
18786
4392
27595
3165
2335
8143
2183
2610
2242
2485
88453
2771
2284
366791
55672
3214
64271
2476
2289
2184
2317
2726
2135
2068
2280
2254
2874
3545
4285
2260
10555
224145
4174
2218
9649
2168
2259
2357
2824
153711
3401
4770
2378
40101
188401
140501
2502
2307
2018
2413
5505
6692
1932
1921
30378
2828
2401
1881
