49826
11746
13201
12534
27268
11877
11421
11533
11772
12072
15255
11979
12106
490117
16311
30513
2370171
18673
524457
13483
13131
44439
11037
365108
14957
13526
12516
12383
12363
13179
86326
12177
14376
563316
15383
40467
12252
56764
12920
85137
12335
12847
13010
25586
19839
11440
12258
12039
11216
14108
13306
14398
423597
298225
16856
1063509
586412
697578
21638
15272
1275062
25789
183519
46736
13239
12143
18476
1029051
21113
17918
11318
14036
11384
19117
705353
17271
688673
34025
17980
12323
12808
13224
12654
13145
15965
949159
19860
12601
12783
13779
13985
16146
528254
17669
14729
14576
20443
15062
263856
582209
20477
32240
13069
12864
18991
12357
15625
92576
12576
24128
13319
13536
12851
13448
11340
11409
13058
16671
1224639
23403
1566674
41189
17880
1626007
20887
89184
13335
438504
28458
32636
12008
12620
19719
1300526
20118
20199
420806
199809
1062614
20010
11333
12621
10882
11497
13873
155873
496543
1027664
19665
110032
10985
12310
41554
12652
10824
11575
11567
13245
78593
13547
275995
21093
1275496
57290
93547
12888
86495
15062
10937
10913
10991
11035
10918
83177
11714
11824
272812
197486
11829
2846849
21954
21320
28578
17813
888277
1235566
31741
318191
17189
28025
11762
14409
1683193
12510
13259
13400
12556
1335292
96267
23830
145479
15634
12016
42104
11599
13764
12169
13129
462783
14910
12468
1920723
297851
16564
331643
13395
11501
11614
12232
14910
11153
10962
12039
11809
14627
18200
21398
12327
56410
1159321
21518
11884
52292
11713
11325
12082
14830
805105
18653
26501
12867
207503
995366
727054
12878
12789
10686
12464
29732
33953
10338
9878
158735
14354
12653
9389
9287
2202
2561
2348
4990
2213
2183
2166
2218
2298
2981
2263
2308
91719
3126
5755
445429
3551
98900
2518
2461
8318
2139
67117
2797
2484
2340
2249
2309
2399
16502
2299
2622
107255
2922
7624
2374
10459
2407
16327
2375
2362
2410
4898
3687
2167
2328
2240
2176
2656
2467
2698
80505
54630
3166
200996
107003
132884
4034
2926
240267
4764
34754
8875
2509
2294
3608
194297
4036
3414
2157
2691
2200
3646
131616
3303
127580
6505
3474
2310
2428
2426
2378
2558
3059
182157
3730
2334
2385
2612
2604
2923
98785
3211
2718
2715
3712
2744
48128
111929
3812
6007
2447
2365
3545
2346
2933
17376
2444
4520
2477
2581
2402
2585
2167
2112
2413
3208
230152
4358
295719
7636
3497
304234
3891
17046
2546
83953
5171
6390
2282
2437
3633
251723
3873
3810
86098
38737
195506
3919
2226
2428
2065
2201
2702
30870
97283
192688
3805
20784
2185
2326
8057
2456
2105
2283
2205
2493
15147
2550
52765
3937
245519
11024
18122
2443
16940
2836
2173
2094
2157
2191
2156
16038
2297
2285
52070
39148
2304
543324
4368
4151
5408
3346
175079
236328
5978
60050
3387
5486
2255
2720
324568
2376
2553
2478
2419
252124
19274
4429
27829
3041
2279
8035
2176
2621
2279
2450
88662
2811
2337
366847
56277
3187
64056
2504
2295
2191
2288
2744
2113
2005
2198
2178
2709
3452
3992
2280
10621
224285
4071
2220
9920
2137
2138
2285
2742
153764
3514
4908
2388
39791
188870
139935
2483
2436
1976
2440
5682
6413
1930
1878
30244
2741
2435
1797
