49535
11527
13959
11975
27228
11741
11142
11721
10944
12303
15849
11270
12266
492564
16906
31887
2370799
18891
526247
13891
12251
43366
11265
365284
15218
13200
12896
11847
11889
12826
87822
12843
15171
563707
15930
42797
12003
57798
12900
84291
11865
13433
12799
26047
19392
11174
10899
11712
11277
13636
13392
13935
418509
296729
15658
1062792
590408
702242
21309
15227
1265994
25067
180989
45685
12473
11673
18152
1026095
20645
18034
10613
14421
10898
18497
710505
17893
689696
33198
18076
13081
13709
13170
13046
13631
15625
951557
20239
13146
12397
13800
12842
17023
525892
17239
15046
14377
21386
15300
263348
582097
19837
31099
13204
12785
19034
12081
15075
92954
13123
24560
12950
12866
11668
12829
11339
11799
12254
16820
1227532
21877
1573808
41174
17827
1621009
21407
90722
13234
442335
28718
31620
12071
12269
18883
1299362
21470
19056
420001
201940
1066892
19553
11555
13048
10688
11547
13531
158360
496357
1026559
19872
110353
11427
11832
43323
12861
10831
11631
11985
13456
77352
12882
275472
21172
1283925
56769
94111
12918
86676
14173
11039
10877
11183
10457
10837
82123
11862
11862
274131
197337
13018
2851622
22173
21136
28270
17954
891396
1233422
31891
317214
17235
27731
11671
15709
1682268
12336
13228
13194
12565
1336612
96354
24637
144937
16145
12593
43079
11714
13468
11666
13403
456789
14886
12657
1918083
295382
17384
335698
12985
11312
12144
12048
15032
11286
12248
11813
12382
15378
18694
21400
12408
56605
1160686
22831
11853
51886
11925
11256
12366
15537
811055
18622
25686
13211
209405
991471
724988
13250
12240
10168
11854
28470
34716
10937
10508
160346
14522
12736
9302
9119
2161
2688
2238
5015
2196
2129
2250
2086
2288
3066
2146
2308
92041
3208
5930
444894
3577
99349
2622
2311
8157
2199
67109
2843
2406
2366
2155
2203
2323
16641
2414
2739
107541
3009
7938
2263
10673
2388
16263
2259
2435
2392
4970
3613
2118
2115
2172
2180
2586
2473
2583
79979
54497
2956
200420
107733
133723
4016
2917
238499
4658
34219
8808
2348
2248
3509
194075
3917
3451
2028
2762
2061
3516
132802
3392
127391
6363
3494
2427
2607
2420
2480
2612
2988
182642
3726
2422
2293
2553
2410
3026
98611
3198
2782
2657
3890
2778
47956
111790
3746
5850
2485
2389
3573
2323
2864
17427
2497
4485
2483
2413
2166
2507
2171
2177
2267
3230
230748
4160
296706
7653
3427
303159
3974
17333
2532
84476
5148
6178
2297
2349
3537
251749
4162
3603
86050
39019
196422
3843
2274
2492
2026
2221
2626
31417
97119
192518
3852
20884
2271
2256
8368
2458
2092
2286
2312
2505
15012
2425
52629
3964
247212
10954
18155
2455
16943
2690
2165
2104
2150
2057
2175
15802
2324
2300
52361
39070
2549
543883
4332
4142
5397
3388
175406
235892
6017
59819
3387
5450
2257
2922
324463
2324
2484
2478
2419
252495
19197
4588
27745
3125
2388
8134
2202
2557
2237
2479
87863
2797
2333
366763
55850
3320
64859
2434
2248
2324
2242
2732
2127
2236
2177
2263
2817
3555
4057
2283
10738
224409
4271
2211
9778
2145
2154
2279
2873
154653
3502
4787
2477
40126
187784
139430
2566
2322
1924
2270
5451
6575
2047
1979
30678
2753
2479
1827
