50925
11132
14050
12986
26891
11335
10924
11838
11535
12431
16059
11470
11680
493325
16820
31030
2372559
18514
524705
13507
12451
44625
11134
366555
14975
12440
12771
12376
12012
13236
87901
13581
15463
565718
14893
41470
12698
57262
13718
85494
11607
13605
13064
26763
20216
10589
12429
12203
11083
13834
13214
13737
422793
295593
17021
1064826
589149
697535
21829
15287
1276150
25265
183757
47657
12745
12094
17993
1026256
20855
17676
11385
13912
11133
19627
707826
17526
685237
34159
18245
14103
13183
12912
13216
13540
15577
952904
19934
12537
12967
12888
13043
16503
532082
17563
15497
14967
21462
14777
262871
580436
20439
31425
13138
13477
19722
12773
15311
92458
12058
23568
13836
13176
11827
12910
12230
11024
13223
16570
1232355
23361
1571035
39205
17244
1623620
21500
89082
13931
447619
29851
31684
12927
12107
19271
1306583
19907
20327
419556
200752
1066325
20201
11601
12615
10794
11279
13298
157637
493922
1023791
20033
109958
10957
12149
42882
12815
10928
11460
11877
13688
78326
13540
276091
20942
1288777
56237
94293
12792
84981
13596
10483
11451
10727
11089
11038
82695
11592
11422
273546
196927
11907
2843616
21929
21158
28241
18012
890531
1240103
32979
313504
17396
27227
12159
15089
1682737
11715
12696
13062
12527
1336146
94471
24497
145013
15516
12335
42538
11348
13303
12327
13143
456326
16005
12347
1912560
293259
16546
334606
13168
10733
11742
11794
14531
11499
11629
11819
12235
15141
17939
22198
12682
55863
1155894
21650
11896
51284
11403
11579
11881
15248
808179
18706
25406
12703
210877
991273
721873
12848
12371
10932
12151
28274
34531
10744
9763
160876
14788
11759
9651
9429
2085
2697
2375
4948
2149
2084
2256
2178
2296
3123
2190
2234
92233
3205
5866
445768
3516
99161
2543
2357
8395
2175
67648
2852
2335
2390
2248
2246
2402
16692
2538
2787
107842
2858
7757
2411
10560
2535
16409
2191
2455
2392
5174
3776
2034
2397
2273
2123
2613
2446
2582
80671
54339
3151
201314
107812
133118
4112
2911
240477
4736
34938
9092
2402
2341
3540
193926
3957
3343
2186
2669
2120
3709
132542
3315
127273
6527
3493
2637
2469
2399
2526
2580
2967
182615
3684
2331
2420
2414
2473
2992
99369
3256
2870
2740
3877
2684
47995
111881
3797
5907
2454
2480
3671
2410
2856
17324
2336
4447
2633
2506
2252
2526
2369
2045
2436
3196
232277
4382
296472
7258
3386
304287
3990
17061
2663
85480
5382
6173
2446
2348
3538
253107
3921
3838
85894
38999
196440
3979
2279
2397
2075
2187
2595
31185
97064
192175
3897
20687
2190
2309
8297
2467
2105
2245
2294
2505
15091
2556
52948
3986
247948
10792
18219
2417
16619
2614
2085
2237
2105
2182
2222
15878
2301
2245
52240
39061
2357
543545
4353
4172
5378
3397
175407
237386
6179
59345
3399
5425
2316
2839
324696
2249
2426
2403
2402
252941
18877
4539
27738
3031
2383
8077
2111
2538
2342
2429
87616
2951
2325
365850
55479
3160
64691
2466
2161
2227
2207
2641
2202
2132
2202
2227
2764
3458
4190
2364
10574
223800
4084
2257
9709
2055
2212
2237
2777
154464
3492
4701
2346
40436
188123
139110
2499
2389
2032
2331
5451
6571
2007
1878
30763
2774
2303
1828
