49399
11529
13103
12177
27214
11337
10161
11191
10977
12129
15835
11794
12751
494608
17158
30737
2371499
18771
524267
13834
12444
43206
11449
365292
15418
13551
13175
12378
11130
12787
89599
12821
14785
567691
15477
41285
12954
57142
12251
84798
11994
12376
13194
25914
18942
11752
12207
11804
11764
14360
13084
13874
424077
297467
16415
1065015
590276
698876
21833
14681
1266079
25558
183131
46835
13061
11667
18336
1031040
20806
18588
11537
13761
11759
18674
709312
17449
687319
33792
18730
13880
13409
12781
13290
13528
15467
951348
20455
12581
13145
13107
13106
16786
532070
17630
15420
14784
21459
15085
264896
582434
20661
31722
13579
12829
18656
12434
15314
94302
12516
23092
13088
12722
12800
12710
11772
11076
12910
16809
1227730
23110
1571642
40825
17842
1623436
21100
92499
14052
443616
28893
32928
12610
12126
20000
1302715
21404
19907
422368
202022
1061323
19818
11327
12940
11172
11205
13716
158927
492591
1029164
20103
108835
11108
12221
42732
13571
11167
11655
10995
12616
76954
12801
277590
20366
1281551
55836
93261
12348
85395
13983
11659
10672
10932
10538
10993
81890
11524
11902
271073
197551
12332
2840253
22036
20468
29161
17076
890853
1233511
31888
314287
17719
27394
12191
15419
1681381
12230
12318
13030
12447
1339200
94559
24312
145276
15857
12143
41707
11924
13700
11791
12723
458988
14806
12047
1917541
293940
16490
333875
13043
11531
11736
12180
14672
11073
11219
11845
11855
15043
18548
21645
12421
56866
1162715
21931
11720
50958
12193
11180
12535
15093
806932
18182
25944
13282
210974
999576
725542
13307
11571
10459
12853
28120
34168
10957
9546
160116
14468
12108
9757
9127
2224
2523
2244
5016
2119
1975
2119
2057
2244
3067
2222
2431
92693
3245
5758
445569
3565
98957
2604
2351
8130
2195
67296
2889
2473
2444
2255
2104
2323
17072
2380
2693
108358
2973
7752
2433
10606
2303
16326
2294
2254
2394
4976
3565
2223
2347
2222
2255
2655
2464
2565
80973
54661
3073
201225
107566
133275
4087
2861
238751
4775
34806
9030
2468
2205
3570
194665
3898
3548
2166
2641
2225
3543
132593
3334
127239
6507
3600
2565
2485
2364
2535
2629
2954
182435
3783
2295
2436
2465
2440
3005
99521
3246
2842
2729
3875
2722
48390
111905
3854
5928
2510
2371
3459
2340
2896
17704
2417
4331
2490
2421
2374
2485
2282
2050
2398
3209
231543
4326
297046
7640
3448
304035
3950
17677
2630
84979
5271
6449
2406
2349
3686
252444
4180
3759
86531
39137
195739
3928
2217
2466
2122
2141
2689
31463
96798
192855
3911
20512
2199
2345
8310
2619
2202
2259
2126
2375
14925
2397
52894
3787
246793
10705
18101
2346
16703
2641
2299
2085
2122
2042
2188
15791
2277
2305
51915
39006
2409
543196
4344
3991
5534
3241
175523
236279
6003
59315
3467
5378
2351
2917
324536
2342
2370
2429
2378
253602
18848
4517
27724
3102
2307
7963
2247
2624
2251
2369
88003
2834
2283
366676
55760
3140
64473
2409
2289
2234
2282
2730
2136
2080
2184
2206
2738
3531
4068
2321
10779
224915
4153
2201
9687
2172
2134
2341
2790
154367
3438
4806
2490
40361
189658
139933
2568
2231
1987
2480
5424
6525
2055
1837
30607
2736
2339
1854
