49321
11246
13672
12314
27454
11489
10656
12003
11380
12481
15833
11807
12014
494442
17345
30987
2373302
18663
524719
13178
12448
43140
11044
361940
14904
12125
13066
12499
10842
13209
88915
12523
15272
562364
14892
42254
12283
56862
12356
84239
12776
12369
12619
26044
19644
11368
11429
12123
11264
14468
12538
14100
422791
300703
17635
1064202
588931
694106
21045
15544
1265652
24595
181887
46481
12558
11847
18136
1029634
20928
17882
11164
13851
11561
18772
704506
17449
685253
32710
18391
12978
13676
12990
13109
13648
15241
951945
20210
13218
13313
13895
12900
16372
528313
17829
14761
14163
20965
14740
263983
579178
20152
32279
13087
12669
18464
13240
15470
93928
12658
23671
13530
13721
12542
13230
11403
11842
13192
16813
1223243
23043
1569275
39272
18128
1618010
21486
90833
14138
441247
30100
31530
12123
12527
19830
1298963
20991
20060
418812
199620
1060171
19470
11570
12448
10692
10791
12559
157137
497578
1026289
19318
109282
10726
12075
42783
13205
10728
11781
11691
13390
77517
13839
276500
21152
1283844
55238
93151
12010
85021
14359
10739
11451
11036
11352
11350
82195
11296
11704
273381
199236
11361
2847711
22017
21709
28647
17483
893668
1237322
33209
315407
17373
28147
12033
15137
1684639
12058
12779
12991
12271
1335663
95332
24172
142978
15441
12704
42158
12074
13456
12246
13792
455967
15327
11906
1924539
294069
16965
333064
13283
10999
11191
12004
15449
11950
11968
11442
12256
15807
19004
21265
11871
56906
1156603
22225
11770
51732
11989
11608
12470
14758
803983
18104
25868
13019
207041
989185
720624
13878
13353
11173
12352
28739
34926
10415
9790
158006
14712
12750
9621
9091
2135
2607
2296
5091
2154
2054
2276
2145
2345
3094
2231
2304
92255
3274
5842
446261
3562
99251
2483
2349
8185
2130
66610
2810
2225
2407
2297
2043
2395
16918
2311
2764
107302
2839
7937
2317
10488
2292
16213
2419
2306
2357
4976
3711
2158
2217
2238
2173
2722
2320
2610
80685
55253
3291
201202
107628
132634
3954
2969
238824
4592
34571
8929
2369
2262
3513
194681
3954
3442
2125
2645
2206
3548
131818
3368
126787
6273
3528
2420
2569
2413
2496
2581
2938
182487
3771
2440
2473
2580
2412
2930
99009
3290
2751
2631
3810
2690
48110
111518
3784
5982
2462
2364
3432
2486
2905
17626
2462
4405
2580
2588
2335
2594
2195
2206
2424
3265
230439
4324
296361
7343
3513
303156
4003
17355
2658
84401
5472
6146
2317
2404
3655
251701
4058
3815
85937
38640
195874
3827
2273
2388
2052
2089
2491
31172
97563
192798
3774
20583
2109
2295
8272
2551
2076
2329
2254
2524
14952
2633
52750
3972
247211
10652
18105
2295
16578
2735
2141
2219
2152
2243
2231
15841
2258
2303
52188
39593
2262
544438
4396
4231
5474
3287
175891
236900
6264
59615
3413
5465
2253
2854
324921
2312
2466
2395
2381
252964
19036
4533
27489
3058
2391
7948
2245
2587
2317
2533
87725
2899
2272
368266
55802
3241
64586
2457
2155
2164
2227
2845
2243
2207
2149
2264
2904
3603
4032
2174
10718
223850
4202
2239
9813
2163
2240
2337
2686
153726
3447
4795
2476
39693
187804
138908
2687
2530
2075
2404
5557
6633
1974
1833
30234
2792
2500
1868
