49084
11292
13628
12297
27018
12521
10944
11561
11279
12292
14855
11634
12107
489458
16232
30632
2378383
18500
528952
13168
12311
43234
11582
363225
15223
12797
12347
12881
11177
12786
87536
12457
14314
560355
15157
41312
12045
57566
13363
84441
11451
13265
13422
26408
20265
11176
12156
11718
11852
14128
13726
14447
422923
296468
16554
1062827
590847
700978
22215
14315
1270582
24352
182888
46958
13108
12076
17964
1026608
20864
17791
11481
14249
11280
18674
710752
17295
688702
33219
18472
13984
13089
12668
13427
12911
15455
956288
19817
13484
13216
13420
13611
16358
529254
18271
15065
15092
21779
15310
261173
582724
19661
31837
13126
12739
18715
12570
15338
93644
13077
24740
13072
12630
12073
14016
11431
11511
12642
17818
1223401
22793
1570745
40059
17985
1619092
21825
91818
13393
443931
28517
31653
12273
12529
19437
1298607
20556
20539
420330
203601
1064904
19887
11400
12170
10731
10911
13815
158102
496595
1030439
19192
108892
10992
12001
42031
12696
10563
11801
11790
13722
77656
13546
277214
21975
1287925
57277
91651
12278
85362
14731
10799
10994
11407
10395
11190
81903
12127
12059
274581
194768
11534
2836769
21316
21611
28436
17578
891890
1234547
32845
317324
18887
27634
12112
15157
1688963
11451
12787
12501
12330
1337680
95873
23362
144197
16223
12548
42451
11322
14112
11999
13335
459651
14858
11974
1914331
294888
16808
334334
12505
11103
11478
12270
14809
11637
11821
11873
11987
15491
18902
21332
13299
56827
1158505
23248
12447
49911
12277
12047
12668
15343
809082
18107
25640
12919
211307
996436
725512
13825
12191
11235
12358
29156
34878
11077
10151
158576
14781
12638
9848
9065
2157
2617
2284
4974
2348
2099
2243
2119
2288
2912
2238
2352
91577
3089
5768
446488
3510
99901
2511
2375
8148
2228
66644
2857
2368
2319
2343
2107
2356
16727
2340
2654
106989
2883
7763
2310
10608
2496
16247
2201
2441
2456
5090
3749
2114
2337
2157
2252
2656
2524
2678
80483
54574
3105
200672
107747
133835
4209
2761
239446
4552
34696
9033
2465
2296
3472
194405
3992
3406
2166
2745
2147
3581
132957
3292
127592
6366
3548
2593
2453
2342
2554
2469
2971
183275
3685
2449
2431
2522
2532
2911
98957
3387
2815
2780
3955
2742
47681
112083
3666
5931
2467
2396
3490
2399
2848
17504
2554
4628
2497
2386
2249
2699
2181
2116
2338
3395
230313
4323
296518
7424
3513
303548
4061
17537
2536
84811
5175
6186
2355
2402
3626
251808
3962
3905
86169
39477
196332
3907
2228
2319
2018
2084
2705
31441
97266
192846
3751
20491
2170
2266
8146
2449
2038
2332
2243
2545
15105
2599
52880
4079
247825
11018
17848
2353
16642
2803
2167
2139
2205
2073
2207
15811
2394
2371
52487
38576
2281
542479
4244
4244
5424
3309
175780
236575
6152
59734
3664
5447
2302
2838
325629
2198
2463
2338
2374
253039
19125
4353
27556
3127
2370
8096
2160
2689
2296
2452
88333
2822
2265
366225
55738
3222
64672
2380
2223
2181
2294
2680
2174
2200
2199
2242
2856
3600
3995
2438
10762
224241
4352
2331
9426
2192
2301
2382
2791
154650
3430
4760
2437
40540
188866
139622
2664
2313
2115
2418
5628
6618
2088
1917
30325
2815
2436
1876
