572698
40722
599133
20799
20384
47021
2660568
109643
32216
298120
1834899
763067
1531329
590688
142641
692976
34428
92739
33594
178673
46022
67439
22440
21653
19144
30676
859134
2310488
2610917
93332
23918
42869
20481
22920
26347
281500
29876
22855
28418
662373
79132
699244
27671
21779
25785
28143
22224
22062
59785
2129081
40420
35672
1700627
34001
29936
369374
29359
140489
31765
33265
20193
187249
23692
74270
21368
22189
344922
83839
23628
26338
23209
136941
37688
1347911
33725
22578
48586
1563476
121933
24973653
375877
34339
25237
27030
23281
37073
55246
21757
94839
24756
38935
1578809
35312
809062
603887
25738
23112
104816
1516789
38839
30706
27054
27035
23631
89372
20848
45185
2534024
2843329
40670
617651
3791619
58229
187972
10725923
661664
34572
130329
6806983
84954
1978481
1451449
254136
52074
19653
33261
21798
24580
41209
1387963
443277
47134
2334734
34290
34989
38352
72186
190991
653902
3981236
82807
26842
21534
159570
811970
483488
31184
39679
1011196
333551
30995
25662
24679
27820
188153
19721390
2035030
141501
23560
83726
1465777
9208952
561981
2596791
42220
20517
25261
21340
21215
905421
26378
59895
32948
85842
2776900
22187
1090290
29650
50405
271806
48796
25368
27532
2279637
90516
23405
55967
189035
23925
738733
51597
30527
458310
215413
23690
24195
22552
251675
448940
28896
21282
4015662
55066
21894
43084
23200
93640
33966
22496
18977
21002
56265
19117
342716
24512
2941175
101609
20193
169524
116819
1537316
820246
909912
24785
165196
112945
22437
119369
21468
27721
25864
2216801
50816
29083
241410
95238
5031251
794507
145841
28444
80952
4339843
3270033
32642
28427
1632846
343485
121875
24269
21732
20712
18511
59734
317583
513466
51507
97378
7033
109681
3613
3491
7847
457298
19182
5373
50877
307675
130578
262606
102336
23490
114143
5793
15462
5671
31203
7944
12663
3725
6328
3220
5031
141551
370470
436423
15113
4053
7195
3542
3867
4394
46066
5027
3830
4948
114665
13757
120440
4645
3781
4396
4835
3757
3819
10248
373462
6838
5935
288036
5788
5101
63754
4925
24363
5308
5682
3628
30779
4010
12551
3611
3758
60515
14363
4003
4463
3885
23552
6452
223834
5649
3867
8312
273894
20910
4075379
63346
5756
4330
4623
3914
6446
9632
3751
15859
4242
6470
259041
5908
132294
99348
4340
3966
17553
254780
6650
5228
4372
4590
3980
15704
3581
7731
415391
475110
6886
103649
622260
9961
32294
1854414
113426
5888
21782
1174217
14037
338178
239763
42076
8453
3330
5530
3715
4166
6663
238425
73695
7786
388406
5766
5915
6627
12277
69169
111151
712516
14379
4522
3649
26717
135493
82773
5238
6666
166144
56349
5286
4258
4267
4762
32127
3186572
346567
23405
4021
13982
246652
1577682
98849
435905
7106
3379
4554
3687
3627
152989
4449
10060
5629
15095
477422
3882
188167
4993
8636
46824
8275
4360
4769
391166
15416
3963
9282
31781
4230
123538
8821
5245
79697
36954
3909
3992
3975
41475
77222
5039
3695
681659
9497
3724
7434
4040
16180
5650
3948
3263
3574
9591
3311
57273
4244
489612
17872
3426
28592
19661
257753
142852
153897
4178
27083
19081
3839
20546
3559
4719
4434
377351
8946
4896
41176
15863
873339
134469
24882
4770
13790
720310
558160
5548
4962
278166
57102
20690
4234
3756
3555
3219
10557
56825
90950
9133
