571247
40539
604186
22028
20432
45479
2646100
122262
355045
300167
1841310
2129205
1562777
589891
258339
730183
99065
98150
193617
181128
279359
64883
26356
139556
23863
641803
859823
2308354
2610717
93097
29521
45061
21562
23121
26623
282166
34776
262620
33618
667711
145473
700434
53417
36190
25904
31560
26381
26705
131691
5143459
217553
1294634
1678979
36408
30637
367484
28824
155425
1365601
37422
21972
201314
24180
74727
24923
24323
347110
61322
24111
26311
23491
167389
36128
1351509
89826
23535
52152
1559479
123781
24990814
410783
4953366
1615007
38272
75787
727687
59005
26505
94724
231508
48124
1653887
38977
809075
645681
28263
150950
105640
1560548
39574
31278
25939
28702
25711
212158
22345
58174
2540726
2840326
57888
618916
3445463
50004
254164
15123865
685378
3903434
194337
7342143
102267
1978940
1449029
261766
50521
19985
68789
22715
29410
46633
1384001
436463
49038
2285825
35301
35244
48152
70144
138072
715093
1588261
52892
30514
23607
160592
814875
506868
73587
43606
1007361
397948
67064
27781
35988
29384
236671
25021445
1654986
142249
74175
80942
1459140
8094706
556363
2601358
42572
20924
26376
23447
21155
1386175
36588
84687
39287
98499
4818574
136451
1086248
29655
49176
287971
26767
25009
25345
2379115
435190
29815
55959
1387223
71209
737007
58009
39041
457386
230704
29424
24793
127442
363291
289264
31422
102490
3998118
56822
22472
42664
1467379
98895
44866
30583
118245
26175
64294
23926
359164
24910
2941649
115793
42377
100808
109291
1545225
821449
921328
24979
166236
115293
41110
119427
24007
581829
32723
2218334
50660
28816
242057
117782
5013395
850785
183580
251338
78283
4340075
3259194
33783
28324
1763150
344690
480060
28497
23278
27405
20049
64446
322282
493602
594802
97003
6957
110335
3764
3479
7573
454040
21436
59173
50897
308080
363929
266468
101963
42750
120811
16632
16411
32567
31651
49091
14476
4412
27029
4003
102938
141543
369574
436668
15029
4947
7572
3647
3863
4488
46240
5816
44195
5932
115424
24960
120479
8956
6243
4431
5426
4460
4542
22200
880088
36511
218733
285060
6175
5207
63357
4852
27013
219676
6482
3865
33176
4113
12599
4235
4118
60690
10637
4134
4405
3979
28635
6267
224305
15063
3989
8834
273008
21415
4076366
69069
824506
277607
6577
12856
122020
10149
4510
15851
38486
8047
271654
6605
131560
106237
4677
25925
17607
261632
6720
5272
4285
4863
4374
37191
3819
10026
414955
473816
9688
103325
564803
8543
43446
2576861
117208
646849
32348
1261183
16948
337803
238999
43449
8163
3401
11525
3802
4966
7592
236935
72322
8043
380180
5972
5947
8315
11969
40193
121503
288135
9139
5139
3952
26997
135142
86471
12296
7228
165194
66932
11292
4625
6229
5049
40645
3945115
281418
23612
12471
13345
244722
1389675
97598
435650
7188
3418
4698
4054
3573
232641
6106
14223
6736
17137
815020
23603
187252
5053
8449
49406
4542
4328
4410
407902
72873
5062
9397
222463
12566
123549
9974
6687
79412
39412
4939
4149
22338
60571
49648
5393
17619
677019
9836
3845
7265
250833
16931
7572
5333
20739
4390
10894
4071
59867
4302
488581
20341
7232
16960
18461
258340
143089
155796
4307
26965
19379
6883
20673
3932
98968
5608
376775
8826
4898
41298
19478
869797
143462
31213
41636
13280
718846
557035
5749
4929
299248
57312
82491
4938
3959
4704
3449
11202
57530
87204
104488
