589641
57839
2373760
51693
52673
56058
3462500
145555
272993
550291
1872439
3383390
1600213
605418
307295
745526
125468
104180
327650
254828
377884
210607
114534
285003
26408
693255
898327
2481944
45917945
741431
45929
63972
72064
28995
373666
390937
133998
364438
40376
1322533
158728
715097
63092
51720
1026736
53879
452544
29044
153759
6259730
1037861
1558273
1840556
52339
33455
424909
48027
179194
1417040
41615
140752
276782
28062
295698
65224
25605
350161
69514
30492
342574
60370
346248
145256
1667190
219835
1096786
232216
1581139
126185
25071958
447363
10545823
1198830
51403
36885
763988
249352
34532
96616
81854
135999
1663459
68731
829371
602403
170498
227940
93385
1620125
552095
44810
192597
13076988
237869
228017
1104741
69770
2578651
2854160
110046
1004928
3933520
2514528
147976
7211819
664022
3686142
196471
7843382
214946
2051272
1599999
277345
305833
2281389
82090
33694
435103
50055
1389030
473348
94702
2463675
210018
45449
188253
226688
453009
742643
1769326
85146
52765
50424
164740
825510
495002
338843
60677
1022751
415396
67860
120273
45109
35491
347046
29161685
1692000
140461
54279
85270
1476039
8127460
2213446
2633293
85220
68753
47059
23776
312842
1414800
63269
93445
103391
108285
4763297
109006
1217343
262914
221321
372991
4173719
38406
253467
14716132
1002465
45053
108517
2177482
113735
1217511
970955
576860
33677388
257953
42244
28571
61279
323204
563348
131355
115074
4023648
61458
29761
42588
4052443
229246
70117
181152
230660
90866
123403
29736
588953
31191
3199343
109798
4040626
173573
114808
1584491
870101
113748
28471
187255
161066
76255
126933
27197
655715
36578
2103752
101403
46894
247657
323105
5065960
3037165
3226262
258892
175331
4400395
3315907
35573
47176
1662899
373855
1277459
198575
40447
987070
59219
103317
324545
522455
384463
100913
9953
410571
9004
9100
9525
598052
25605
46166
95265
315934
579156
275508
104986
50799
124132
21259
17527
55471
44630
66380
44030
19477
57166
4496
112017
148044
400924
6323251
120383
7786
10771
12301
4903
62612
64515
22969
63146
7067
232424
27325
123956
10682
8875
178894
9300
77412
5051
26257
1075673
174267
264925
315729
9010
5675
73095
8291
31236
229924
7220
25275
46061
4698
50172
11078
4327
61960
12003
5187
57660
10339
59096
24946
277624
37506
192635
40571
278506
21829
4117586
76067
1737306
208514
8870
6278
128878
43225
5966
16227
13854
22411
275220
11773
135953
99703
28375
39547
15607
273610
95307
7604
32045
2180523
40720
40338
186895
12091
424187
480249
18648
170364
649178
434965
25476
1257071
114358
615838
32817
1355027
36046
352437
265341
46074
49732
384126
13854
5790
74195
8256
239885
79224
15758
412449
35507
7652
31918
39182
93688
126939
338768
14809
8881
8430
27647
138030
84757
58392
10204
168961
70200
11607
20236
7869
6071
59710
4545974
290250
23256
9204
14195
249281
1405556
384934
443589
14467
11198
8436
4130
52100
239352
10662
15709
18463
19026
813063
18955
210463
45342
37968
64470
712655
6665
44845
2523944
170036
7707
18173
350302
20007
206573
171207
99061
5448829
44399
7083
4755
10741
54754
97610
22789
19934
687034
10750
5072
7416
697086
38871
11945
31790
39889
15320
21066
5119
99281
5455
534370
19422
662905
29248
19385
266820
152492
19548
4836
30737
27199
13027
21942
4625
112027
6313
360129
17382
7956
42389
53253
884569
507924
548711
43366
30259
732939
569248
6097
8278
284233
62475
227812
34268
6967
171855
10355
18133
58483
92881
68092
