592671
75119
2759695
55419
45147
55823
3393054
145063
286765
544659
1869474
2974956
1617269
602318
307273
747308
123756
137621
331192
255236
634053
202539
146919
213553
26544
695152
900849
2472283
38708015
653788
46827
64415
73490
28249
372773
390171
146867
309065
40814
1356844
162009
718286
64752
54520
1036066
208486
13776693
85203
106905
2620043
249008
1556741
1865670
54133
34274
442848
116787
9403006
1500859
72203
180997
595408
31829
298437
66123
24919
351951
65978
30025
343847
31117
338335
143404
1633346
221143
1099240
293047
1589682
124308
25103771
462548
9762807
1211616
52708
37420
748801
323583
57735
96982
82877
128991
1671214
61671
950521
599144
172080
226257
99205
1630833
553907
44335
197599
14392817
252809
225930
1087129
66934
2593468
2862765
282877
1290773
4065269
2502568
147546
7221806
662831
3217783
183819
7440487
210111
2078369
5934699
310440
287278
2101269
165765
32663
437531
51579
1390228
475983
97212
2468191
118434
43426
84192
226021
455603
744730
1758795
86779
80670
48367
167555
827290
488414
167917
56632
1025739
405350
68216
79171
45146
43529
2122025
28763805
1686893
127393
54753
89665
1474202
8260660
2058654
2630459
89244
69073
54123
34385
222207
1412938
64535
100311
134486
8420261
4821415
115318
1319673
263475
111057
375113
4205004
39245
256204
14710843
1008594
43788
104422
563767
102874
1240238
2153155
877848
33641968
267246
45168
28624
144545
367863
515372
124697
110781
4372750
60053
40023
47640
4495959
241099
67710
117268
232575
138736
106164
40215
609695
30968
3246095
130674
4099894
142690
156933
1726219
856779
119521
30007
183636
161824
81471
130175
25614
402102
34614
2104145
105893
50503
327016
6436588
5108111
2964079
2419395
206975
181816
4406824
3332427
36412
51795
1677348
381170
1316054
330718
44658
1141702
60211
123035
331419
547089
388552
101326
13058
476628
9561
7729
9472
586714
25518
48615
94700
315668
510738
277855
104625
50811
124720
20943
23148
56102
44808
111238
41526
25003
43985
4518
112753
148786
398730
5568015
106315
7861
10913
12438
4855
62953
64462
25188
53301
7260
238801
27876
124650
10885
9444
180365
35717
2298625
14677
18413
460240
42224
265021
319738
9392
5859
76206
19991
1549017
244296
12559
32433
99435
5439
50728
11312
4314
62267
11391
5167
57689
5279
58013
24754
272043
37636
193213
51004
280431
21661
4124826
78309
1612644
210603
9135
6459
126614
56178
9967
16438
14019
21345
276773
10387
156124
99340
28661
39250
16592
275303
95651
7560
32794
2390072
43445
39830
184077
11609
426380
481554
48726
218561
672645
433240
25611
1262411
114478
538383
30960
1286539
35309
357830
965725
51819
46649
354225
27716
5556
74704
8506
239922
79847
16148
413870
19991
7407
14569
39290
95164
127195
337734
15172
13754
8174
28272
138981
83747
28934
9616
169717
68616
11606
13215
7854
7534
362968
4498232
288939
21232
9233
15092
249702
1429329
358831
443570
15208
11323
9634
5902
37053
239222
10906
16832
24023
1426240
822845
19924
228304
45455
19086
64802
718802
6794
45099
2524573
171476
7543
17525
91746
18131
210439
379915
150979
5453935
46275
7560
4817
25609
62283
89707
21598
19113
745219
10470
6857
8345
773282
40988
11528
20622
40469
23468
18112
6914
102855
5420
542725
23178
673136
24108
26460
290678
150204
20709
5178
30352
27510
13935
22552
4335
68885
5954
360868
18131
8553
56067
1104104
892018
496600
413431
35075
31393
735145
572961
6298
9071
287347
63614
235448
57353
7741
199466
10520
21571
59581
97323
68832
