595762
148478
2759722
55103
47009
55556
3271871
158876
264263
548303
1872329
3122478
1612075
608118
307430
749178
94846
133821
272712
269799
637005
217757
195074
211690
30077
1044861
914943
2480082
37890037
630424
220659
62969
62702
28824
413059
461586
149417
336395
40218
1505348
268832
721790
103411
56443
1063035
102383
4845380
44660
109546
2692350
215255
1559258
1798312
66948
1066642
467393
175435
12984953
1520149
79098
182233
614231
34790
305580
66230
26697
413200
116469
32224
375775
33093
319567
144509
1597618
178032
991644
1041548
1600636
131763
25223814
448137
8311264
1365200
30623367
450140
757077
255739
60871
96971
99680
125734
1682006
134378
7499175
654827
233222
225786
98477
1657441
474594
43532
189381
13008843
234816
421769
1094067
68926
2615861
2889615
274340
1331267
4031062
1951340
151264
7838141
669179
3503646
203291
7269857
219631
2087830
4791661
301902
183744
2635518
183724
38511
465673
51681
1394024
477803
95705
2454616
117008
88265
83156
232798
625371
792391
1803835
93774
82676
47962
172090
836971
545254
171752
56350
1038158
401888
94079
99009
258375
49728407
1647929
28487733
1702967
143999
57553
91769
1503631
8137111
2230449
10218940
142323
221830
62123
169640
18180456
1439154
68408
134053
257436
7248188
4840443
119496
1348655
442299
121948
335088
3723020
35714
262004
14770351
588850
43786
113466
388341
281982
853178
2063762
753847
3109962
331532
38461
31014
185572
395772
599409
132135
117302
4424222
64811
41732
116002
4445032
234450
87097
77755
234153
158657
102357
269352
601324
37337
3236094
126806
4267844
230934
159911
1756511
858644
124880
735206
217398
1732359
93370
137293
695485
405439
48834
2120028
82476
64467
259173
1278903
5099432
3204874
2143968
209293
2512999
4468054
3384402
47414
54334
1723189
629812
31925042
14646209
24532602
1300340
81327
130013
330493
554006
403216
102551
25947
479178
9559
8140
9472
569715
28049
45063
95688
317795
538392
278558
106017
51199
125478
16179
22657
46512
47723
112153
44681
33382
44402
5140
170510
151732
402571
5498097
103179
37782
10655
10731
4910
69862
76724
25959
58409
7244
265963
46752
125939
17368
9824
186034
17773
832264
7802
18854
475629
36581
267040
309899
11592
183131
80806
30278
2145522
248885
13814
33117
103139
5879
52097
11417
4606
73071
20041
5508
63752
5733
55197
25067
267809
30335
175196
176349
283858
22840
4159479
76386
1384570
239037
4905938
78341
128912
44713
10542
16472
16985
20829
280098
22913
1233082
109013
39200
39396
16518
281614
82357
7465
31692
2181834
40615
74642
186193
11963
433560
489562
47487
226772
670338
340793
26305
1375827
116387
589563
34369
1267599
37288
362350
785014
50754
30263
447108
30816
6540
80041
8548
242153
80394
15944
413800
19956
15136
14541
40585
127833
136424
355581
16466
14034
8198
29303
141558
94689
29833
9597
172949
68532
16217
16628
45330
6782870
284733
4488914
294286
24133
9804
15456
256062
1417938
390014
1665629
24410
36894
11111
29573
2933875
245306
11634
22894
45518
1240504
831474
20915
234245
77134
21109
58176
640814
6310
46580
2552532
101378
7521
19098
63934
49753
145243
366537
130779
548458
57900
6525
5212
33154
67890
104968
23087
20462
758314
11375
7207
20433
770240
39927
15058
13841
40960
26908
17549
48830
102241
6632
543790
22583
706849
39352
27257
297668
151756
21721
123466
36091
295308
16062
23956
116840
70119
8420
365575
14255
11077
44802
219522
896140
540430
368863
35467
425789
749917
585677
8169
9563
297229
105932
4867659
2400938
4093508
228009
14324
23046
59757
99144
71990
