607789
147856
2772568
54603
47074
54997
3285296
160356
274756
555147
1876586
1184715
1797593
610213
316190
750218
97667
154306
322131
1292892
645894
220492
201287
297152
9074472
1080974
920709
2479768
37463368
628614
228217
98481
2719158
49496
322950
466559
125788
335650
42736
1546525
794808
726566
108799
69396
1251866
115493
5250259
48521
113354
2704680
194095
1581355
4846986
99334
771177
454596
160312
13043467
1529948
917270
184448
603125
81116
305792
66851
27244
402967
124147
32623
354652
33293
328227
145198
1564318
183226
1022849
3979497
1616242
149520
25236322
442834
7628315
1487505
30965039
460154
776489
254121
76590
97604
101232
135600
1681895
153894
9870644
655252
127481
192965
353969
1666986
487050
44629
195666
9403805
184081
397273
1079447
67554
2619449
2900278
135594
1346364
5765495
1857048
166571
7613628
669155
3643038
205981
7531255
214057
2470370
5052163
307497
383170
2596991
203032
38774
468399
51860
1514568
476438
107347
2457452
117619
64247
84723
230030
617292
795206
1725639
98641
83483
51964
180156
830126
556652
174865
56575
1035592
413092
96076
167171
2084878
48293838
1639573
28967795
1685931
143313
74754
112755
1482623
8104508
2126122
9606262
146272
203603
62766
204502
14085936
1437548
66061
139433
262416
8528498
4841825
121141
1376047
441759
121319
382520
3675968
224866
265273
13827037
566166
44351
103365
366894
321940
845066
1873133
1078709
3272007
363917
41402
30612
152966
422492
498833
114802
119024
4430705
139104
42183
149525
5841317
237009
86500
85016
238633
150800
100271
269713
637535
38027
3244368
132623
4693000
235018
201020
1807447
860380
114590
752717
221615
1722429
116046
138409
652792
417210
1551143
2138877
86288
66498
315121
962632
5566949
3116988
1665035
189812
2961853
4471714
3473405
65128
1380862
1720467
569975
23780162
13790675
17799709
1372179
79244
130184
332842
567712
447415
104581
25855
480741
9538
8213
9423
570820
28374
47038
96806
318422
204092
311252
106708
52690
126047
16731
26328
54940
228733
113755
46645
34548
59617
1521950
176927
153046
403214
5456069
103015
39200
16719
457792
8390
54918
77982
21777
58353
7675
273074
136865
126607
18267
12216
219179
19987
902710
8427
19490
477769
33399
271228
830891
17209
132742
79010
27555
2157596
250400
157013
33494
101467
13513
52157
11538
4658
71589
21530
5630
59741
5741
56735
25244
263254
31304
180694
666877
287076
25984
4164559
75672
1274578
260740
4930798
80036
132362
44515
13298
16533
17388
22572
280138
26415
1611614
109532
21651
33644
59009
283491
84558
7693
32817
1587416
31985
70736
183702
11908
434362
491522
23131
229704
957527
324454
28897
1339299
116612
614329
34984
1313822
36312
427766
827548
51685
62760
441229
34175
6628
80675
8610
263008
80501
17849
414845
20019
10892
14736
40313
125280
136917
340080
17400
14199
8881
30642
140088
96844
30368
9600
172381
70541
16526
27920
358923
6663779
282900
4560725
291580
24123
12853
18972
252198
1413917
372419
1569255
25152
33766
11229
35998
2303281
245357
11271
23767
46269
1454234
832456
21310
238933
77046
21023
66494
634107
40103
47365
2392628
97487
7630
17453
60411
57005
144198
328100
186144
576994
63402
6993
5115
27299
72240
87384
20147
20790
760470
24369
7256
26104
1006902
40379
14994
15114
41841
25509
17456
49121
108717
6755
545834
23699
780036
40097
34370
306727
151720
19957
126804
36818
293648
19888
24215
109758
72045
267917
369068
14979
11406
54353
165284
975450
525301
286737
32187
511400
752073
601477
11268
234595
296423
95851
3767095
2272691
3036069
240697
13897
23026
60324
101679
79842
