605874
147584
2872047
56169
49480
55721
3275144
163622
293727
547874
2030868
697174
1875177
1218615
323071
919293
98820
168904
301729
254201
570848
220886
192205
343260
10699516
1277674
917697
2502323
38693206
798207
232533
90159
2701217
48486
291378
467464
160434
360989
42642
1651266
776066
724815
218876
77976
1225469
112325
5151695
51633
359319
2695018
203301
1728453
4802269
96513
868386
456158
165531
13561406
1539162
917841
121719
621699
39835
302235
57461
28078
395800
107843
47130
345282
33916
325937
147410
1556698
219639
1031459
3846951
1610357
139837
25156073
471506
14051481
1372335
23619179
366388
792214
247823
73498
97541
98992
146318
1684702
138853
7821951
628584
137035
235204
367847
1683496
530675
73545
2878133
10235625
196632
395559
1096464
68676
2622599
2883225
133147
1352712
4014338
2262560
189450
9040684
672786
3726005
210881
7178119
216455
2502846
4808339
306883
363325
2553458
206388
38653
491631
55540
1515882
476802
107524
2456516
121844
69023
88697
234480
643759
749540
1802645
85824
85633
50522
178346
833909
562468
324201
64582
1037024
409901
96379
170130
2093057
44516139
1576886
29519504
1686979
138770
59481
93939
1492393
8370922
2095777
9574156
144090
186253
56444
200079
14076882
2171436
70289
124417
268864
9327443
4842982
123514
1393681
422827
125477
302008
984043
245340
263879
15323037
648378
42745
118369
361324
379560
844285
1198473
1084370
3209791
327268
42224
31059
163880
404459
624119
159715
128380
4500076
119813
41417
149540
5465655
238917
83385
85797
235753
150212
101775
278741
612901
35494
3243678
130784
3420061
232058
179898
1782546
887208
106333
758447
229720
1740299
117774
142406
550454
420443
1492684
2123311
84397
62573
279834
755297
5574404
3031238
1577616
175983
1509102
4444977
3482300
66721
1523116
1728021
1045952
27028374
11453914
17720779
1329290
79483
184277
6606904
621336
432498
104398
25778
498256
9868
8492
9504
569631
28868
49990
95712
344293
120605
325025
215712
53700
154930
16960
28726
51512
44863
100735
47169
33107
68119
1796777
208828
152721
407281
5602196
129851
39995
15244
454710
8246
49596
77909
27663
63009
7698
292279
133817
126904
36504
13566
214630
19503
886040
8966
63607
476881
34791
296206
824258
16841
149444
79369
28617
2236662
252182
157649
22051
105013
6731
51624
9956
4845
70327
18601
8231
58587
5874
56314
25601
261950
37907
182382
645265
286461
24416
4159599
80949
2309296
240986
3892859
64071
135378
43305
12701
16563
16928
24481
281240
23717
1285962
105471
23245
41136
61347
286467
92504
12666
489766
1726740
34031
70226
186681
12020
435770
488773
22890
230404
670145
396180
32977
1587565
117265
627896
35780
1254140
36668
434330
789140
51739
59706
433463
34637
6637
84641
9223
263769
80474
18021
414877
20629
11841
15476
40814
130659
129337
356110
15177
14566
8647
30350
141335
97740
55862
11004
172904
70028
16695
28523
361127
6304839
272401
4634799
292057
23350
10234
15806
254660
1459844
367840
1564159
24708
30945
10186
35471
2303756
371129
11977
21221
47691
1587909
833981
21714
242135
74128
21737
52855
170680
44034
47123
2648105
111751
7375
19834
59726
67276
144259
213186
187564
567439
56932
7121
5300
29359
69133
109724
27848
22491
772626
21015
7136
26120
943207
40996
14456
15225
41370
25589
17662
50709
104319
6254
546016
23351
573555
39622
30834
302665
156514
18440
127843
38385
296420
20154
24864
93074
72709
257696
367068
14649
10684
48404
130127
978207
512007
272214
29994
257462
748608
602983
11584
258913
298363
174640
4233162
1905138
3024967
233723
13914
32416
1139519
111013
77275
