603351
151089
2737749
58005
49335
100624
3313220
140441
297525
540406
2055503
837848
3313273
1278191
334314
1029638
101483
159820
264874
962158
579806
235198
202554
390619
12551272
1367569
925510
2517086
38637160
787568
243618
89172
2639849
46691
243376
482529
134815
350615
1625702
1653903
771979
733022
201425
83783
1698234
114537
4825581
52770
402937
2691844
427724
1668243
6047846
107927
653770
458762
178908
13755073
1571804
928783
153993
651012
39059
305379
73666
33142
401773
124818
53836
346081
34294
424212
142986
1554198
191309
845696
13974510
1675260
973517
24967222
474164
17419532
1411730
19351913
299928
787243
248227
68910
98840
160305
235568
1712987
139143
7885014
637076
152202
239974
376584
1690367
49845
70549
2899852
9944225
205968
424454
1128256
192469
35938714
4285891
233413
1342197
4066199
3128229
163285
7176012
678939
4160925
206945
7060075
302858
2535355
9311854
338050
390219
2725701
368434
47329
470178
76090
1517766
486378
107683
2473119
124255
140569
12520580
410087
1041630
685854
1814570
111455
87386
54335
177021
832853
555691
325151
65465
1049041
414990
102200
173083
2252255
43113188
1565091
24286164
1697329
171457
80503
103679
1491435
8289880
1977078
9752056
880250
189964
57017
542977
14016471
1612571
73291
137558
237110
8210548
4856696
125752
1379316
451967
128676
304017
230691
280400
268233
14369231
1069419
46467
111958
360127
356711
845325
949094
1097767
3281605
283061
616173
250993
268933
512185
489939
2811737
8631131
4830788
285354
59099
3252031
9779820
308203
116174
99756
457095
222506
98184
277483
630131
36590
3261799
201028
2803234
138679
193273
1877068
2679885
283672
694245
233642
1735944
123650
140058
613157
424270
1545743
2147740
86306
67739
309890
982005
5561435
3367075
3598008
306938
1445008
4470569
3501370
70003
1543843
1716184
701099
27918581
11746940
17782371
4169352
92829
182314
5373232
620407
629213
104485
26371
477865
10116
8587
17060
578498
24932
50839
94921
350198
145555
577713
226882
56156
174677
17528
27480
45456
170623
102744
51161
34874
77477
2106423
224786
154883
411057
5614824
128775
42131
15157
445093
8014
41380
80647
23329
61102
289295
293593
133661
128785
33935
14569
296249
19855
832206
9194
71679
477938
73822
287415
1039686
18772
112864
80173
31031
2277251
258199
159723
28104
110297
6688
52177
12883
5733
71653
21735
9476
58868
5933
73629
25143
262904
32929
149605
2284038
299121
168754
4153683
81387
2845480
248910
3252666
52668
134748
43706
12033
16857
27820
39227
286471
23923
1303793
107098
25797
41900
63020
288829
8648
12132
496131
1683357
35762
76034
193393
33562
5421318
735494
40152
230029
682203
547797
28423
1270972
118543
705565
35288
1239607
51777
441941
1526973
57191
64575
466093
62649
8122
81531
12645
264845
82656
18060
419598
21215
24281
2100499
71831
207885
119276
376203
19591
15055
9262
30184
141509
97113
56395
11194
175165
71076
17775
28982
389765
6175904
271274
3915970
295142
29080
13900
17545
255950
1453438
348296
1599599
148450
31824
10293
95755
2306639
276785
12550
23425
42307
1408119
839878
22059
240849
79553
22416
53322
40236
50363
47855
2498457
183564
8015
19025
59681
63257
144785
169548
191064
582306
49347
105958
42281
47977
88147
86117
481122
1511465
828593
49642
10141
566593
1696450
52963
20190
17706
79923
38080
17155
50690
108060
6483
552025
36031
469562
23902
33291
320166
477147
48339
117558
39022
297132
21392
24647
103678
73434
268563
372399
15140
11646
53941
170554
981107
569639
616900
52237
247738
755202
609077
12219
263765
297100
118033
4375198
1963831
3045858
729125
16281
32285
934566
111349
112172
