608355
178569
2900668
56849
55361
117784
3315484
164199
390382
544458
2080279
876797
3239113
1483004
353921
4751745
203721
450855
280086
593189
582680
255224
203164
330189
15157800
1356823
1023497
2511061
35662991
730507
236497
94715
2830366
49463
323967
471412
638884
379155
2154885
1569135
631174
737682
230536
103911
1682177
105318
4491152
58826
446749
5507142
460733
2042738
4339202
100460
566581
461310
179076
13509695
1580277
927100
168211
351473
56385
312794
72174
33417
413124
120440
92474
346119
39927
287695
150505
1662711
223134
684143
13519193
1668180
148213
25164719
452659
11583465
2721107
30110726
455919
794252
266686
72186
107543
400119
264198
1726348
141895
7870532
668126
153427
235335
356675
1713835
52122
69786
2871238
7066249
214320
2272871
1214279
184605
33372411
3683682
212530
1358360
4611435
3086283
180121
7625058
674713
4158727
219802
7650794
315220
2559596
9112425
339343
428341
2571356
621261
51347
491143
76507
1522846
576137
109005
2490156
276507
112376
3621846
298112
1046887
738752
2090651
118927
88645
50696
178959
841145
564633
330040
64926
1052006
445208
112075
181247
3621494
41634926
1670361
32796058
1745413
172871
83282
100493
1499637
8277385
2039474
9518313
632038
505504
60479
579323
27273238
1611192
77287
134018
270099
8992254
4884061
135429
1400802
419559
115119
305400
362207
381732
266857
14905503
861445
46277
116689
361154
358680
863763
932338
1103821
3451606
1157370
625150
147045
318825
538699
503981
2843781
9061481
4869814
302266
85653
2616461
6610166
296905
953734
102512
472803
248476
146176
287502
638524
38752
3274704
210331
2343621
303390
204311
2007758
1335677
314151
701233
230865
1739331
129025
176420
4438399
479403
2631142
2174412
96499
236045
20380926
1095767
5611960
3381914
2962994
320122
1430986
4805779
3660675
68563
1571100
1720451
644153
25585896
14666762
18185633
3112544
149171
1503695
6161298
624971
513293
105668
31422
506172
10020
9661
19941
580125
29342
66728
95663
353923
152061
565799
261866
59465
842754
35382
78289
48082
105828
103518
53721
35121
66385
2522324
223266
171556
411544
5275320
119821
40924
16040
478340
8439
55369
79288
111253
66606
383506
278463
109838
129582
38808
18222
294869
18332
772230
10222
79410
964280
79853
351961
750353
17527
98145
80623
31019
2244998
260496
159781
30803
59600
9582
53647
12575
5878
73862
20968
16342
59057
6912
50275
26362
281647
38625
121088
2220188
298830
25956
4185429
77998
1930667
479880
4858375
80111
136759
47005
12626
18352
70291
44307
289466
24416
1302403
113138
26070
41292
59759
293940
9123
12063
492931
1207122
37405
404009
208890
32397
5112040
632256
36792
233716
775060
543327
31590
1353116
118197
705467
37350
1344543
54073
447140
1498788
57837
71269
440006
105294
8846
85026
12742
266911
98130
18316
423663
48056
19555
619334
52426
209223
128696
426549
20886
15256
8739
30769
143305
98944
57302
11084
176421
76292
19466
30500
626297
6033281
290854
5098372
304279
29226
14306
17039
257865
1455143
360183
1568681
107153
84685
10963
102663
4225177
276984
13334
23042
48268
1545972
846799
23851
244701
73779
20036
53564
62858
68677
47727
2593636
148913
7998
19740
60310
63893
148491
167269
192201
614371
198198
107886
24783
56687
92816
88687
488858
1589444
839143
52741
14908
458035
1147050
51204
162999
18250
82706
42487
25683
52591
109490
6849
555880
37759
394141
52311
35272
344859
235846
53722
119092
38765
298495
22455
30749
746190
83527
458619
378866
16855
40793
3365434
191134
993079
573011
510819
54828
246021
815568
638409
12072
268854
298649
109114
4056010
2428979
3118182
545606
26307
259592
1073615
112455
91911
