613309
184410
3076421
59768
55166
119052
3308141
151653
392862
547858
2102525
898945
5613920
1434504
348007
2979702
184928
449389
296156
780106
632162
379761
203911
332526
15246017
1345307
1025861
2524828
36608182
738744
235346
93654
2706393
50562
310760
471216
635721
397212
2189023
1521946
647911
821152
218676
104515
1691959
104107
4641236
59157
411364
3913176
479613
1842265
5249169
102520
534513
469336
170036
14672180
1631259
927901
132771
353005
67840
311548
78244
32847
413804
129164
83064
348609
39331
291716
152343
1670923
3081444
641845
9901019
1659654
146415
24962642
468902
14597547
2879251
30608347
458415
794896
340335
79247
118901
430302
235477
1740404
156938
8141776
686815
149255
241916
387164
6743954
113694
75602
2907090
6620918
204067
2273700
1364887
186608
33342270
3693495
193646
1319398
4451300
3210371
194050
7226611
681259
3883503
203143
7227134
293314
2553783
8209059
371648
696949
2476006
633424
86191
489701
76556
1526947
579944
108201
2497782
266001
116136
5382381
320569
1047552
745204
2158426
105916
85331
59632
175161
842910
570279
328874
66331
1057619
444100
106624
173634
3449354
41043383
1690372
31919521
1738428
177226
84476
98961
1500805
8294299
2141680
9613351
585792
486261
61774
620412
25642954
1781786
151725
134578
284867
8271180
4892532
135029
1377033
420216
129345
309546
358575
356155
266665
15366391
1073392
47352
468900
397137
360183
853484
943202
1123969
3452082
1304028
719468
768156
324672
488845
548180
2840702
7143644
4978058
290611
73335
3717155
4071254
317949
911416
90195
476250
225728
150223
286253
656095
36325
3261899
240473
2348371
275529
196071
2009502
1324326
321640
711894
236577
1725068
524192
182907
5587805
485374
2354213
2161074
84236
106673
5395853
986999
5624936
3329284
2698962
320767
2328176
4687695
3687649
71243
1562834
1792558
683980
25741298
15314254
18236311
3100170
157125
1384215
5930317
619706
795827
106716
32559
536885
10475
9678
20074
580337
27258
67524
96269
358519
156207
980234
254138
58517
526225
32098
78383
50913
139106
112353
78668
35437
70913
2531857
221411
171723
414639
5396335
121231
40764
16039
457979
8650
53226
79307
110817
69617
389777
270491
112688
144246
36957
18512
296753
18120
796858
10441
73296
690055
83009
317491
904083
17938
92693
82007
29553
2421477
269835
160230
24201
59942
11588
53635
13632
5731
73650
22678
14728
59534
6867
50986
26708
283233
529737
113599
1646968
297223
25675
4166200
81019
2411604
508329
4955053
80411
137016
59949
13807
20371
76055
39399
291842
27113
1346003
115977
25418
42525
64794
1135871
19916
13041
498326
1133086
35538
404405
235300
32866
5108651
633590
33460
226868
749292
565451
33893
1282981
119497
660294
34955
1271895
50245
445774
1354408
63539
115457
424625
107230
14891
84965
12898
267880
98645
18264
425658
45798
20176
917095
56377
207415
129794
439268
18878
14646
10293
30115
143827
100051
56973
11386
177269
76423
18529
29290
597310
5983409
293971
4991799
304125
30077
14544
16866
257983
1459175
378219
1584943
99463
81476
11182
109754
4009712
307139
26228
23079
50790
1423252
848974
23692
241206
73807
22588
54380
62230
63957
47714
2673797
185541
8282
78433
66218
64512
146787
168911
195962
613707
224175
124217
130359
57764
84462
96928
489112
1259142
856897
51084
12828
648668
711904
54825
156491
16064
83801
38724
26536
52483
112414
6502
554211
43117
394565
47495
33906
344184
233821
55150
120686
39732
295992
90222
32230
936819
84723
410389
376855
14678
18357
929190
172385
993957
563928
465445
55018
408001
796232
643039
12525
267043
311257
115529
4083377
2533038
3126205
543712
27615
239712
1031746
111737
143385
