754752
259418
3584216
285806
90643
195920
3616907
331957
553944
637200
2736043
1631186
4745658
2413357
11756115
3326356
278380
559345
1270749
337300
1114379
610988
216104
613750
23427985
1360039
1374978
3500725
32682349
1140832
301293
250023
2733939
432026
391641
592483
1443806
6015178
2332124
1829317
3742738
1194295
494153
183284
1708118
135179
6266160
466666
201863
5830648
1741272
1947018
4712525
148509
885720
699764
247944
13950958
2285583
1333416
374966
359413
82529
79864
741098
166682
491318
354041
23483860
521083
96369
8432111
269107
6147714
10298002
1217956
12742468
1883769
172079
23827766
476423
11774747
1564817
26004398
789333
897345
506110
1716146
149340
933933
265763
2451942
3790854
7134916
1060417
272716
339283
459898
5146613
9347024
172247
2942535
6353540
25012285
2355401
1453088
370341
35262340
4519269
201236
1528550
4920057
2611110
168536
6558099
736929
12063307
445940
7320635
982832
3007921
8948740
460327
466386
2421867
13439562
351106
16517637
170044
1491241
722336
206975
2783245
376663
807164
5197517
1489059
9851871
1036603
68400707
1436867
149773
95423
419284
3923744
855483
550516
264893
1294785
531411
145042
280739
6813627
36816235
7921334
30202426
2195296
275202
11972908
209539
1509134
8176994
2229259
9946607
775347
513549
122647
892649
25275368
2088031
171841
175906
321671
9001395
4699224
325689
1929970
545790
947988
488310
294320
604095
306767
8958363
824395
267571
674617
760048
11310195
1233807
5040677
1279513
4235450
4405786
1045300
37885870
2306837
509207
803546
3082943
5587711
30875355
450609
149618
3627629
24511046
1186808
1715552
227095
673945
490399
164583
452684
8626216
157521
3420816
496584
2326807
370144
687866
3601601
1349904
5671326
798416
1589437
1904082
634479
366263
3882391
21026090
3643828
2352658
182796
108197
4710912
1218641
7353646
3245288
2626255
399701
2697538
5325338
3870333
74540
2110433
1957427
709549
28501669
9209003
19437415
8246360
18801090
6557619
7002780
841766
1324687
148117
51125
706468
55745
17812
37699
711269
66096
106272
125336
523752
315700
926003
467265
2129594
653407
54005
109673
248627
66931
221261
141249
41998
141974
4227848
252125
259467
645502
5473003
210630
58247
48579
520812
83187
75395
112077
281871
1185949
469746
367514
736242
234918
94740
36781
338418
26669
1215306
91433
39901
1148554
344939
379913
920921
29390
173745
137425
48376
2607502
430190
262769
77824
68995
15998
15844
146603
32669
99983
71023
4198028
101673
19020
1668699
53861
1168102
1953306
245745
2377638
383128
34397
4518605
94145
2228495
316238
4876768
157815
176238
102212
341136
29120
186569
51319
471717
728168
1353691
206771
53151
68019
88556
999015
1816708
34491
576738
1257180
4544567
483360
288592
76161
6125010
895166
39924
303365
961243
530440
34210
1339420
149193
2299380
88248
1483871
190659
610355
1704262
90930
90360
483057
2575912
70569
3080333
32962
303887
142880
40742
551684
75648
158138
1025738
308072
4267421
210234
9341671
296677
30249
19310
83923
798387
175131
111778
52601
254583
106232
29579
55339
1371875
6304578
1582966
5492943
447980
54703
2370343
41531
304109
1675775
458414
1904674
153677
100205
26116
183847
4636284
419100
34650
35276
66530
1796327
954602
65831
392483
110704
192686
99300
58965
126311
64071
1808580
165755
54153
130655
147237
2252706
246835
1031382
258437
871972
864192
207169
6312897
475776
101454
163345
613754
1142201
5578270
90721
30051
728267
4646701
235006
337187
46928
134832
97773
33386
93347
1661363
32262
663493
102716
456282
73459
136656
718241
272794
1081825
155403
305547
373031
125091
73585
749235
3962228
720484
469183
36291
21294
925798
240713
1461779
625989
516631
77755
526500
1026987
771219
14972
411586
386233
136131
5035690
1749001
3736958
1582190
3420199
1283331
1375462
171049
269488
