1484767
339851
3308067
300874
113670
254611
3671867
332019
613048
689501
2789880
1317913
4464872
8811421
12377510
7187060
2914050
584640
1450968
717739
1159431
749827
243166
646521
22713367
898596
2127325
4056736
32524437
1679443
334078
407328
2718851
473751
4543906
641775
1897713
6680322
2385892
1715521
3605064
1318269
495547
339630
2282348
68998832
7300348
236524
335502
3097593
1790983
2443461
15322802
391118
16455487
769527
912064
13818083
2350273
1365281
311211
1251937
357083
83264
983839
506624
698779
419472
23261507
536821
113234
9849245
395658
5076298
10494788
1241390
10572602
1903480
195959
23789420
1446863
12141296
3429187
23899547
986294
898724
564780
2126357
179986
975238
357650
3125069
3920843
9606311
1037968
291878
395444
699931
4746913
4309741
127384
3116546
15831297
31175596
2452183
1578208
394704
32360324
5833308
212490
1424640
4936656
3094236
919355
8067000
797134
31727734
688588
7574255
837512
3112725
9801522
664645
483879
2580975
14096188
333449
11351678
355041
1492621
951958
43576685
3222155
1053451
3841870
19853061
1090713
9960322
1043521
67604063
1659191
241094
133660
531259
4016215
1198887
555234
235351
1332781
1077133
319895
319574
6593232
35431785
7828986
30976545
2206814
292147
10588105
798995
1513136
602682
2345920
8187459
760613
479359
132832
801193
21532180
2163419
166480
206194
406913
9638162
5709483
425492
2027665
536283
971707
510968
1929569
8443002
430258
11175789
1132020
275277
1222117
2704445
10384207
1113846
4187014
1305805
3923210
4150304
1297150
33393786
2262276
533023
943322
3150338
6610554
30542007
489320
179451
4915572
19166336
3026861
1133979
215841
716673
588148
194662
516580
3727737
185899
3550715
830076
2432792
433400
778827
2728114
3511553
4928215
809591
1801132
1968324
603122
379232
19161097
18650726
3152386
2368918
179102
159731
2858060
1360252
7476355
3296295
6868650
562722
3173035
5684458
3966500
84149
4028757
2094095
763519
28759825
8534267
19868036
10870653
18977631
4615439
6705641
811514
1346344
295709
67993
667686
60130
22842
49856
739350
67922
120201
138475
545326
261520
891320
1714661
2292445
1414657
572306
117150
289668
146813
236176
176178
48325
156612
4205133
171449
412634
763541
5557558
318450
66101
79834
530417
93185
854438
124271
377036
1341087
491254
352835
724714
265539
97373
69938
461154
8908323
1437518
47552
67860
636867
363889
486220
3009982
79161
3073808
155066
180418
2646169
452330
274844
66213
242201
71291
16851
199358
102561
144929
85528
4245713
107303
22774
1986716
81289
988619
2037267
255463
2036788
395773
40235
4606157
289668
2342774
684958
4613944
201832
180503
116339
431925
36036
199560
70596
615152
769591
1852124
207170
58021
80683
139413
945374
873775
26112
623575
3134143
5637889
514035
319949
83108
5824383
1183625
43049
289378
985675
643853
187345
1679511
164425
6045122
139298
1568390
168647
645390
1899066
134408
95979
526547
2760172
68696
2198974
69453
311127
193124
7374204
651497
214669
786576
3852597
231470
4109893
216396
9531255
350713
49873
27454
108327
835044
250486
115907
48025
268134
221931
68049
64235
1357757
6224379
1598288
5730132
460391
59103
2151106
161925
312126
126939
491556
1615287
154140
95866
28810
168546
4066855
444468
34305
42194
85495
1961412
1180694
87648
420994
111056
201935
106095
392389
1698598
91393
2292252
230757
56618
240610
538741
2117786
227262
882269
268935
825279
832014
261876
5828021
475696
108734
195830
640096
1375492
5629254
100008
36598
999790
3783268
612703
226959
45590
146395
119397
40487
109078
736948
38609
702679
177275
488152
87438
157936
556514
711013
969929
161308
353157
393611
121303
77591
3558381
3630851
635698
482702
36239
32266
573228
274134
1515027
648606
1360551
111977
639392
1120846
804509
17118
808069
421937
149357
5164010
1673470
3869387
2105684
3467290
924926
1344859
168649
279474
