1527966
328137
3205647
318576
118271
242291
3701929
357187
607571
733416
2826335
1424710
5496177
39438577
18172049
6886601
2390217
610322
1322703
894264
709348
718299
253291
748291
22372285
968322
3346310
4031828
33299634
1665548
383267
3721509
2756031
735585
6891957
653479
1513621
6829812
2412360
2018487
3618493
1333854
662753
361518
2224965
67948501
4850638
574650
467582
2996770
1827701
4510885
12408948
446100
21319228
1841569
678750
12855710
2399607
1396202
326013
2028071
475081
98745
923468
2827840
765411
352399
19237113
599023
113435
9767121
518683
4639140
10318788
1046718
11249112
2772092
207463
23840305
1789987
11093913
3471788
21113969
783964
328230
1969016
2163522
191915
1059137
357910
3343660
4073498
9860324
872390
424954
395019
612401
3853016
4509108
302422
3171668
15996908
25496757
2406062
1748465
397911
32580890
4707452
3738906
1340383
4929550
4508663
15650370
6758568
1159252
21742973
612403
7301128
2773951
3188484
9198744
822990
717399
25678148
14450500
359654
14495129
345600
1498317
1051815
43873110
3383827
1046047
5468347
18202290
1561393
10071292
7316454
66421271
4420044
279365
412123
542130
3745015
1252736
896606
338076
1378021
884620
2188120
337874
6975182
38226564
7529879
26890330
2357139
361321
10707293
850894
1599263
736681
3493992
10110030
16108097
511758
4724568
833943
23404038
18448871
628274
243172
12185643
9743697
5631925
384935
2118770
7275662
1000466
635991
1971582
9481914
2556062
13096386
1166034
295684
1325536
4005407
5441035
1120776
5311013
1393196
4731998
3994307
8010139
35669096
2307970
561746
856048
3187863
5230169
30305640
1071570
276587
4841914
5386650
2966035
1191924
4629506
646891
577832
224930
534122
3706256
299159
3696314
799137
2702211
476501
787942
2858672
4021002
4700747
902456
12471696
2111243
2540443
437548
35555178
19370273
3052318
2424515
377689
1031549
2855900
1357714
7298718
3727725
6757292
451778
1625077
5636234
4172945
635646
5915542
2138504
1185211
30206727
9143035
19801268
10610884
19681886
5140241
6949112
846621
1286418
306446
66604
653698
64111
23980
47985
753063
73629
120249
148830
557155
284429
1105616
6730435
3325183
1374636
473830
123502
265590
184160
144851
173465
50621
179609
4181347
186156
659505
764675
5708808
318079
76579
731757
541559
146556
1301457
127752
305292
1382478
501482
419664
733641
270768
131124
75177
453527
8984100
968857
116568
95378
622943
373651
894873
2475731
90819
3934921
377146
135489
2491746
466391
283630
69782
395492
95741
20078
188467
568397
159667
72741
3594870
121180
23139
1989992
107145
912751
2020983
217195
2178020
582145
42782
4646938
361170
2170354
699671
4152539
161976
67065
404844
442787
38995
218439
71538
663979
805473
1916598
174717
85786
81723
122857
776246
923226
62573
640013
3191751
4745755
509306
358159
84188
5906369
962479
764047
275084
993122
928514
3016972
1421646
241726
4334370
125244
1522756
544582
665796
1804439
167737
143172
4822192
2846405
74250
2796370
68293
314738
215316
7470160
689212
214834
1115521
3574262
333227
3310779
1487394
9596370
940646
58237
85344
111442
785958
263766
189887
69518
280009
183714
457709
68739
1447603
6671606
1551421
5130889
494983
73324
2193599
173772
332253
155876
733538
1997515
3128857
103376
1022546
177021
4419077
3633344
131679
50199
2351339
1999364
1176823
80159
443005
1440702
209512
133164
403647
1914974
538334
2701851
240657
61649
263665
791677
1132309
230797
1118564
289908
1002277
810859
1579167
6180627
489520
115847
178595
652252
1097875
5636153
223230
56326
994025
1118349
605308
241226
995499
133475
118151
47000
113450
738820
62797
737220
172147
546080
96974
160875
588186
819551
934703
180896
2362834
426503
516066
90124
6156271
3790201
621182
497729
77775
210874
579362
276200
1490095
739272
1350017
90692
328488
1119192
851700
128225
1192759
434882
233157
5438367
1804447
3888026
2073997
3616493
1036568
1403528
177339
269265
