1549474
393427
3299807
318409
342791
246833
3724109
424447
624410
1974121
2870271
1399337
4787363
40853363
17980204
6940266
2240612
633330
1332422
1063843
695539
719854
392384
747742
25766159
971599
3340286
4041693
33151895
1764045
391221
3815813
2810055
670898
5397830
670756
1558840
7255066
2418504
1940713
3673081
1360786
4101015
634465
2210079
67352433
5544124
594667
348891
3042943
1836106
4589984
11366177
406830
20623584
1872162
820646
14021144
2438990
1406268
323168
1673767
725069
102538
808384
4609108
776972
694118
19405273
616880
147997
12441687
548936
4511951
10270890
1079976
11804953
2774618
218403
23753432
1963966
13859442
3713460
21253652
809669
333327
1992615
2199830
228006
1066492
363836
3568503
4011863
16289601
932226
442530
356488
612461
3823456
4489217
331774
3159373
16487461
27031895
2406708
1706861
396674
32478099
4744408
2903396
1353075
4336501
4586330
14125323
7741551
1176209
25187072
1157690
7872431
3639023
3173718
9096592
836804
603609
14051574
15216844
1273554
15236842
526962
1524149
1078486
43665577
3388053
1048654
5547296
17939812
1569754
10668823
5072348
68645170
4546071
284694
505410
531872
3935246
1202975
886130
327100
1671853
802120
2182191
358552
6878284
32378563
7568957
29819654
2370952
357930
10122460
853050
1521151
783725
3335267
10266266
26631147
678316
17688575
916238
28449824
18883933
632261
17906642
15037709
8784344
5874218
403005
2136839
7218183
1023715
568967
2028358
9746728
2481430
14607346
1236640
299876
1345616
3920775
5367992
1141835
5303749
1392606
3079298
3791054
7017469
33445528
2288042
562929
957756
3202810
7977116
29367464
1157407
285339
3652344
6669418
2969597
1166348
4450969
656775
592730
223602
531654
3730895
321252
3684783
817729
1956885
473394
812599
2867526
3708416
4997547
1050783
14933315
2143714
704973
422457
25610028
16947535
4210764
2439196
345816
1100594
6511692
1325016
7449769
3791834
7013477
467382
1783977
17552863
4343744
635458
5651816
2141127
1214338
30030667
9486295
19653439
10692317
18709169
5612109
8998492
865908
1355487
312461
80103
676287
64275
70469
49023
760495
88114
123944
403356
568619
280536
968015
6934950
3309787
1393582
447773
128812
269254
219039
143213
174136
78950
180184
4765906
188442
661477
770986
5718322
338044
78531
752734
555115
133960
1030870
131557
311377
1477693
505185
405477
748300
277789
803201
132537
453045
9030289
1112246
121360
71320
634660
377811
913753
2289933
83343
3838394
385289
164968
2715093
477177
287026
69754
330382
147102
21125
165818
931245
162659
142753
3645006
125267
30346
2522785
113884
893733
2021855
224910
2293042
585786
45291
4657813
398451
2699180
752052
4201886
168231
68801
411880
452128
46518
221263
72891
712194
797815
3144809
187959
89750
73852
123728
774839
919983
69280
641133
3303969
5020737
512986
351683
84580
5927075
973986
599394
279096
882832
948943
2755311
1634935
246008
4950788
239732
1649845
720461
667723
1796679
171580
121097
2795033
3004568
262853
2953741
105223
322376
222103
7481894
694909
216852
1138306
3550485
336609
3515600
1044112
9585017
972202
59523
105477
110202
830490
254367
188823
67541
343008
167749
459441
73223
1435478
5886658
1570218
5640489
501206
73243
2085078
175214
318343
167139
705963
2043731
5011719
138172
3654794
195552
5326523
3735250
133281
3394509
2898128
1819097
1233096
84444
450088
1439453
215739
120015
418652
1986454
526510
3000966
255962
62691
268944
780626
1124593
236797
1124497
291524
654007
773414
1400033
5895495
489123
116531
201561
660036
1658249
5519889
242376
58348
756436
1383681
610612
237929
962500
136436
121548
47087
114090
748083
67637
740279
177505
400606
96829
167411
593478
761062
1001594
212609
2828705
435410
144335
87727
4680464
3362517
858421
504285
71445
226333
1316703
270967
1526551
755748
1407296
94576
363379
3383555
890593
129002
1147148
437126
239823
5435953
1880041
3882361
2099651
3471366
1136525
1811622
182076
285401
