1538219
391135
3225433
3096927
146651
247668
3735915
411695
624014
2005139
2846525
1438321
6086886
39267874
18214461
5628048
2215160
653869
1570057
1056517
740616
723250
394715
761511
24156438
936708
3352774
4408409
33780114
1945182
378963
3807862
2814532
716625
6943000
674723
1041314
4878083
2418500
1967514
3576370
1352932
4960741
638559
1628650
18475447
5635985
592903
396102
3074508
1866613
4494615
13223403
425246
20387885
1864730
838635
11766644
2426295
1407420
405714
1646571
725957
102817
846516
4355204
788355
1322626
22701678
610186
132592
9204182
521907
4516258
10631424
944832
10723262
2777881
219885
23692698
2018199
13285901
3724365
23579129
833333
332184
2149271
2204958
215434
1073633
367233
3394743
4233386
16463329
908454
427858
426054
705159
12958469
4703695
405010
4312553
16092942
23298934
2405218
1708555
382919
25645524
5917873
2913997
1354520
4574760
4593249
14216838
7744935
1224176
28385695
1194509
7846316
3302292
3197389
10320572
850166
607562
13830348
14758104
3712104
13915168
3827509
1539386
1501324
43569873
3846289
1065910
4781396
17639435
10633667
11438065
6762389
68711354
4352437
305743
505803
1020769
3924308
1251138
635067
327681
1676637
835106
2181432
357800
6912559
35740643
7581962
26976018
2365184
383199
10036980
1035080
1611859
728996
3763542
10540082
25962169
619427
16074797
927069
28498786
19157979
642544
16164338
14168176
9701922
5812442
382290
2288719
6996472
1013690
587513
2079292
9748925
2453908
14392519
1483270
412373
1357309
8951038
5468635
1145825
5244917
1396815
4044024
3762074
7872262
35310332
2342999
563953
884702
3242214
8168594
29781030
1156951
257810
4028166
6047013
3026593
1192649
2893665
1172200
591076
225226
538317
3734963
314478
3478848
829269
1892868
480614
804065
2851082
3483108
4142218
1041909
14563908
2151214
746427
486277
41588358
17262661
2947133
2440179
396916
541922
4615839
1375281
7579457
3790010
7318222
497880
1904322
19090170
4331704
1089307
5310028
2140044
1298155
30508523
9492011
19656145
10146803
18591413
5421619
8833786
868607
1373364
310198
79641
661384
623523
29976
49302
763369
85519
123920
409165
563915
288574
1227472
6719733
3354435
1133012
441627
132913
316633
217490
152082
174110
79340
182818
4497597
181450
663644
841983
5800717
373079
75977
751610
556162
143399
1320190
132755
210433
996466
505044
410831
728405
276489
969043
133329
334461
3550952
1127615
120907
81568
640622
383816
895145
2649285
87308
3795803
383909
168198
2286705
474148
287466
87543
325296
147423
21092
173547
880256
165117
272762
4212856
124302
27175
1886541
108402
895083
2092296
197520
2094700
586626
45644
4649765
409380
2589803
753947
4628543
173315
68129
444103
453842
43837
222758
73980
678235
841209
3177614
183219
86631
88344
142231
2567690
965491
84451
868318
3228429
4428856
513269
352322
81757
4820140
1218909
602846
279160
930391
949506
2774205
1635281
255852
5524574
247176
1647445
655395
673407
2032165
174452
121689
2754922
2915893
764192
2709132
753811
325776
309346
7481375
788323
221028
984271
3496801
2216220
3564607
1384974
9558776
932273
64023
105435
207298
828706
265262
134572
67700
344279
173840
460110
73536
1444631
6363424
1574533
5179044
499970
78647
2068418
213074
337130
155878
792971
2096193
4899294
126343
3341947
198614
5358793
3786656
135519
3090596
2741399
2005120
1223319
80422
480043
1400332
213570
124095
427953
1990059
520055
2964683
306557
85961
271590
1743982
1146063
237701
1112972
292916
860278
768991
1565882
6169882
501476
117163
186425
669095
1700138
5592791
242471
53154
834544
1260980
622693
243302
628669
244145
121654
47404
115208
749289
66427
700330
179725
388197
98394
165319
591578
716716
832016
210690
2763259
437655
152663
101008
6974547
3426279
604056
504469
82206
111199
938471
281265
1554006
755818
1467749
100637
388019
3655686
888324
224743
1079567
437900
256367
5516467
1881538
3882247
1996265
3455559
1099908
1782018
182698
289367
