572290
37879
602197
19359
17185
44327
2615600
31757
23153
26755
1820548
61435
1495566
571220
27183
20547
19329
19690
30784
170968
19933
17950
18711
17495
17030
25584
856279
2281024
426759
74490
20368
39087
18584
19053
23503
274001
24091
20499
26283
656450
75226
689182
25453
20698
18711
26522
18990
20688
50487
1967274
28629
28579
955670
25603
26308
359229
23650
124778
26229
20517
18089
183718
19298
20324
17879
20796
341808
22491
20013
22235
18904
123783
33399
1350164
28735
19354
38511
1552397
119955
24942414
381181
31306
21011
24876
18760
19390
50024
19073
67114
20503
37023
1561628
32932
756201
29185
20145
19612
30175
1496397
37754
29421
23353
18371
20351
85607
17414
43285
2514783
2789378
37374
545449
30682
20647
19522
49193
614896
24435
30556
17901
52865
1943233
1433623
245042
24282
17252
29027
19538
21965
37274
1381400
338987
42061
2104892
31243
18187
31662
21778
88228
19201
50076
17951
18538
20680
159272
800918
448476
24408
36385
993826
331952
27996
19783
18173
17345
18430
21337
16586
20207
17761
42173
1401909
44470
496794
2580456
38588
18156
19387
16143
18338
17679
19048
57261
18535
84723
2745369
20907
1031858
18467
44961
150991
20489
18700
18557
17935
17779
17796
18210
24615
17009
728282
43418
26042
452887
17419
19209
18343
17148
18260
18534
25112
16360
3984267
55346
18746
39428
17568
28597
32026
16842
16926
17995
18703
17548
334094
18413
280835
18201
17623
20984
17144
28887
796609
20926
19183
154753
19815
16857
115235
18484
17333
14876
17708
17045
20529
234737
36446
5027650
634047
26899
23685
70993
4329177
3259720
31975
23902
1611461
39766
15245
17077
20043
19212
16458
20041
315948
479672
18238
96365
6503
108687
3261
2891
7354
445683
5487
3838
4616
302159
10313
253318
97686
4420
3464
3214
3292
5131
29550
3373
3411
3090
3393
2897
4209
139346
361626
70436
11978
3367
6456
3087
3203
3948
44683
4049
3436
4594
112686
12889
117775
4202
3549
3185
4473
3200
3541
8443
342789
4846
4707
162099
4349
4436
61441
3912
21754
4289
3448
3170
30044
3196
3354
2982
3492
59385
3810
3358
3738
3145
20874
5701
221352
4738
3243
6569
269666
20431
4037048
63214
5199
3560
4233
3162
3276
8626
3258
11157
3482
6152
253905
5467
121760
4853
3331
3323
4921
248791
6378
4917
3796
3101
3431
14776
2940
7373
407187
459913
6238
90278
5137
3530
3274
8196
104306
4072
5101
3075
8626
328895
234205
40278
3912
2904
4862
3201
3625
6109
234539
55710
6844
347052
5234
3055
5410
3696
16060
3276
13196
3047
3067
3414
26568
132608
75889
4033
5956
161535
55080
4750
3296
3140
2904
3108
3532
2833
3270
2973
6881
233097
7579
86591
427446
6467
2910
3430
2727
3074
2990
3151
9517
3202
14593
465906
3594
176751
3078
7646
26006
3437
3143
3194
2970
2985
3060
3005
3941
2980
120588
7351
4481
77791
2982
3189
3048
2986
3090
3184
4317
2796
669897
9379
3133
6841
3000
4748
5330
2920
2822
3025
3173
2958
55342
3186
46280
3204
2968
3497
2824
4894
136765
3558
3220
24899
3267
2856
19559
3066
2911
2501
2973
2923
3456
39662
6117
861839
106339
4626
3924
12044
709964
550050
5385
4073
271768
6585
2652
2901
3421
3227
2789
3411
55848
84027
3151
