3024572
7216377
21731228
1790136
22421701
16268991
37254964
6676611
903572
2349233
4490080
9543826
14650620
23356202
21334555
8415649
22055958
5772822
3636466
1840046
5017548
9112884
856524
4153268
63012613
6384392
2773965
17354734
34584681
2404440
1814496
8112999
3162560
25917969
10769527
12092586
3601916
5803132
5061463
5473231
16539977
7791286
6556289
3399118
11474687
27438506
45408261
10464274
6674990
9400574
2594780
4694642
19601676
1451335
26207045
3964718
27619289
11170526
17486376
14476032
3526063
28793638
1413718
1713696
4696425
3417617
10126066
2235913
24864178
2125914
14532532
11321531
7305413
17861751
15691163
16172631
18033716
3770147
758389
23721911
11501391
15513702
4434880
33587547
1204211
3695478
19115485
27260539
5605011
15602896
3103601
40932229
14227798
30812831
3981642
26288464
8392204
11368434
20053433
7768071
3245561
17384705
13819593
29512820
23506860
3806623
3109182
23728018
7261972
4337296
24682100
8851948
6957318
16647587
7384379
2869991
26613172
4694970
7952919
5619216
12448213
32963920
5232631
3013623
17759552
14116115
4248519
16434820
7401998
2310244
5931123
45524228
8346666
4221685
7176068
17234594
8970633
13879950
7584768
64645255
10737205
2574937
4036498
3125423
16847567
4616161
12455107
37972245
12204680
1201056
17460585
1651897
7473620
32436901
23586158
23055980
9437244
9299846
11715917
19418664
4244352
26870695
7316803
19219084
15840469
4189896
10750012
54868894
46155097
25566702
11999255
11605045
26726017
17255931
57342566
1559063
4004410
8632079
2336806
5977989
10692070
16404008
3057501
8176454
7588406
1442038
10946379
6088682
11964246
17608661
7968931
19338006
20292683
4455113
10025219
35051101
10410508
1695443
47946697
4815158
7232992
26677530
28861583
28536692
16374716
2186321
3762139
2970795
3281644
2253125
54619154
1120262
7460612
5343814
5949531
5169476
59506871
6015139
4748022
2159555
21875370
6388074
7804972
7460201
15129230
6665716
8740514
3782794
29865194
37440311
5736904
23096220
1336171
659991
3763157
5760321
13540015
8026426
6801885
4416160
22589711
17236462
13043135
3470153
5854818
5204242
2679888
29446569
11341367
24268930
9662434
34126120
8035087
20192787
33044251
11399849
683757
1605310
4688850
401798
4586777
3384280
6840003
1491769
198178
530718
985561
2043054
3186154
4851323
4304661
1863852
4504082
1284973
804199
419710
1177131
2273421
190676
1244130
9176785
1361090
608576
3494543
6543866
511902
406602
1766747
699597
5132706
2287098
2604664
804723
1312293
1163021
1257815
3613713
1737822
1420490
798653
2535381
5593553
8345939
2297311
1477687
2078107
593131
1041313
4252935
331616
5323575
891516
5652839
2424457
3687680
3194300
835099
5898391
318236
383395
1061664
778789
2335723
515209
5047012
484554
3156445
2563854
1637613
3824503
3368000
3627223
3819121
878536
174968
5132751
2528196
3323111
999361
6860103
278938
839372
4199107
5589712
1232401
3454524
695007
7618640
2989440
6185650
913984
5252451
1879886
2452365
4275490
1751535
740454
3623300
3043197
6058394
5016168
852029
719583
4951491
1671167
977592
5290420
1960327
1572603
3645958
1728620
652439
5759307
1048647
1849699
1253615
2836726
6558895
1184323
663264
3837713
3113794
964516
3496209
1605102
535673
1344417
8446022
1866494
962029
1635038
3769808
2094309
4317019
1712895
10384194
2488890
599238
924018
698597
3741578
1089433
2745591
7204551
2691682
276617
3957003
370085
1729217
6456897
5027931
4972162
2169890
2087273
2653731
4138872
969628
5706734
1668973
4126551
3459161
957203
2537549
9291233
8516661
5469360
2615001
2512723
5396691
3844064
9461025
364405
905977
1934195
543756
1365617
2359695
3561506
720283
1900287
1714361
330374
2361296
1320308
2731510
3833155
1824586
4173875
4445796
1015048
2192134
6717225
2388703
393150
8758441
1100005
1671901
5632845
6005440
5747684
3588852
511645
856789
678986
785409
515912
8947218
261314
1656211
1192709
1385591
1150097
10139383
1352416
1079395
483669
4642445
1429575
1715616
1631231
3158211
1470042
1949143
854213
5873004
7248516
1277035
4707779
304629
149741
841888
1266546
2941996
1748870
1515963
969722
4629931
3661615
2804176
781601
1302918
1149138
579183
5892331
2464067
5141975
2102663
6571934
1786376
4234468
6535728
2566362
