3087094
7324100
18095248
1782019
19973908
15812070
36679473
8177525
901562
2356469
4359236
10332522
14403337
24700007
20288598
8359065
21571583
5971419
3556249
1395504
4958388
8798984
868833
3857806
69172720
6529516
2746833
18887784
34536826
2340557
1817706
6312187
3191969
25537482
10217799
10702947
3522324
6582505
5032291
5647574
16611518
7571124
5776115
3424977
11019950
24933836
46990679
11396150
5817341
9280592
2612334
4591350
19314096
1452537
26245089
3893006
27330234
11123065
17485594
30363631
3491217
28809239
1418813
1419144
4502923
2574333
6613568
2512670
26822154
2009767
7326561
12033903
9382327
17265766
15614306
14694243
20272733
3381880
814874
23674363
12319028
15031167
4718203
34596016
1217608
3673939
19609108
25730529
5708187
15629163
2945439
41196652
14132970
28688476
3876952
25621115
8261339
5790829
11480225
7756887
1994012
17206119
12186693
28110851
24241952
3716934
3095254
23352723
8141735
4251587
22534560
9210514
6935355
16478476
7701713
2647851
27281101
4672291
8327030
5571356
12442981
31248918
5201222
3023672
17951379
13747651
3263174
17183228
7418752
2249050
5519928
45617239
8398901
4311754
6912514
18219715
9001889
13720041
7470240
64706219
10756803
2303292
3781275
3073529
16104733
4799939
12767497
38338965
10450247
1150405
14907446
1802291
7782861
30445394
23762832
23335622
9801082
7734994
11955746
19259358
4214089
27515107
7061418
19114490
15674573
4113089
13595544
54211075
44978193
21440063
12075949
12722701
26011729
16861573
61570794
1868742
4118225
8123051
2264795
6158409
9636817
16062688
3037447
8152467
7354788
1447299
10657399
5212354
11986117
16929700
7836571
19351004
20254627
2703821
9997688
34552047
10024865
1731288
50332093
4723013
7461709
24301198
28738509
28968101
15276803
3466657
3700374
3027618
3007619
2427685
53871952
1105395
7559808
5173023
6035551
5066237
57932092
5918015
5014093
2041136
21352866
6578114
7726846
9573456
16815844
6398116
8253223
3819946
35642736
36988112
6016798
23067058
1368640
655811
3107721
5835134
13055024
8090830
7026382
4372229
23230573
17020708
12999485
3560989
5909255
5171618
2650581
29492194
11643477
24615242
9736437
34446876
8077466
20125630
32216552
10699694
694528
1622141
3947115
397478
4117909
3277790
6743223
1805429
196599
529613
952363
2193645
3123685
5076727
4099640
1839165
4396552
1321493
783164
314957
1155390
2180673
192754
1157732
9087294
1384032
600391
3744800
6502970
496182
405214
1375514
702745
5042835
2170569
2302632
782049
1483987
1150403
1291752
3609313
1678890
1247153
800995
2428550
5139459
8494976
2485265
1283046
2045031
593662
1014353
4177144
329808
5304748
871965
5576398
2403056
3670357
6234954
823809
5868510
318052
317588
1013196
585050
1529319
575274
5374487
454801
1615558
2705873
2076989
3685308
3331399
3302064
4221559
782999
187223
5104333
2684869
3215347
1055195
6988708
280212
829321
4270507
5286589
1249394
3439748
655544
7620955
2957194
5787562
884486
5110077
1842595
1258648
2522453
1739605
455237
3572980
2685588
5790534
5126923
827417
711592
4856198
1860153
954442
4847140
2024704
1558000
3594536
1792728
599307
5847385
1039203
1928143
1237369
2821493
6241945
1172709
662158
3857746
3022087
739773
3629488
1600013
518905
1247261
8422227
1869144
975503
1566899
3957659
2090267
4337882
1680763
10373853
2480668
533752
861986
683677
3569485
1127348
2795787
7233140
2305536
263843
3391281
402860
1789755
6115594
5038728
5003609
2237110
1742451
2694392
4089140
958620
5791497
1602905
4089481
3413048
935468
3157202
9209515
8343419
4648547
2618692
2735465
5254522
3748693
9613177
436381
927174
1813167
524973
1398579
2125558
3478958
712227
1886231
1651533
329755
2291817
1132283
2721164
3679749
1785567
4153849
4416991
619053
2175216
6619463
2292695
398532
8979347
1074214
1714690
5170448
5960478
5797250
3348015
801921
838661
687970
715674
553283
8855359
257208
1670846
1147051
1399096
1122353
10016867
1324226
1133899
455184
4509330
1464566
1691197
2061882
3485024
1405819
1833807
859459
6754859
7171208
1331307
4672900
309903
148357
691956
1275771
2837205
1755189
1557338
955491
4732972
3603885
2786834
798395
1309858
1136423
570728
5876236
2518619
5182037
2106191
6589177
1788439
4202316
6382138
2405493
