3101741
7266671
18359448
1787808
21419544
15691258
37908651
8151190
896135
2264946
4441468
9408834
14974168
23800565
19546657
8246549
22093737
6085507
3504907
1535573
4849031
8886897
868341
3805007
69149585
6792327
2815496
15541788
35446986
2349923
1803935
5929719
3161013
25359846
9647180
12323637
3488510
6600500
5067995
5726904
16672895
7574020
4592321
3373559
11085867
27287231
46901999
9558127
5601249
9166582
2614296
4600115
19430694
1456936
27724319
3909822
26490909
11975927
17413310
14478862
3454647
28862400
1379040
1645845
5115158
2576273
6642166
2213064
25837738
2020025
7327970
12249645
8264038
17489816
15544417
15038530
17154720
3365339
764065
23766114
13330344
15728421
4771421
35692194
1216357
3685848
19378280
27597631
5633908
15627092
2946237
40897414
12807757
30008376
3900583
27243180
8230318
5676125
11290563
7752245
1942793
17002657
13823461
27654448
21833625
3744174
3100667
23526467
7432994
4287402
26506882
8589534
7796639
16462756
7874199
2858974
26934099
4657945
7826079
5594266
12565533
31273775
5238449
2931042
19235682
13978792
3264524
16365473
7346625
2290069
5898598
44967625
8242263
4287395
7097822
15705109
8342414
14388825
7548964
65923116
10802384
2334527
3763777
3084334
16002116
4756027
12428946
38049682
10568413
1131375
14719701
1796480
7699503
32070248
23288633
22972819
9535470
7748895
12399186
19114296
4218741
27710989
7070285
18615473
15141753
4208184
12821469
54991887
45471145
21322879
12103795
12887715
25398499
16071918
61613033
1633837
2961478
8212997
2335326
5920168
9750031
16323443
3037415
8452145
7346529
1367379
11056973
6007127
9876854
17019242
8042173
19299068
22209037
2589040
10198947
34193653
9561755
1734924
52369417
4797010
7317469
24095378
28257897
21090825
16207704
3321516
3674092
2965463
3199444
2336644
54902615
1101435
8031208
5343176
6056526
5268037
57743943
5555994
5058129
2086570
22204215
6967454
7727994
10054910
15484635
6102100
8753637
3727766
39882404
36101831
5728127
22848428
1356593
660972
2956123
5962114
12880944
8110934
6933592
4421134
23374373
17210716
10971001
3578384
5886339
5152312
2684821
31059982
11819853
24768322
9393184
34529899
8117421
20508359
32240760
11431717
697463
1608148
3997737
398623
4377570
3250491
6915596
1799311
195286
508360
968513
2002144
3231673
4911224
3955650
1812589
4488921
1343873
771027
347329
1128846
2197368
192173
1146764
9084149
1435940
613663
3130716
6642942
498034
401924
1290796
695536
5011744
2056963
2637388
774623
1483339
1156042
1308894
3619681
1678240
996662
788506
2441110
5532640
8478098
2091634
1236603
2016882
593649
1014924
4197648
330911
5553866
874491
5416252
2576316
3653869
3170327
813031
5868321
308882
365012
1147565
585316
1535994
507146
5192633
456592
1616062
2751471
1836104
3728482
3316340
3373194
3621693
778887
175146
5116263
2892397
3355067
1065714
7160519
279703
831520
4224045
5617797
1232660
3440466
655250
7585946
2692216
6009920
888836
5385846
1835310
1232989
2482079
1737932
443616
3531200
3027311
5694043
4674158
833861
712798
4891285
1700429
960198
5591210
1893986
1747347
3588476
1830473
647027
5787591
1036267
1810151
1242325
2847989
6247684
1179080
643034
4105014
3070017
741029
3465367
1584843
527884
1329775
8342655
1833819
970037
1607256
3437029
1940638
4442040
1697509
10327895
2490630
540785
857766
686033
3550064
1116729
2725342
7184988
2329276
259045
3349736
401287
1768329
6379527
4946934
4932480
2177623
1742784
2782938
4059200
958876
5823347
1604710
3984090
3302606
956283
2983808
9253977
8397982
4621307
2623508
2769395
5146220
3585664
9633333
380690
674887
1831499
540386
1347403
2147961
3533130
712672
1953680
1649326
311784
2372654
1297063
2248845
3699956
1831172
4141432
4817673
592575
2216104
6550433
2189996
399303
9125821
1090241
1679819
5131534
5870412
4361259
3543389
768445
832908
673825
762617
531841
8925908
255558
1771873
1183406
1403909
1165519
9998120
1243945
1141865
464453
4687388
1549134
1691474
2159580
3217155
1340320
1942186
838218
7328083
7037234
1270878
4634228
307367
148976
659600
1302496
2799144
1760525
1535985
965843
4758357
3634769
2371430
801530
1304471
1133353
577584
6131992
2552182
5206242
2037212
6604761
1795882
4272398
6383219
2561704
