3167817
4859791
25827673
1798902
21728050
16274417
36184774
6916544
967865
2423491
4479768
10706086
16481054
21853456
14887253
8334508
29228874
5945198
3834287
1657881
4647927
9277251
871142
4030632
69509120
6403099
2827890
19386758
36879250
2565558
1858515
5285728
3174555
25581055
9370695
11253692
3492958
5564011
5100009
5719072
16229791
7439792
6335685
3391326
12289027
25773069
57482806
10280553
6380073
11616713
2659634
4705076
19497849
1458983
26562034
4150859
27457150
12357612
16877135
15790369
7085612
29290228
1454315
1753929
5141724
3570827
10088398
2439641
26608671
2178992
11370372
12321854
6730395
17733398
15944297
16223498
18601888
3880726
767812
23678618
13301914
15329361
4020755
33652181
1278657
3726336
17485389
16867654
5892667
12231443
3202880
40815532
16202723
27044805
3984319
27523163
7778343
9958596
20201636
8012093
3311624
17505656
14558546
29088961
23031816
3855966
3134404
23984073
8755418
4382228
24176604
9013416
6998368
20245595
8035198
2803960
27445633
4851919
7977942
5758909
12727425
29748166
5296382
3147218
18404205
14274795
4382973
23811055
7548758
2505735
5666349
45262658
8380002
4342471
9047471
23348883
10160772
14085711
7225226
66339326
10919070
2307136
4168661
3502490
16337388
4727001
12804721
38815790
13058294
1156045
16752558
1836003
7677627
26632855
21200686
29698645
8959060
8155919
12555135
23135795
4492167
22312714
8624438
18751241
15481935
4761459
13534132
59593372
48534948
26441069
12076005
12603801
27983489
17949508
55747966
2666676
5327254
8272271
2306926
8162185
10077032
16977518
3054284
8897752
7697536
1492682
11689586
7420294
11991849
17363073
6866264
19961647
21466029
4570245
10334965
35381147
8445136
1655487
53140145
4798152
7639820
29121059
28936046
28167594
16863717
3434028
4038215
2981062
3193913
2606849
52710237
1138767
8275000
5486627
6407543
5287197
58944288
6117946
4052179
2064796
25326792
6647679
7815400
9773111
13846627
5643262
8161524
3873585
34676067
35420051
5087176
28128431
1319633
664196
3798833
6382158
12985456
8067274
7221558
4363036
23122481
17103012
11166930
3573334
5906313
5209981
4298148
30498703
11707616
25071045
9706736
33688587
6361580
20519371
33489141
10476131
723126
1098429
5521827
407071
4498971
3411946
6760625
1559816
214305
551793
991665
2302798
3592518
4601772
3107919
1858750
5811347
1335479
855097
379783
1099111
2328271
195696
1224473
9156608
1375115
626251
3884388
6938173
552042
420056
1172375
709628
5119803
2019476
2450321
787762
1267525
1182693
1325467
3578005
1674950
1386038
805193
2739016
5340079
9511243
2285667
1426755
2559461
612504
1053754
4273160
336114
5429114
942174
5671861
2696734
3600581
3493549
1670662
6036292
330420
395745
1169802
820177
2347531
566736
5403961
501385
2514313
2809738
1525886
3834197
3445153
3671537
3966740
911463
178397
5164794
2930464
3318346
917884
6928039
298501
853803
3894806
3654753
1303367
2763623
725647
7661391
3405358
5579147
922854
5517625
1763331
2177176
4350817
1822878
763214
3677915
3227394
6041803
4972238
872328
732465
5047302
2027113
997406
5242510
2013285
1601182
4407264
1893145
644675
5955962
1094840
1872064
1295610
2927022
6069921
1211955
699949
4005032
3178845
1003909
4992302
1649518
584374
1299590
8492846
1893917
998778
2069563
5036883
2383256
4464098
1651251
10454961
2551424
542439
963427
789821
3674976
1127756
2844581
7392258
2894606
269242
3851197
416043
1791578
5523199
4622278
6240400
2083088
1860381
2860513
4897108
1035042
4887298
1977526
4075080
3423920
1098610
3190550
9627525
8864742
5682885
2653787
2745454
5662378
4034996
9462391
625368
1205834
1872927
542890
1880699
2253564
3718134
726866
2082101
1756719
345255
2540719
1615873
2760673
3818655
1595777
4336171
4731002
1050608
2280243
6830510
1972328
388704
9300184
1107566
1778555
6127095
6072145
5737811
3724771
806524
925137
689181
771512
601697
8878972
268319
1857184
1237141
1507970
1185972
10188990
1389665
931219
466372
5322586
1501042
1734616
2133367
2929117
1261912
1841573
883858
6671860
7017890
1143227
5645010
304329
151827
857109
1410868
2855897
1775380
1622975
966985
4772255
3667248
2448141
813091
1328325
1161850
931390
6126210
2562112
5338938
2132136
6568319
1432540
4335363
6668288
2388130
