3043442
9647269
18772395
1695600
21195734
15476323
40754521
8439468
885216
2375868
4705749
8830868
14220721
23657556
20860031
14094368
22612190
6403204
3164820
1410889
5437430
8501091
838953
3378307
69205440
6460974
2767967
14238158
36216516
2243442
1899335
4397870
3214506
25530288
10813079
10797243
3391691
6554722
5037382
5758975
16518259
7597186
5949848
3239804
10955267
26914360
47166801
9848783
7456645
8492129
2613376
3620696
19874274
1944207
27800443
3938614
26843510
12515180
17503107
13102709
2270403
25347478
1383443
1631531
4806629
2540483
6774344
2406465
24188247
1884297
7604909
11264815
8127031
17777851
18471597
14821153
18850029
3306694
738943
23740174
14364315
15385939
3805919
35497273
1225118
3668097
18562355
16916301
6056995
15322342
2838631
41144749
14680572
29391394
3815237
27370516
8041788
5563458
11395358
7657455
1464837
17135000
13242532
27285898
17597454
3657778
3129397
23861088
7102633
4326971
23873391
9540717
7784181
16212427
7834767
3027350
26398971
4211470
7816402
5400028
12537385
31391200
5228225
2744042
17409736
13317245
2111691
15645611
7208345
2230877
5176694
45187389
7949800
4286649
7155388
15665121
8658551
13710664
7723630
64203173
10844879
2669895
4315592
3109736
16124726
4473139
12078321
37712359
10751449
1063573
15036662
1779125
7834507
30776712
25335957
22880034
9720027
7729844
12492749
18557413
4184808
27457359
3608378
18363286
14351332
4847583
12116382
54569060
45886479
20553689
12027294
11245599
27880541
16953745
61582519
1580152
4092429
8199702
2343599
6313922
10545653
15550735
2769769
8284250
7243016
1423690
9836583
6026481
12904557
17062675
6846630
19549933
20472235
2600240
9380589
34959520
9792120
1649175
47787157
4718643
8182223
24578333
27723242
29985423
16195174
2173795
3734341
2937594
2930960
2494863
53773046
1085200
7481315
6020043
6261375
2642004
59463251
5730442
5480206
2870246
22235050
7142553
7987546
10645791
16394379
6162700
8731174
3609669
35208508
36912927
6583766
23867127
1342142
641395
3761863
5818071
12940222
7908054
6706143
4419038
23756163
17003822
8369903
3047555
5938690
5103894
3079892
30457068
11197428
24606870
9556112
34277379
7977474
19567004
31957635
10627498
682816
2117769
4069071
377192
4327842
3199352
7268188
1855498
192303
532160
1026306
1877910
3067593
4875484
4186843
3019625
4570067
1410304
696806
317732
1262359
2100980
185161
1057668
9067356
1362444
601637
2876408
6736912
474275
420963
960288
705303
5024414
2281822
2315223
750431
1468317
1146230
1311231
3580833
1679865
1279623
756229
2403746
5456313
8483310
2146991
1631658
1872592
592135
802114
4274695
437994
5553756
878348
5466244
2677396
3662388
2874180
537136
5232637
309165
361530
1076169
575271
1561972
548579
4890025
425273
1669499
2533150
1799706
3773970
3893055
3314166
3939290
763230
169338
5098797
3093740
3277827
853792
7123368
280822
825341
4047923
3604029
1321662
3365771
629079
7584527
3059086
5877165
867370
5389623
1787918
1207316
2494828
1713238
335161
3549031
2892995
5627022
3829530
812800
717803
4939173
1619090
966899
5095870
2087454
1736863
3524399
1815725
680191
5674992
937806
1804749
1199110
2834684
6248216
1173428
598801
3734762
2919915
480501
3313371
1549328
513525
1167741
8346810
1767105
967748
1616248
3415921
2004519
4245056
1731096
10349043
2489670
615176
976058
691244
3562893
1048381
2642325
7132023
2365414
242885
3408921
396494
1793821
6148299
5308135
4905488
2212421
1734023
2799122
3941045
949032
5763746
831694
3921293
3132380
1099974
2818287
9199447
8442573
4455441
2605163
2413783
5560331
3758988
9624295
366878
918561
1823380
540134
1429784
2311541
3365388
647761
1910739
1620064
323647
2114133
1297735
2913961
3696875
1564761
4179333
4453390
594888
2039404
6651381
2238744
378941
8676120
1070216
1874769
5205161
5758381
5953922
3533220
504804
843863
665283
695568
566270
8838055
251906
1649803
1330605
1445062
590165
10078134
1281075
1232616
640224
4654929
1583346
1739223
2278116
3393560
1351189
1934639
810810
6654077
7130511
1445176
4811504
303558
144224
836162
1270836
2804825
1716276
1483868
962700
4817284
3586542
1829157
678377
1312772
1119037
659116
6022890
2417423
5167459
2065801
6553377
1759738
4085582
6322896
2381703
