3160314
4122110
22846049
1794151
22990902
16005549
39511118
6950767
944794
2292279
4479961
10024135
15436903
23373044
15086831
8416944
29485016
6067673
3783796
1594918
4726265
8765794
919965
4153769
66679970
6330963
2864334
20931217
35169733
2629224
1870654
5328035
3170694
25666065
9248250
12473766
3538291
5870223
5145292
5548325
16035776
7755451
6464016
3386119
12296692
26275926
58305243
9967972
6289911
11699280
2608372
4706091
20039791
1503984
26503070
4140676
27352963
12464741
16776157
15948369
8346469
28873246
1447628
1712230
4622162
3617511
10126820
2424515
25641363
2084528
11361556
12354686
7273277
17232490
16091817
16043789
18850833
3918266
764551
23655574
13360532
13691799
4318571
33434691
1278585
3701608
17700208
27255702
5894599
12459056
3325237
40849596
15783924
29123271
4072571
27740122
7853169
9932721
19894571
7919341
3335321
17181569
11801693
29268835
25057125
3872769
3070858
24000601
8216034
4406032
24709250
8936883
7053282
19255978
8329303
2877752
27399839
4798093
8101572
5439388
12759247
32000498
5288388
3081460
20119879
14283326
3507060
24245188
7327408
2566284
5854151
44629241
8320261
4346476
9216682
24946300
9534189
14070458
7234329
66367004
10858542
2329915
4177617
3468214
16283906
4712762
12514270
38753640
13030665
1186707
16685081
1853837
7876828
27347440
20019355
29919682
8954935
8125080
12317286
21562282
4329165
25187510
8886093
19873750
15759370
4777232
13662332
61092563
46686770
25725459
12019916
11559407
30636543
18308713
56374095
2387709
4117290
8707531
2318972
8020716
10118968
16616547
3062371
8914214
8064438
1452045
12428843
7600683
10785821
17088995
6726397
20313186
21298653
4547140
10205058
35320011
8536232
1720820
49100162
4838541
8038944
29966831
29102495
28258954
16631361
3362883
3992796
2986617
3131449
2963091
54312334
1130026
7920162
5414682
6191084
5193065
58996637
6210996
4096438
2092537
24713927
7233856
7770370
11098870
18012559
5713858
8222310
3880338
32939833
37377604
6145427
29574765
1387512
667087
4280918
6040936
13145000
8094396
7259542
4394370
22555238
16971858
11147265
3047073
5931290
5238766
4254005
29807095
11564371
30164889
9776220
33569322
6473039
20679196
32542604
11681440
717603
928873
4923783
404046
4706624
3340248
7174692
1557810
208032
519344
986336
2148833
3355681
4869952
3133560
1866882
5821351
1354033
839153
363207
1111123
2199308
205955
1235263
9168710
1352973
630593
4152680
6645944
561916
421129
1175306
705111
5103015
1979490
2693233
792406
1331729
1185308
1280187
3521866
1735499
1406722
799390
2723066
5399452
9503658
2208047
1399466
2562937
597934
1048079
4359959
344885
5393419
935016
5623637
2706450
3563362
3511762
1949545
5937268
326887
384246
1048530
826034
2344365
560115
5206458
477741
2500634
2802381
1635083
3712511
3457868
3616700
3995685
914837
177181
5140027
2931282
2968328
981160
6860269
296964
843799
3922941
5608151
1297295
2798366
747202
7642907
3304500
5908169
937843
5523476
1769160
2159467
4268219
1792477
764278
3596919
2627249
6044939
5331651
871310
713655
5023897
1894782
998316
5318087
1986805
1604343
4188845
1951363
657945
5915019
1077502
1890211
1222082
2918806
6426005
1203894
681323
4318326
3164462
803011
5049086
1595217
594545
1334784
8374407
1870490
994610
2096444
5320548
2229880
4489437
1645168
10399775
2528758
545163
959612
777456
3645693
1118019
2770903
7340968
2874919
274484
3814705
418265
1826680
5621867
4371872
6249186
2069834
1847240
2804043
4569450
993596
5409821
2025239
4280396
3463851
1096137
3201342
9648095
8623594
5522490
2632771
2513477
6068147
4086995
9465613
555034
936916
1960839
542231
1836370
2250920
3622337
725486
2077066
1824849
334464
2675630
1641841
2475098
3743207
1554231
4382407
4670710
1041746
2240929
6784636
1980784
401420
8919525
1111794
1860571
6238229
6071755
5727423
3656629
784820
909344
686278
752411
679945
8954876
265063
1769743
1213090
1449980
1160784
10159653
1403388
936963
470028
5176459
1623720
1717945
2399976
3749869
1271706
1845356
880680
6381742
7276129
1371154
5863786
317934
152201
960430
1330554
2873408
1772277
1623812
968799
4644073
3620863
2432797
693941
1325685
1162103
918119
5981900
2519273
6235719
2135459
6519127
1448659
4344437
6484821
2636218
