2874034
9720501
18330687
1680518
21565207
15279626
43107594
8031678
859361
2306403
4195798
8017894
14156481
24678910
12521189
13859848
23893375
4566436
3122343
1615341
5682991
8840788
846144
3382409
69561090
6075720
2820168
13785605
37012494
2348104
1856525
4696528
0
0
0
0
0
0
0
0
0
0
0
0
0
0
0
0
0
0
0
0
0
0
0
0
0
0
0
0
0
0
0
0
4588981
3150375
6718732
2337721
22410602
1982751
7589769
11945060
6061732
18146264
15286407
9033508
17928191
3411669
816343
23729834
15160410
15173811
5010080
33544488
1193077
3659138
16698184
16837734
8144395
14682670
2819131
41038101
16349931
27343701
3747694
29466095
0
0
0
0
0
0
0
0
0
0
0
0
0
0
0
0
0
0
0
0
0
0
0
0
0
0
0
0
0
0
0
0
7990795
2158230
5458707
45218585
7845219
3898822
7892740
17107215
8732720
14063089
9059344
63966634
11041594
2636385
4308335
2943822
15866694
4034447
12660596
37871225
12694133
1098362
12530861
2499952
7546199
26582300
21115173
23025192
10368929
5893018
11495526
15038476
0
0
0
0
0
0
0
0
0
0
0
0
0
0
0
0
0
0
0
0
0
0
0
0
0
0
0
0
0
0
0
0
20561884
2448214
9350503
34679694
9981634
1713861
53056243
4687170
6821655
24477791
25921278
33861041
13794555
3308579
3765816
2419685
3037338
2489057
50924757
1072893
4661879
5998758
6305625
2798555
58810082
5494710
4940972
2063283
17245322
7147578
5710490
8920624
0
0
0
0
0
0
0
0
0
0
0
0
0
0
0
0
0
0
0
0
0
0
0
0
0
0
0
0
0
0
0
0
639852
2114417
3949585
371431
4362227
3140869
7501161
1754815
185687
512187
905403
1698063
3026668
5021014
2577041
2950122
4754667
1002590
682188
360695
1306826
2143389
185523
1012936
9001780
1273146
609047
2759185
6798331
492275
407828
1015825
692397
5012045
2250118
1774619
734888
592399
1125967
1293084
3572375
1885343
1245836
771711
2570042
5554336
7596674
1876077
1721661
1895600
587430
775584
4072359
410536
5582098
865257
5252135
2475431
3617628
2547563
580043
5852245
302538
348476
1017653
704275
1537187
529176
4532060
441712
1651203
2655518
1338344
3814254
3227146
2032987
3738984
780697
184982
5053680
3222646
3202814
1101224
6741664
270677
815328
3637417
3546326
1752182
3209839
619125
7516088
3349051
5491399
843601
5692759
1594740
1026842
2627247
1597761
368427
3514824
2595491
5457908
3761181
794447
363080
4776765
1711824
955927
4588757
2101054
1647100
3295610
1892316
700528
5316218
925882
1844076
1152706
2790037
6077914
472192
595812
3671050
2949150
445450
3228801
1696521
491638
1216818
8276731
1727693
872069
1759442
3679662
2002113
4286551
2000156
10262445
2509793
601432
965349
647003
3473992
934626
2735346
7086580
2752715
247354
2829289
555009
1711388
5370339
4476064
4879636
2331907
1310559
2567373
3203559
929266
5203370
744711
3942780
3067016
1027002
2412384
8692622
7504167
4166063
2559365
2328929
5213967
3554718
9549042
432852
832643
2026123
530083
1041169
2551291
3336099
638893
2444205
1692881
296876
2009647
1096911
1245395
3394879
1510766
3900501
4431625
553471
2011443
6550713
2258305
389410
9096935
1050801
1549627
5136375
5380272
6481194
3013077
755064
842935
541980
713668
558685
8542802
245847
1027363
1311908
1442967
618026
9951964
1217577
1101908
454774
3663216
1566891
1246600
1903068
3445155
1397502
1894201
812450
4131254
6974483
1444915
4169569
274972
140801
403267
1254845
2582346
1681885
1555381
936885
2866562
3042649
2096364
714915
1269839
1111677
632599
6009757
2453696
5123291
1914627
5563331
1784825
4003264
6281336
2003031
