3052614
10298867
18370640
1744849
16712649
15439069
40905153
8086775
849598
2144793
3986170
8564710
14440352
24246549
12298251
14046180
23904741
4646979
3028737
1265568
6232763
8863095
877337
3403820
69096938
6037361
2792512
15878148
36089993
2276973
1872023
4623514
0
5
0
0
0
0
0
0
0
0
0
0
0
0
0
0
0
0
0
0
0
0
0
0
0
0
0
0
0
0
0
0
4585353
2899086
6589500
2356172
22948726
2003637
7729795
11417056
5652459
16963378
15561706
10146395
18993699
3349608
734995
23838874
14545145
14400296
5174803
33650290
1205280
3524234
16467769
16282683
8303332
14531097
2771045
41034207
13647831
30890346
3865525
29365207
0
0
0
0
0
0
0
0
0
0
0
0
0
0
0
0
0
0
0
0
0
0
0
0
0
0
0
0
0
0
0
0
7772951
2113381
5198960
45288576
7852623
3915824
7881470
16286201
8024873
14244988
8908051
65907464
10873083
2551024
4261597
3012608
15595032
4096767
12523899
37842709
12570938
1043648
12518912
2475768
7738884
26538535
13882580
22009636
9863332
6081267
11159231
15247404
0
0
0
0
0
0
0
0
0
0
0
0
0
0
0
0
0
0
0
0
0
0
0
0
0
0
0
0
0
0
0
0
20662098
2553703
10194466
34299349
9591959
1716829
53906623
4641255
7443926
23794247
15907768
36383103
14360150
3132694
3731858
2313144
3246291
2741896
50701848
1072604
4868703
5946418
5889419
2689862
59085883
5302326
4418860
2034876
17062351
6405480
5393357
10191652
0
0
0
0
0
0
0
0
0
0
0
0
0
0
0
0
0
0
0
0
0
0
0
0
0
0
0
0
0
0
0
0
676728
2232548
3950581
384132
3446547
3161993
7221719
1761749
182686
475952
857961
1805451
3078661
4931625
2527523
2975843
4745298
1016768
660068
281356
1420142
2139986
191755
1008243
9003391
1261773
602292
3153649
6650468
476075
410217
997292
694793
4967190
1981456
1793495
726417
572001
1123898
1248646
3528029
1928719
1255248
767595
2401268
5432958
7784377
1997932
1599744
1789126
586519
782241
4091250
390701
5624115
869434
5530351
2470642
3615885
2831793
599043
5847886
304656
484938
1014955
646758
1504272
531417
4610352
445012
1676823
2535619
1245870
3568457
3275980
2271529
3929447
763932
166189
5058651
3097831
3038922
1132522
6740940
272516
785241
3579994
3431648
1782330
3170287
607486
7501190
2818474
6076613
867734
5657615
1556522
1095292
3066429
1591741
381430
3493957
2551034
5762031
3003689
783618
364722
4916680
1633060
926075
4519661
2088445
1613808
3332429
1192719
665287
5658420
963059
1841862
1154461
2776691
6232285
471382
604381
4298563
2926067
468043
3231787
1648228
481400
1156800
8265633
1726933
874859
1753435
3506108
1839866
4329123
1965257
10219755
2464525
580645
953221
659544
3408294
946515
2702757
7065110
2721440
235315
2820807
548278
1752965
5356186
3032315
4677045
2217549
1348538
2483122
3240898
921082
4492562
806353
4042618
3339460
1015788
1991432
8566938
7498890
4118039
2515080
2501499
5291495
3803138
9443054
373922
850083
2000728
521232
1051314
2526232
3146180
638556
2431800
1609183
286698
727506
1092810
1321471
3171678
1494904
4054667
4440170
575435
2180162
6475111
2165731
390161
9142938
1039991
1684983
4993855
3432802
6826368
3123341
712927
832835
517283
759980
613985
8493816
244850
1070013
1298527
1346320
592659
9947155
1172782
983693
447058
3618570
1402082
1171619
2157677
3338456
1331803
1790726
801539
4076267
6535461
1345779
3818620
288925
142341
357558
1211824
2522469
1680579
1511456
936450
2824911
3122209
2727417
674640
1259803
1101816
631189
5966039
2519162
5173074
2004335
5490772
1808541
2353422
6300394
2273654
