3011391
9875520
17914466
1737759
21695865
15755308
42942152
8314869
848987
2245176
4077727
8220353
14331653
22389948
13506552
13735033
23975517
4434343
3186751
1589914
6300780
8575560
857878
3562860
63414663
5918605
2764581
13255855
35601475
2252618
1895800
4015499
0
0
0
0
0
0
0
0
0
0
0
0
0
0
0
0
0
0
0
0
0
0
0
0
0
0
0
0
0
0
0
0
4375920
2790352
6540497
2071116
32762416
2099056
7691638
11163827
5828381
18056969
14219656
9935969
18738201
3233744
892643
23859198
14947112
14252672
5018657
33440016
1204155
3462130
15916900
14268110
8807060
14592544
2639254
17338662
14372326
30025252
3824330
29608204
0
0
0
0
0
0
0
0
0
0
0
0
0
0
0
0
0
0
0
0
0
0
0
0
0
0
0
0
0
0
0
0
7952273
2175187
5129405
45307728
7703554
3869252
7819882
16440292
9458684
13994602
8402476
64906743
10921691
2329135
4322211
3008323
16290289
4420463
12471057
37736767
13302239
1083850
14541127
2459113
7930124
23815057
13971766
20342097
9885328
5786092
11296346
15120063
0
0
0
0
0
0
0
0
0
0
0
0
0
0
0
0
0
0
0
0
0
0
0
0
0
0
0
0
0
0
0
0
20907023
2448940
9787162
34916020
9935974
1739062
52464337
4652624
7239520
23692521
16176926
34679007
13798985
3121372
3692660
2370452
1763681
2253869
50812208
1067253
4375139
5844084
5935709
2763292
59699460
4923322
4329847
2047082
17650028
6390256
5455267
8236769
0
0
0
0
0
0
0
0
0
0
0
0
0
0
0
0
0
0
0
0
0
0
0
0
0
0
0
0
0
0
0
0
667641
2142763
3861229
382317
4379286
3220925
7453957
1810198
182556
498006
876636
1734028
3056986
4584967
2759566
2912085
4752690
970505
694805
354868
1433271
2070327
187358
1024759
9039226
1235971
595550
2657129
6571211
470638
415421
867829
685697
4980355
1916750
1655072
753214
585256
1120353
1234794
3502687
1935314
1243719
761152
2394626
5499054
7923383
2025754
1637795
1806178
586607
835974
4079591
388103
5625691
867795
5467968
2388592
3615243
2825334
597170
5833427
278556
344446
967887
622167
1494773
467546
6283297
466074
1666158
2482004
1281679
3782500
3004353
2224019
3877875
738254
201486
5062216
3172873
3006630
1097828
6706945
272438
772031
3468374
3023260
1886123
3181978
578758
3566129
2957874
5919900
857848
5695251
1545245
951903
2792275
1636555
362298
3528857
2407467
5493525
3387348
799160
362052
4938459
1628601
840468
4507720
2056593
1626316
3276932
1181082
691411
5739230
951969
1690188
1175064
2711122
6044992
465774
604354
4091080
2974196
500517
3409873
1684058
494175
1141692
8262671
1694409
863582
1739561
3535891
2155228
4253952
1856209
10209379
2474867
530701
966355
659013
3550395
1020563
2688367
7047887
2871612
244082
3252595
544686
1793693
4873159
3049402
4365854
2218100
1284554
2513809
3213006
916410
5589038
713666
3784519
3208064
1196283
1865262
8839287
7454200
4077418
2541932
2101890
5352289
3796624
9410427
344170
805187
2025231
546067
1124976
2337469
2995624
643693
2375656
1579829
278747
867070
1053969
1221219
3279887
1476788
3858003
4488348
551882
2096489
6565526
2239722
394315
9044753
1041050
1638503
4973457
3487541
6582459
3004785
709747
823974
529418
413680
506070
8508075
243845
961410
1274171
1356878
609722
9978985
1089603
964710
449247
3727239
1398422
1183937
1758924
3343649
1358175
1908093
788614
4244634
6957404
1411324
3815130
289930
142493
397581
1225044
2520756
1688787
1516633
934093
2902486
2965120
1775701
648218
1279561
1100699
642943
6051652
2452146
4984075
2038167
5334512
1753714
2351227
6291308
2717951
