37280584
36898320
35985279
37893995
37499196
37862559
36315382
36592001
37350249
37629048
36151277
36913513
36725854
37628978
36953631
37359072
39035954
37233031
37224500
37072801
36704652
37216152
36128409
38126202
37944866
38622241
37387679
39092118
37691157
38124829
38525399
37869499
38784085
37871554
36718308
37334572
36866158
38380479
37283514
36982319
36189970
37687088
38088679
35919415
36535425
36312828
35919165
36835740
36176273
36679398
36938743
37013085
36404711
37125723
36256870
37202644
36607399
35694416
35891186
35553211
35924842
36190365
36224523
35717994
35737327
35263131
34261355
35682830
34854024
35054995
34841649
34600618
34080450
35408618
37313908
34953449
35896205
34253295
34934161
36231644
35763211
36108833
35693707
35007877
35273719
36891265
36457824
36781700
36372178
35894418
35700261
37864215
37038120
35719349
36033049
36229670
36781479
36436549
35940502
34985352
35844139
36202194
35334197
35520644
35128334
34320176
34869284
34806894
33413034
34588845
33726307
34000328
34987634
33830172
33089490
34407066
34597858
33322614
35065068
34241225
34847781
33427034
33032253
35040257
34145986
32873100
33568526
34710492
35300412
31633537
32790184
32674903
34262712
32881347
32168587
32770911
31995034
32141696
33614675
31645431
31442346
32854014
32544723
31400825
31622242
32419944
32117414
33012772
30240103
31979509
31541180
32555673
31399755
31573426
31383149
31543318
31903348
32588232
32785383
32632299
32213672
33206243
32394381
32498997
32631979
32145830
31439172
32595655
31340826
31262646
31441382
31317211
30005680
31195367
31431629
31252757
31963892
31273048
30640087
33928199
31451616
31773602
31352516
32578061
31670379
32400264
32221505
31631055
31163633
29843259
32021794
32494106
31407406
31638436
31747084
32656233
31922636
31702051
31914441
26518970
30611924
27121714
19510660
32767595
32289319
31836737
32293603
33708712
32669071
32400875
33026403
33957799
32364127
32210601
31973416
33616390
31459793
31679186
33312978
33914117
32828329
33558954
33418516
33895833
33706419
32791379
33738514
33136188
33314143
33739492
32806494
33103355
33307859
34251269
32474310
32439958
33734164
32920504
31858148
31465749
31619861
30805186
32712962
31697653
31484491
31304099
32627321
31134341
31400426
30932835
29183836
30876025
30633553
29697132
29819981
29895501
9193448
9308828
9475665
9254929
9410897
9347247
9423041
9446774
9481626
9432953
9493031
9474889
9512079
9525490
9529221
9446331
9822747
9547787
9688944
9501503
9616579
9648619
9631467
9576150
9589215
9466999
9511854
9422976
9578449
9161789
9605902
9600326
9464249
9543203
9670121
9539078
9617868
9626238
9670187
9688333
9667384
9515737
9542239
9791781
9717622
9644684
9760279
9598586
9665564
9620128
9518777
9602121
9739465
9654211
9546669
9746567
9629404
9678963
9572492
9652910
9825515
9570288
9538968
9582802
9531694
9583902
9681902
9727343
9473716
9551956
9399629
9575817
9528512
9454052
9638408
9500771
9661659
9328302
9609049
9547622
9551866
9490296
9526422
9661817
9620936
9765320
9514896
9474490
9433816
9552913
9397921
9338371
9492396
9401286
9429264
9440686
9361011
9333193
9370049
9530729
9399410
9444628
9356042
9377361
9401346
9423742
9422878
9306882
9443556
9328242
9270445
9377615
9281575
9455361
9317514
9195284
9214209
9324120
9355545
9266544
9532986
9315113
9312128
9415002
9097998
9323138
9227209
9241066
9080851
9406985
9178206
9347503
9082186
9471532
9217380
9208773
9302979
9218214
9159417
9249526
9174207
9142049
9123475
9143224
9279660
9171796
9243523
9198761
8958172
9089420
9242027
9041486
9108153
9107794
9068173
9114438
9107601
8993804
9074449
8968551
9125614
8978432
9025671
8968636
9107506
9044344
9184526
9033283
9249794
9059170
9032196
9180102
9123853
9165141
9106813
9082024
9063045
9187756
9120651
9608088
9183191
9216805
8906208
8984459
9219905
9270478
8903199
8977297
9069741
8791598
8992782
8860632
8738443
8910467
8814902
8871006
8937349
9016707
9028310
7642522
8734326
7996615
5855520
8780224
8790225
8897499
8933072
8769491
9041172
8853598
8917632
9259273
8869620
8866164
8954806
8780016
9048468
9053817
8752686
8691980
8784003
8664267
8722908
8651275
8582668
8733959
8721694
8637933
8632871
8827564
8694018
8697323
8632187
8541799
8656968
8608786
8561116
8724278
8503175
8186890
8193063
8250535
8417708
8554372
8575557
8481580
8422115
8535473
8508375
8480187
7776995
8243527
8449643
8117659
8233477
8230760
