37298178
36967717
36106099
37964094
37588954
37959395
36450735
36742514
37473543
37739794
36303084
37067282
36867096
37757467
37106613
37504541
39188228
37369064
37383539
37256729
36899435
37392350
36317895
38274910
38083360
38791681
37564213
39202687
37820971
38225807
38683554
38045227
38951975
38048195
36901162
37530007
37017821
38529766
37469721
37187873
36418388
37880518
38254538
36118484
36712977
36542249
36123455
37052044
36344137
36877488
37095226
37191958
36586010
37312455
36463946
37339292
36772917
35913383
36073297
35738789
36105060
36375872
36395294
35895469
35930197
35450626
34465253
35874029
35056685
35256517
35030651
34814318
34290247
35598078
37435020
35144520
36035286
34320885
35098244
36428924
35917478
36254765
35824301
35174666
35425805
36995926
36602704
36886938
36471203
36018310
35823209
37945544
37096644
35868957
36154540
36353421
36907231
36549374
36021017
35114175
35933048
36302052
35439735
35636842
35259526
34489149
35014150
34937277
33566582
34713495
33855081
34146009
35095749
33960929
33244828
34544319
34712807
33477494
35180264
34363243
34957360
33594231
33189479
35156225
34260817
33018021
33694646
34793340
35392362
31875624
32947595
32820249
34391454
33026947
32324701
32964696
32161948
32315205
33745197
31833311
31617057
32977243
32698671
31567437
31772588
32563754
32256463
33089513
30220392
32096828
31658701
32656843
31520022
31723970
31497505
31653587
32017132
32709402
32878287
32734861
32323955
33257890
32330297
32546417
32707132
32244731
31550597
32693935
31444911
31401240
31556419
31427787
30177597
31298429
31499511
31356747
32046144
31376051
30752917
33968522
31518292
31849553
31437500
32607320
31754267
32408826
32245166
31662121
31212019
29813233
32015453
32458437
31214400
31679611
31752530
32658192
31914374
31619454
31873642
26603128
30538124
27202863
19769655
32735130
32178168
31791105
32270062
33624943
32616792
32349446
32946429
33870095
32307481
32103936
31896024
33461672
31368162
31824895
33174628
33733781
32650016
33371428
33219319
33701041
33497387
32579787
33481814
32909562
33099334
33485462
32553153
32844566
33005156
33963896
32190244
32182335
33383057
32604792
31503136
31101098
31248712
30324130
32246428
31311627
31101822
30943938
32206772
30742413
30990093
30455775
28920003
30350969
30209367
29107108
29390357
29455115
8975125
9084963
9246264
9040500
9185195
9133947
9206580
9230095
9260834
9217436
9270985
9255093
9282509
9302005
9308258
9226263
9591986
9322883
9457030
9280858
9396707
9427020
9409519
9358298
9367612
9254391
9291377
9212117
9352339
8951534
9383548
9377143
9248588
9324103
9446654
9322841
9394080
9398221
9447105
9467245
9438401
9293400
9313341
9554586
9485564
9421125
9521262
9363529
9436972
9390691
9293972
9373020
9506447
9426720
9319869
9504134
9396213
9451718
9339260
9416148
9588040
9337144
9311176
9355901
9300203
9349553
9447973
9487829
9249700
9323989
9172800
9343532
9289360
9229847
9393403
9268047
9416806
9078223
9370357
9319006
9318344
9254887
9290377
9420399
9383310
9519743
9279937
9237109
9197560
9309763
9164644
9109404
9249452
9166786
9189288
9204711
9124283
9094140
9134404
9285507
9161203
9205864
9125182
9137748
9159665
9188543
9186234
9071601
9209282
9095133
9034231
9139939
9047065
9213694
9075672
8960893
8973251
9088386
9120569
9027996
9289866
9067033
9072823
9175973
8863964
9080175
8991667
8999189
8854589
9167650
8943714
9104279
8855753
9222105
8980640
8975303
9068483
8985813
8926960
9014515
8937037
8907281
8891245
8907567
9037805
8932703
8994046
8948454
8679287
8848134
8996029
8804901
8866709
8863117
8828971
8874912
8862942
8758581
8837874
8732316
8878490
8738696
8756234
8726784
8866020
8807247
8944308
8789549
9001597
8819296
8794844
8932769
8882276
8916204
8862535
8834797
8811213
8936721
8867556
9340738
8928254
8961241
8670080
8735607
8968185
9007318
8660773
8727902
8817371
8530442
8736292
8604369
8454223
8664927
8571831
8620208
8687976
8742351
8769912
7438156
8469142
7784685
5754504
8530144
8521549
8637399
8675171
8514892
8780704
8598448
8655690
8982951
8609997
8597715
8691462
8516950
8778701
8818174
8496127
8432185
8518390
8402839
8462554
8393219
8328247
8461192
8453780
8370934
8365613
8557045
8417620
8418236
8360061
8270932
8379078
8331594
8280247
8439295
8209887
7906368
7919719
7938401
8123355
8255480
8277382
8179919
8135858
8233267
8197888
8155508
7521570
7929243
8141965
7781918
7930521
7921668
