25885962
25837623
25379788
26575188
26455155
26739168
25771199
26054156
26641159
26852998
25832126
26446634
26258329
27136958
26519843
26913971
28886754
26793067
27044393
26719737
26509117
26828672
26156571
27703979
27468075
28018845
27196766
28301841
27386715
27279563
28157486
27724729
28415301
27937847
26830657
27367400
26986281
28175596
27415785
27194731
26607166
27783831
28048275
26467460
26872708
26857016
26532404
27296267
26602570
27066886
27207130
27351693
27023975
27569364
26871927
27802260
27184532
26602671
26515991
26319518
27024222
26855452
26875903
26501305
26492390
26130592
25405562
26815768
25838723
26055288
25815313
25700027
25367781
26283288
27917160
25928133
26996803
24773840
25921815
27008787
26583820
26830322
26455332
26062333
26155020
27691456
27066046
27312523
26911496
26641133
26440573
28018017
27586584
26522304
26730750
26875468
27300562
27049776
26600779
26042714
26565091
26837633
26195647
26427265
26157240
25608742
25990685
25864775
24855691
25759331
24954066
25345766
26011074
25184026
24673849
25545245
25734325
24860487
26370842
25492322
26467304
25053705
24654942
26464093
25426394
24546462
25014560
25978489
26274008
23841925
24513196
24445009
25631731
24999942
24085479
24666133
24044612
24123760
25406914
23679688
23538093
24529027
24389413
23630757
23681110
24312928
24127411
24953584
21887963
23870240
23566794
24270206
23442001
23644339
23392148
23573870
23836784
24312648
24487915
24402871
24228771
24732205
24258510
24159739
24451034
24134899
23637549
24464264
23533138
23604132
23612474
23561048
22708223
23488713
23587891
23531997
24128563
23569377
23072646
26286272
23628488
23836854
23588118
24386656
24001879
24602270
24084683
23685963
23360518
22090846
23828886
24165558
22815038
23688579
23626543
24383189
23777363
23114275
23653203
20616616
22547864
20254890
15357157
24368330
23526990
23598953
23958568
24885334
24324976
23977886
24400793
25678210
23993107
23714598
23587392
24657886
23109080
23906293
24362633
24816860
23996862
24484835
24284415
24664494
24462053
23821271
24449587
24045017
24101576
24640328
23693641
23886093
23946981
24761783
23344425
23349937
24171460
23882971
22644988
22620323
22612426
21700743
23206021
22628735
22306176
22308755
23046377
22043620
22220157
21765097
20779836
20984840
21622367
20230860
20910990
21022265
6179583
6272995
6369001
6282765
6378738
6380541
6389968
6427963
6485279
6468066
6464013
6490101
6482740
6572593
6529502
6502502
6952480
6557645
6680429
6518789
6599101
6635213
6603498
6660922
6641232
6599635
6578827
6577403
6641371
6316621
6705306
6693916
6635679
6685431
6701800
6633837
6682984
6731813
6723308
6727329
6676687
6630819
6676395
6757289
6726001
6688431
6739346
6657734
6701844
6669341
6617812
6684704
6788932
6752047
6622089
6853418
6720981
6741053
6627267
6677236
6889075
6638079
6644221
6664292
6609772
6617440
6657264
6800686
6545579
6605736
6489111
6603120
6552681
6560064
6767389
6559908
6767947
6290775
6645714
6650692
6639731
6604627
6621379
6690248
6671440
6877093
6626847
6615225
6568065
6631547
6529797
6552290
6661910
6528660
6556167
6576151
6533777
6501145
6525608
6623117
6531750
6577820
6501033
6513060
6516649
6512922
6536106
6455071
6513273
6477825
6379671
6474978
6452060
6534417
6417537
6347144
6368712
6433381
6570341
6419096
6718048
6417503
6421890
6635129
6298982
6417401
6383346
6444638
6334651
6453587
6327203
6432249
6313979
6606378
6347378
6360461
6427416
6356295
6403192
6354806
6290037
6312172
6292823
6282224
6376443
6328797
6366522
6404251
5927914
6239436
6338844
6232490
6239830
6236131
6222185
6265139
6253856
6190405
6263654
6195488
6293542
6189931
6245357
6176559
6313280
6250894
6330637
6245515
6363240
6244414
6222961
6322313
6250321
6305765
6284246
6249297
6262535
6321103
6249236
6838136
6317487
6340504
6141514
6198688
6404445
6468458
6152220
6180275
6226550
5944503
6170592
6086284
5876392
6125689
6067927
6107430
6143881
6066643
6189791
5353298
5908956
5413595
4106076
6045532
5934375
6084158
6126742
6037033
6235952
6064179
6128490
6491441
6084456
6053082
6125608
6032384
6149709
6255141
6002899
5968947
6004652
5927984
5959417
5934388
5876512
5942166
5960151
5883846
5873802
6081548
5893557
5895350
5865119
5827907
5850657
5814612
5805186
5950412
5665109
5503316
5524881
5446440
5656720
5726516
5708743
5654438
5641854
5672833
5634631
5591427
5163252
5286266
5595778
5187074
5410756
5410259
