16364794
16631576
16400110
17245567
17179868
17301524
16783880
17022570
17383787
17502072
16899452
17244794
17210358
17979358
17372718
17707876
19888234
17628653
18044683
17594504
17475317
17685276
17265189
18370604
18110171
18473825
17969416
18772077
18030828
18382337
18672092
18393205
18817137
18710817
17741111
18202070
17854664
18707392
18205589
18047180
17634036
18460677
18587489
17556567
17825674
17902012
17641690
18179539
17645081
17998351
17990682
18179289
18096371
18382898
17839857
18821985
18196489
17920124
17569893
17431228
18452288
17875865
17905731
17614253
17639174
17325458
16881541
18205733
17212798
17373903
17104226
17101639
16899941
17406152
18751228
17203734
17770037
15266424
17107373
17887997
17571936
17758000
17455132
17265316
17252605
18688903
17931232
18054516
17794627
17670726
17532635
18550381
18500611
17656913
17778667
17882081
18180808
18008954
17553229
17478214
17676245
17890735
17426848
17647556
17419491
17120278
17384450
17208100
16561297
17114334
16611227
16950382
17218424
16786682
16455644
17085926
17097754
16583642
17915940
16965863
18236748
16775324
16415241
18104744
16850910
16348846
16672689
17390104
17486692
16030799
16333555
16347807
17112803
17129148
16067802
16570178
16171410
16119160
17280519
15745192
15632432
16275380
16229158
15787032
15734415
16188156
16203009
16732669
13664823
15806296
15596539
16015657
15465786
15738680
15526868
15655500
15860455
16146489
16285377
16237616
16298288
16382087
15939139
15932570
16282474
16141455
15831196
16352899
15736651
15863212
15764576
15881794
15313101
15863887
15839201
15870724
16362877
15986012
15605136
18624367
15972822
16090984
15984325
16485419
16499570
17085710
16325936
16112733
15868185
15331373
16135996
16357385
15464087
16197514
16038256
16669535
16232743
16938035
16091339
13741346
15736762
15035308
10134296
16780923
16480389
16248529
16494085
17113602
16957205
16610102
16873219
18500377
16741700
16527477
16457998
17167000
16058030
16014494
16951324
17296083
16741195
17106352
16957642
17249233
17101983
16710490
17157316
16892999
16928116
17666572
16680793
16775448
16852089
17475961
16423816
16473439
16987868
17072040
15917285
15935355
15727715
14989849
16473726
16001679
15519971
15737633
16147247
15536285
15671942
15355220
15052960
15171394
15170292
13498600
14525229
14550644
3658787
3771199
3815663
3816028
3857515
3869619
3869110
3903654
3944733
3937670
3925827
3939465
3944755
4054903
3976690
3987336
4457766
4012555
4128474
3984941
4036755
4062703
4031809
4121747
4077937
4073636
4033670
4083278
4072256
3972293
4140516
4131103
4104543
4164378
4108877
4092896
4106528
4155435
4131116
4133928
4085307
4081851
4121233
4128126
4118036
4112315
4121549
4085605
4112319
4094119
4054677
4110176
4192506
4164461
4053110
4289006
4156807
4178137
4045852
4070122
4319494
4068375
4091757
4088637
4052456
4034703
4049623
4238255
4002012
4043913
3953838
4022126
3981737
4006081
4200872
3997340
4100516
3571520
4032566
4058981
4041936
4030010
4033203
4065027
4054296
4289526
4052263
4048345
4015923
4050425
3996198
4032276
4137770
4000057
4022147
4035890
4022632
3995140
3984671
4084288
4006765
4048325
3987513
3998836
3983971
3980489
4008090
3953206
3970195
3957367
3893891
3958835
3934687
3989369
3907966
3892867
3882772
3923523
4113037
3920766
4238598
3910732
3909137
4174256
3837135
3900214
3896319
3965702
3890820
3923612
3852030
3914347
3868809
4119023
3858479
3887211
3938165
3871103
3987841
3848250
3798680
3834062
3819298
3806318
3853128
3847347
3888078
3919694
3350675
3768750
3821027
3766411
3744791
3770776
3766224
3795803
3788851
3754837
3812082
3770898
3848783
3753715
3757272
3733892
3851988
3812660
3857686
3814164
3870656
3808228
3782580
3870302
3798564
3863979
3847170
3828080
3858192
3885620
3816183
4417109
3877615
3893053
3783015
3822717
4002245
4088814
3806662
3829314
3839041
3724004
3808777
3765970
3630933
3810910
3764156
3804536
3823937
4011888
3843035
3223909
3734066
3603723
2425398
3801526
3781019
3814126
3846299
3811850
3970022
3832671
3879772
4269621
3869651
3848462
3895633
3857848
3893296
3807764
3837587
3826885
3840281
3804378
3816923
3818411
3785325
3820449
3848960
3792930
3787964
4009632
3802642
3798832
3795456
3788848
3774929
3758230
3758240
3900372
3638015
3548736
3536721
3444101
3692638
3703083
3640776
3642001
3642183
3657820
3626697
3599835
3405578
3485927
3591329
3166751
3435903
3423726
