614360
592470
609328
648174
674418
660924
661075
680346
700221
714328
702186
708965
717648
1248832
747759
784339
3246665
782598
1327572
773502
772869
820228
773050
1159938
821020
836448
808476
853632
814213
854367
919539
844198
863974
1392203
808539
866355
820827
909704
839921
905897
804491
853438
858484
820749
830433
823422
812107
844508
809694
832533
827924
845005
1279709
1123578
830107
1945365
1424817
1492779
807906
797842
2150058
844043
1010673
851029
816530
785453
781296
1879674
800863
813591
780649
793100
783192
803037
1593039
784925
1460731
676523
764067
826422
801445
812242
790145
795844
783933
1816991
828377
825383
812915
813137
799823
855365
1389245
811546
819273
818120
841213
835512
1033243
1344057
821637
843517
800154
820005
807272
790504
816746
867048
760945
794288
759057
782460
789577
773896
757933
782235
784292
774797
2031285
787664
2436351
802355
763129
2425575
782302
835331
779702
1236104
828845
775715
758388
768783
810424
2102591
759615
790779
1164874
959559
1808529
737878
720834
752225
753256
746694
741340
899186
1204618
1795230
624837
814616
721256
736658
732640
729670
713357
727898
734407
741449
809811
755627
1020858
760539
2018176
717523
820813
744605
802977
745435
719666
720002
708772
718034
690511
785093
710416
712628
998344
895458
704434
3701911
723335
718859
732514
731711
1615023
2020060
741340
1014040
708421
673202
704596
691933
2323411
711551
687661
714948
697258
2076397
772452
651360
807821
601167
465451
738513
676375
680725
693386
705365
1154709
693080
701822
2702832
965973
683151
985861
701103
655644
739630
682569
696038
673606
684857
680807
687981
683201
672656
686964
668366
709091
1795460
659117
650482
690304
679269
629920
633341
659842
1493461
611339
610081
585408
761559
1525220
1312802
567006
593770
594695
575322
593983
601021
551484
552010
708726
502542
506717
515204
120914
118399
123827
126841
132677
130710
133861
136952
139810
141664
143234
142492
144725
247396
149970
155454
643080
156212
264990
153662
156350
165028
157494
227978
162318
163308
159542
164604
161435
163365
179872
166723
166322
275493
163806
170536
164954
177320
166693
181527
162753
164955
167563
167883
166840
165060
164596
165007
164919
164735
162850
166778
257637
221172
163948
387818
279736
301811
161676
162062
430717
166880
201435
172478
163167
158722
162124
377515
161419
163867
156572
160944
158912
161160
312457
158203
289002
136011
155778
163080
160072
159811
158802
161292
160052
365739
162454
161158
159727
161949
159132
162864
272588
159532
160909
160527
162559
161186
203210
272692
161863
166276
159210
161242
159865
158886
162226
173063
157284
159215
153895
157594
156862
158829
154971
154541
154021
158074
404693
157541
487644
159975
156662
482566
154301
170881
157186
246620
160512
161541
154034
157797
158381
432269
156494
158615
246334
197926
355358
154509
150145
153087
152560
153607
155370
184379
249083
358362
129056
165973
151342
149378
151823
149522
148632
151712
150696
148322
164035
151071
207176
150451
411331
145172
168103
151000
167212
150003
151847
147941
146549
149854
145816
163178
148539
147730
201841
186560
146953
749523
150638
149613
148740
146474
336631
411774
149365
205607
146950
139984
143135
137557
472569
144125
139793
140975
142117
419509
160104
130375
163983
123759
93867
145368
134343
137871
139873
137477
233795
138499
140728
544360
193715
138448
201340
137833
137681
150767
135195
134779
134853
133323
133634
133896
132905
134168
135531
131230
139259
362969
131570
129027
136835
129561
126671
126325
128643
300219
121541
118697
115593
152735
302807
265693
116410
119821
117769
118560
119946
122589
109147
110760
145410
102404
104365
105616
