293969
260157
267703
281560
300448
285459
282623
292352
302033
303987
303040
303795
306159
804429
321989
345382
2727645
331846
854355
331609
332199
367789
332471
700937
345815
352871
346197
365627
346034
367714
440619
360998
369647
903360
348268
391516
351947
415901
359754
426871
343714
368731
369989
356359
360083
354529
346534
363768
348608
357903
354742
364629
778313
641425
356744
1428530
936605
1038929
352763
341067
1632900
368381
530277
384354
352704
336698
338080
1376629
350639
351377
334694
344214
333917
346519
1075373
341692
1015073
303324
328080
352278
344456
349887
340269
342069
337972
1312968
357729
352686
350864
345794
342496
363911
872775
351952
345553
351724
361445
355388
582476
905975
351483
370576
342876
348097
347562
335588
351406
417655
322166
348342
324412
334867
334102
332346
323316
332173
333564
330308
1558110
340311
1932763
360570
328437
1943998
338583
402334
334820
772320
361509
345585
323204
325919
347630
1630560
330040
345367
731504
511042
1385047
320171
308462
320605
319929
316967
316622
471044
796322
1349674
277301
400539
309095
313021
329103
313227
308457
309515
315985
317981
385470
320244
585630
331125
1587161
329479
395618
317975
385853
320787
307703
312740
302816
304771
298984
376829
305120
305563
578227
489792
304396
3198817
319849
315370
328337
319257
1185901
1558864
334729
610100
310097
300760
301045
296139
1938889
302757
298440
307916
303468
1638978
377386
290117
428016
262355
203598
336078
291960
293457
298991
303370
754147
300892
303018
2254890
582268
297516
612478
304201
282986
315773
298052
301439
292460
294123
294061
297846
296813
294360
301066
290461
330465
1432787
291496
282658
321915
292538
272195
274678
285024
1091118
266300
272941
249325
435681
1223429
965977
245909
257348
255230
250882
269788
272196
235849
241647
392314
226675
223610
225707
55048
49682
51869
52565
56532
53983
54503
56035
57511
57634
58910
58034
58886
152093
61698
65324
516834
63119
162756
62829
63905
70719
64595
131185
65290
65718
65041
67303
65474
67141
82224
68092
68054
172058
67232
73420
67506
77260
67931
81605
66270
67712
68852
69308
68818
67691
66946
67691
67717
67477
66610
68602
149544
120042
67213
272092
174603
200273
67329
66003
310790
69192
100835
73996
67286
64960
66741
263176
67248
67400
64114
66236
64368
66252
201669
65597
190971
57952
63486
66197
65355
65391
65072
65833
65769
252794
66801
65554
65286
65575
64878
65679
163571
65816
64863
65614
66547
65233
108844
175188
66096
69385
64810
65159
65459
64177
66456
79242
63345
66445
62344
64120
62926
65042
62921
62241
62272
64037
295968
64731
367716
68346
64184
368751
63255
78114
64090
147360
66445
68249
62243
63585
64697
318884
64649
65880
148683
100175
258630
63731
61060
61990
61656
62017
63111
92273
157036
256227
54290
77270
61552
60669
64891
61013
61052
61293
61614
60575
74185
60912
112762
62083
308408
63492
77186
61203
76453
61395
61502
60716
59530
60505
59977
74354
60784
60190
111383
97553
60368
616540
63360
62390
63224
60863
235743
301976
64081
117157
61100
59517
58209
56027
376191
58273
57686
57706
58782
314174
74661
55209
82634
51476
38950
62990
55390
56649
57507
56357
145391
57311
57819
433342
110959
57328
119505
56942
56541
60970
56298
55736
55800
54623
54999
55270
54928
55913
56704
54354
62104
277694
55421
53423
60791
53310
52188
52011
52908
209600
50584
50632
47090
83455
232723
186887
48111
49437
48299
49320
51930
52906
44462
46140
76551
43708
43823
43896
