789263
775152
786592
825177
851471
844542
844891
869996
892101
900722
884367
901348
900577
1407028
937220
978347
3281685
973709
1465247
970774
974927
1010019
963331
1362928
1020545
1035477
1023159
1068913
1007827
1057315
1142519
1048636
1073335
1583824
1008402
1075938
1021585
1117391
1052031
1090301
1001754
1069566
1066504
1017295
1045769
1030576
1019618
1053795
1016512
1044327
1038945
1068240
1422892
1338100
1041001
2064995
1585705
1685978
1025910
1009972
2239125
1069332
1209921
1053671
1031173
997962
982167
1991277
1016426
1031859
988439
1005582
994331
1015687
1724529
1003961
1651305
889112
980240
1047978
1024617
1039244
1005162
1023073
1004827
1959456
1062140
1054117
1039817
1036469
1024006
1081455
1552505
1041150
1044438
1056155
1076965
1067294
1258615
1569545
1056056
1074007
1035976
1059530
1031311
1024542
1046720
1086529
982778
1022715
974698
1015194
1020919
1002350
985303
1014278
1018659
995324
2183042
1023012
2551399
1040616
991290
2550534
1005854
1058833
1016372
1441644
1068552
1006988
978966
1003494
1053995
2225242
988205
1045100
1368278
1143635
2066663
963702
946252
986010
988088
975245
965649
1129288
1438358
1955515
847979
1034046
942562
955032
958612
949144
935622
946782
964921
972674
1042566
987655
1235728
1003069
2123748
924526
1042807
966618
1027678
981223
948223
952521
933990
947618
914648
1012314
936457
945175
1220247
1127465
925263
3720668
949755
948923
962908
963688
1766133
2109356
979931
1217195
941976
875810
924601
911520
2434789
934191
909384
945067
923790
2192039
988068
806649
1020671
813485
601986
973553
910842
902184
916912
933928
1370995
917777
931532
2793372
1194856
909283
1216179
929063
861174
969292
916331
932917
898449
911667
904091
911142
909924
893759
911860
882082
927393
2027221
879390
871942
901686
900940
836687
846682
875934
1614400
819256
805935
764170
905070
1715707
1455994
760167
792501
794789
773647
798073
796319
717514
743626
883346
688182
690114
693296
144092
143837
148110
150131
155558
155024
158289
161746
165258
165887
167122
167531
168318
258010
174151
180001
603311
179975
271396
178628
182752
188310
182095
248630
187062
187666
186430
190792
185353
188006
207145
192057
191840
290133
188724
195735
190250
201454
193030
201876
187775
191129
192812
192321
194112
191160
191097
190758
191404
190919
189493
194747
265318
244018
190203
380812
289225
315444
189927
189766
416587
194984
223302
197537
190583
186606
188209
369323
189177
191865
183761
188006
185727
188204
312650
187183
302053
165163
184537
191037
188692
188592
186823
191307
189945
365011
192632
190435
188803
190672
187936
190577
281770
189123
189815
191271
191889
190358
229236
294515
192527
195455
190503
192310
188247
189358
191871
200522
187324
189556
182153
188301
187370
190006
185823
184571
184456
187018
403118
188247
472847
191499
187588
469360
183080
199338
188365
264950
191466
193219
183275
189419
190188
422137
187693
193499
266619
217668
376188
185826
181615
184766
184201
184738
186464
213570
274559
361192
161136
194506
182329
178830
183271
179630
179931
181926
182176
178982
194990
182267
230586
182398
399164
173157
197389
180616
197254
181925
184241
180179
177872
182610
177922
194214
180957
180065
227704
216983
177852
697384
182539
182058
180385
178131
340573
398067
181929
228827
180087
167979
173971
167585
456985
174509
170390
172143
173548
408582
188648
149109
191376
154742
111862
176617
167647
168554
171063
168339
256670
169808
172850
520917
221072
170236
229616
169111
167523
181546
167589
167198
166286
164629
164073
164315
164198
164724
166385
160362
169023
379050
162031
159951
165452
159538
155967
156152
157784
300216
150773
145496
139976
168407
316909
273174
144288
148114
146370
147508
149119
150320
131682
138163
168104
129266
131096
131472
