2041798
2034901
2062052
2159931
2201605
2183971
2178256
2234680
2295310
2305460
2259610
2304995
2306426
2834468
2353753
2441997
4666292
2433723
2909969
2423478
2433666
2489049
2422768
2863204
2540853
2588641
2521312
2644242
2521276
2585924
2720424
2619372
2665968
3113005
2503843
2631035
2543348
2700595
2603670
2607811
2481404
2662139
2667559
2511691
2562381
2569196
2526446
2627143
2525040
2591696
2581139
2635596
2953726
2911960
2586216
3572539
3081498
3182610
2551419
2514866
3705328
2643668
2763997
2596484
2590631
2496567
2453182
3465128
2534325
2573263
2487675
2529440
2505943
2536082
3288087
2519860
3099476
2298626
2493843
2637777
2581847
2624819
2539527
2574453
2530973
3495295
2658352
2658394
2625947
2617336
2585746
2739462
3134092
2626102
2645209
2663585
2704742
2676270
2789626
3093439
2653852
2703230
2621630
2677416
2619134
2584245
2648750
2613228
2501391
2559615
2478269
2577484
2577607
2534078
2481015
2549289
2577442
2516625
3674642
2570360
4053220
2577804
2486978
4010943
2529375
2554705
2563201
2969565
2662589
2517190
2483327
2517491
2638405
3642305
2488376
2615284
2810739
2601460
3591273
2423717
2384733
2474702
2483558
2455764
2444817
2625626
2910851
3390988
2190475
2485697
2384396
2435665
2421815
2413241
2378044
2401142
2447891
2459827
2532282
2500195
2723349
2519300
3454746
2374855
2514570
2466878
2492772
2498605
2413044
2432369
2401112
2424931
2345255
2478931
2397987
2416565
2713334
2598309
2375727
5122065
2416539
2424424
2451693
2459775
3176251
3515529
2488455
2650158
2410273
2248803
2411767
2385938
3738583
2427346
2367913
2458640
2391315
3599333
2438262
1987726
2452827
2128425
1499191
2506820
2391019
2380011
2415061
2447099
2870460
2418130
2444365
4247085
2675701
2405301
2670589
2473318
2288467
2457843
2425992
2464066
2399492
2423509
2420422
2436489
2426743
2375350
2431645
2376461
2395191
3485078
2338102
2344771
2376869
2437839
2272914
2293830
2364729
3020756
2218409
2186132
2107686
2158943
3040085
2782406
2085843
2167687
2182045
2127899
2156784
2140577
1995720
2039192
2179366
1910835
1935287
1923960
368593
373818
384864
389158
398737
397212
404805
412312
420909
420260
421886
423494
426350
515332
434297
444764
847477
445384
533567
441529
451648
459824
453402
518433
461143
464590
455060
467173
458395
455303
486944
474127
471415
561399
464035
473494
468484
481762
472859
478124
459909
470932
476291
469425
471561
471004
468584
469777
471764
469659
465358
476375
544998
525440
467847
650108
558802
589808
467660
467879
685042
477567
504267
482102
473959
461499
465657
637805
467560
474139
456964
468587
463631
464907
588657
464749
563439
423222
464596
475940
470550
471343
467260
476677
472707
642654
477122
475185
471948
475957
470304
476769
561227
471376
475450
476760
478039
472758
504820
573288
477622
486633
476868
480375
473128
474976
481798
477987
471357
469316
458121
473057
466994
474831
462788
459996
461603
467836
670641
468991
742893
469250
467014
730960
454985
476725
470955
537946
472152
477578
459989
470413
471282
684673
467719
478657
538169
490408
650838
462360
452372
459666
458772
460347
467159
489893
547782
620139
412435
463180
456784
450392
457980
452243
452349
457435
457605
448667
468874
456690
503555
454594
641566
439547
471390
456084
473988
458480
464555
455849
452548
462362
452010
470921
458978
455468
501068
494599
451313
951848
460231
460507
454775
450132
605825
659264
457221
495147
456435
426520
447819
434255
691620
449397
440441
442976
445428
666855
460363
363973
455636
401552
276187
450441
435320
440137
445731
437275
532397
442124
448221
782152
490511
446026
498758
445896
439889
456375
439853
437159
439449
432153
434641
434630
432947
434552
439632
427805
431710
640508
426887
425870
431016
427634
418708
418250
421997
555396
404527
390580
382280
397264
552948
514203
392515
401389
396964
401126
398828
400004
362079
375837
410991
355973
364607
361375
