8201147
8178428
8229632
8585456
8658259
8625595
8531432
8705095
8903090
8905814
8687889
8846518
8826187
9493048
8992237
9194397
11242056
9164682
9609240
9156961
9158805
9268328
9129416
9790546
9494401
9671177
9458786
9894363
9412946
9624703
9901765
9765209
9927307
10133113
9364454
9710293
9485772
9941993
9691323
9575186
9295369
9905395
9916350
9399340
9578066
9600209
9487822
9801019
9475813
9688353
9630983
9863602
9940754
10080550
9673105
10533249
10010579
10028678
9562357
9455784
10532109
9816041
9895511
9647692
9698194
9391013
9243577
10312329
9499240
9653654
9381047
9514404
9438583
9562960
10504086
9506215
9886488
8799941
9487256
9943282
9744495
9921556
9664826
9723709
9568797
10671200
10027974
10055616
9943972
9888558
9805270
10340070
10492858
9944345
9999721
10077444
10242235
10165108
9906304
10137290
10035771
10146643
9906711
10134013
9901355
9823385
10022395
9769113
9513671
9756796
9457897
9802457
9820786
9638670
9497894
9733732
9837591
9618963
10646653
9767656
11087037
9756249
9509415
10897611
9689892
9534222
9722798
10160338
10127163
9558659
9480647
9619525
10040395
10393484
9468407
9891624
9647685
9435942
10680072
9275787
9168365
9501021
9532360
9413049
9355028
9618742
9791664
10201575
8576173
9314857
9183778
9387206
9249687
9315638
9189415
9240881
9408263
9492801
9580132
9620604
9763776
9642580
9953854
9217925
9546801
9543812
9409282
9654598
9338846
9453914
9295285
9408713
9114612
9415798
9311656
9383202
9790426
9503083
9266412
11847572
9372964
9411691
9490495
9620294
9920466
10303709
9630867
9506528
9406798
8835928
9406935
9413050
9967342
9509804
9293954
9649513
9431084
10358624
9353671
7651915
9150456
8564503
5754388
9817367
9555926
9399011
9548205
9714481
10016976
9567023
9674902
11271592
9797717
9545984
9644853
9805908
9150380
9506646
9672814
9846621
9533119
9705063
9662656
9760372
9700472
9514847
9722212
9552084
9551441
10506605
9447886
9447022
9478979
9833388
9213026
9298425
9560794
9872370
8982022
8882805
8660805
8369205
9548421
9260407
8646634
8910973
9016911
8752755
8833528
8751341
8353613
8512131
8608921
7989621
8144190
8071281
1473111
1492989
1527538
1535332
1557480
1555192
1573905
1595601
1619464
1613157
1614501
1614877
1620680
1712540
1645414
1662309
2019021
1665391
1749334
1656998
1687911
1700129
1695624
1761204
1709443
1719761
1694428
1732362
1701301
1680569
1757145
1756057
1740319
1804439
1723080
1736055
1734610
1759898
1747858
1742338
1712228
1738660
1757185
1746704
1751074
1750371
1748980
1741023
1757561
1743305
1727746
1768594
1821012
1809901
1737889
1903555
1809910
1848351
1738876
1747885
1943563
1761822
1792007
1777599
1763684
1728404
1743917
1887639
1740618
1768020
1714017
1751548
1736655
1741499
1863356
1741170
1791653
1611788
1757813
1781133
1764884
1770950
1767256
1789808
1775817
1941931
1785952
1783667
1773250
1788082
1768886
1785426
1862227
1772167
1785848
1790302
1792970
1781130
1781828
1864668
1792203
1812447
1789404
1805069
1775673
1788796
1809119
1771425
1781851
1777124
1740800
1786589
1767567
1794439
1759861
1743171
1749294
1777881
1926153
1770129
2019097
1763488
1771482
1972970
1732126
1768305
1776557
1820324
1780001
1802013
1745628
1785337
1779340
1941109
1768066
1801072
1827852
1769201
1927886
1760823
1731279
1752010
1748460
1756793
1778225
1782340
1828338
1860633
1609461
1727638
1748974
1725513
1740428
1735129
1737429
1747989
1749147
1720708
1759313
1745930
1792596
1728556
1831681
1696880
1776197
1754693
1781982
1761756
1787282
1762387
1743876
1785570
1748061
1781922
1770281
1762515
1795629
1798288
1754174
2193983
1775411
1779615
1751861
1747631
1881166
1927873
1757939
1769874
1771182
1670998
1737666
1704394
1826974
1749132
1717729
1727523
1746531
1915504
1755738
1401345
1692751
1606220
1066089
1749743
1729401
1729348
1751460
1721870
1844626
1738480
1761752
2055393
1782898
1757760
1791581
1753562
1748435
1755573
1739416
1733679
1735233
1717700
1723673
1728553
1716553
1724977
1742079
1707742
1706454
1901331
1711944
1702420
1705098
1707286
1686983
1685743
1692393
1797715
1628685
1575053
1560052
1529540
1715588
1700427
1615673
1637756
1628151
1640505
1623073
1625605
1507863
1559774
1616611
1479944
1526506
1507759
