49840812
49715824
49033556
50844476
50520985
50761869
49436493
49821501
50496511
50747889
49441208
50212557
50102600
50775496
50232808
50660996
51826099
50593214
50525620
50521357
50159269
50614677
49717450
51399177
51318403
52090739
51021149
52464228
51058760
51257932
52071145
51471980
52360346
51479067
50206774
50952745
50350155
51889721
50878384
50467531
49865624
51413752
51710592
49620399
50167119
50125734
49723996
50749888
49741906
50459570
50399474
50687730
49872798
50748012
50080026
50468359
50083480
49426235
49767120
49280207
49339262
50025264
49851349
49418037
49619289
49081350
48142142
49211154
48794026
48978206
48654091
48506657
48172998
49176584
50772676
48847801
49269264
47871167
48697575
50163385
49659447
49979475
49363141
48836559
49045565
50293596
50192393
50364545
50034521
49674887
49558318
51553323
50535460
49700822
49940704
50065057
50639562
50286791
49477297
48783276
49628081
50019792
49120242
49454182
49117982
48459716
48873835
48686033
47347023
48429250
47600299
48071961
48854298
47794731
47201984
48364061
48643866
47367553
48627259
48175409
48384090
47656255
47052349
48515440
48147325
46877668
47511718
48440908
49203137
45997947
46867868
46717522
48320913
46537530
46227754
47027185
45945677
45977877
47571521
45661726
45426459
46782072
46606437
45591351
45643814
46406992
46181172
46553503
43876433
45930225
45435606
46392315
45410959
45797733
45304089
45420274
45949354
46645743
46704190
46674273
46261860
47081244
45382679
46257179
46455841
46105559
45224107
46556609
45194251
45355289
45391362
45206481
44144390
45023721
45038258
45160719
45933704
45141428
44671000
46846418
45320704
45484539
45194331
46370258
45143778
45558136
45960164
45156174
44912953
42822316
45606514
46004448
43943986
45375172
45286189
46349964
45442364
44680311
45306716
38589240
43785717
40199310
30419838
46442875
45735793
45288227
45899934
47089990
46007247
45885161
46481301
46852763
45798430
45653835
45190324
46808145
44617596
45847122
46532929
47106301
45930705
46706663
46475231
47010600
46766034
45863109
46693661
46161905
46375501
46506793
45806744
46038943
46093621
47241642
45252398
45376600
46512172
45400181
44501411
44102775
43959311
42522971
45043730
44055051
43882646
44073685
45090594
43612225
44056031
43338769
41590015
42901651
42811241
41477721
41849815
41778761
8744550
8853045
9027764
8765072
8880630
8846016
9005138
9000657
8985907
8926951
9071596
8988182
9008374
8984639
9037065
8964401
9070867
9030816
9105120
8983346
9129355
9114497
9180968
9025956
9024529
8892110
8966293
8836518
9033141
8674844
8975919
9032626
8855917
8972612
9156526
9010680
9129533
8999183
9113054
9152511
9169083
8944283
8971210
9286965
9192440
9155731
9249061
9027831
9221372
9084489
9035631
9079294
9215057
9109892
9064082
9157273
9108629
9220005
9099332
9207608
9305896
9097693
9101351
9185515
9101676
9154719
9311622
9221298
9116465
9168786
9055615
9201589
9182194
9079521
9025298
9119565
9123200
9001192
9230067
9064593
9103760
9035492
9122425
9259787
9212568
9214587
9037973
9009214
8997117
9105396
9006375
8804943
8967608
8974335
8986531
8983526
8879193
8874440
8962856
9138558
8980778
9008732
9013267
8986699
9001951
9084583
9066922
8973056
9201982
9034094
9017562
9075769
8952115
9170524
9083625
8891352
8879679
9094733
8991005
8976340
9121972
9009147
9095514
9007499
8826638
9097767
9006310
8909758
8770873
9238817
8993287
9143758
8835994
9167315
9090385
9024940
9161274
9065971
8960472
9151471
9077111
8987429
8976103
9063065
9174172
9031741
9065768
8946219
8903501
8977413
9145837
8907615
9043082
8989851
9037983
9065654
9003516
8839930
8924606
8842080
8962464
8811595
8807533
8870625
8979896
8950879
9135305
8904126
9192722
9015658
8995713
9128930
9130991
9122322
9089319
9033442
8941426
9094996
9071314
9206048
9096161
9104864
8898193
8840387
9099758
9063024
8835530
8921099
9033026
8798559
8902386
8746848
8639541
8863716
8794887
8727637
8873470
8874950
8945466
7883007
8730771
8333108
6617858
8675909
8699516
8818717
8822250
8592643
8912102
8745873
8776075
8934859
8770758
8787823
8872347
8641867
8981430
8966625
8622449
8524385
8683598
8512844
8576867
8502174
8470491
8622548
8579236
8527959
8493066
8652832
8583431
8553400
8525311
8366246
8588047
8530646
8408956
8581380
8449348
8192638
8231940
8202667
8325121
8490138
8551305
8473678
8369741
8551747
8456893
8483044
7967794
8252111
8468984
8172683
8304057
8270859
