63489285
62950641
61780779
63921521
63464334
63715185
61934207
62253911
63053518
63332656
61737337
62702440
62484658
63081149
62581174
62873673
63883263
62759928
62513806
62623286
62132764
62698778
61537506
63469271
63491020
64383882
63015166
64809188
63144712
63477541
64113829
63423495
64525858
63273289
62209948
62798247
62339446
63933032
62808342
62352629
61731649
63363577
63850976
61387971
62083226
61860003
61463993
62535618
61692373
62386457
62446368
62656460
61725930
62790499
61953399
62322332
62082639
61145723
61801110
61169959
60912007
61909744
61827918
61283602
61671259
61050061
59959403
60948564
60733487
60814819
60667112
60363991
59913609
61309203
63098990
60910529
61971464
61071462
60838452
62294814
61880798
62264943
61743197
60901792
61405638
62504898
62615268
62827541
62632371
62047328
62050916
64385895
63145372
62116674
62524942
62640253
63363957
62889939
62245439
61231959
62295230
62701102
61711532
61881733
61622874
60728744
61250296
61276583
59678318
60938040
60195086
60407525
61620900
60285676
59604829
61104326
61470742
59780229
61334452
60912479
60724951
60051647
59623873
61335572
61057125
59477643
60256690
61305518
62282382
58073875
59439761
59190072
61106103
58841351
58696908
59368288
58433258
58418963
60069847
58190954
57934045
59569449
59197730
57854441
58158121
58976923
58773369
59613736
58025188
58720388
58110079
59343852
58040473
58356657
57952734
57922255
58532327
59453926
59494112
59479694
58776292
60110508
59570890
59495795
59412481
58887244
57788243
59466216
57829616
57847345
58129588
57877875
56418383
57663105
57830823
57870670
58731100
57891112
57315081
59505164
58229606
58551205
57984923
59662308
57990877
58474881
59234434
58313227
57905863
57069433
58980393
59644148
58907178
58597215
58806508
59870005
58884631
58659877
58966762
50291590
57746035
55325172
37653434
60287106
60014040
59068234
59803384
61334104
59761199
59854389
60644044
60584939
59678756
59750899
59212720
61281734
58751060
58246214
61154705
61764799
60441299
61489562
61377791
61974864
61788211
60661447
61676879
61044440
61590391
61575217
60945601
61335842
61516403
62681718
60569821
60745249
62275372
60685791
60289894
60329245
60563471
59408218
61339544
59721750
59822166
59811274
61486332
59542839
60105217
59715816
56968046
60011967
59391220
59692487
58703422
58566406
10363718
10523228
10845950
10284561
10505610
10389274
10760943
10721693
10616855
10511305
10844625
10650992
10710952
10604587
10728837
10604886
10616658
10692118
10821266
10657784
10864238
10784332
10976956
10598309
10606617
10343959
10602446
10246392
10642634
10180437
10492081
10617697
10312663
10567442
10882139
10663363
10840503
10551889
10829132
10919007
11006601
10595182
10544254
11182243
11008279
10994537
11156635
10811895
11067654
10872969
10809383
10827676
11084332
10851675
10910528
10943704
10928786
11138591
10954761
11146818
11278309
10964963
10959427
11093929
10988028
11119935
11420325
11212762
11105004
11169709
11053711
11262464
11305179
11006273
10796852
11123736
11085204
11088805
11263419
10925841
11003838
10888559
11037149
11303372
11180422
11068269
10877684
10819776
10820440
11021364
10875040
10410811
10716128
10850496
10821835
10799748
10628479
10666331
10812625
11134288
10860916
10835581
10949404
10912969
10980411
11158526
11086488
10949609
11389749
11068902
11139311
11198026
10914962
11307676
11292422
10930308
10903504
11287677
10985666
11041167
11219466
11214983
11320913
11017567
10869691
11356854
11159600
10939137
10666199
11693266
11242190
11468625
10888766
11513073
11435835
11311562
11539085
11449900
11121302
11560929
11528905
11231315
11279264
11523040
11608291
11359803
11433371
11238822
11570484
11341688
11599560
11177078
11484138
11398447
11458587
11482640
11366949
11087147
11176432
11071954
11318464
11020855
11192662
11145377
11246358
11286362
11635238
11190836
11706995
11505957
11430454
11635417
11809541
11663618
11582031
11530339
11341507
11624206
11656210
11555412
11589774
11569361
11370926
11138562
11604194
11514116
11157204
11378922
11567494
11559343
11297666
11069664
11206409
11293705
11171823
11025169
11279762
11405500
11345831
10668254
11308253
11306138
9075556
10922900
11051981
11239367
11147179
10713249
11253002
11065215
10994267
11179694
11110891
11112333
11280135
10777377
11474210
11360929
10740608
10572131
10903938
10611402
10694539
10514046
10500156
10827938
10656925
10683930
10587064
10746493
10772359
10708553
10646726
10345546
10841120
10754844
10437710
10822762
10793222
10543865
10527589
10724946
10494756
10891814
10959366
10862062
10530568
10998331
10862458
10982288
10510332
10739005
11003459
10870024
10924940
10919798
