62477108
61781499
60493786
62828948
62302049
62650450
60683936
60943781
61824169
62116115
60381871
61363112
61123537
61778614
61217753
61511869
62568546
61371498
61015249
61160917
60645799
61271338
59960478
62087746
62091579
63017010
61486126
63510234
61720775
62181903
62660281
61932475
63099852
61719640
60674525
61255096
60794654
62455048
61280167
60779444
60052607
61790160
62353706
59670729
60462466
60133841
59710167
60810791
60060867
60717121
60868498
61040929
60042766
61172324
60219449
60713565
60445004
59346153
60054451
59432527
59140152
60172071
60155373
59539018
59886493
59263662
58071563
59159721
58915165
58972456
58841064
58524236
57984019
59544978
61461653
59090226
60229542
59383936
59040207
60561609
60108535
60567926
60071398
59142935
59677603
60876729
60971701
61245010
61013434
60339578
60336464
62872013
61569602
60354353
60839822
60999603
61718465
61229738
60668567
59473842
60628085
61069847
60007783
60163186
59824012
58829860
59455014
59506501
57791610
59187371
58408270
58545787
59880519
58418424
57645111
59288283
59665223
57870393
59573864
59141246
58926646
58077744
57719713
59608313
59246604
57559328
58421786
59577584
60587369
55904384
57502284
57255488
59299614
56878747
56720638
57360872
56435938
56435899
58160991
56173362
55876566
57675475
57212583
55735238
56133955
56987724
56749830
57689290
56063429
56694541
56084314
57402796
55965832
56203829
55884527
55866633
56479715
57458628
57548202
57492261
56716669
58220543
57761463
57587106
57487231
56906994
55775652
57511898
55790779
55709442
56111289
55823945
54137696
55615108
55849400
55818964
56708938
55858766
55171456
57628864
56196425
56641667
55971356
57801376
56033011
56595450
57379359
56388205
55927510
55218595
57141856
57853772
57331909
56653806
56971181
58050022
57079923
56915560
57213899
48627340
56371553
53525969
35520019
58503602
58300454
57277129
58030810
59733631
58064624
58144534
59027528
58957353
57955287
58095127
57559250
59809028
57114499
56129349
59665766
60319747
58953544
60039318
60008474
60634984
60431522
59213847
60346520
59640259
60233835
60256136
59569055
60005760
60252086
61426394
59270893
59407970
61118272
59405989
59081124
59146352
59604468
58358932
60313277
58561126
58701374
58550305
60435210
58335228
58816167
58465815
55590896
58882337
58174322
58638630
57539428
57420378
11029726
11224236
11578535
10951549
11215511
11068090
11478100
11440082
11323914
11218402
11578486
11376862
11456236
11321970
11462431
11320466
11360318
11426844
11588370
11399222
11613763
11532158
11740121
11317771
11337670
11055439
11346990
10943280
11382715
10863245
11233144
11359943
11030427
11317502
11647095
11417391
11593981
11302084
11600428
11698356
11802882
11361475
11291927
12005050
11805783
11794225
11976901
11624944
11844041
11672995
11577105
11606608
11882977
11634347
11707908
11733136
11719603
11947910
11762579
11965617
12103692
11767869
11742723
11888039
11792148
11940892
12265412
12039712
11911106
11985618
11856704
12093510
12147168
11801675
11600903
11941219
11916734
11909076
12078758
11744387
11815597
11687107
11828500
12128818
11995462
11876773
11677995
11599534
11596309
11828905
11664456
11165500
11496137
11651110
11618160
11593193
11411471
11453602
11588178
11945142
11647141
11625784
11735075
11718139
11802659
11991871
11900649
11753763
12215051
11862687
11949476
12033901
11716814
12135526
12130547
11740217
11720981
12112364
11782645
11852455
12046887
12077619
12154969
11817595
11670448
12200691
11970026
11743059
11437239
12589506
12077204
12320530
11688068
12382154
12277546
12155327
12381182
12298307
11932192
12407435
12377675
12051700
12113564
12380620
12462551
12190667
12295345
12073388
12451500
12180217
12457376
11994174
12328844
12263383
12283316
12314920
12207371
11909708
11999867
11877295
12169008
11834288
12020639
11950274
12058850
12115981
12480810
12015187
12565748
12358270
12272079
12488047
12696076
12518742
12409868
12382237
12195434
12496359
12533038
12427248
12449942
12428486
12193897
11966171
12456755
12363471
11958901
12201671
12410733
12403325
12121889
11873549
12012913
12125471
11961294
11843850
12091646
12246249
12159909
11376372
12135413
12106305
9457945
11716657
11865026
12057036
11964736
11495991
12058577
11870949
11780857
11998207
11913687
11903736
12083385
11533497
12296075
12203865
11488573
11319929
11665008
11360407
11434565
11239119
11220319
11583935
11386180
11430423
11324973
11480996
11517840
11457310
11363265
11058178
11573323
11499652
11149876
11564265
11540148
11273348
11214335
11455180
11196785
11634019
11699502
11611859
11219218
11738509
11621233
11731938
11195123
11454478
11736984
11609190
11654887
11651966
