56380434
55629455
54319945
56735905
56135550
56471087
54450953
54731935
55664334
55950415
54145372
55134999
54854430
55656265
55045574
55366427
56552442
55195596
54868752
54954209
54446334
55103343
53725227
56006261
55959554
56848755
55289324
57403253
55593422
56055417
56526948
55760220
56945857
55567645
54483511
55087513
54641028
56353982
55096434
54627221
53804448
55573863
56159981
53410577
54234374
53890642
53433250
54529725
53830272
54469313
54724198
54856497
53916773
55019411
53974778
54618231
54275071
53112356
53743962
53161721
52983545
53951631
53957753
53322714
53596789
52958327
51748401
52962754
52574240
52696224
52539941
52231362
51612752
53304101
55300449
52786643
53886076
52981666
52773522
54293192
53840799
54341303
53841983
52903337
53428655
54778921
54788106
55113998
54804892
54149144
54073962
56707568
55416659
54074948
54591156
54777084
55512782
55031252
54515768
53222531
54399142
54876326
53812621
53909694
53560399
52501193
53209481
53235264
51507732
52946823
52071391
52240036
53626169
52147256
51260693
52997545
53365270
51560943
53415244
52854394
52791618
51707120
51386500
53434940
52936661
51226313
52130988
53355455
54361808
49500933
51128354
50920605
52998126
50588022
50370397
51013991
50073456
50120387
51927667
49814267
49508557
51370422
50889411
49349624
49808350
50700882
50365933
51393446
49490091
50360360
49735770
51093125
49628038
49782860
49549399
49575295
50151230
51107758
51267037
51173309
50374153
51951041
51436526
51283028
51216058
50619839
49530803
51219997
49511697
49398673
49804335
49546474
47749645
49371204
49659822
49532346
50393518
49570043
48819875
51655106
49906199
50409593
49728631
51544298
49848341
50497600
51156116
50175705
49676020
48888060
50928601
51681727
51202627
50431484
50761183
51843396
50871631
50772377
51030523
42490450
49847224
47182184
31050298
52304419
52078656
51085138
51795634
53599083
51948846
51964210
52855057
52945728
51805270
51913433
51434352
53756460
50956920
49814542
53555708
54237806
52893273
53945088
53916112
54566456
54363818
53120852
54312494
53566477
54113452
54272209
53466224
53946480
54222806
55390827
53215967
53292308
55070922
53409515
52963667
52954319
53422730
52160675
54221943
52462927
52594693
52377088
54368684
52273792
52684660
52378508
49808186
52788150
52088409
52380035
51385103
51304015
11401280
11584046
11908446
11353940
11611605
11463739
11796209
11777847
11701774
11603951
11896998
11746901
11820320
11703432
11825558
11679555
11812692
11804403
11968970
11766234
11962734
11907877
12064340
11710315
11743518
11489497
11738949
11389008
11770205
11220136
11673521
11765889
11476887
11709300
12012599
11787626
11948493
11738169
11982843
12062381
12149016
11754914
11707681
12339632
12162975
12137205
12320869
11998228
12170076
12044888
11917505
11976914
12221441
12019324
12044976
12095044
12068643
12259357
12107659
12280109
12410672
12102072
12056850
12186067
12116391
12249779
12527307
12346136
12194355
12271190
12121717
12369276
12394763
12097672
12000916
12230482
12269972
12207468
12364734
12101522
12157157
12034511
12152896
12426247
12321471
12245349
12035014
11959609
11943697
12167496
11999429
11593618
11882865
11994553
11979302
11958025
11801844
11821805
11924607
12264063
11997489
11988805
12037276
12044538
12129421
12279116
12202731
12048645
12445880
12134429
12195696
12297987
12016759
12401437
12361050
12019122
12025051
12347170
12078250
12128829
12333631
12342473
12385039
12131896
11951076
12434125
12209750
12033847
11755916
12763411
12287188
12533575
11953122
12598807
12447286
12359941
12557476
12462292
12143812
12568832
12520859
12256127
12301842
12515521
12622635
12373357
12492576
12294587
12600705
12348152
12611391
12187762
12466614
12433614
12408010
12442620
12366954
12116826
12199390
12068681
12354264
12055130
12231975
12140440
12258456
12285167
12595362
12212377
12695231
12486077
12405318
12622979
12775662
12640081
12519621
12508881
12373284
12649259
12661117
12667332
12613634
12605226
12309608
12178544
12608263
12533004
12133978
12347458
12551487
12491547
12300119
12074945
12176790
12276969
12110586
12058360
12251911
12422702
12347836
11134001
12239448
12086093
8979294
11936772
12077913
12238841
12185815
11762589
12274811
12086784
12036417
12273495
12116294
12122997
12274332
11792350
12489971
12351117
11754461
11603491
11896869
11639128
11711376
11530026
11494511
11834969
11665629
11687930
11613643
11768218
11782240
11744909
11631380
11380742
11813278
11752828
11454747
11809462
11768915
11482830
11423633
11635222
11466161
11842795
11909678
11820194
11485075
11928294
11857788
11936237
11258026
11659361
11925773
11797288
11807985
11802493
