31495915
31446095
30844054
32380826
32132659
32518497
31257791
31569542
32260972
32533422
31267098
31874261
31796736
32671313
32074803
32481492
34314821
32354622
32428132
32226857
31923421
32356805
31449756
33268223
33062631
33720428
32653044
34089360
32888774
32822278
33702884
33172925
34024311
33306807
32137376
32748292
32307630
33684241
32742213
32515008
31824154
33167388
33487571
31590557
32114087
32011590
31608903
32503616
31809949
32301640
32491323
32603397
32145851
32824522
31955348
32915407
32300519
31547067
31607104
31352192
31890146
31971706
31987122
31534335
31541168
31128875
30242123
31665567
30739616
30976424
30730343
30540730
30122490
31282217
33054575
30865830
31183491
29734738
30828487
32059980
31618531
31931776
31512212
30962893
31143407
32740106
32232459
32539230
32081733
31735750
31520993
33429480
32768061
31602818
31895575
32029230
32562353
32250996
31789274
31012036
31710111
32042171
31240373
31472226
31146041
30463005
30956922
30841545
29645032
30710227
29823252
30195728
31002080
30044195
29402625
30544746
30745974
29624764
31277901
30427387
31190000
29806296
29403168
31328579
30363905
29279444
29881541
30944011
31420472
28306552
29266373
29156966
30555586
29526503
28713596
29332510
28614708
28750477
30131730
28279501
28107560
29339004
29067520
28113686
28243180
28982574
28736193
29223748
25939777
28492162
28148774
28914319
28011500
28208818
27963026
28159441
28505562
29105924
29282182
29171136
28877914
29653169
28340253
29042647
29240562
28882326
28235485
29288187
28162795
28177638
28273635
28194740
27072237
28105814
28268747
28161034
28810319
28167598
27602662
30826488
28307969
28629845
28250563
29304177
28602967
29300564
28968226
28454686
28040956
25896920
28723869
29138027
27858225
28484875
28496781
29390019
28678336
28308930
28619156
23061589
26731276
25942019
19221538
29443935
28766539
28593033
28997866
30243526
29361748
29098957
29660389
30722176
29085816
28882104
28662943
30107485
28189077
28572039
29783961
30335458
29355911
30003638
29812380
30295792
30071332
29242851
30087973
29570831
29703635
30155768
29209223
29479613
29626144
30543839
28882696
28887133
29945708
29375181
28113055
27673082
27875378
26575984
28959167
28043635
27784677
27670308
28703836
27385980
27528105
26772256
26306477
26436628
26661079
25083036
25777557
25824905
7741190
7871008
8017575
7870532
7994935
7980631
8013469
8051693
8104447
8080534
8096995
8086222
8121013
8171546
8163536
8107450
8526129
8187106
8310452
8139368
8234816
8278166
8244758
8255148
8255920
8180715
8182817
8149912
8247983
7833466
8299931
8284180
8198962
8259256
8327735
8233697
8295056
8328369
8338915
8357704
8321016
8221486
8256582
8418433
8369049
8315516
8391857
8273320
8331488
8291513
8216549
8290973
8414120
8360554
8223743
8448121
8318065
8352280
8244444
8309700
8505386
8256067
8240371
8270488
8217666
8249111
8315447
8409363
8149672
8226981
8083333
8230669
8180481
8157564
8357441
8176525
8227203
7911281
8269844
8250978
8250003
8203848
8231131
8332107
8300987
8480763
8231394
8205227
8157419
8251214
8121593
8109681
8237182
8125506
8161040
8172666
8115302
8079991
8118918
8244828
8132022
8183210
8091679
8114145
8125551
8133368
8151279
8046177
8151708
8072512
7989711
8096942
8032253
8170988
8036560
7947357
7973941
8054109
8139638
8019265
8301676
8044179
8048004
8209160
7877972
8052965
7988108
8027377
7900845
8114045
7940864
8081538
7884932
8224952
7970420
7974487
8057577
7980199
7971853
7995033
7923546
7923405
7900232
7901425
8020119
7942456
7998806
7912739
7462809
7842420
7982397
7802625
7865037
7858569
7829143
7879805
7879898
7790515
7865205
7779052
7910152
7788134
7693961
7781437
7921551
7864819
7972851
7860151
8028659
7874557
7847708
7977383
7905815
7962015
7923437
7891744
7888366
7984435
7908827
8440330
7977698
8018990
7750832
7822901
8041123
8102461
7760410
7812202
7880588
7394940
7812395
7702234
7524351
7755455
7674438
7729998
7775983
7795832
7850281
6416802
7407510
7271712
5453845
7652351
7599421
7738679
7771149
7652973
7882872
7709661
7783131
8126476
7723533
7712026
7789571
7663918
7859538
7882565
7632185
7583878
7651221
7552430
7595363
7552803
7488232
7595359
7603384
7518439
7510746
7713438
7551645
7558546
7510574
7446616
7515808
7477262
7441828
7595833
7320704
7026449
7068072
6971592
7298559
7386039
7387972
7307300
7269899
7330879
7280982
7176702
6793646
6925670
7192159
6725642
6960636
6947291
