20177711
20071066
19708072
20631142
20511763
20677972
19907065
20125772
20573684
20744776
19914552
20348433
20255093
21065461
20448567
20756029
22998948
20674688
21023192
20610839
20428548
20695842
20129442
21437003
21181982
21613173
20961199
21827692
21106978
20817888
21688667
21348556
21884426
21624998
20588521
21036371
20707792
21692049
21041441
20914541
20408971
21317956
21498822
20264820
20589820
20561823
20276164
20901195
20346714
20710799
20812895
20913725
20830661
21161478
20501802
21583336
20915911
20466946
20157234
20016732
21008096
20467000
20519316
20192931
20147920
19832298
19263589
20701933
19584160
19783529
19551872
19487209
19199421
19913695
21463902
19646075
20345006
18453561
19596519
20458627
20094047
20274069
19972810
19645935
19695834
21217888
20432321
20616205
20263276
20052775
19885340
21092794
20933926
19923689
20092104
20166750
20521387
20288056
19982372
19610171
19889840
20116514
19576438
19746585
19496143
19087244
19371008
19260852
18446921
19125313
18480382
18810538
19277840
18654985
18235366
18905073
19064055
18354955
19833654
18784052
20048962
18463134
18109434
19944279
18655069
18013280
18347172
19196405
19289474
17416140
17919073
17824496
18722573
18650767
17500692
17946725
17539037
17574215
18656399
17087152
16952154
17682775
17547641
16975311
16979304
17458466
17366166
18099405
15117643
17043448
16739279
17169990
16516131
16718426
16505923
16621351
16809990
17108746
17222846
17125811
17091446
17385710
17262249
16818524
17066965
16773739
16445159
16947472
16311085
16244563
16275532
16213776
15591275
16143470
16208713
16087067
16610517
16107073
15723216
18975059
16083087
16127192
15990241
16459241
16524360
17121157
16241018
15961758
15653651
14200999
15937345
16087875
15899778
15695641
15637712
16126068
15733157
15631511
15619791
11510575
14359133
15141286
9976695
15856324
15782367
15261099
15533750
16084858
15894644
15439393
15727397
17365212
15499441
15135052
15143959
15722091
14667112
16693962
15458104
15756830
15150818
15462441
15263835
15495745
15326623
14886829
15284890
14979544
14963391
15688511
14627594
14704966
14752364
15267774
14282430
14258254
14731135
14996145
13664323
13719875
13640650
12911002
14324223
13813312
13199037
13246228
13662905
13027183
13065095
12568464
12810964
12669058
12539189
10888463
11854116
11838552
4907676
4967885
5038435
4981241
5049461
5043275
5038102
5069531
5118198
5108306
5086194
5104990
5109700
5215977
5142617
5128016
5659271
5171616
5305997
5137031
5196496
5232355
5188207
5271076
5240562
5213654
5183511
5196172
5237318
4937104
5289427
5274708
5233001
5294975
5259062
5216578
5246562
5306476
5275060
5286563
5231260
5203301
5241857
5284555
5266845
5233423
5263495
5212275
5237196
5215658
5175485
5226940
5344820
5295970
5162442
5438905
5283434
5294085
5151730
5187322
5464225
5168591
5184087
5185388
5134479
5132098
5152629
5358186
5067631
5121675
5016654
5107602
5059352
5078321
5323309
5072353
5219042
4782817
5130331
5150208
5130611
5104115
5110454
5154350
5136719
5391256
5115278
5108009
5063884
5103072
5024179
5056999
5179801
5015832
5043674
5050927
5029177
4992880
5016211
5096705
5006379
5045784
4969505
4979272
4967484
4959540
4980759
4917449
4937978
4916903
4829491
4909584
4893998
4949153
4846748
4802993
4824820
4853197
5056784
4838151
5200548
4831151
4820609
5116623
4729795
4812626
4785773
4871695
4764366
4809630
4725417
4793158
4717844
5031260
4710956
4726567
4790948
4728338
4806104
4684002
4623174
4652895
4628714
4606350
4671339
4647540
4682995
4747985
4182258
4554116
4600045
4514076
4494703
4508678
4486871
4515402
4512641
4460432
4513109
4455333
4541446
4455673
4548527
4403889
4517566
4445082
4504294
4432587
4510042
4393818
4388798
4449633
4382114
4429911
4415289
4371664
4414880
4420385
4353460
5055459
4401371
4394489
4258205
4292216
4511864
4606622
4255037
4265842
4273546
3914646
4231639
4157814
4179467
4161408
4120388
4148136
4168505
4193242
4196661
3076126
3858251
4075184
2686467
4046349
4073044
4043183
4085452
4021664
4188819
4014804
4070551
4517906
4039538
3972802
4042024
3967237
4013775
4467129
3932631
3913794
3909952
3864932
3864930
3854775
3806727
3833874
3852334
3783399
3770327
4003936
3759168
3752269
3733296
3719646
3695599
3667273
3664528
3855688
3525149
3439414
3438770
3340311
3605233
3605289
3488467
3464759
3463956
3458906
3421696
3330660
3260945
3281095
3351657
2884890
3167101
3144695
