6104338
6109816
6065010
6382593
6402822
6436571
6253619
6344856
6516946
6579676
6333694
6395928
6468252
7154792
6551738
6702414
9399860
6685170
7288034
6671445
6620784
6728747
6543172
7219026
6902876
7051915
6840172
7224849
6853970
6954241
7163820
7027036
7211753
7499910
6751152
6985449
6811752
7237031
6977508
6982670
6748225
7108398
7178087
6761200
6877556
6899114
6789163
7038010
6820236
6962612
6983671
7067953
7450962
7344279
6931492
8223764
7554881
7417633
6832840
6789325
8257238
7026276
7163991
6951678
6909368
6770494
6594235
8000432
6727288
6840310
6711264
6723318
6637861
6869858
8072124
6751935
7053925
6422836
6750578
7097587
6964506
7038610
6918082
6852660
6848806
8212678
7167762
7235354
7122126
7075851
7005820
7476584
7929657
7080188
7146515
7198795
7337592
7277456
7234001
7335787
7152393
7260919
7031155
7151638
7052845
6914736
7067936
7029340
6703561
6959625
6710404
6887050
7008377
6825774
6684827
6962809
7032179
6757685
8162462
6948684
8639141
6885319
6725537
8543879
6917129
6745134
6856599
7498783
7244117
6604290
6738044
6753114
7111357
8034362
6650571
6884300
6973382
6885826
7748993
6524088
6485117
6770169
6754860
6568676
6578984
6859230
7033335
7580888
5906936
6676277
6520858
6657507
6529532
6588128
6497036
6571593
6671240
6782514
6881144
6827694
7057790
6894246
7724821
6718066
6930571
6809458
6715015
6898086
6631771
6682503
6628120
6687507
6432194
6734593
6680385
6689847
7076598
6842752
6555612
9997250
6732016
6805636
6753983
6976743
7580031
8211452
6923408
7019918
6708322
6135783
6835768
6927964
8142263
6855309
6782776
7060536
6860516
8152029
6846168
5121997
6513337
6438919
4293050
7151596
7050095
6871074
6988982
7248689
7445012
7030300
7134143
9247039
7222270
6983987
7107054
7284405
6759284
6747048
7158097
7319484
7068947
7230752
7156061
7290555
7222385
7050023
7260847
7110666
7144243
8054812
6992653
7049995
7092182
7370173
6874446
6872568
7113497
7799623
6634523
6669749
6573699
6340419
7420594
7157250
6440487
6508737
6678688
6397209
6450112
6307643
6253297
6245511
6294710
5688242
5828782
5842127
1439087
1463434
1489080
1495439
1519994
1523202
1521692
1537348
1563993
1566220
1554087
1546230
1568056
1706472
1586291
1596255
2232449
1609198
1762994
1597845
1615920
1636507
1614174
1713745
1645989
1649550
1626814
1667083
1638713
1594259
1686093
1672609
1669773
1769554
1653514
1662536
1656969
1704645
1676475
1690843
1651088
1663763
1686036
1678112
1679361
1674356
1675413
1672210
1678311
1673708
1663571
1688727
1820543
1758283
1662741
1981608
1815776
1823235
1662588
1672815
2029683
1686871
1727744
1701685
1676398
1663392
1666336
1959641
1650232
1677487
1634189
1666149
1646769
1666826
1912969
1653148
1718059
1570342
1677104
1702301
1691835
1687270
1687924
1701319
1698696
1991152
1710382
1712721
1698079
1711390
1686544
1721045
1873352
1693500
1708800
1718126
1717343
1706605
1732677
1808744
1712477
1735060
1699832
1710326
1703579
1696413
1718990
1704442
1692761
1696971
1658245
1695601
1691647
1710643
1673237
1673276
1684167
1683467
1975142
1692885
2114957
1692133
1687372
2077680
1661715
1693593
1688541
1804859
1702878
1699608
1672354
1703278
1694444
2031480
1678787
1698901
1788150
1737960
1878916
1675789
1655834
1678506
1673447
1663305
1693269
1713396
1774253
1865261
1511322
1670833
1677172
1646945
1659851
1658983
1653782
1672704
1674767
1658721
1694753
1667982
1751957
1659987
1912338
1655220
1724842
1688920
1716437
1692686
1711743
1683623
1670158
1709916
1674113
1719530
1701886
1694271
1753292
1746063
1684500
2483486
1717237
1729054
1676755
1702064
1928262
2058314
1696821
1748027
1703702
1562602
1694573
1675433
1993094
1693695
1672863
1695037
1698216
2021279
1717532
1256718
1621298
1616032
1058991
1705020
1700500
1696585
1714195
1702080
1831487
1705946
1728257
2247085
1756766
1710618
1768313
1723673
1722699
1684967
1707941
1706190
1706744
1693370
1698934
1703972
1685826
1698388
1717774
1682417
1687128
1931875
1680967
1682144
1683833
1684962
1663829
1652300
1660740
1877693
1593999
1560820
1554338
1527689
1750363
1740961
1587148
1584609
1586926
1582880
1570254
1552668
1485789
1507878
1564751
1392071
1447864
1442422
