1027791
1001385
1012861
1061051
1088656
1080824
1056060
1079273
1112219
1127204
1093964
1110178
1121339
1694847
1149066
1184220
3919084
1175203
1806507
1174908
1168249
1221258
1159230
1577542
1226711
1251199
1219155
1290234
1215589
1257423
1327440
1258833
1289879
1814206
1209895
1268259
1220011
1339964
1247443
1322632
1202418
1272346
1283252
1219663
1229754
1234365
1211129
1262230
1210944
1245999
1246116
1260598
1792855
1537912
1239348
2532436
1921483
1928978
1221798
1210299
2740685
1261073
1452370
1287322
1232934
1204653
1179492
2454014
1208437
1229341
1189537
1203051
1181263
1224390
2180254
1192869
1841818
1098636
1194723
1260584
1241630
1251829
1223749
1221451
1218190
2382325
1280977
1280859
1264220
1255864
1243593
1322571
1964109
1256042
1270887
1280948
1308423
1288746
1481337
1764163
1273934
1314170
1249757
1274429
1258093
1232821
1254741
1325924
1188909
1240693
1185829
1227237
1239571
1211800
1185545
1229172
1235675
1200592
2558907
1233968
3033800
1239345
1193334
3003042
1220712
1259170
1215041
1730327
1294763
1188833
1184387
1193557
1264572
2677182
1185133
1228227
1609575
1435033
2187986
1151887
1132416
1187684
1184262
1152302
1153568
1325421
1608491
2273480
998458
1240556
1133344
1152446
1158170
1147450
1127858
1142412
1158004
1174477
1236313
1188073
1480607
1204011
2541832
1181753
1282255
1168942
1231231
1187070
1139604
1148053
1136829
1144141
1102122
1206061
1136727
1139672
1443792
1316692
1116396
4439942
1152406
1156139
1155421
1173318
2114023
2647199
1181562
1478049
1132177
1032314
1141412
1143398
2909167
1141030
1122765
1174228
1138937
2649035
1206827
928528
1198617
1025572
752988
1205271
1134854
1122088
1139620
1174741
1601715
1137028
1164015
3370364
1412105
1128485
1409739
1174380
1083789
1167664
1148495
1170963
1127840
1151159
1138096
1153811
1145367
1117523
1154699
1124847
1161969
2217392
1098560
1092509
1121766
1134328
1057118
1058596
1088712
2046207
1018011
1030936
1005669
1143270
1928408
1747450
954682
963713
982669
939656
955706
956901
912500
898939
1071834
806540
829931
830891
226661
224797
232049
233191
241701
239675
240045
244684
249371
251255
250766
250414
253826
377759
260008
264102
868304
264696
406602
262867
266240
276789
266925
349028
273490
274544
270526
278991
271617
270051
292190
279906
279355
402095
275834
281629
276879
294987
279430
298991
274251
277516
281921
281455
279415
279011
277843
278960
278464
279037
276839
280699
407032
342060
277013
568889
426120
439607
276653
277614
619367
281453
326901
294018
278657
275499
276849
555907
275462
280436
270051
276450
271509
276878
481929
271349
413354
249783
275685
281514
280442
279212
278300
281361
281186
538581
285023
282787
281029
282755
278863
284580
433479
279683
282963
284509
285479
281712
329304
403993
284425
292896
281209
283812
282334
280522
283596
299396
278433
281456
271839
280137
278401
281803
275134
274920
275370
277543
575203
279700
685497
281839
277733
675306
272794
292855
277740
389503
284000
282300
272808
278522
280550
623868
277172
280635
384662
335688
488058
273669
268018
273191
271976
269780
275113
307902
376291
514510
235459
287360
270054
264842
272369
267347
266278
269981
269258
266454
283082
269584
339748
269422
585781
270603
296863
269383
290948
270783
272579
267878
265691
270918
264792
284864
269218
267604
331324
311333
265003
1016656
272173
272316
265950
266215
497723
610604
268920
339546
266272
243185
263030
257672
665414
261742
257957
262341
262521
605744
281828
210265
276348
238967
171324
267972
255002
257661
260001
257899
366768
257296
262937
763531
319713
257521
325775
259997
256966
270192
256221
255423
254470
252408
252210
252832
250463
251285
256205
248576
256856
501459
246675
243880
249498
243418
239149
237754
238312
461594
228368
225892
222555
257438
427300
397995
220166
219053
218797
217304
217354
219687
203068
202942
247491
184391
192159
191836
