160577
118274
121024
126093
140030
122518
121482
126380
125306
127415
127016
124228
126583
624813
130674
150708
2596926
137810
677583
132494
131361
163262
129132
489563
137611
141709
135792
143130
137400
139009
217108
140643
146705
697359
139560
172252
137818
193169
143079
217244
134934
144265
144458
150172
146676
143347
137787
144366
138425
143146
142674
146661
589503
433832
144996
1257623
748052
841876
147894
142124
1474835
158655
327132
184055
143429
138245
143591
1217630
148872
150638
138734
145200
138987
151851
898266
143498
818979
155341
148110
153191
149403
149144
145033
147027
147471
1142574
162177
154918
153044
154541
151587
161872
709536
155706
157386
157686
166543
160548
403861
724551
160620
180139
156706
158451
162583
152652
159831
236720
149293
166703
148723
155840
155544
153295
147902
152299
155063
152286
1413020
163663
1789982
182172
156236
1825927
160384
231343
155267
609405
178477
171753
152648
154826
168781
1500494
158319
166385
575658
358654
1205778
156191
147022
152436
151096
150783
152007
300652
632825
1206332
145887
248308
147240
148365
181080
150785
149681
148355
152695
153724
219698
158594
433080
163837
1470866
200861
244039
155747
231884
159014
150697
155721
150951
152789
149801
223688
151740
153116
424085
341255
152989
3124908
164424
165641
172147
166228
1069397
1457137
181124
472853
160974
147381
158359
160343
1886659
155696
155535
161445
158518
1532056
238719
122686
269063
159045
110944
196178
160717
158660
158100
163631
615983
165830
159703
2159538
442765
163542
473700
164116
152529
156711
162161
169425
158921
163031
164241
162984
166726
166332
170735
161049
204785
1307564
168487
157454
195928
164915
151275
156300
160462
1001260
155319
165019
148024
341358
1133884
883849
145157
145253
146317
142468
158241
162106
135970
133235
290143
132694
128986
123214
30786
23123
24031
24135
26962
23675
24081
24855
24544
24790
25326
24286
24880
121055
25665
29233
504295
26887
132191
25721
25994
32100
25667
93746
26667
27092
26139
26964
26573
26042
41883
27173
27661
137001
27549
33108
27071
36714
27773
42848
26644
27272
27515
29998
28725
28003
27363
27593
27544
27788
27473
28291
116142
83056
27991
246015
142087
166231
28844
28211
287512
30543
64104
36367
28025
27477
29051
238645
29358
29635
27188
28700
27423
29739
173005
28413
157444
30627
29427
29514
29076
28713
28552
29053
29437
225928
30939
29496
29377
29948
29344
30150
136891
29865
30176
30055
31428
30243
76692
143942
30974
34724
30441
30332
31404
29956
31167
46053
30173
32527
29387
30562
30044
30715
29518
29356
29807
30440
275400
32014
349711
35368
31275
354744
30843
46096
30623
119864
33734
34837
30193
30882
32203
301459
31840
32581
120887
72123
230194
31828
29720
30184
29909
30139
31148
60731
128113
234699
29371
49046
30265
29330
36634
30251
30406
30289
30626
30099
43577
30895
85474
31601
293352
39791
48850
30878
46974
31351
31027
31145
30336
31237
30821
45186
31008
30879
83616
69862
31220
617908
33281
33531
34123
32468
217634
288957
35483
93066
32649
29925
31337
31121
376290
30839
30778
31020
31553
301111
48560
23814
53379
31996
21762
37895
31183
31503
31234
31209
122021
32373
31260
425575
86795
32345
94747
31549
31308
31137
31404
31957
31272
31036
31392
30910
31670
32320
32918
30955
39536
260212
32843
30488
37950
30766
29650
30383
30533
197399
30128
31357
28567
67018
220881
175543
29148
28589
28336
28614
31149
32001
26303
26163
57544
26271
25831
24626
