71732970
71130726
69908108
72033793
71588623
71853544
70074173
70384411
71180292
71458586
69886316
70847350
70587140
71067935
70637073
70838791
71704449
70764705
70404046
70582386
70042013
70644361
69498094
71313513
71378744
72286801
70935962
72684958
71058086
71531642
71977841
71279686
72353220
71095238
70150882
70678425
70212637
71753400
70642465
70166717
69611083
71191599
71714142
69257919
69969576
69711232
69326161
70375792
69570409
70274778
70266898
70495650
69543205
70565235
69782548
70103006
69935708
68978686
69717595
69049059
68665783
69724045
69646519
69121006
69553868
68940062
67848262
68731073
68638255
68648618
68560056
68243234
67789211
69150006
70847124
68798700
69941147
69192636
68707896
70126385
69751860
70110399
69626911
68741585
69301990
70211441
70429979
70598551
70464470
69862162
69931786
72197616
70942974
69986785
70392375
70507886
71177381
70710212
70105515
69100222
70114159
70550774
69528584
69670997
69455354
68554027
69060367
69140590
67521210
68764607
68117422
68260408
69494465
68138403
67475509
68913698
69314703
67616691
69086428
68756536
68374290
67860219
67470496
69118846
68905685
67346514
68083169
69102707
70103491
65827651
67281201
67029543
68917889
66593277
66550340
67148747
66279268
66231241
67836002
66081661
65793165
67442494
66994782
65653483
66003884
66763204
66611536
67476698
66313648
66557292
65958263
67223289
65879787
66187978
65774423
65686219
66323513
67272480
67263066
67303626
66529424
67887997
67593420
67371962
67213811
66700075
65512061
67267471
65586737
65598815
65957598
65647992
64164749
65418019
65557849
65660354
66514106
65673115
65136181
67037359
66027193
66387870
65750363
67524856
65720208
66207709
67095192
66128967
65702231
65187766
66844149
67465270
66964619
66406148
66679756
67714813
66729364
66556003
66893290
58815791
66609037
63327233
43301758
68151897
67963775
66949106
67736426
69222501
67577529
67778492
68588278
68314069
67561661
67732141
67162399
69219987
66741978
66017461
69175588
69745012
68448094
69506418
69435094
70042361
69841687
68748423
69754552
69090301
69707228
69636375
69103576
69479481
69657769
70727749
68755637
68951266
70495801
68789407
68660741
68785628
69138376
68093116
69915208
68266284
68342369
68337207
69986977
67968913
68467541
68128204
64811718
68420046
67786873
68394287
67285279
67138598
9959002
10157591
10556962
9852099
10100671
9960452
10470105
10402670
10237386
10114045
10558318
10286529
10367582
10236198
10385497
10258852
10190264
10337308
10493037
10322560
10562749
10434696
10711595
10211527
10205975
9883312
10237283
9766372
10268722
9802093
10045947
10221641
9854583
10197750
10555493
10319038
10522453
10130908
10491864
10623168
10744285
10234619
10137739
10942954
10721195
10729821
10911360
10506764
10809894
10570975
10525876
10514335
10829902
10530151
10656685
10657834
10651151
10923334
10686658
10932892
11097460
10714556
10718548
10887205
10742406
10918270
11288451
11022382
10929752
10999521
10897637
11121104
11198540
10800814
10461980
10936337
10800101
10877406
11082676
10649687
10744457
10603999
10786500
11120483
10944299
10777380
10584945
10519411
10520394
10764021
10608218
9989056
10375672
10579648
10516947
10483464
10281758
10361027
10531916
10911973
10585115
10524160
10723510
10685849
10759341
10995238
10893667
10753488
11295864
10903145
11012391
11066092
10693985
11167733
11208133
10761936
10705225
11201206
10797011
10873370
11078523
11120823
11248543
10806432
10706049
11286036
11045520
10759746
10418689
11742798
11194639
11432148
10735478
11501446
11438357
11284545
11547944
11482032
11047879
11583556
11585834
11167536
11265844
11601300
11634736
11354051
11422478
11174018
11598417
11341963
11646198
11134602
11536515
11427803
11513617
11547329
11384490
11037971
11135237
11016486
11326379
10948001
11115230
11091440
11191644
11286362
11722745
11153890
11779826
11593561
11487553
11706286
11988855
11758157
11669020
11602548
11356833
11684752
11763145
11524272
11621771
11581682
11455167
11077466
11667601
11544019
11123004
11423489
11635102
11679174
11283864
11018293
11203810
11328136
11170721
10960151
11275361
11413250
11317695
11282227
11336577
11571119
10074531
10822740
10974166
11215333
11066172
10538401
11182894
10985339
10832510
11049983
11046191
11023697
11234004
10597712
11442118
11399649
10534185
10344743
10756125
10395351
10469345
10247271
10261590
10658425
10418323
10502784
10343071
10504119
10570107
10481861
10407895
10050560
10666205
10566369
10139218
10652991
10638932
10403626
10342339
10610323
10235496
10763950
10811773
10726699
10260698
10884138
10714777
10863682
10640441
10602638
10901690
10741011
10870329
10884260
