44409122
43426986
42058185
44592814
43906431
44343457
42220891
42440075
43474112
43709607
41783307
42712926
42355154
43487066
42747088
43103207
44468250
42814480
42497412
42508916
42045407
42767749
41214755
43851485
43687982
44475471
42768200
45171723
43319818
43918378
44176736
43328677
44531504
43148879
42010438
42677114
42261639
43997573
42700388
42263859
41156504
43099481
43689087
40809568
41753293
41235366
40743938
41802433
41363630
41863502
42441853
42425528
41556425
42588044
41365864
42433259
41839220
40444020
40923000
40543992
40582772
41378724
41538271
40783736
40827896
40219628
38915568
40440221
39758947
40010699
39829281
39554036
38733382
40701888
42945009
39994532
41178231
40166506
40144436
41598338
41128230
41724608
41336932
40373321
40833764
42501849
42308800
42804308
42357503
41631958
41391113
44284527
43069901
41334966
41899046
42233545
42925733
42477203
42167088
40531165
41864852
42351220
41329830
41342732
40780229
39621871
40561511
40511463
38788138
40393229
39296873
39435694
40897654
39388248
38272818
40201177
40496055
38695903
40856826
40111584
40315978
38611119
38496377
40891822
40041909
38303612
39365971
40745522
41699752
36295324
38126108
38046529
40128326
37775582
37440205
38049968
37139436
37266776
39168611
36827858
36528411
38530259
37948364
36252767
36835046
37845383
37259606
38597827
36190115
37305388
36825735
38121832
36603355
36529296
36582525
36658402
37230286
38055695
38336978
38216906
37340446
39110995
38487541
38398251
38359492
37765610
36810737
38303541
36692411
36364114
36895503
36713675
34487338
36610439
37087390
36616980
37423461
36733688
35706598
39360483
36937909
37735537
36967548
38751178
37188549
38028690
38464228
37527735
36920043
36122760
38308894
39086242
38998930
37726442
38128502
39137649
38373139
38349868
38463848
30838649
37182032
34728005
22147724
39655849
39497643
38506097
39069474
41101682
39610593
39356201
40350219
40833165
39295085
39394718
39050541
41488635
38553987
36715885
41188229
41905194
40630161
41602358
41709296
42330252
42139192
40842982
42172901
41315958
41780223
42192939
41168689
41724211
42165668
43266248
41068814
41020672
42956086
41449443
40826503
40735509
41430193
40123393
42206941
40500506
40663089
40143802
42424551
40242874
40378179
40206466
38100849
40797746
39958170
40044860
39175840
39183440
11843751
12016398
12297047
11835613
12105229
11949928
12141710
12154152
12155634
12078354
12233793
12181465
12262942
12176298
12255083
12095341
12483191
12252303
12448908
12209953
12366516
12374996
12410716
12195499
12252899
12048180
12214973
11961023
12257513
11646365
12256192
12289887
12051827
12218340
12457383
12241649
12356246
12318586
12467788
12505328
12550003
12253818
12231273
12745878
12595479
12531770
12725305
12481790
12512951
12505607
12305790
12420803
12629182
12490525
12431356
12566624
12494512
12606788
12502018
12625465
12790471
12486086
12400800
12479936
12459361
12583467
12783141
12724290
12451550
12542924
12354722
12636564
12608360
12389925
12548991
12519804
12698823
12492328
12650310
12525284
12535345
12434858
12492053
12742855
12683221
12724123
12465274
12381253
12340556
12571857
12360916
12158180
12389821
12391597
12414595
12400280
12283641
12253931
12315236
12609982
12393359
12428078
12343039
12400390
12500123
12566013
12508639
12352903
12614166
12380200
12395048
12540427
12325634
12647015
12526447
12300965
12349286
12516722
12385608
12408396
12671172
12594207
12553173
12492822
12202686
12611963
12393398
12330483
12081778
12847840
12414903
12671518
12181727
12796514
12494819
12477222
12606115
12530296
12280654
12593442
12528915
12371718
12385426
12494712
12653548
12441407
12619835
12465545
12592395
12403495
12636427
12272938
12457464
12491748
12363238
12413689
12408103
12232691
12313320
12163673
12456829
12211088
12396438
12223600
12364233
12325281
12561623
12318614
12686078
12467199
12396872
12618428
12673549
12618889
12458945
12503497
12447212
12704232
12653713
12967697
12673369
12707236
12251272
12335955
12675193
12671760
12195709
12362679
12547110
12393743
12390150
12200728
12276097
12303050
12115657
12213869
12303658
12556237
12446705
10542938
12179441
11815221
8002694
12097947
12233606
12339140
12362161
12024404
12430379
12256933
12267219
12618748
12252723
12291931
12392773
12032978
12617029
12389208
12008643
11904433
12101353
11921950
11993090
11843738
11762863
12072523
11961112
11928694
11925861
12084136
12039026
12058838
11891585
11746848
12024208
11987460
11796096
12066725
11970936
11635883
11560150
11756278
11732735
12023047
12090774
11985287
11747104
12070875
12082409
12081400
11179592
11820236
12038563
11891275
11842866
11841836
