43604763
42630679
41353759
43771918
43184142
43613250
41593239
41794736
42787243
43013727
41138589
41992963
41659430
42749389
42026056
42370722
43777410
42069947
41786451
41749948
41325480
42020951
40553578
43097818
42960349
43734838
42079917
44387253
42618077
42897808
43457707
42670779
43905300
42513014
41429682
42033262
41683120
43345766
42138067
41724935
40676508
42547275
43164141
40356930
41254006
40791648
40297281
41369127
40908994
41368162
41937970
41908712
41099929
42202006
40911555
41969610
41394110
40063468
40541610
40144750
40231904
40956129
41116551
40385345
40485394
39858940
38624207
40105258
39450570
39671354
39517503
39221400
38487672
40345323
42589641
39702251
40929250
39877146
39857264
41248099
40765354
41396614
40997071
40032537
40497790
42123559
41935217
42409609
41963172
41262831
41075578
43850587
42681541
41012726
41594096
41859251
42558848
42101869
41833211
40254485
41525517
41995340
41014520
41001447
40530233
39399565
40312868
40254964
38591636
40157427
39073346
39224184
40649020
39188845
38162463
39995110
40360383
38588609
40690225
39931486
40204011
38564852
38434602
40771090
39956033
38250686
39287257
40667112
41548830
36362763
38131074
38057214
40102463
37829341
37457979
38070730
37180212
37311426
39162621
36849225
36537494
38483105
37911326
36298649
36798194
37794929
37232166
38513228
36229893
37270663
36816730
38025384
36591918
36541009
36531893
36628264
37148029
38015363
38304504
38180995
37377889
39103064
38782777
38440831
38407448
37852053
36900463
38377635
36816804
36523925
37017057
36837922
34723793
36739256
37177760
36764198
37562944
36852823
35887531
39482173
37083311
37827995
37082338
38861749
37342639
38147556
38516427
37622383
37015494
36210658
38346951
39107471
39147442
37849411
38215699
39210572
38389529
38423436
38499561
31380766
37029732
36964313
22507219
39693626
39472032
38561477
39131392
41106801
39606230
39423322
40352711
40843779
39334735
39403582
39055904
41416363
38548516
36811166
41108066
41820120
40572047
41533991
41619698
42233369
42047021
40791222
42021824
41234627
41678572
42113906
41073831
41646220
42049908
43147597
40998268
40966732
42865635
41440091
40820866
40645328
41464675
39983570
42085092
40342002
40479965
39932581
41980040
39819027
39943315
39736475
37920367
40438863
39943429
40245636
39210996
39266723
11512156
11664457
11929027
11502218
11767695
11622427
11799900
11808054
11817207
11737309
11878167
11825004
11898871
11826422
11887494
11740541
12128886
11887731
12072234
11839389
11987514
12004163
12030164
11842509
11898775
11701642
11849291
11628139
11902889
11274834
11906755
11931423
11720308
11861594
12095281
11885659
12002931
11971885
12114571
12149212
12186063
11910912
11898478
12373804
12236422
12169479
12347498
12124008
12160531
12143142
11966397
12070113
12274528
12156668
12075997
12220077
12140362
12251124
12142630
12264293
12430148
12134460
12051852
12136517
12119641
12221979
12407487
12364463
12099045
12188614
12011353
12275664
12250836
12047712
12215336
12176198
12357313
12151992
12303996
12181497
12187046
12110561
12164076
12394513
12339126
12387124
12139818
12054539
12016015
12230596
12029974
11841714
12067237
12058070
12089099
12073934
11965349
11936347
12006644
12275005
12066065
12106689
12022610
12069603
12168482
12227991
12184425
12028663
12284825
12067055
12070510
12207881
12008621
12313337
12199839
11986537
12039728
12198309
12086596
12093454
12360626
12270562
12242489
12196388
11907126
12297181
12096108
12045813
11800712
12524219
12114038
12366301
11897606
12486835
12196388
12178610
12306628
12224463
12002737
12284787
12216715
12072370
12077786
12183034
12332416
12136864
12295756
12154638
12273084
12084278
12322802
11961170
12147338
12165015
12048273
12100318
12091975
11923938
12010425
11867705
12147804
11921454
12152945
11939662
12084433
12051913
12280240
12039210
12401224
12179423
12116840
12336755
12380745
12334740
12191637
12223534
12167506
12409273
12366983
12682970
12389579
12424201
11982512
12060213
12397072
12390001
11935938
12090904
12263190
12110643
12116018
11928656
12041934
12038817
11864557
11954905
12033824
12279459
12175257
10407202
11864567
12011152
7919141
11837924
11959460
12074533
12094485
11772865
12163545
12001219
12008606
12347185
11990993
12025851
12127448
11782210
12338480
12096166
11757937
11650536
11845712
11666455
11747501
11598573
11521453
11818785
11701740
11676528
11672615
11839037
11787545
11806845
11652303
11509063
11781166
11742069
11565236
11830562
11737649
11397440
11352110
11512285
11499694
11764111
11826806
11711586
11468653
11767628
11762970
11762090
10933527
11534808
11805150
11694638
11618312
11621421
