570114
38923
594206
19382
16567
43678
2631296
31431
23998
26676
1819950
59522
1493818
568246
25031
19975
19154
19355
28629
174446
19798
18921
18628
16881
17369
24988
857633
2285106
427995
73229
20029
39809
18106
19152
24620
276269
24465
21089
26653
659490
74892
688958
25645
20503
18629
26108
19772
20724
49197
1971872
28199
28890
955597
25398
25237
360958
23126
125493
27165
20748
18667
183925
20109
20369
18886
20112
338262
21536
19626
22948
20876
124874
34314
1343440
29697
19257
38894
1549899
120406
24961046
377991
31643
21119
26132
19716
18933
50499
18526
66975
20529
36507
1565617
31226
750409
28495
19964
18604
29863
1504833
38931
28004
22869
18197
21149
85786
17964
43820
2510246
2785116
36019
550200
30611
21015
18782
49034
619564
24522
31648
17124
51973
1947502
1448128
252144
22754
18244
30840
19766
22115
36433
1387732
337520
43080
2102499
30118
19654
31496
20123
87404
20200
50414
16999
17955
20847
157126
804315
445152
23887
35390
991401
326108
26896
19723
18108
17162
18076
19644
18143
19610
17641
42184
1400405
42214
497599
2585318
39259
18100
19314
16212
18177
17541
18558
58169
18689
84293
2741087
21032
1031738
17700
46810
151286
20008
18746
18355
18248
17925
19115
18517
24783
17934
731363
43367
26693
458842
16964
19309
18915
18966
18437
18126
26080
17003
3984590
54390
19102
40559
19312
28668
32463
16552
16803
18783
18409
17254
330260
18679
278502
20354
16677
20494
16865
28643
808069
20799
18656
154407
20712
17527
115738
19358
16090
15099
17233
16123
21190
231663
37789
5022234
636366
26091
23879
69858
4344559
3252927
31318
24057
1612060
39900
15654
15780
19889
18040
16594
20576
318455
481836
18936
95859
6576
107283
3317
2874
7284
447580
5449
3954
4543
302374
10072
252998
97160
4122
3383
3193
3247
4795
30153
3375
3585
3094
3391
2925
4059
139594
362045
70548
11626
3327
6562
3031
3135
4121
44892
4055
3568
4645
113111
12763
117535
4258
3476
3129
4443
3339
3527
8312
343601
4758
4715
161839
4247
4263
61686
3867
21809
4457
3535
3282
29994
3342
3428
3145
3391
58644
3682
3308
3830
3465
20947
5767
220562
4851
3225
6600
268759
20522
4039889
62986
5247
3607
4419
3314
3207
8622
3182
11066
3405
6039
254707
5153
121072
4839
3245
3153
4823
249320
6587
4652
3741
3059
3530
14792
3048
7434
406561
459688
6001
91210
5066
3546
3216
8119
105192
4116
5190
2903
8527
329603
236079
41333
3694
2987
5109
3285
3644
5911
235520
55626
6987
346864
5013
3259
5403
3423
15820
3389
13080
2922
3023
3495
26083
132600
75481
3970
5821
161411
54357
4529
3226
3146
2909
3051
3307
3039
3224
2958
6861
233138
7185
86905
428660
6505
2935
3359
2787
3067
2932
3117
9706
3167
14566
465823
3565
176513
2968
7851
26094
3363
3210
3208
3024
3032
3181
3011
3984
3159
121320
7397
4496
78666
2915
3195
3133
3301
3135
3116
4424
2918
668845
9272
3201
6982
3300
4762
5381
2844
2834
3178
3096
2923
54830
3227
46052
3490
2830
3491
2807
4818
138722
3495
3221
24929
3391
2998
19728
3170
2720
2587
2938
2797
3482
39055
6267
861699
106637
4439
3902
11871
712669
549835
5236
4127
271424
6561
2682
2689
3381
3064
2832
3519
56321
84275
3257
