678106
155246
711271
135468
134749
162692
2732339
141018
134034
137910
1921974
168858
1597067
672320
134696
124661
120889
123802
132066
271065
115333
116226
118719
111967
113853
128801
960030
2394209
518947
169559
115851
134077
108150
111242
118636
368255
112956
105691
108561
738182
159440
772989
107108
103177
99303
100920
100139
94521
123807
2042681
102495
101009
1015777
93654
97411
426584
91724
192551
94735
84945
76298
247497
79243
75847
75364
75313
389210
75065
71776
76443
71141
173455
83669
1394570
78701
64078
84518
1595402
167575
24975049
425241
74871
61318
65508
57402
58925
88890
54471
102397
56153
74690
1591300
64983
788119
62490
54021
50784
63073
1528600
68125
58444
52659
46248
47948
115092
37685
71920
2541847
2813550
62011
579022
54401
43777
41912
74928
639320
48119
51796
39152
71299
1949079
1457031
267410
44758
36112
50835
37276
40491
56055
1402306
356721
54575
2108642
47130
36619
48822
35395
101584
35052
59343
33261
39022
32085
170640
810393
461084
40020
47890
996809
344876
41273
32275
30112
28496
30962
32780
29683
32145
29625
54176
1410654
54027
507089
2591193
50974
28988
30575
26504
29114
28218
28674
68189
28952
92687
2754047
29503
1036675
27301
56783
158146
30773
27701
27854
28811
26762
26474
27355
33535
24921
729525
50964
35275
458718
24505
27286
25865
24812
25074
25447
33201
22672
3991527
60365
24452
46604
23728
37538
38950
23032
22747
24939
25637
23565
342310
25978
288517
25114
26697
27170
24157
37214
806815
25909
25187
160337
26061
23309
120972
25579
22626
20731
24517
21686
26721
236593
42534
5036936
636839
32279
30546
76882
4343593
3257689
38121
29587
1607820
47097
22158
22823
23861
24327
22686
26249
321796
487817
24164
114596
26651
127766
23017
22852
26951
464865
24522
22175
23485
319040
28427
270570
114602
21875
21118
20191
20738
21942
46441
19643
21610
19669
20936
19076
20803
155581
378716
85721
27080
19222
22298
18261
18483
19558
59832
18955
17779
18830
126465
26931
131408
17626
17421
16640
17037
16613
16071
20967
355007
17207
16741
172821
15811
16358
72653
15391
32799
15546
14445
13440
40472
13217
12854
12628
12694
67289
12703
12073
12790
11997
29242
14210
228731
12984
10846
14267
276698
28559
4039943
70919
12522
10416
11193
9678
9898
15233
9308
17017
9544
12278
258455
10780
127005
10512
8959
8543
10339
253244
11452
9703
8474
7753
8043
19913
6423
12063
411078
463794
10377
96057
9073
7445
7138
12419
108374
8001
8602
6631
11733
329897
237767
43795
7202
5990
8397
6241
6744
9156
237751
58796
8951
347629
7937
6112
8374
6090
18304
5876
15968
5614
6537
5295
28258
133119
77864
6662
7949
162441
57526
6941
5248
5192
4847
5229
5435
4993
5176
4937
8883
234548
9136
88182
428824
8474
4745
5385
4466
4838
4743
4766
11205
4916
16038
466809
5058
176965
4581
9539
27177
5188
4710
4781
4747
4537
4448
4461
5396
4348
120964
8695
6050
78575
4141
4452
4254
4290
4251
4360
5694
3906
669474
10286
4124
7982
4054
6162
6460
3959
3810
4193
4306
4024
56760
4420
47499
4350
4503
4557
4045
6244
138138
4388
4207
25783
4296
3934
20601
4241
3809
3561
4109
3675
4443
39800
7057
862892
106475
5442
5067
12968
711474
549298
6391
5143
271126
7753
3804
3865
4103
4141
3855
4486
56866
85238
4219
