760676
249945
2991403
57890
67736
165808
3373615
156799
423773
552385
2409090
860507
5759564
1443634
3366925
3336026
255562
465598
640024
283874
884466
343784
203468
451153
18689749
1206939
1042202
2520391
32168629
669908
244319
883102
2730085
1443457
335491
534033
2526886
387902
2209105
1586780
625324
1006467
235318
104055
1869844
126540
5534344
66695
469158
5594209
485940
2214785
4838366
107951
539124
460358
184087
17003303
1639873
934434
184685
352801
69976
314145
73504
36525
419040
146008
65123
370678
41107
290551
151484
1654465
2984432
1252372
11941389
1677424
144027
25116659
469543
14781799
2573801
25013438
386591
824481
458023
913101
155468
1233476
267916
1872900
123061
4667880
648818
194612
246655
389746
8494919
139501
75956
2986830
6652528
214722
2310980
1267126
187991
33704616
3718871
198565
1344775
4424126
3428707
193385
6889903
682623
3779160
269722
7335057
289831
2596348
8613274
392744
182452
2257988
471189
90282
496373
76520
1542561
566029
108938
2499599
302941
123298
5786948
317447
1049488
754738
3629463
1008506
92571
66743
340220
6226338
648545
349587
67243
1058128
473423
106820
210159
5526293
39517868
1717761
29570647
2740944
203410
94279
101530
1496548
8310072
2237318
9506330
712786
479589
66644
592343
24187286
1735995
152742
139765
264120
8854705
4900495
156535
1384688
471317
146828
319009
629904
442198
263654
16121835
1154261
72142
542486
612765
376942
862799
939556
1131750
4148488
1401445
649293
783813
1094277
490588
548196
2872327
7555024
4860634
284431
107406
3802756
5280692
288355
1005069
100752
448438
235796
127821
291046
635037
41749
3262799
239654
2386289
274801
203133
2222163
1459419
2143166
725422
235984
1821603
596619
177263
3882941
468441
2315782
2167622
93001
100589
4493542
983020
5652278
3295964
1592058
333208
2367696
4689444
3564460
73111
1798593
1959496
670658
25976621
12905770
18168240
3113461
152199
1403248
5248025
642170
824723
133782
43873
523652
10167
11865
28456
593094
28086
72717
97400
412604
150497
1008363
256622
558869
591918
44126
81215
110891
50680
157235
73416
35173
91456
3086666
199778
174685
413937
4856500
110395
42273
148921
463323
248201
57433
90103
431651
68171
394321
282999
108873
177112
39657
18423
328391
22141
952935
11732
83821
982504
84340
383255
837247
18923
93417
80842
31997
2782967
272291
161245
33912
60000
11897
54275
12876
6384
75072
25538
11439
63761
7139
50801
26635
281659
515554
223097
1977446
301282
25375
4193030
81212
2452050
457329
4143899
68008
142190
80896
159221
26729
217045
45069
315761
21336
780438
109952
32965
43354
65852
1428213
24331
13128
513204
1140435
37431
412618
219169
33107
5167317
640322
34359
232347
746985
605462
33940
1226411
120083
644698
46320
1295751
49794
454787
1425591
67123
30740
389114
80317
15538
86427
12898
270915
96484
18415
426749
52492
21578
987150
55861
223081
132071
712952
181015
15946
11591
58549
1078789
114176
60997
11663
178139
81573
18614
35393
955592
5831677
299774
4688733
478647
34557
16336
17315
258195
1466416
395877
1573551
121630
80869
12092
105439
3821104
300165
26432
24009
47367
1529134
853320
27574
243505
82907
25663
56238
110214
79237
47527
2801540
199665
12621
90999
103448
67767
148877
168911
198108
740874
243134
112161
133297
194231
85223
96853
496642
1336297
841833
49914
18685
664670
922057
49821
172582
18108
78804
40747
22571
53554
109487
7515
555931
43167
402449
47640
35162
383982
258763
360532
123865
39648
313267
103124
31120
656640
81924
404543
379162
16303
17338
777591
171842
1002308
560414
276663
57181
415204
798710
623620
12822
310084
340881
113953
4130637
2154340
3124481
547358
26826
243922
918078
115791
148970
