727297
259776
3697889
65274
80968
180847
3506592
181748
472182
593575
2553480
989155
5850605
1507517
7697983
3622688
221172
493641
1225642
818734
935395
488404
211677
347704
14475053
1221763
1256752
2690411
33298072
653974
258906
100856
2801792
389028
341334
560996
1257789
374830
2286613
1532834
662459
1118661
723041
174769
1880803
122442
6137409
114764
508826
5815937
456999
2003182
5470861
169129
903014
538001
246979
14177442
1799027
966373
301288
345958
88620
310496
86005
38243
446184
143749
63891
387345
45271
291661
163707
1832623
9126839
1254745
11944900
1770759
128276
24516881
410472
14773080
1515256
27870721
363635
849262
450057
998800
152844
1012584
279987
1993575
2458807
4985469
750050
185811
259056
405323
4643617
99382
71804
2998189
7160326
22833501
2550688
1519936
315415
28987798
4157694
197099
1429526
5312772
2493783
201124
8446530
697553
4393118
265850
7129129
334074
2778142
9530704
409449
197182
2306573
603648
99983
568224
86685
1491510
619150
186873
2643358
1168062
131228
5913777
410620
4062860
937764
43969982
1157224
114497
77399
446868
6927100
688982
420363
74959
1173335
482782
115622
234507
6670997
36667332
1532879
25177359
2152495
355101
16417623
166954
1479954
8204260
1982608
9731010
707450
449216
91112
612829
24932634
1957701
157932
138060
370889
8860397
4458299
163096
1644952
517264
162884
333608
263452
731672
284856
8662789
1178549
87985
535534
561692
457565
916561
962489
1167014
3654210
4051516
719296
850468
1131273
542713
616746
3004719
7850651
5408135
303743
123477
2639656
5262327
338072
1155561
115514
488482
285929
137802
376762
728332
100174
3292361
266651
2462073
307223
239006
2608076
1394416
2498082
753261
405888
1863534
686708
262321
3938811
514055
3601016
2256303
85848
85608
2303545
1088732
5848569
3058784
3805916
406090
3142047
5065326
3968703
75194
2054515
1863824
664632
25933629
8279417
17219059
6664133
167069
3142605
4869000
761182
1176484
135816
48702
693956
12297
15160
33308
658120
34649
86525
111502
466209
183694
1092433
286161
1349560
685380
40820
92454
229445
156204
177641
104766
39392
80137
2576228
215450
225974
472818
5325384
115043
47984
18545
508736
71395
62572
100929
232673
70550
437754
293041
123962
210491
131594
33378
354421
22951
1135198
21455
97488
1091842
85125
371745
1015096
31904
168238
101279
46024
2523589
321999
179511
59710
63247
16369
57509
16095
7230
85933
27184
12137
71599
8448
55142
31108
335629
1649753
240419
2125071
342252
24277
4404064
76718
2631314
290489
4908550
69245
158148
85894
187841
28283
191170
51139
363197
447365
901923
137646
34137
49202
74240
854223
18767
13602
556990
1335499
3971998
493637
284900
61285
4896786
778003
36916
267524
981297
478676
38620
1625609
133690
809848
49684
1367847
62750
530695
1709203
76221
36258
432946
112198
18873
107632
15923
286349
115254
34611
493449
222531
25239
1098868
79710
1541514
178895
7419968
225490
21743
14671
84225
1319327
132457
80445
14073
216773
90887
22099
43410
1260850
5960361
293216
4435036
413466
66200
3097780
31177
279967
1580476
384699
1757799
132122
82806
18100
119285
4266274
370408
29938
25913
72164
1666885
851087
31557
315672
99471
31177
64139
49864
143064
55837
1658973
221785
16624
97459
102810
89514
172224
189210
222142
709732
749141
135049
157328
218023
102004
118386
564685
1507983
1014820
57612
23443
500580
996852
63249
214541
22462
92953
53578
26369
74259
135417
19361
604953
51888
454220
57523
44507
489794
266993
454607
138712
73803
346487
127946
49783
718752
96612
675191
427000
16218
15974
431556
204527
1116208
559459
707480
75301
588157
928219
747303
14207
379158
349661
121501
4410472
1502639
3178884
1223543
31945
582672
914765
147367
227661
