765676
271497
3295023
268761
85681
245017
3556398
162828
470477
619023
2582907
1424842
5816157
887033
7418443
3196272
233136
507678
1207559
296961
1081430
544075
212877
662180
23440335
1343497
1287516
3387423
32816982
1281362
269410
155812
2748588
427440
337981
565053
1402014
2891094
2302636
2181145
3798218
1151764
614132
173856
1670182
120575
5905346
128787
503539
5774973
1669798
2015370
5071479
147819
848154
610473
255945
14046725
2129954
978355
305676
337683
76368
77049
1075189
170598
459945
154680
72364
412428
89051
8145945
249608
1826271
9830697
1052328
10496919
1798589
165815
24138884
409842
13107350
1531956
25948827
771688
871356
520221
1727092
163415
893513
304937
2362557
3717017
7426249
748148
239961
278803
421961
4296906
104125
73286
2927855
8096940
25461940
2313715
1479397
340345
31281582
4570528
206539
1444261
5285210
2506974
172007
7032150
709190
6245055
364813
7448200
465172
2874249
8611362
445879
457676
2752094
11971123
348096
17071243
163635
1489770
649464
197292
2703067
352112
129536
5912858
432450
5474590
720148
44954543
1580914
132997
79324
402016
3905724
780413
471933
297471
1204640
483402
137473
249825
6676967
36268287
1574378
33137159
2210947
288584
13659339
204958
1487848
8201597
2125124
9831390
714799
460460
83297
756658
21471373
1999314
160958
158556
369850
9336474
4469808
234223
1858726
553254
990399
440784
273129
543893
306548
9305991
780624
118164
646711
623231
678633
959380
5501144
1227018
3606948
4067655
666486
809071
1114874
503641
662179
2985537
6862506
5510384
390679
122007
3751745
17861143
537274
1585947
201198
685283
284392
142833
376332
6640569
137029
3370369
324379
2017860
387826
231182
3169465
1423666
5469100
773069
1529608
1913047
503503
307002
3845896
657745
3545047
2287451
136839
87508
2391161
1126151
5898539
3086414
2546920
455459
3045881
5200458
3797208
72827
2041059
1868862
730756
27226200
8210607
18730605
7935694
298353
6924638
6660420
826171
1238617
144668
51379
628272
50739
16227
44844
674952
31464
87153
117273
476751
267121
1095742
168069
1316517
609709
43513
95655
227734
57432
207486
123633
39747
145760
4090012
239224
234848
601527
5309748
227421
50340
29013
504679
79552
62537
102659
263701
552578
445912
418405
720782
218878
113166
33636
318687
22894
1105840
24471
97511
1096499
317681
378407
952915
28321
159919
115508
48128
2530245
385152
184035
60858
62451
14241
14585
204229
31949
89744
29586
13849
77402
16848
1548500
47957
337625
1793451
203501
1896542
351084
31814
4396201
77246
2369737
296689
4660382
147918
163420
100830
329385
30727
170982
55983
436123
684281
1346937
139363
44668
53303
77700
800892
19918
13963
549356
1524519
4423915
452651
280228
66832
5291882
865602
39128
273843
986949
486449
33408
1372253
137219
1159929
68882
1441583
87104
554505
1566366
83743
84691
522809
2201988
66480
3029313
30218
290139
122476
36899
509848
67400
25028
1111311
84761
2402622
139225
7600328
310884
25305
15222
76541
754555
152243
91200
56213
224988
92080
26546
46755
1277101
5968813
304182
5660030
428644
54193
2550895
38691
285039
1598011
414977
1793363
134586
85525
16929
148493
3765229
382750
30809
30278
72591
1772085
863763
45329
359595
107475
190964
85533
52190
108247
60804
1795654
149015
22596
119006
115102
133643
182402
1065694
235750
707696
759946
126382
151290
217362
95855
128497
566758
1335899
1043042
75025
23286
716634
3312310
101468
298730
39714
131056
53663
27575
75033
1218179
26624
624949
63962
376431
73144
43358
604418
275888
995950
143846
281364
359263
95106
58753
709577
125401
672741
436712
25794
16542
452181
213863
1135499
571176
479894
85176
572475
961380
724369
14029
381683
353871
134451
4652003
1503081
3469646
1464607
57229
1296445
1259594
161579
242019
