750845
338685
3378755
282233
99250
199376
3614148
335065
567877
662214
2714885
1675702
6080784
8394693
12217500
9419083
273123
559507
1296667
343847
1114063
689590
222116
605675
26326813
827676
1392109
3544740
34159851
1168213
308750
259032
2751905
433860
328567
604651
2295205
6740303
2355807
1679854
3710205
1201149
498072
188114
1710637
133972
6244723
298246
243839
5804507
1672419
1973854
4707763
154286
907677
691466
250433
13203803
2265360
1347317
309450
1716751
87818
76910
811089
170312
557936
376444
24997980
522567
103355
8371812
265090
5219129
10414606
1138694
10752336
1889815
168577
23734878
468502
11862937
1633099
25913281
836081
886571
521876
1720107
152179
944038
272064
2592212
3878555
7488614
992838
276948
303739
465420
4593050
9521552
171209
2988407
16325655
23385046
2368052
1562689
373711
35572635
4783352
218318
1610740
4831000
2639520
174177
6681193
738672
13223522
448581
7160096
911678
3077157
10183025
478023
452036
2655076
13246747
333367
14333106
340887
1495595
727488
204234
2810854
370626
818344
8406239
1665563
10442160
1038436
69197131
1393742
171471
99340
533183
3937987
806170
616301
252294
1308817
524805
149613
289987
7101327
36929218
16593316
31363535
2170806
283661
11503005
214980
1516208
8198852
2181154
10226026
786979
457998
126498
912904
25821196
2124574
175399
185298
355341
9057317
5392302
308564
2056109
590053
962598
541908
339236
715344
336829
9034010
915801
306523
3097867
760842
11662909
1242280
4566203
1283781
4044445
3966931
1108945
33974506
2182700
529199
992078
3123762
6279216
29970710
454361
150539
2231824
24651260
1203164
1157448
228339
702925
465218
153946
517756
7185950
165896
3191477
454745
2361306
375770
745233
2855517
1429901
6377878
803935
1585626
1907648
588217
374937
3751215
19588963
3480466
2364240
185610
133568
4671460
1261237
7387721
3263145
2689348
461314
4282339
5801879
3910606
77364
2208855
1981945
752473
28115613
9157672
19486086
10177702
18734527
6952790
7626943
857386
1292960
148816
66975
674397
55585
19797
38679
718934
67622
109979
131141
524990
328608
1196887
1618808
2235090
1828088
53623
110934
256564
69267
223391
159642
43520
144177
4741221
155751
266335
660311
5729527
218606
60336
50606
530171
84253
63894
115338
448855
1340825
479831
341215
736951
239763
96378
38384
342723
26859
1224452
59020
49082
1155278
335766
389865
931002
30875
180472
137720
49482
2503995
431351
267907
64949
326188
17171
15398
162557
33570
114378
76240
4476166
103080
20678
1680106
53453
1004794
1996893
232175
2041657
388695
34107
4548915
93552
2267558
333337
4908050
169020
175721
106553
345680
29897
190809
53019
504526
752954
1434437
195720
54425
61341
90891
903976
1870162
34553
591573
3185851
4327591
490440
312804
77651
6232888
958427
43782
322850
953743
542681
35563
1378537
151001
2558694
89877
1469704
179106
629865
1955086
95630
88698
535675
2564332
67480
2718052
66095
307910
145888
40710
562549
75445
162052
1664284
349089
4463384
213268
9381239
291352
35008
20391
107731
811354
166561
126539
50959
260400
106809
30753
57493
1446180
6377996
3277830
5733477
448505
56621
2309684
43131
309040
1697984
453039
1976611
157841
90780
27146
190810
4774631
431823
35967
37577
74246
1824865
1105916
63123
422412
120982
197629
111233
68617
151438
70840
1845486
185583
62369
598131
149066
2348551
251060
949234
261498
841019
787084
221987
5853097
454716
106725
203893
628156
1294879
5494058
92308
30301
455041
4718284
241076
230642
47501
142310
93505
31635
108381
1408089
34112
624195
95240
468350
74983
149522
577763
292244
1233859
158217
308691
378010
117463
76180
732434
3752339
694785
477117
37060
26613
927763
251499
1485996
635479
535661
90744
848169
1133041
786960
15551
435124
395002
146274
5022142
1758718
3780194
1956259
3432832
1371524
1510023
175627
265884
