744477
336845
3420659
324858
108786
201061
3625224
332678
555456
725010
2772427
1401852
4504778
7202197
11841750
8557042
2723854
587276
1308944
345948
1155481
701176
221411
704745
22400509
777629
1701050
3546264
33635110
1183519
303807
264352
2785051
440530
411109
602568
1898010
5322341
2359568
1707853
3553906
1211879
478139
186091
1527209
131655
6299315
258458
233187
4462286
1781844
1970965
3936346
138548
923164
678559
256126
14295680
2269895
1347825
337376
1256664
89198
78997
689906
170330
677269
367137
23535119
515855
106832
8306447
280799
5549738
10443248
1227695
12894201
1898638
169626
23946644
474479
12375011
1818233
25801012
982559
959556
517332
1741600
151718
945161
275832
2600755
3882651
7311842
1017156
258261
346719
448413
4635377
9326844
173826
2983666
16117042
26417549
2390252
1614773
383482
34735138
4545263
210196
1540606
4746415
2624336
175354
6820221
746479
12732500
509943
6733119
680387
3020883
9275714
494015
437151
2398434
13505876
301643
11464415
346045
1492652
725242
216288
2807476
856455
817726
8277495
1027395
9956853
787743
68654111
1439988
176208
99679
500290
4547761
836542
634845
232574
1313918
565458
145229
288666
6788294
36707658
7856668
31571295
2223542
312671
14285494
824763
1529533
8173707
2445283
10046248
781730
424765
133126
808327
22774190
2132243
176426
187045
357457
9662947
5647201
410298
2026282
582913
962427
496354
337592
716611
335119
9733041
1329191
300393
1149711
828270
16373777
1265295
5986808
1283070
4211527
3971322
929617
34206922
2264312
556808
1037952
3126707
6047119
31627713
459536
155717
4302818
18140634
1167653
1092079
215578
678812
633793
152494
520029
7295777
175124
3385572
908832
2360213
387916
1142596
2661910
3568998
6826450
805960
1559850
1985501
579721
360386
3877342
17882698
3131950
2361781
152202
123125
2492770
1212465
7395702
3306034
1748430
437936
4314220
5933343
3930363
81089
4132185
2045555
692394
27527325
9236225
19455293
9209694
18603366
6950550
6551356
850815
1325851
147888
66633
683053
64130
21718
39279
723179
67263
107871
144377
536334
275475
890274
1393993
2173870
1669277
529716
116504
259488
69740
232879
164133
43461
166107
4110791
147052
324964
662630
5652234
222324
59432
51864
537224
85925
80313
115424
373234
1063659
481426
347785
707814
242257
93029
38079
306924
26417
1236376
51194
46702
895922
357633
389800
783324
27953
183663
135678
50583
2701770
432131
268682
71145
240702
17495
15794
138287
33808
138755
74347
4255257
102332
21312
1670372
57079
1069440
2008180
250313
2433556
391293
34472
4581264
94976
2366947
371685
4896416
199040
191197
106036
351270
29932
191484
54106
507103
754696
1403584
201209
50867
70065
87452
914274
1839938
35330
591283
3155733
4819017
495999
323834
79777
6123402
913236
42285
309260
938901
540234
36016
1410097
152588
2473107
102607
1385684
134137
619451
1790133
99044
85695
484741
2618308
61336
2199899
66956
307967
145562
43102
563308
172346
162567
1644000
215861
3971473
162168
9418982
301727
35897
20500
101559
936705
173249
130512
46864
262260
114829
30038
57396
1383480
6366950
1589772
5768396
459531
62412
2861601
165343
312488
1695123
505934
1946606
157232
84376
28525
168843
4238367
433870
35891
37998
74509
1949724
1159617
83788
417177
119920
198081
102466
68506
151929
70879
1982536
269009
61352
224876
161727
3260027
256424
1231531
262105
879010
789027
186579
5900485
473011
112327
213420
630207
1249665
5758541
93634
31637
868748
3573901
233989
217481
45033
137772
127308
31270
109282
1432866
36245
665422
191790
469602
77818
232166
539152
717516
1323618
159213
303802
394290
115751
73079
758019
3462361
627560
477251
30657
24457
498041
242795
1489781
644827
349890
86622
854955
1160873
791667
16319
820612
408756
134422
4940064
1775662
3781669
1778923
3422004
1373989
1303369
175223
273183
