47604
11998
13102
12106
26519
11723
11430
11442
11524
11842
15542
12028
11707
483727
16668
32203
2333986
18230
512247
13282
12075
43121
11671
366139
15442
12343
12429
12314
11425
13280
89529
12760
14954
560286
15391
41617
12582
56689
13639
82903
12141
12924
12688
25437
19849
10823
12458
11253
11128
14844
13217
14178
411519
296638
16531
1046567
574371
690571
21606
14278
1243283
25113
180087
45162
13074
12131
18265
1005125
20908
17874
11416
13362
11343
18862
689178
17992
686289
32230
17695
13129
15707
12582
13361
13096
15082
934727
19983
13011
11978
13142
12671
17314
509511
17419
15133
13969
21521
15314
260939
580916
20787
30033
13444
13108
19057
12686
15960
91884
12198
24107
13837
12754
12406
13329
11797
11425
12578
16811
1214693
23111
1553837
39801
18343
1588946
21730
90384
13391
435666
29895
32020
12026
12488
19218
1276599
20615
20310
416084
193122
1059053
20301
11304
11837
10797
10829
13189
156180
490145
1010476
19189
108396
11621
11884
42292
13283
10977
11313
11259
13281
77972
13271
270317
20880
1261058
54950
90098
12777
86063
14292
11571
11174
10875
11007
11465
81638
12406
11584
271217
199702
12085
2813839
22917
20950
29095
17841
875305
1205132
32805
309220
17371
29146
12094
15329
1657527
12496
14098
13007
13630
1310630
94831
23520
153148
16250
12528
42102
11712
14646
12040
13576
453112
15469
11983
1886507
291831
16985
335051
13470
11248
11959
12073
15743
11373
11961
11884
11601
15060
18378
21975
12673
57138
1162609
22495
11763
52307
11930
11451
12611
15377
797545
18379
24712
13029
205238
992828
711930
13157
12127
10390
12662
28475
33916
10784
9810
157443
15332
12009
9837
8718
2239
2511
2234
4793
2165
2149
2140
2144
2186
2948
2257
2213
88757
3138
5936
432097
3395
95484
2482
2296
8016
2197
66301
2848
2269
2300
2207
2107
2380
16796
2338
2682
105399
2895
7672
2346
10307
2490
15684
2285
2322
2293
4821
3671
2019
2331
2068
2101
2747
2361
2613
77286
53743
3016
194556
103252
129912
3993
2713
230513
4610
33717
8524
2412
2281
3494
187052
3895
3341
2132
2487
2125
3544
126631
3363
125318
6093
3346
2392
2899
2297
2470
2454
2847
176820
3678
2386
2215
2412
2321
3074
93622
3191
2782
2556
3904
2749
46804
109951
3795
5599
2444
2379
3469
2392
2982
17047
2343
4438
2600
2413
2293
2559
2244
2107
2315
3225
224865
4290
288920
7273
3534
294145
3958
17100
2505
82107
5349
6142
2252
2368
3522
243785
3946
3770
84041
36846
192133
3945
2191
2241
2014
2071
2578
30668
95043
186687
3677
20048
2250
2243
8109
2516
2135
2183
2168
2463
14893
2458
50886
3899
238927
10457
17209
2376
16587
2646
2265
2122
2090
2137
2226
15508
2407
2253
51100
38896
2327
528890
4476
4075
5489
3297
169794
227396
6104
57517
3332
5636
2301
2849
315269
2337
2637
2384
2573
244231
18670
4322
28902
3112
2381
7862
2150
2734
2246
2441
85581
2916
2231
355168
54431
3200
63755
2456
2203
2256
2230
2818
2104
2148
2155
2082
2686
3382
4043
2290
10538
221267
4190
2158
9723
2116
2126
2346
2788
149794
3413
4559
2395
38816
185804
135234
2520
2307
1910
2422
5383
6372
1989
1856
29589
2894
2318
1870
