48266
10934
13489
12371
26129
11394
10815
11205
11792
12156
15711
11996
12385
483811
16811
31487
2330613
19105
508920
13539
11639
42120
11130
363434
15014
12712
12370
12986
10702
13139
90656
12914
14726
563400
15665
41169
13315
55340
13350
81776
12523
12659
13387
25152
20062
11951
12239
10928
11968
13957
14142
14426
408784
299287
17151
1045207
577981
696178
22390
14896
1245767
24568
178552
44247
12684
11885
18500
1008583
20322
17980
10900
14123
11133
18300
693199
17417
682640
30653
18807
13186
15406
12291
12268
13419
15278
939566
21420
12679
12971
13313
13286
16313
508422
18281
14687
14865
21536
14535
265230
587014
19965
30854
13150
13204
18796
12444
16213
91524
12635
23093
13903
14274
13146
13436
11599
11772
13311
16683
1217934
22470
1546409
41433
18537
1598758
20349
90995
13843
436698
28906
33711
13058
12636
19232
1273957
20880
20598
414821
192597
1060012
20310
11574
12423
11150
11390
13203
156298
494432
1015250
20126
110698
11593
12031
42746
13188
10618
12217
11635
13527
79584
12818
272718
21410
1263303
54452
91676
13129
82496
14382
11244
10769
11321
10908
11061
82346
12261
12329
271539
201010
12102
2799645
21525
22129
29229
17662
875668
1201561
32567
312262
18354
28247
12412
14987
1652377
12432
12978
12766
12692
1316722
92547
23865
152813
16398
12362
40910
11697
13283
12015
14444
448432
15217
12409
1882284
290455
16952
334558
13185
11190
11664
12604
14829
11385
12446
12431
11832
15471
18262
21852
13233
56086
1160785
21686
11863
51625
11890
11093
12365
15375
795902
18847
26559
12817
203077
990092
712959
13641
12505
11159
12341
27858
33255
10333
9968
154039
14573
12235
9242
8839
2039
2518
2258
4760
2094
2049
2097
2209
2198
3011
2240
2342
89100
3116
5885
432070
3532
94942
2504
2186
7818
2096
66169
2798
2292
2256
2355
1989
2328
16966
2379
2658
105827
2952
7573
2498
10147
2454
15533
2357
2263
2409
4775
3698
2200
2268
2012
2255
2594
2559
2666
76810
54217
3124
193917
104181
130884
4140
2829
230718
4497
33365
8370
2361
2218
3532
187782
3791
3336
2037
2662
2113
3385
127600
3296
124757
5842
3498
2389
2862
2268
2303
2568
2920
177385
3907
2307
2384
2435
2466
2913
93852
3345
2665
2717
3874
2613
47642
111063
3689
5713
2452
2423
3467
2328
2986
16931
2448
4274
2629
2649
2455
2551
2210
2140
2411
3191
225881
4189
287946
7554
3520
295436
3802
17118
2598
82319
5149
6424
2453
2412
3485
243383
3995
3855
83659
36660
192556
3933
2203
2374
2079
2198
2573
30534
95627
187479
3837
20441
2227
2273
8191
2505
2054
2375
2181
2469
15084
2364
51310
3961
239394
10348
17455
2465
15915
2701
2168
2059
2155
2138
2163
15613
2367
2334
51054
39208
2334
526903
4203
4240
5523
3278
169948
226908
6080
58092
3514
5467
2329
2769
314035
2334
2477
2360
2412
245319
18331
4344
28848
3131
2317
7695
2163
2485
2272
2576
84857
2826
2316
354575
54133
3159
63658
2445
2219
2196
2314
2680
2129
2222
2256
2162
2810
3437
4086
2387
10445
221372
4083
2177
9688
2096
2095
2319
2775
149730
3545
4868
2337
38372
185219
135293
2589
2338
2045
2342
5264
6271
1955
1853
29041
2725
2367
1792
