1633685
2660362
3422340
1507440
669431
28628143
3874028
472746
679419
1704447
3077967
1479313
13724492
39387614
14491945
6142677
21305022
5165323
1600059
643610
1499861
1616719
603838
1312578
23669556
925371
2306820
20134616
41999680
2054091
636032
4391997
2884370
755706
6570216
827382
1145489
5783638
2853587
5812109
4524985
1562756
4356482
2623545
1893042
15391311
4352614
676199
478098
4589330
2423140
4608694
19506730
467095
19710234
2429172
2913486
10972634
4093014
1454266
977529
4009666
1452569
203217
1118133
4287440
791219
1609100
23651257
718176
169549
9767718
561493
4165396
15989945
3105416
10868463
2926210
489248
23566086
3849371
13448336
4632255
23555021
846280
810897
8913076
2214685
253223
5150032
455145
3572557
3913808
12740349
496678
531765
572728
2224388
6755945
4913312
1472260
15111763
9583240
31021637
2533086
1993172
476106
19862387
5104107
3844809
1608285
6760491
7499772
19368340
6854273
2865093
29125893
1567017
7964779
5153724
3775505
12971345
1014866
1887780
14195349
14674673
5446952
18728304
947322
1586534
1703569
43922268
4357617
1476314
5568123
18344325
5230533
17986057
6853338
68417354
3349572
2446953
604332
2353544
4230164
1597729
1827615
362030
2193736
735484
505196
364228
6936661
29540304
28784572
23020146
6905855
440580
14000680
4512353
2469203
800200
8737782
11003468
22346764
3758476
16945874
1098701
29813270
17554764
1452306
14131984
18611322
10280858
5900934
537211
3727385
6752837
398061
905911
2260984
4833178
2573695
10766202
1706040
759886
3309779
5290177
5021576
1999803
5720462
2433701
4026808
3814536
9411336
36264036
2299823
716238
2622975
3531638
9839493
29259920
1249084
338349
4531340
6405548
3002874
1247835
2791064
1393424
1117352
809789
33185544
4564222
5633842
3492087
806400
4958249
469000
773964
16210641
3741897
6645762
1622817
12963420
2274504
31279388
2334045
31308948
17516608
4047029
6799971
461427
512475
1948097
5765657
7237191
3363355
5368137
522035
2478098
17136309
4441247
2425642
5325591
3776672
944605
25022691
9438344
20115856
9368249
19743518
5957680
9319055
889542
13742892
334023
549337
709545
307551
138650
5195262
801458
99388
136240
352249
615646
300767
2721503
6823988
2737067
1252874
3986748
1044891
326309
132687
315567
388322
122650
326581
4471032
181387
459434
3622707
6952817
397897
128184
874572
576415
152776
1265141
164654
235327
1194885
602783
1201773
917257
323177
862199
562143
391212
3036985
880716
140015
98884
951583
499585
928841
3865546
97187
3720406
506435
584641
2169964
807691
300078
212047
802503
297523
42440
231606
878476
167445
336572
4398725
147483
35507
2020630
117825
835174
3123418
645478
2141234
623937
102997
4685827
778166
2646380
941773
4658866
178648
168676
1840728
459927
51960
1074562
92224
721725
786758
2501781
102593
109097
119890
441454
1377830
1020075
315926
2896434
1971889
5726490
545294
414323
102716
3847933
1058422
795342
337320
1374642
1552057
3818541
1465982
595179
5704553
327844
1685860
1045536
801209
2552910
209966
378680
2852797
2945183
1127401
3610614
191569
338044
354397
7583105
899656
308450
1158582
3662812
1118543
4412835
1419770
9514940
724076
517111
127275
476071
902360
341273
380651
75804
454695
154517
109465
74810
1461789
5482807
5471784
4547903
1457911
90726
2861700
932560
512674
172621
1808014
2203540
4345794
794110
3557865
236992
5616974
3527284
308484
2751862
3584291
2137046
1251194
114017
773200
1367634
84825
193606
470630
1012955
551057
2246482
357199
158956
662610
1057598
1065072
421190
1221159
512550
864373
787794
1883108
6356463
496207
150177
552900
736028
2055922
5569002
264883
70364
949937
1343702
624866
257747
613202
292853
232408
172449
6111632
929021
1203319
711226
176658
1015929
97053
159389
3162569
775738
1334540
332411
2495738
466148
5821133
480921
5645811
3514455
836848
1389920
96491
106104
401732
1152997
1506199
678853
1097623
106367
512813
3341621
920040
500984
1092015
774348
189644
4694224
1890790
4000140
1873532
3691294
1216483
1891398
189232
2814256
