2372846
2595827
3305631
1483928
639755
14273533
4049515
7106724
803812
1588209
3267456
1676167
14215870
30371307
12061330
6315481
21779641
6046807
1974703
704884
3006750
9371817
677664
1778522
24418989
2151426
2352129
13285431
42337359
2355316
605171
6307545
3105975
22281614
5438559
704090
1939969
4761093
2844034
4957449
3449579
1668960
4284522
3011577
9150573
16738091
48225748
1032675
527936
4953015
2542368
4889698
19745885
827865
20837905
3322219
6741181
11796270
4188048
3768610
1299727
4684072
1037116
216647
1005708
2550080
795204
2445782
20497531
809239
3584771
11311084
4249340
13810125
16482912
2358826
10963116
3453343
477779
23952231
3463061
13511523
5875936
26197282
978243
753071
8454526
2158857
303159
6736988
1503589
3975036
3355730
12901833
1033365
553568
728695
1965585
8093488
5073975
719160
16866567
11113529
29795509
2607286
3651066
2847287
21233602
5288696
3828769
1549675
7135081
7410016
20661849
7373630
2156034
39817584
1646168
6582694
4960732
8269129
13313972
1108835
1729826
14589213
14032310
5447256
16620916
1269697
2268844
2819713
43946375
4648242
1213817
4974757
19545835
6489977
13580381
6359963
67073694
11066381
1195723
698757
2275964
4661083
1629303
9654731
718175
2349297
867387
572159
1363960
7501524
27830073
29405704
25447552
7183106
5708003
13797770
22188770
2591287
810296
8504440
10329390
19760784
3360655
16827670
1215556
28304414
17306411
1974683
13105872
16512401
10587593
54716485
680818
2751294
6386836
508119
1272545
2389918
4756268
2558334
10998760
5000386
763234
3201423
5295144
4872723
2071008
4915557
24479787
4317750
4452036
9884261
35555124
2755600
1205271
40541945
3580788
10917378
30691643
1155793
450605
13041613
5457705
4662960
2983479
2843303
1760312
1416431
822825
34245364
4797423
5733893
3802202
953520
5687557
365956
1361131
19722872
4888049
7123096
1951676
13169043
2395255
25905160
2541629
29683268
18605991
4405224
5515939
557772
547643
1101882
6450255
7819165
3598450
5325616
2679307
19506135
16438707
4615073
3117749
5469368
3515574
2234665
19674143
9980155
25217794
8412854
19837273
6812424
10129759
1466774
11111393
504181
554098
709563
313163
137436
2813205
865547
1489821
166637
340018
675835
350450
2907754
5749232
2370693
1329288
4208741
1262092
415126
150481
660177
2135061
142191
756785
4753037
436090
484614
2543923
7190855
469580
126997
1292631
642491
4264511
1088923
145609
407896
1019376
620413
1067589
729988
356281
877016
665507
1912874
3398897
8196688
220777
113181
1056977
543330
1019062
4039061
178702
4045488
704763
1396338
2401025
853483
813807
291155
969129
220653
46650
215878
541805
174718
526041
3990155
171714
755717
2406189
895921
2819278
3316496
508844
2230409
756433
103840
4892841
725701
2743971
1230914
5282028
212361
162319
1804617
462696
64423
1446416
325354
829179
697680
2613137
221069
117116
157660
404579
1699422
1087055
155976
3312232
2358316
5711768
580175
770705
619589
4218291
1134259
813326
334887
1495200
1578911
4180428
1625811
462973
7634089
354900
1445182
1043613
1782479
2693799
236494
358744
3012119
2908180
1163733
3327289
263267
492907
604924
7811109
989277
262442
1069312
3997361
1430385
3844746
1358963
9847354
2411840
261211
151771
476238
1023097
357998
2021578
154804
502687
188057
127630
287171
1631106
5385423
5703768
5100786
1564770
1228678
2907178
4416846
555675
180061
1813596
2151492
4005329
730576
3640330
270284
5519645
3585923
429969
2647304
3302016
2265316
8798877
148530
595957
1335148
111348
282228
512171
1031097
564592
2361729
1094871
163701
661645
1088236
1065242
449310
1079721
4730135
954440
946063
2034498
6430305
612079
262460
7496691
768748
2337237
5962899
252351
96193
2731875
1189531
987394
641480
643202
380789
303786
181066
6437686
1008202
1262860
797585
214649
1207263
78133
289058
3916203
1034097
1468470
412067
2601291
505519
5071147
540171
5521249
3821988
935212
1165971
119759
117024
234165
1327655
1665008
747155
1120757
558649
3815375
3303568
983312
660561
1152621
741576
455536
3891949
2054191
5050353
1732590
3808132
1430789
2105717
316909
2365680
