3081460
2992038
25520957
1855368
23714562
19099719
46112655
6812003
961189
2127987
7133496
14655728
15226413
29736939
14457440
8958839
29262586
5677913
3839159
1877737
4334678
9556917
867543
3237810
72781669
6569606
2904935
16555106
36447113
2300616
2146472
5392600
3141460
30526280
13524679
8904691
3624366
5135556
5698689
5507348
21826195
6818876
7224597
3501182
8350671
26452092
46774997
5850449
6782419
10745532
2489570
4248396
18758729
1427107
26841693
4252828
31872788
12031374
6080245
4222662
2623363
18759582
1372723
1598425
5547094
3667808
1317896
2419614
44851798
2123649
1355310
12707359
4606491
15645182
16207895
17755315
17077973
3774322
655500
23651612
15431156
14687394
4286843
33234358
1182132
3489042
9984046
8825206
6574407
9211545
1576023
16015120
14004343
29144330
1288248
1002111
10295842
10822811
18308565
7507930
2286378
17821517
7635912
28289452
21176424
4540276
3017908
23736933
7392007
4279635
22269142
7908261
8919752
21560277
8197516
3569395
31085395
4349462
8418646
5560603
10818707
41482024
2114585
3020774
15818770
13880595
3332321
24441235
7372627
2488204
5837534
45564916
6560063
2157747
9232351
18176285
7864421
13418193
7234528
66540112
10984766
9009771
3162411
3374380
16216766
4207142
9482334
38332701
11255588
1051778
2045027
1845929
7322326
26405673
23983788
29907793
12591509
6186731
12890418
22078117
3339123
44781542
9326222
19160428
16422466
3687111
12293517
57338479
39903791
24911398
10687486
12319500
31142923
16971558
56739507
2275111
6616817
8834660
1972054
7174874
10734168
20604370
3113383
9946020
4350609
1520431
11127890
7622062
4714839
17084554
7608695
20129756
20086875
5184511
10518528
35522422
3881136
1429659
53654369
5006285
7390205
34165294
37710157
33872162
19913050
3355648
4005979
3168486
3360645
2380893
53439266
1130180
8127652
5124708
6455503
4705179
1159322
6497053
3473317
1899464
28074164
6399028
10406112
11353878
16312378
5484700
9117374
3700795
35172049
37455101
5308165
26892038
1310730
637134
3194940
5040484
13246708
3810272
7524659
4403800
19774796
17197444
8015319
3950687
6009672
3405848
2387324
22869119
11045468
25438297
9877160
34746359
6517555
20404108
34528304
12387534
697495
677906
5406171
415193
4808482
3920782
7907186
1521186
210506
480798
1571736
3080109
3296858
6034220
2991683
1977814
5765655
1260024
849905
426277
1016391
2357603
192931
1065838
8905094
1395439
635158
3328333
6803110
489295
478150
1178912
694326
5895613
2858285
1950856
807802
1165018
1301108
1261752
4670522
1521393
1556149
820314
1861783
5401423
8492252
1293407
1495175
2352215
567682
941572
4083751
325058
5416018
954176
6353643
2603820
1310190
967713
622767
4000131
308554
356619
1249526
832356
304460
555544
8092046
482913
305307
2861137
1038390
3358586
3465436
3943590
3619813
877715
151033
5112561
3343938
3157685
966362
6788714
272112
790091
2254954
1953162
1437848
2093800
360616
3376636
2939991
5887501
294063
225451
2281352
2337749
3944608
1695457
522825
3694511
1718402
5831548
4569353
1015153
697778
4945721
1694449
964290
4821357
1756211
2013670
4618246
1912795
809954
6573927
974791
1954050
1240846
2480875
7825191
477318
664236
3439830
3063739
760296
5054868
1595398
573844
1329601
8441353
1470560
498147
2083917
3959750
1833877
4465779
1637568
10381154
2544377
2096736
724323
753981
3613444
992201
2117102
7257841
2494176
242347
481122
414696
1695133
5446982
5093714
6218590
2861513
1413395
2907345
4650179
764793
8502313
2110481
4122607
3583121
851195
2883147
9432703
7749633
5344775
2332944
2666304
6136228
3791260
9475862
527059
1476216
1977478
460949
1640234
2371647
4394505
732933
2274277
1010859
347920
2402458
1643191
1099421
3715997
1750288
4330501
4411103
1176963
2293623
6792956
909046
333716
9294302
1144730
1711419
6922037
7470065
6610064
4288081
779558
908077
723987
804172
545220
8883610
263727
1805547
1142321
1508958
1045955
276706
1462502
792828
424377
5700151
1431078
2255782
2431016
3393447
1215977
2030194
837505
6687512
7273498
1185017
5391034
298832
144365
714766
1102939
2878337
839727
1672140
967119
4092851
3651470
1768793
887861
1340399
762282
517409
4724558
2398866
5363979
2151666
6653246
1452618
4268100
6800149
2777740
