562272
39167
595830
19081
18026
44248
2614652
32287
23700
26985
1805226
59233
1491447
566839
25236
20662
19951
20623
29588
172179
19063
19090
19564
17777
18138
26780
839242
2274166
421013
72120
20976
40014
18510
19115
25163
270317
23649
21039
27688
653775
75395
687420
26558
19587
17972
25574
20403
19985
48967
1958689
28187
28405
950422
25700
26036
356763
23329
126595
26859
19907
18897
181854
18802
19328
17847
21277
337843
21885
19721
22403
20349
121988
33594
1338983
28401
19018
37948
1535940
127922
25219243
392449
30812
21306
24421
19124
18700
49596
19571
67048
20874
37695
1546513
31547
741683
30087
20525
18686
29253
1489506
38616
28525
22986
17263
20940
85970
17544
45541
2495186
2758928
36317
543499
29846
20776
18282
48183
615991
24903
29132
16924
50899
1921546
1432143
241873
24552
17136
29686
19942
21863
39425
1397350
336084
42099
2091026
30151
19500
31899
20985
87101
19287
43988
16783
18404
21070
159656
788130
443489
25202
35211
985413
329468
27695
18773
18319
17105
18193
20667
17378
18212
17769
42167
1403425
43200
497955
2578546
38368
18090
19193
16399
18948
17608
17364
59340
20242
84698
2726146
19648
1027307
18320
46369
144415
20030
18825
19837
16864
17430
19506
18874
25860
18636
722345
44299
27191
450536
17374
20453
18143
17711
17950
18690
27114
15453
3958405
55127
18847
41096
18242
28999
31292
16315
16375
18262
18117
17237
333456
18883
275329
19119
17454
19693
17777
28401
800323
20342
18939
151556
20603
17171
114238
18444
16636
15629
17417
16952
20699
233049
36604
5019524
621759
27367
23977
70758
4323286
3227185
31903
24292
1593043
42277
16011
16236
18982
18319
16485
21360
321545
476234
18696
93517
6586
106454
3214
3022
7259
440081
5614
3866
4570
296618
9986
249678
95631
4104
3460
3291
3378
4889
29348
3243
3398
3178
3248
3001
4306
135217
356230
68567
11443
3428
6558
3074
3155
4086
43375
3882
3475
4753
110954
12819
115934
4306
3301
2980
4260
3332
3355
8184
338149
4718
4684
159589
4270
4292
60163
3898
21709
4362
3344
3289
29522
3118
3237
2958
3510
57773
3710
3275
3720
3320
20515
5591
217469
4691
3165
6361
263432
21543
4028255
64765
5109
3599
4114
3179
3119
8376
3298
10978
3488
6161
248265
5141
118206
4990
3349
3134
4750
244238
6487
4703
3651
2895
3470
14733
2990
7584
400304
450167
5981
89202
4952
3555
3069
7953
103529
4131
4698
2852
8206
322090
231352
39197
3932
2788
4785
3270
3595
6283
234857
54603
6813
341042
5020
3198
5450
3522
15619
3222
12120
2812
3036
3423
26237
128449
74235
4169
5749
158474
54314
4562
3062
3111
2869
3047
3391
2847
2944
2974
6868
230662
7252
85893
422987
6349
2934
3320
2732
3174
2944
2882
9695
3365
14504
457237
3376
173701
2995
7780
24781
3337
3154
3382
2819
2919
3262
3033
4092
3207
118372
7425
4594
76510
2913
3362
2930
3071
2990
3186
4536
2645
657075
9260
3100
6865
3087
4759
5145
2793
2790
3060
3034
2937
54478
3215
45087
3317
2827
3291
2893
4737
135925
3442
3081
24090
3369
2847
19272
3029
2762
2576
2913
2849
3422
38781
6031
850710
103111
4587
3904
11896
701316
539241
5301
4048
266312
6909
2664
2719
3238
3081
2787
3592
56104
82588
3234
