566047
39106
594781
18659
17756
45777
2607542
31571
24595
27115
1801215
60418
1484201
560416
25766
20104
19146
19564
29365
168997
20342
18641
18785
17023
17694
25635
840052
2267281
420750
71554
20282
40906
18544
19125
24500
273577
23691
21434
27351
656298
77744
690576
25549
20606
18878
27127
20097
20548
49729
1953308
27645
28368
946324
26976
26587
347756
22940
124653
26089
20622
18858
186971
19614
19589
18703
20344
336538
22237
20217
23579
19573
123567
33263
1344611
28409
17899
39118
1547100
128232
25221944
391485
30835
19597
24739
18556
20255
50201
18736
67711
20513
37826
1541452
31917
744470
29512
19682
18179
30805
1490092
37505
28503
23781
18285
20097
85967
18320
45046
2496820
2758873
37958
545619
28976
21058
19124
49758
609486
25793
29295
18397
52197
1925002
1432533
243443
24813
17040
30545
19757
22167
39052
1380803
333253
43793
2097303
31876
18979
31061
21372
85116
19942
42746
18095
18545
21127
162896
794480
443229
25460
35012
986138
327872
27680
18986
18515
17017
18913
20565
17389
20183
17930
41689
1409294
44619
493422
2575497
39441
17908
19124
16035
18589
18369
17841
60043
18970
84851
2724333
21207
1023738
18715
45456
148921
20171
19134
19592
18019
17874
19454
19507
26046
17976
722224
43950
27255
452698
17942
19437
18761
17600
19286
18536
26441
16314
3967443
53448
18502
40279
17386
28819
30108
16534
16108
19137
18014
18054
330288
18139
277315
19907
16254
21678
16906
29084
804914
20527
19036
151808
18804
16838
111377
18625
16380
15899
17336
17163
20630
228501
36108
5003691
624854
26883
24104
73308
4326036
3233421
31586
24313
1592387
41794
15574
16294
19059
18058
15387
20648
315069
472484
19192
94392
6655
106274
3171
2999
7567
439352
5470
4024
4598
295858
10143
248692
94933
4172
3349
3195
3236
4811
28830
3436
3424
3113
3129
2906
4034
135232
355287
68874
11305
3339
6658
3028
3138
4020
43882
3881
3553
4683
110933
13044
116385
4166
3452
3135
4534
3295
3452
8258
336400
4653
4643
158795
4432
4405
58764
3809
21435
4255
3405
3290
30146
3223
3280
3103
3374
57813
3745
3376
3951
3245
20668
5544
218085
4680
3011
6484
264864
21501
4028493
64628
5142
3310
4185
3101
3327
8401
3166
11128
3445
6098
247734
5271
119053
4923
3249
3061
4935
244690
6225
4707
3821
3001
3343
14752
3072
7565
399426
450471
6227
89477
4778
3507
3152
8143
102349
4287
4797
3090
8422
322333
231105
39525
3944
2815
4974
3198
3654
6259
231538
54229
7087
341643
5268
3171
5346
3596
15388
3313
12006
3025
3074
3438
26632
129275
74417
4214
5667
158629
54029
4610
3068
3117
2840
3164
3411
2940
3233
2922
6715
231492
7460
85095
422717
6493
2831
3321
2715
3096
3049
2936
9778
3204
14636
456911
3538
173023
3104
7594
25468
3371
3277
3376
2993
3039
3218
3157
4069
3087
118393
7385
4623
76844
3025
3158
3039
3021
3181
3199
4447
2819
658788
9076
3063
6816
2960
4694
4986
2806
2712
3167
3062
3045
54031
3085
45161
3408
2750
3608
2791
4906
136613
3399
3145
24124
3117
2785
18831
3064
2686
2634
2885
2877
3417
38223
5978
848634
103516
4522
3935
12253
701915
540333
5299
4079
265523
6818
2650
2736
3259
3046
2647
3495
55099
81919
3292
