565282
41078
598257
18691
17816
45502
2624351
31383
24055
26899
1798650
60497
1485128
565565
25687
20778
19267
20295
30121
171829
19907
19510
18312
18269
18058
26130
838739
2265864
421770
71449
20698
40138
18548
19108
25574
276004
23645
21849
27718
649376
76117
688869
25851
20156
18974
26686
21097
20360
50306
1954490
27574
28236
947950
27029
26278
351330
23034
126621
26680
19993
18732
185306
20368
19235
19539
20688
335590
21960
19544
22810
21068
124105
33488
1340451
30837
20113
38250
1546339
125932
25203485
391356
32197
21482
26415
19566
19114
50437
18870
68106
20547
37638
1540866
31553
739685
29020
19532
19135
30453
1482186
38444
28667
22461
18600
20549
84883
16737
44390
2484901
2756964
37214
541341
28906
20876
19396
50599
618609
24453
30708
18235
52584
1926618
1438647
243714
24314
18709
28647
19554
22772
38007
1390151
336108
41903
2092923
30464
19216
32073
20001
87223
20913
44279
17665
18289
20798
163469
797729
443885
25015
34987
989327
330117
26058
18671
17569
16638
17706
20332
16208
18587
18732
42158
1412356
44143
496444
2573614
38968
17875
19639
16080
18326
18399
18240
60259
19523
85663
2727063
20128
1028135
19204
45185
148313
21262
18651
19556
18844
18800
17787
18100
25473
17487
726719
42203
27069
451775
17020
19639
18795
18894
17751
19340
27039
16210
3960398
54816
18198
40680
17721
28948
31247
15909
16772
18669
17626
16687
332051
18806
280241
19873
17559
20889
16990
27918
804319
20583
19096
151454
20327
15983
110651
19415
16250
15155
17990
16840
19743
231990
38039
5017457
626213
26669
24040
70027
4309736
3238233
30901
23738
1594669
41370
16115
16429
19527
18368
15822
19816
315673
480212
18824
94240
6894
107049
3135
3004
7379
440735
5377
3905
4558
295377
10028
249236
95527
4181
3504
3166
3336
4965
29388
3368
3528
3008
3318
3005
4141
134739
355409
68904
11360
3359
6532
3121
3164
4129
44390
3887
3619
4722
110146
12828
116201
4206
3408
3184
4434
3433
3414
8330
336858
4669
4625
159038
4479
4354
59247
3812
21758
4350
3358
3278
29891
3297
3194
3239
3466
57575
3727
3243
3760
3468
20845
5624
217319
4982
3306
6438
264846
21244
4026565
64435
5271
3606
4393
3245
3233
8488
3189
11144
3433
6129
247637
5156
118397
4796
3198
3230
4887
243210
6381
4782
3602
3097
3445
14524
2806
7492
398489
449391
6204
88905
4800
3470
3256
8273
104095
4017
4983
3083
8431
322565
232151
39481
3903
3067
4706
3255
3686
6084
233357
54672
6774
341012
5089
3152
5380
3417
15540
3476
12262
2979
3038
3443
26721
129712
74243
4150
5754
159109
54230
4336
3078
2992
2775
2991
3300
2729
3050
3084
6766
232107
7443
85670
422025
6473
2836
3395
2712
3073
3051
2992
9866
3282
14703
457677
3435
173596
3139
7592
25285
3501
3120
3290
3101
3157
2949
2971
4026
3030
118640
7081
4533
76660
2867
3188
3011
3203
2981
3288
4565
2730
657074
9281
3073
6900
3033
4751
5155
2713
2821
3134
2996
2798
54360
3163
45696
3370
2933
3473
2795
4681
136672
3483
3182
24109
3274
2681
18761
3162
2729
2555
2993
2852
3262
38564
6271
850476
103834
4507
3954
11681
699498
541011
5152
4030
265790
6682
2714
2789
3283
3125
2698
3378
55136
82711
3250
