567326
40033
596265
19613
17713
44905
2602332
32220
22921
27869
1811703
60802
1483983
564127
25204
19472
19420
20326
30213
171212
19585
18384
18536
16620
18468
26317
839688
2261437
421586
73320
20678
40712
17832
19423
24600
271927
24038
20751
27218
652476
73629
685488
26185
20475
18480
26281
19372
21206
48820
1961941
28748
28936
946303
27090
27404
356895
23594
126931
26544
19729
18800
184609
19854
19394
18362
20608
337500
23183
20098
22545
19676
122251
34975
1337543
28157
18369
36539
1541475
123480
25224396
395542
31946
21247
24818
19837
19023
50808
18901
67197
21469
37012
1542319
31017
747085
29391
20095
19474
30398
1488142
38672
27937
23540
17870
21110
84937
17498
44293
2492220
2773580
36409
543500
30241
20558
19448
49124
616270
25587
29320
17654
51351
1927954
1440719
243181
25159
17735
30619
19469
22205
36228
1397508
330054
41298
2098790
31686
20878
31210
21696
86013
20120
43986
17538
19029
20546
160875
793552
445373
25831
35236
977911
327505
27065
19270
17668
17322
18051
19503
16995
18398
18172
39899
1413209
42447
494197
2579240
38903
17442
19451
15724
18576
17813
18223
58690
19756
84689
2733109
20771
1021965
18986
45469
148012
19848
18963
18236
18977
17445
18642
18083
24052
18197
726551
43039
26714
449109
16915
18101
18573
17576
18534
18759
27186
16597
3966227
55437
17530
41048
17835
29698
31275
16225
17227
18516
17999
17273
331666
18508
274263
19151
16867
21356
16648
28953
805055
19966
18461
149405
19836
17758
111198
18729
15610
15889
17444
16043
20407
231968
37091
5004622
631311
27519
25029
72487
4321643
3231539
32410
23865
1596511
41056
15868
16177
18844
18991
16070
19932
318825
476008
18809
94207
6710
106533
3289
2961
7322
438343
5515
3790
4710
297447
10130
248746
95421
4065
3289
3195
3324
4995
29219
3324
3318
3038
3070
2997
4179
135178
354367
68611
11612
3437
6600
3005
3169
4058
43708
4007
3446
4671
110868
12502
115758
4203
3421
3052
4442
3190
3560
8204
337761
4864
4711
159377
4547
4557
60436
3906
21909
4335
3372
3258
29860
3255
3279
3076
3412
57804
3885
3298
3776
3275
20411
5856
217242
4601
3077
6157
264425
20915
4030626
65144
5289
3504
4142
3290
3131
8604
3181
11094
3560
5968
247907
5137
119291
4837
3321
3254
4893
244287
6420
4678
3753
2961
3496
14558
2959
7457
399297
452543
6014
89167
5013
3462
3213
8140
103725
4206
4780
2908
8265
322842
232561
39463
3992
2895
5000
3242
3638
5796
234135
53819
6644
342312
5251
3390
5285
3660
15374
3346
12138
2948
3115
3392
26488
129451
74535
4255
5742
157319
54026
4498
3124
2997
2912
3017
3223
2867
2990
3001
6552
231896
7113
85159
422516
6466
2829
3372
2632
3058
3049
3016
9688
3295
14464
458315
3494
173148
3154
7692
25295
3314
3221
3139
3136
2971
3105
2925
3845
3143
119045
7198
4515
76446
2832
3001
2993
3033
3062
3151
4600
2815
658258
9311
2918
6998
3050
4810
5130
2777
2875
3101
3064
2894
54442
3142
44881
3307
2847
3509
2775
4816
136792
3381
3106
23771
3246
2962
18727
3068
2628
2663
2904
2731
3366
38677
6052
848309
104667
4626
4072
12129
701514
540267
5420
4049
266102
6743
2668
2712
3144
3190
2758
3380
55789
82692
3251
