568337
39724
590885
19160
17607
43285
2600831
31587
23331
26769
1804761
60343
1479251
560205
25793
19902
18985
20831
29678
170822
20180
18734
18606
17771
18771
25314
838047
2261525
426403
73534
19967
39032
18682
20028
24381
275045
23288
22665
27161
650696
74605
687858
25527
19997
17883
26582
19611
20790
49975
1948682
27834
28755
947141
26398
26043
354505
23615
125747
25470
20489
18228
183763
20031
19116
18313
20807
336450
22069
20426
22967
19839
122703
33105
1340128
28548
18309
38483
1536539
123489
25231151
390137
31469
21266
25187
18942
18799
50248
19944
64989
20881
37063
1536583
31357
748887
29675
20266
17871
29864
1492350
38639
28935
22557
17532
20788
87139
17846
44923
2488986
2767063
37062
544575
28907
19583
18650
50030
614009
26188
30317
18492
53933
1923322
1437177
247296
23750
17388
30015
19643
21897
36430
1384829
332056
44137
2091578
30496
19835
31891
20814
85370
20259
42851
17387
18640
20686
156909
794055
446031
25194
35788
984039
332627
27014
18558
18093
16873
17888
19743
17531
19098
17991
41531
1400642
43979
497519
2566788
39335
18013
19841
15931
17833
18232
18394
59193
19157
85431
2725208
20967
1026312
17368
45856
143695
19793
18907
18786
18337
18296
18857
18415
25133
16998
724320
45470
27283
452241
16575
19398
17586
18665
17667
18419
27600
16196
3970910
57329
19052
40527
17906
28502
31637
16344
15892
18766
18108
17373
331080
19370
277588
18922
18113
20742
17649
28503
800609
21105
18625
151503
20428
16799
109046
19123
16779
15165
17651
16795
20750
230873
38321
5006496
621822
26982
24266
72754
4331836
3235704
33343
24668
1600462
41037
15086
16604
19414
18414
16148
21261
323979
478397
18489
94681
6718
105753
3224
2936
7103
438243
5457
3797
4574
296599
10169
248434
94654
4148
3305
3123
3408
4890
29404
3395
3416
3047
3257
3051
3993
134953
354504
69480
11682
3286
6312
3118
3277
3943
44147
3874
3735
4708
110389
12589
116005
4199
3315
2978
4423
3253
3537
8314
336196
4655
4674
159002
4374
4347
59917
3923
21562
4109
3430
3168
29619
3263
3163
3045
3450
57848
3742
3401
3823
3264
20589
5482
217631
4683
3052
6445
263582
20805
4030677
64345
5224
3561
4274
3213
3133
8524
3336
10733
3483
6022
247370
5165
119624
4888
3276
3036
4846
244660
6453
4769
3595
2866
3418
14947
2989
7467
398544
451593
6089
89331
4789
3347
3074
8203
102957
4308
4947
3105
8629
322042
232291
40113
3802
2830
4915
3271
3584
5858
232630
53977
7107
340976
5092
3269
5425
3511
15266
3386
11892
2907
3079
3337
25740
129436
74655
4191
5842
158257
54813
4496
3043
3027
2798
3006
3251
2935
3064
2994
6736
230029
7393
85923
420946
6530
2875
3418
2678
2971
3042
3033
9720
3246
14663
457204
3545
173876
2851
7651
24630
3308
3228
3223
2973
3132
3105
2984
3962
2963
118554
7599
4562
76941
2804
3155
2861
3170
2974
3078
4662
2762
658003
9601
3151
6860
3066
4661
5196
2783
2683
3146
3059
2908
54202
3319
45397
3253
3018
3440
2902
4752
135708
3494
3106
24141
3387
2852
18482
3133
2792
2564
2941
2831
3419
38539
6248
848431
103366
4526
4004
12131
703059
541159
5556
4166
266395
6701
2552
2809
3263
3062
2719
3574
56603
82909
3151
