50174
11384
13556
11425
26803
11536
10868
12151
10682
11522
15330
11430
12140
485486
16841
31534
2346880
19040
518063
12870
12161
42745
10751
362764
15603
12943
12648
12052
11396
12472
87737
12361
14559
557767
14654
42315
12126
57152
12561
83245
11256
11953
12574
24929
19168
11145
11401
11755
11523
13517
12880
14253
413598
297199
16781
1050183
584667
695741
21982
14825
1259379
24956
179351
46226
12677
11427
17357
1011327
20443
18009
11147
13721
11291
19040
703261
17736
683134
33558
18081
13525
13528
12244
13250
12831
15586
943034
20741
13442
13059
13223
12150
15959
520412
17803
15588
15188
20884
15429
262117
584437
20467
30351
12732
13291
18978
12691
15074
91347
12032
23170
13388
12622
12169
13453
11846
11448
12768
17126
1212850
22562
1562244
39320
17585
1607685
21446
90195
13874
441046
28477
32205
12536
11806
19863
1284657
21004
19476
413720
195463
1064874
19372
11618
12338
10453
10930
13344
155797
491570
1023632
19050
109557
11496
11459
42307
12763
10540
11904
11885
12962
79353
13257
274199
20399
1272037
53762
91658
11900
85527
14418
11451
10868
10292
11074
9965
80625
11596
11501
272532
196936
11877
2822077
21378
21645
28786
17389
880827
1219459
32821
313510
18417
27847
11785
15591
1664350
12286
13234
13479
12550
1314017
94752
23943
145009
15622
12239
41917
11547
13416
12380
13803
454356
14596
11660
1900931
294763
15947
334102
12886
11010
11974
12355
14583
11030
11876
11691
11696
14818
18266
21840
12121
56533
1157797
22182
11539
50853
11520
11508
11793
14264
804929
19004
23973
13576
206183
989592
716823
12913
11746
10427
11796
27533
34123
10332
9823
156566
14785
12228
8942
9212
2118
2606
2132
4921
2148
2053
2292
2010
2142
2948
2148
2277
90151
3142
5858
438599
3580
97029
2413
2323
8026
2026
66450
2903
2369
2335
2190
2136
2253
16624
2304
2663
105883
2756
7807
2289
10427
2395
15883
2147
2176
2318
4798
3547
2121
2163
2171
2220
2534
2369
2684
78292
54247
3040
196796
105887
131811
4079
2855
235509
4622
33857
8819
2372
2168
3377
190068
3794
3426
2114
2599
2164
3563
130595
3360
125769
6375
3424
2492
2509
2265
2519
2457
3007
179845
3805
2446
2401
2464
2282
2846
96588
3269
2847
2756
3802
2812
47493
111650
3842
5664
2395
2441
3475
2369
2838
17067
2314
4283
2557
2376
2278
2588
2246
2088
2331
3277
227416
4220
292893
7296
3389
299155
3941
17066
2616
83688
5103
6293
2388
2247
3637
247083
4054
3698
84416
37767
194489
3792
2273
2331
1965
2082
2599
30792
95574
190440
3709
20485
2246
2203
8137
2421
2041
2325
2264
2403
15324
2470
52072
3831
243378
10315
17810
2245
16624
2724
2233
2081
2019
2148
1968
15399
2294
2228
51706
38888
2313
535524
4202
4174
5459
3258
172613
231679
6090
58901
3574
5413
2254
2921
318610
2325
2500
2495
2392
247040
18762
4413
27509
3010
2320
7918
2181
2556
2364
2478
86729
2776
2194
361293
55307
3017
64247
2399
2184
2255
2299
2650
2058
2181
2149
2134
2661
3453
4098
2280
10552
222757
4166
2148
9571
2092
2170
2181
2627
152697
3554
4426
2484
39248
186654
137525
2505
2248
1920
2318
5253
6497
1947
1819
29781
2795
2338
1703
