47849
11787
13876
12197
27243
11511
10950
11594
11395
12193
15488
11608
11766
485934
17343
30812
2353343
19108
512232
13392
11276
43874
10966
364901
15111
13613
12488
11524
11822
13497
87369
12677
14164
564322
16020
42431
12285
56520
12942
84815
12070
13022
13376
26139
20181
11333
12005
11452
11344
14953
13222
14379
415479
299927
16539
1055850
582358
692543
21240
14617
1259464
24563
181019
46269
12922
12081
17729
1018351
20532
18713
10947
13897
10893
18992
699338
17163
685906
33446
18238
13156
13017
12455
12549
14032
15245
940054
20231
12728
12996
12698
12910
16433
521688
17735
14811
14641
20441
14726
262961
586010
20260
30988
12936
13270
18580
12256
16207
90209
12246
23736
14335
12586
12658
13402
11555
11403
12977
17194
1215778
22285
1563336
40041
17468
1605496
21436
89734
13508
440086
29636
32394
12306
11973
19373
1286448
20158
19657
413414
198061
1059252
20111
11519
12801
11196
10819
14096
157701
492108
1022043
18523
110989
11126
11781
41501
12659
10942
11490
11026
13132
78562
13445
270161
21611
1267247
55366
93149
12495
85129
14080
10700
10984
11243
10375
10607
80296
11706
11806
274280
198255
12152
2818714
22004
21029
28767
17268
883702
1226018
32172
311713
17865
28454
12357
14595
1669559
11913
12956
12704
12334
1318577
95761
24576
140962
15342
12801
42182
11345
13446
11982
13158
455313
15005
11592
1903378
294817
16908
333052
13018
11581
11775
11392
14667
11325
11910
11973
11840
15408
18665
22412
12339
55771
1158135
21928
11892
51664
12319
11812
12454
15124
800357
18060
24635
12702
203821
991098
721184
13716
12106
10459
12438
28020
33593
10346
9623
156030
14180
12496
9174
8824
2200
2638
2230
4974
2129
2073
2250
2112
2254
2987
2184
2229
90366
3279
5755
439107
3580
96329
2477
2146
8200
2108
66638
2826
2467
2289
2092
2186
2421
16565
2319
2571
107100
3018
7877
2349
10346
2393
16146
2276
2409
2427
5033
3746
2123
2283
2097
2192
2773
2462
2638
78855
54846
3058
198003
105783
131250
4020
2798
235931
4473
34019
8772
2416
2307
3442
191453
3878
3549
2096
2609
2065
3559
129980
3273
126141
6401
3463
2426
2395
2307
2367
2674
2962
179444
3740
2308
2387
2365
2352
2902
96729
3267
2746
2706
3678
2683
47602
111836
3762
5727
2418
2423
3405
2277
3026
16914
2365
4405
2680
2375
2334
2582
2231
2105
2378
3267
227435
4174
292954
7450
3383
298967
3947
17021
2570
83796
5311
6282
2313
2284
3578
247518
3934
3711
84398
38106
193724
3970
2243
2414
2094
2114
2703
31058
95997
190066
3596
20810
2180
2245
8033
2456
2141
2224
2114
2409
15038
2494
51274
3997
242594
10651
17942
2369
16449
2652
2114
2104
2152
2035
2119
15433
2294
2265
51861
39125
2400
535216
4336
4061
5419
3199
173230
232932
6004
58403
3451
5499
2331
2687
320027
2243
2460
2370
2356
247911
18864
4555
26703
2949
2438
7948
2089
2537
2270
2398
86708
2810
2212
361457
55636
3230
64192
2376
2245
2215
2106
2659
2135
2187
2220
2195
2817
3502
4192
2255
10423
222928
4119
2241
9664
2203
2217
2287
2788
152019
3399
4551
2360
38920
186716
137901
2608
2280
1956
2394
5403
6332
1943
1817
29629
2633
2413
1786
