48885
11224
13443
12019
26601
11448
10561
11673
10674
12096
15348
11221
11859
486881
15759
31694
2353642
18862
522441
13645
12511
43772
10778
362205
14932
12489
11876
12692
11116
13342
87921
12197
14688
556684
15782
41599
12057
55845
12705
84508
12155
13340
12641
25542
19684
11248
11680
11799
11066
14035
13205
14000
415260
295800
16466
1051236
581050
693224
21818
14746
1262443
24384
181862
44329
12605
12171
18490
1012582
20897
18030
10604
14693
11089
18671
705822
17044
687844
33304
18591
12664
13515
12330
12493
12820
15333
945663
19608
13047
13090
13757
12477
17145
520670
18434
14944
14709
21521
14384
264224
584092
19866
31232
12968
12939
19360
12552
15380
92593
12100
22947
13368
12438
12871
13465
11394
11921
12649
16688
1221470
22887
1560883
39771
17318
1611269
21022
90211
14064
441909
29461
32895
11842
11592
19540
1285698
20970
20809
416284
198301
1067742
20059
11407
12248
10229
9941
13209
154848
491073
1017084
19442
107833
11107
11378
41956
12657
10709
11184
11485
13216
79085
13066
274015
20582
1269914
54242
93358
12739
84622
14127
10967
11334
10918
10884
10574
82705
11396
12127
271760
198567
11822
2814387
21234
20252
29281
17309
881330
1222519
32282
314544
17400
27102
12449
14573
1667966
12163
12903
12769
12903
1324478
94877
23573
141816
15584
11900
41709
11660
14067
11819
13857
453049
15381
12439
1905936
290744
16531
329661
13124
11191
11423
11901
14896
11336
12333
12369
11412
14906
17887
21648
12213
56241
1160309
22529
11581
50988
12434
11377
12530
15407
803083
18809
25669
12193
207097
991901
718214
12944
12180
10770
11975
28192
33322
10156
9403
154816
14438
12487
9313
9052
2104
2574
2177
4857
2141
2025
2208
2034
2260
2993
2127
2235
90435
2991
5918
439254
3511
97982
2556
2378
8203
2053
66206
2773
2313
2240
2264
2097
2402
16701
2272
2705
105631
2978
7713
2271
10235
2362
16055
2286
2402
2292
4867
3625
2132
2200
2159
2127
2594
2437
2582
78647
54153
3015
197131
105634
131552
4099
2793
236127
4487
34154
8524
2386
2302
3570
190289
3943
3423
1986
2767
2104
3518
130989
3219
126504
6357
3493
2341
2516
2247
2345
2436
2985
180224
3652
2394
2395
2528
2304
3026
96685
3361
2764
2705
3909
2611
47852
111812
3715
5804
2428
2397
3545
2364
2852
17266
2368
4259
2507
2382
2354
2552
2188
2193
2297
3187
228654
4295
291863
7372
3383
299827
3897
17154
2638
83983
5288
6411
2262
2248
3653
247388
4009
3936
84730
38218
195319
3932
2201
2329
1966
1910
2574
30556
95895
189678
3733
20195
2189
2171
8093
2446
2118
2174
2212
2450
15150
2418
51930
3861
242766
10401
17999
2422
16475
2649
2170
2138
2138
2119
2091
15803
2225
2372
51553
39153
2331
534230
4190
3974
5532
3247
172476
232487
6061
59000
3395
5293
2369
2739
319337
2276
2455
2358
2455
248932
18805
4376
27101
3002
2269
7881
2176
2654
2219
2524
86323
2852
2333
362296
54684
3135
63332
2416
2246
2142
2221
2703
2132
2256
2260
2092
2698
3425
4060
2232
10531
223136
4113
2139
9583
2220
2131
2337
2831
152384
3523
4693
2277
39486
186986
137878
2511
2315
1988
2321
5374
6252
1893
1776
29498
2721
2366
1787
