48331
11196
13478
12430
26571
11511
10396
11762
11615
11997
15109
11298
11805
488361
16313
31804
2349638
19507
518037
13846
12997
42026
10935
363883
15482
12826
12444
12095
11326
13378
88313
13432
14801
563422
14911
41820
13255
57398
13060
83476
11870
12784
13040
25396
19607
11625
12370
12106
11404
14222
12374
14573
417819
298403
16669
1049445
584570
697937
21683
14574
1263665
25753
182368
45404
12382
11796
17846
1018262
20665
17609
10966
13448
10968
18353
698947
17385
684444
32381
18216
12970
12697
12302
12849
13069
15198
942666
20085
12750
12928
13861
13254
16902
517015
17898
14662
14350
21189
14709
259514
581351
19531
30747
13143
13318
18858
12734
15805
91521
11955
24268
13417
12778
11854
12989
11413
11547
12294
16555
1218108
22444
1568347
39296
17700
1610991
21489
91557
13877
439719
28707
31905
12131
11546
19106
1290151
21165
19994
416515
197150
1059825
19001
10951
11752
10666
10986
13390
157020
491279
1023406
19009
110076
11244
11991
40845
12714
10468
11645
11309
12656
76940
12661
273218
21667
1266352
56558
95945
11911
84371
14594
11148
11195
11327
10433
11319
80626
11537
11989
274862
197064
11946
2825795
21795
20538
28567
16782
881389
1221062
32213
313700
16697
27260
11661
15170
1676714
11576
13148
12623
12249
1323372
93925
23861
144528
15642
11824
42331
11854
13855
12353
13499
457418
15194
11745
1902907
295622
15955
333054
13110
11377
12412
12371
15051
11436
11698
11138
11450
15440
18124
21785
12328
56870
1160089
22212
11531
51877
11327
11145
12425
15420
802618
17883
25693
13128
206783
991327
720438
14030
12645
9916
11904
28430
33882
10393
10129
156443
14951
12251
9222
8861
2112
2577
2301
4898
2130
2008
2203
2153
2275
2923
2122
2271
90482
3075
5884
439214
3667
97123
2597
2463
7817
2112
66520
2877
2338
2319
2191
2126
2423
16758
2453
2700
106654
2849
7733
2507
10538
2451
15962
2259
2304
2349
4845
3641
2170
2338
2212
2142
2642
2298
2708
79207
54579
3061
196710
106136
132394
4076
2767
236533
4769
34381
8657
2322
2239
3463
191420
3856
3337
2059
2542
2084
3447
129952
3287
125791
6185
3448
2407
2417
2246
2430
2489
2918
179429
3687
2306
2377
2585
2473
3002
96213
3274
2719
2622
3834
2646
47111
111241
3665
5745
2484
2406
3493
2394
2941
17131
2338
4458
2509
2424
2191
2492
2189
2139
2290
3167
228347
4263
293254
7284
3422
300028
3955
17366
2623
83517
5173
6166
2336
2225
3469
248208
4076
3737
85010
37852
194234
3751
2150
2278
2034
2057
2625
30964
95697
190728
3705
20595
2175
2229
7909
2463
2039
2270
2187
2345
14729
2375
51780
4041
242453
10758
18374
2236
16356
2738
2216
2125
2206
2043
2221
15464
2253
2315
52148
38845
2344
536080
4242
4021
5417
3151
172308
231631
6072
58858
3273
5314
2244
2792
320900
2166
2477
2314
2360
248814
18549
4484
27506
3012
2254
8003
2208
2606
2334
2457
87025
2841
2198
361422
55751
3044
64060
2407
2262
2373
2265
2748
2127
2149
2077
2092
2766
3379
4084
2286
10640
222696
4197
2173
9740
2029
2120
2332
2820
151972
3387
4718
2465
39452
186899
137833
2658
2375
1845
2306
5436
6409
1932
1914
29811
2804
2329
1766
