49135
11675
13499
12322
26836
11115
11172
11508
11489
12324
15537
11649
12146
488254
16610
32250
2337843
18124
518443
13716
12379
43819
10826
362066
15015
12863
12455
12381
11357
12772
85587
13087
14508
561312
15134
41717
11743
56950
12498
82468
12010
13032
12575
25437
19923
10881
11890
11514
11282
14265
12769
13901
418897
295202
16296
1053594
582510
691259
21531
14483
1261387
24911
182714
46040
13095
11567
18252
1011343
20002
17493
11351
14429
11415
18946
698178
17814
684478
32625
17382
13521
13582
12163
12647
12649
15235
939069
19806
12789
13526
13151
13454
16415
524013
17414
14013
14755
21523
14465
264747
578214
19938
31101
12642
12026
18440
12752
15754
92479
12327
23379
12643
13157
12153
13260
12177
10885
12481
16208
1219241
22937
1565895
40189
17471
1607659
21481
89509
13212
441010
29221
31223
12150
11892
19778
1285753
20222
20204
417192
195628
1058177
19849
10676
12462
10508
10768
12679
155563
493850
1021822
19233
108347
11153
11625
42473
13089
10838
11815
11211
13307
79221
13246
271277
21749
1271731
55046
92408
12133
85133
14235
10825
11300
10842
10714
10630
83544
12049
11986
268909
196196
11888
2813396
22045
21028
27983
17263
879775
1219250
32736
313099
17400
27433
11541
15187
1680444
12109
12514
13096
12613
1318306
94771
24262
143502
15334
13020
42839
11763
13145
11778
13723
452474
15591
11792
1895849
291566
16481
331509
12717
11467
11784
11650
14442
11020
11974
13100
11847
14596
18251
21772
12076
55417
1157237
22361
12182
50907
11615
12279
12524
15345
793429
18793
25576
12831
207800
991199
718589
13755
11842
10540
12004
27874
33800
10534
9318
156717
15012
12148
9447
9061
2167
2600
2250
4973
2083
2156
2188
2163
2297
2971
2185
2301
90775
3136
6009
436594
3386
97292
2542
2355
8171
2067
66305
2781
2365
2314
2242
2088
2290
16183
2442
2609
106438
2864
7797
2229
10411
2303
15831
2260
2368
2284
4902
3737
2064
2226
2123
2162
2628
2376
2623
79137
53903
3021
197498
105750
131089
4000
2740
236309
4578
34365
8768
2452
2194
3520
190051
3775
3300
2134
2708
2159
3571
129894
3388
125870
6192
3316
2454
2492
2235
2380
2420
2935
178993
3618
2327
2487
2436
2509
2931
97385
3192
2599
2701
3887
2645
47940
110485
3719
5766
2368
2214
3440
2376
2916
17246
2382
4312
2389
2474
2245
2580
2323
1994
2270
3104
228374
4263
292979
7446
3371
299589
3960
17082
2499
83911
5236
6046
2280
2265
3606
247627
3898
3735
85054
37815
193641
3855
2089
2373
1988
2041
2474
30748
96575
190402
3720
20373
2182
2216
8231
2486
2112
2287
2165
2457
15121
2466
51575
4053
243264
10541
17754
2292
16537
2656
2107
2154
2090
2125
2106
15914
2362
2281
51059
38718
2317
533746
4336
4091
5307
3235
172482
231889
6096
58790
3354
5401
2243
2794
321778
2271
2375
2399
2419
248224
18718
4475
27349
2948
2455
8052
2147
2525
2215
2485
86289
2931
2232
360416
54876
3113
63747
2339
2279
2229
2216
2659
2075
2144
2415
2172
2643
3458
4067
2267
10402
222576
4207
2267
9564
2085
2305
2336
2806
150724
3531
4721
2417
39538
186811
137604
2646
2250
1977
2300
5386
6332
1959
1767
29817
2819
2367
1815
