48421
11764
14002
12090
26796
11929
10995
11782
11032
11946
14870
11280
12021
486412
16491
31245
2347675
18577
521811
13071
12173
42778
11000
363362
15505
12520
12947
12168
11422
12743
88411
11560
14643
560151
15253
40557
12529
56620
13413
84603
11935
12395
12622
25628
19591
11543
12022
11700
11253
14081
14002
14641
414786
298378
17120
1055044
581059
692765
21908
14442
1259730
24946
181593
45381
12552
11022
18114
1017526
20182
17903
10668
13588
11152
18438
698483
16286
683795
33050
18747
12488
13367
12421
12741
13512
15886
944422
20720
12873
12784
12608
13256
16562
523459
17478
14799
14580
20523
15562
259724
580763
20574
31609
13259
13655
19032
13001
16083
93483
12832
23332
12763
12422
12023
12989
11676
10972
12296
17559
1219923
23735
1561589
40644
18589
1609502
21898
90024
13992
440966
28811
32002
11829
11086
19663
1287217
20302
19809
413569
196799
1064400
19801
11226
11754
10447
10488
13512
156981
493820
1020880
19595
110135
11675
11897
41907
12437
10528
11556
11057
13507
78298
13271
273363
21357
1266696
55832
92814
11787
84993
14585
11180
11656
11220
10712
10722
81447
11403
11723
271438
197647
12048
2814386
21785
20900
28422
17324
886456
1225562
32568
309570
17940
27257
11682
15576
1665452
12296
12398
13210
12399
1322220
95497
23993
142031
15931
13109
42171
10970
13835
11878
13174
456857
15060
11893
1898663
292325
17053
334284
12949
11158
11288
11746
14489
11157
12195
12116
11740
14592
18337
21415
12364
55632
1157894
22633
12289
52383
12396
11200
12430
14879
804932
18730
25463
12940
206172
993102
718250
13523
11923
10532
12230
28205
33532
10545
9994
155345
14723
12469
9555
8935
2197
2687
2228
4934
2214
2091
2230
2030
2208
2902
2117
2273
90368
3104
5853
438729
3461
97954
2439
2305
7978
2107
66515
2882
2287
2390
2204
2106
2258
16739
2148
2678
106321
2840
7603
2374
10417
2501
16011
2251
2275
2322
4904
3614
2165
2273
2128
2159
2602
2550
2689
78401
54562
3148
197785
105610
131587
4082
2703
235871
4583
34173
8606
2334
2072
3453
190877
3779
3382
1999
2567
2133
3508
129822
3095
125876
6264
3559
2337
2480
2250
2367
2577
3048
179754
3817
2321
2352
2347
2480
2959
97381
3217
2703
2687
3761
2787
47064
111234
3831
5893
2452
2489
3562
2455
3015
17334
2489
4398
2436
2360
2216
2475
2268
2009
2244
3302
228489
4466
292579
7503
3564
299036
4008
17030
2626
83979
5189
6258
2207
2141
3602
247811
3938
3699
84409
37989
194942
3857
2179
2288
1977
2006
2635
30929
96194
190122
3784
20637
2255
2256
8087
2370
2035
2239
2114
2520
15001
2457
51878
3978
242705
10675
17838
2213
16463
2763
2198
2215
2155
2103
2137
15592
2259
2253
51555
38876
2344
534805
4284
4060
5397
3232
173568
233012
6065
57791
3489
5257
2193
2919
319144
2327
2373
2414
2381
248678
18869
4450
27061
3035
2455
7983
2062
2633
2234
2382
87076
2820
2245
360584
54972
3227
64203
2396
2205
2152
2185
2636
2109
2258
2229
2138
2646
3491
3981
2265
10415
222717
4233
2288
9787
2212
2110
2338
2732
152733
3543
4705
2406
39369
187180
137491
2595
2265
1952
2342
5398
6307
1954
1841
29446
2792
2390
1825
