49031
11617
13911
11919
25912
11902
10830
10961
11230
12561
15050
11009
11518
484408
15787
31493
2351863
18693
517092
13337
12272
43651
11288
366086
15342
13037
12916
11943
11157
13392
87495
13318
13644
561699
15676
41264
12314
56008
12532
82966
12146
12485
13513
25508
20210
11866
11716
11804
11575
13562
12792
14389
415479
294924
16372
1057638
577178
694978
21199
14974
1260164
25363
181027
45473
12744
11247
18501
1015942
20559
17698
10993
13855
11368
18818
699882
18124
686050
32365
18209
13519
12951
12905
12678
12935
15037
946045
20651
13046
12959
13107
12718
16296
523105
18048
15242
14649
20424
14306
263354
585367
20681
30696
12260
12944
18654
12793
15866
93216
12153
23858
13702
12983
12566
13365
11544
11543
12323
16616
1220337
23302
1564019
39174
17447
1605564
21036
89746
13649
443756
28938
31698
11698
12275
20398
1291279
20524
19456
416847
197398
1057781
19212
11531
12263
10284
11094
13270
159098
489945
1020530
19459
108812
11032
11618
42697
12803
10206
11743
11645
13042
77751
13383
273810
21116
1262870
55878
92739
12854
85014
14412
11003
10617
10849
10644
11126
79912
12170
12412
270148
199635
11912
2824454
22090
21067
28109
16948
881789
1217788
32921
313701
17499
28383
12178
15167
1670490
12065
13110
12759
12596
1328262
95146
24221
144282
15372
12287
41032
12395
13804
11903
13386
455139
14649
12578
1895069
291221
16653
336330
13438
10856
11772
12052
14479
11081
11889
12383
11388
14778
18267
21172
12010
55945
1154239
22363
11921
50316
12228
11861
12397
15147
794861
18015
25561
13081
206830
993269
722005
13416
11756
10838
11632
27936
33799
10517
10362
155853
14717
11947
9790
9058
2187
2672
2195
4798
2184
2063
2055
2060
2348
2937
2098
2203
90002
2986
5906
439147
3545
97172
2503
2331
8160
2196
66840
2884
2383
2401
2208
2082
2378
16588
2443
2481
106585
2971
7716
2344
10319
2332
15887
2304
2314
2457
4897
3778
2209
2213
2162
2204
2544
2392
2644
78688
54063
3032
198648
104953
131770
3985
2849
236085
4676
34187
8687
2371
2147
3567
190900
3858
3368
2080
2611
2170
3510
130018
3441
126002
6140
3499
2461
2436
2376
2379
2449
2892
180581
3789
2380
2377
2426
2391
2916
97418
3331
2810
2687
3703
2618
47690
111872
3843
5707
2312
2355
3439
2404
2952
17330
2324
4426
2625
2462
2356
2567
2192
2149
2296
3205
228514
4338
292712
7320
3359
298633
3874
17060
2564
84200
5202
6109
2213
2347
3733
248324
3955
3673
84959
37954
193769
3758
2223
2321
1960
2108
2602
31402
95539
190399
3769
20433
2211
2190
8191
2460
1980
2279
2236
2414
14968
2501
52017
3922
241569
10693
17898
2447
16591
2704
2165
2056
2097
2070
2201
15353
2348
2382
51246
39217
2281
535783
4347
4121
5347
3201
172697
231761
6155
58863
3389
5533
2297
2823
320063
2297
2499
2383
2399
249842
18891
4452
27389
2950
2343
7799
2265
2640
2251
2443
86874
2728
2345
360320
55006
3172
64483
2476
2146
2238
2226
2603
2088
2131
2283
2090
2670
3449
3961
2216
10516
222204
4190
2194
9530
2198
2237
2314
2819
151085
3407
4723
2415
39373
187212
138239
2579
2230
1993
2263
5356
6379
1982
1948
29649
2772
2285
1858
