48701
11094
13880
12135
26467
12083
10604
11854
11160
12031
15680
11762
12108
487797
17218
31175
2351619
18599
516274
13731
12494
43298
10789
363386
15137
12397
12454
12502
11418
12651
88059
12238
13939
557024
14682
41984
12002
57684
13002
82952
11733
12441
12645
25293
20085
11205
12026
11667
11042
14370
13008
14212
417912
293962
17510
1053099
581844
690796
21550
14113
1258135
24941
180749
46015
12886
12113
18524
1015014
20931
17237
10685
13322
10831
19285
702007
17824
683270
32982
18886
12798
12872
12316
12784
13095
16056
938886
19806
12952
13376
13611
13016
16122
519498
17056
14986
14604
20842
14719
263854
585151
20003
31072
12142
12955
19598
11958
15720
94595
12678
22965
13201
13135
12401
13069
11029
11742
13125
16595
1222148
22643
1568334
40191
18127
1612322
21357
92220
14467
441485
28469
30846
12474
11619
19320
1284939
20059
20419
416384
199818
1058450
19569
12143
12661
10514
11202
13848
157573
492561
1023614
19229
109584
11248
11223
42073
12958
10813
11188
11781
13236
77051
13218
274588
22080
1272017
55535
92530
12145
86266
14126
10863
10956
11304
11112
11115
81619
11529
11716
270829
197417
11823
2818769
21639
20814
28061
17715
879243
1220974
32810
312361
17303
28012
11224
14909
1670810
11862
12463
13132
12202
1320169
94636
23850
142489
16497
12463
41651
11719
13569
11860
13111
455252
14868
11520
1909656
293851
17034
330628
13232
11464
11848
12326
14738
11592
11242
11568
11641
15502
18482
21136
12210
56273
1160370
22175
11158
51396
11692
11476
12168
15160
804981
18345
24983
13143
210203
990987
721522
13772
12003
10696
11989
28175
33632
10592
10163
155534
14946
12201
9708
8985
2104
2694
2228
4861
2240
2024
2234
2130
2247
2995
2225
2285
90800
3208
5855
439396
3499
96999
2533
2408
8110
2089
66515
2790
2248
2301
2269
2123
2275
16721
2290
2530
105722
2802
7830
2300
10563
2388
15939
2205
2297
2307
4885
3664
2078
2282
2154
2104
2650
2369
2605
79240
53823
3211
197594
105765
131012
4032
2736
235802
4599
34218
8762
2418
2289
3529
190572
3929
3269
2022
2538
2044
3631
130554
3348
125595
6298
3591
2347
2375
2245
2418
2491
3069
179212
3639
2369
2447
2517
2443
2884
96328
3134
2771
2692
3760
2617
47748
111678
3723
5726
2275
2384
3600
2243
2909
17678
2446
4282
2469
2510
2280
2542
2129
2161
2398
3166
228690
4229
293984
7488
3497
300443
3949
17415
2731
83594
5153
5994
2372
2252
3563
247591
3909
3858
85027
38416
193853
3784
2329
2374
1993
2176
2686
31052
96143
190390
3719
20494
2211
2135
8097
2469
2091
2170
2260
2466
14747
2491
52117
4131
243376
10597
17768
2323
16784
2667
2152
2124
2186
2203
2206
15680
2251
2278
51305
38813
2319
535241
4259
4072
5361
3311
172478
232145
6085
58694
3361
5435
2158
2767
320063
2230
2394
2415
2328
248616
18762
4395
27123
3193
2347
7874
2186
2582
2232
2410
86762
2775
2181
362583
55376
3258
63513
2418
2251
2261
2293
2647
2160
2056
2144
2143
2828
3461
3979
2257
10488
223106
4148
2095
9642
2120
2168
2272
2781
152739
3462
4654
2459
40201
186882
138166
2637
2250
1994
2309
5420
6384
1986
1900
29587
2824
2342
1854
