48930
11157
13171
12709
26086
11329
10830
11612
11359
11460
15443
11582
12361
482037
15808
30839
2346253
19284
518720
13376
11840
42121
10790
363514
14539
12897
12582
11284
11418
12969
87095
12191
14349
561493
15624
41792
12364
56653
12480
85585
11292
13115
12967
25685
19012
11075
11539
11807
10904
14263
13023
14654
413380
295581
16987
1052851
582481
693630
21212
14206
1255269
25904
180985
45955
12710
12194
18214
1018841
20210
17540
11010
14426
10620
19171
695253
17011
680255
33019
18974
13046
13188
12900
13174
12590
15837
941394
20455
12819
12572
12858
12579
16390
518788
17718
14248
14277
20620
14746
265034
582194
20498
31773
13235
12208
18989
12824
15172
92636
12211
23865
12863
13470
12653
13821
12059
11307
12527
17096
1216000
22593
1563480
40240
16754
1600558
22143
89733
13733
438714
28419
31914
12359
12404
19493
1286298
20468
19332
415049
194695
1064403
19756
11425
12728
10634
10115
12738
156553
490957
1015529
18709
111662
11225
12186
42978
12089
10400
11265
11255
13167
78517
13220
272454
21907
1273466
55999
92228
12292
85553
13775
10763
11561
11703
10788
10589
83167
12739
11960
269518
198347
12354
2816874
21511
20965
28581
16877
880451
1227370
32499
312060
17792
27349
12042
15526
1671833
12482
12779
12739
12173
1322117
94849
23409
142646
15706
11774
41340
11807
14704
11806
13745
458952
15496
12114
1907710
292761
16189
334268
13184
11385
11974
11783
14416
11147
10840
11761
11316
15582
18408
21403
12607
55263
1155020
22322
11578
50610
11954
11665
12277
14269
803631
18296
26545
12687
206901
988084
717908
12982
11949
10477
11966
27849
35366
10458
10014
154611
14271
12395
9366
9042
2070
2551
2342
4793
2091
2060
2196
2135
2166
3011
2172
2321
90030
2995
5798
438536
3629
97438
2526
2252
7880
2064
66597
2678
2348
2312
2085
2097
2326
16542
2281
2572
106515
2965
7739
2342
10318
2317
16245
2149
2363
2352
4941
3504
2091
2222
2144
2085
2664
2411
2705
78320
53962
3135
197665
105861
131779
3980
2707
235000
4762
34099
8733
2368
2315
3507
191318
3778
3337
2082
2720
2000
3590
129495
3250
125332
6286
3610
2393
2469
2336
2465
2386
3001
179459
3810
2346
2318
2397
2324
2909
96426
3241
2617
2598
3737
2660
48004
111171
3839
5856
2438
2236
3517
2433
2837
17191
2354
4400
2434
2510
2343
2640
2326
2087
2331
3241
227534
4208
292716
7435
3232
298425
4117
17089
2605
83341
5094
6223
2352
2391
3545
247675
3965
3663
84620
37451
194904
3833
2248
2413
1970
1952
2497
30969
95809
189544
3631
20898
2219
2304
8254
2332
2011
2195
2152
2426
15129
2493
51703
4089
243825
10647
17722
2336
16627
2600
2136
2226
2244
2105
2102
15903
2478
2274
51222
39017
2392
534673
4233
4088
5414
3161
172584
233350
6059
58572
3430
5308
2309
2925
320117
2338
2420
2395
2344
248652
18802
4383
27231
3021
2192
7828
2153
2799
2246
2492
87348
2913
2276
362267
55040
3076
64142
2428
2237
2285
2209
2590
2092
1967
2150
2083
2821
3459
3973
2322
10342
222334
4175
2142
9504
2175
2183
2293
2627
152304
3444
4872
2338
39410
186101
137428
2502
2257
1961
2279
5345
6580
1977
1875
29501
2683
2373
1779
