49564
11834
13581
11576
26579
11486
10907
11795
11433
11952
15358
11226
12690
487881
16739
29655
2345681
18883
513134
13427
11863
42714
10976
362823
15857
12977
12362
12427
10574
12388
87519
12363
14579
561853
15511
41180
12114
56382
12818
84161
11550
13220
13118
25498
20209
11115
11623
11300
11096
14084
13361
14227
415972
298908
17144
1052375
582833
688400
20688
14615
1255850
25016
180595
46358
12902
11743
18297
1017560
20142
17782
11162
13597
11166
18367
697213
17184
686658
33213
19051
13124
12971
12338
12863
13055
15319
942714
19759
12581
12907
13083
12834
15759
525634
17474
15232
14772
21171
15112
263160
584174
20512
31372
13104
13356
18970
12324
15486
91775
13074
22885
13349
13093
12645
13106
11936
10893
12775
15494
1216835
23908
1566934
40479
17783
1608906
21950
91692
13228
443447
28895
32004
12530
11608
19563
1288148
21095
19847
415990
196069
1054227
19899
11220
11649
10345
10595
12472
155674
492837
1017284
19062
107766
11147
11747
40537
13134
10776
11565
11521
13017
78967
12417
273771
21367
1272863
54785
93300
12247
85083
13917
11185
10849
11019
10777
10946
81647
11431
11613
271305
198651
11858
2814852
22078
20655
28700
17851
878747
1222511
31507
315752
17176
28733
11976
15134
1666420
12324
12828
12478
12444
1318944
93940
23456
143703
15641
12666
41014
11773
13708
12125
13082
452476
15008
12305
1907612
292305
16495
334013
12744
11747
11826
11492
14779
11495
11888
11811
11187
15218
18124
21006
12137
55546
1158945
21881
11844
50201
11066
11119
12618
15138
802421
18506
26132
12533
207888
987516
714897
13109
12395
10056
11788
28174
34909
10748
9567
157061
14322
12325
9297
9132
2239
2584
2181
4903
2155
2058
2217
2152
2228
2967
2115
2379
90697
3161
5578
437834
3539
96391
2536
2264
7945
2101
66420
2938
2361
2298
2240
1996
2247
16646
2297
2677
106487
2897
7689
2292
10382
2401
16019
2199
2377
2364
4852
3770
2098
2209
2092
2123
2619
2464
2649
78700
54505
3153
197263
105804
130778
3898
2769
235067
4626
34097
8764
2389
2230
3543
191008
3798
3345
2111
2588
2153
3467
129913
3246
126256
6265
3591
2394
2424
2256
2444
2470
2908
180014
3620
2307
2405
2436
2415
2826
97650
3184
2804
2720
3820
2737
47573
111664
3815
5812
2439
2442
3519
2321
2939
17099
2508
4296
2536
2468
2361
2511
2262
2017
2329
2973
227966
4431
293199
7577
3457
299353
4060
17339
2502
84341
5242
6159
2361
2225
3562
247815
4074
3806
84690
37701
193169
3891
2199
2244
1976
2027
2464
30750
96100
189540
3660
20192
2165
2247
7836
2474
2088
2241
2205
2398
15156
2302
51960
3982
243729
10476
17899
2330
16542
2667
2216
2118
2145
2116
2136
15590
2253
2248
51338
39212
2338
534809
4312
4018
5461
3333
172371
232448
5907
59053
3332
5581
2310
2832
319258
2362
2435
2318
2369
248008
18645
4311
27224
3016
2446
7755
2190
2587
2307
2399
86473
2801
2332
361886
55130
3163
64189
2359
2278
2252
2149
2681
2155
2161
2188
2026
2793
3447
3968
2245
10410
222938
4084
2200
9452
1983
2113
2379
2803
152054
3481
4817
2301
39506
186246
136885
2547
2364
1882
2287
5415
6562
2022
1815
29849
2708
2344
1774
