48819
10982
13508
12240
26392
11458
10868
11324
11268
12660
15506
11516
12282
484677
15840
32142
2343267
18545
514617
12984
12313
43699
10821
364869
15771
12926
12678
11991
10928
13549
88168
12653
14479
562278
15634
41188
11967
56730
13100
83578
11978
12297
13149
25237
19708
11652
11506
11334
11137
13581
13392
15129
416912
298152
16855
1049427
581468
694323
21715
14126
1263202
25018
182193
45103
13012
11578
18376
1014473
20439
17977
11103
13605
11000
18580
698257
16688
684654
32226
18733
12835
12962
12247
13059
13127
15392
945194
20682
12954
12663
13363
12509
16267
521915
17542
14831
14518
20663
15334
261199
579930
19701
31052
13300
12762
18527
13613
15714
92611
12617
22753
13140
12756
12033
12878
11093
11474
12568
16985
1216054
22804
1557034
39905
17273
1611199
21146
89847
13585
439647
29097
31786
12848
11880
19952
1285660
19982
20496
414446
195696
1060531
19204
11193
12305
10566
11003
12498
156262
495066
1017048
19438
110503
10830
12255
43454
13480
10592
11392
11422
13003
76447
13661
273584
21377
1271854
55570
92959
11964
86348
14262
11431
10827
11084
10447
11022
81305
11756
11430
269835
198965
12402
2822430
21999
21842
28840
17487
884626
1222392
32209
315210
17485
27426
11694
15597
1675049
11521
12933
12526
12667
1327542
92867
24588
143317
15210
12247
41454
11899
13782
11468
13296
455593
15160
12198
1902837
294647
16964
332906
13522
10961
11594
12127
15030
11394
11700
11983
11840
14766
18056
21655
12051
56147
1157851
22088
11576
50654
11984
11218
12092
14411
801145
18277
25744
12864
206137
994254
716755
13252
12721
9741
11478
28620
33217
10385
9514
156453
14890
12749
9737
9001
2074
2586
2263
4843
2118
2056
2176
2106
2335
2994
2155
2280
90241
2986
5990
437792
3472
96603
2410
2328
8200
2081
66917
2921
2381
2362
2186
2046
2429
16766
2371
2640
106584
2926
7680
2250
10294
2395
15995
2267
2209
2374
4898
3677
2153
2200
2109
2146
2544
2456
2830
78784
54182
3134
196799
105622
131757
4060
2663
236318
4606
34415
8617
2403
2177
3558
190743
3854
3427
2097
2606
2116
3465
129994
3169
126050
6148
3546
2347
2400
2257
2437
2492
2918
179787
3764
2353
2324
2479
2306
2886
96966
3250
2747
2644
3730
2753
47347
110948
3672
5797
2442
2311
3478
2528
2937
17190
2427
4208
2475
2403
2223
2474
2162
2117
2289
3243
227751
4256
291534
7384
3335
300215
3881
17112
2567
83542
5221
6169
2422
2279
3666
247396
3917
3846
84386
37694
194278
3762
2174
2346
2007
2117
2461
30981
96597
189460
3759
20629
2132
2311
8378
2570
2074
2226
2197
2406
14749
2533
51770
3934
243514
10667
17931
2219
16736
2708
2244
2083
2143
2075
2161
15575
2297
2224
51195
39105
2423
535533
4300
4272
5473
3285
172870
232457
6053
59064
3424
5331
2217
2900
320582
2180
2464
2317
2411
249650
18393
4541
27287
2962
2338
7843
2203
2616
2175
2436
86973
2858
2299
361508
55507
3221
63843
2482
2188
2221
2230
2698
2128
2120
2201
2179
2675
3400
4044
2236
10574
222552
4118
2196
9555
2162
2120
2300
2656
152276
3395
4742
2392
39318
187591
137223
2518
2421
1810
2211
5480
6281
1906
1790
29820
2802
2441
1883
