48549
11041
13610
12214
26728
11525
10687
11386
11331
11950
15385
11121
12722
485710
17061
31914
2349742
18688
520037
13518
11931
42306
11123
365070
14812
12522
12430
12582
11816
12820
88809
12354
14817
559746
14889
41186
12096
58058
12124
83890
12213
13012
12794
24997
19685
11697
11586
11350
11432
14521
13117
14497
411684
296186
16367
1053432
584777
691212
21266
15253
1257570
25041
179987
46427
12580
11807
17952
1017262
20786
17606
10998
13555
11459
18772
699420
17874
687169
32298
18842
12732
12590
12164
12828
12402
15686
944356
20466
12713
13173
13201
12394
16173
521268
17630
14978
14384
20752
14740
262964
583671
20016
30958
13463
12038
18811
13025
15040
94066
11414
23979
13158
13081
12576
12358
11391
11413
12219
16934
1213900
22296
1563952
39412
17406
1607172
21416
90471
13531
442728
29706
31924
11946
12198
18613
1292223
20818
20523
415244
198175
1058390
19666
11521
12196
10794
10763
12946
159318
496319
1024117
18799
110892
11012
11937
41773
12037
10517
11423
11702
13233
78769
13584
271464
21427
1268344
54602
92368
11924
82981
14775
11119
11367
10895
10567
10967
81741
11756
11641
274802
197816
12322
2824484
21539
20952
29268
17584
880842
1224411
32756
312856
17104
28596
11674
14983
1665847
12068
12847
13548
12055
1320951
94585
23673
145128
15924
12337
40568
11296
13701
11852
12960
455064
15270
12187
1895268
293870
16648
332374
13122
11810
11296
12082
14811
11484
11848
11939
12113
15371
17923
22030
11978
54637
1160389
21975
11612
51600
11750
11409
12325
15015
803003
19009
24930
13370
204821
991332
721869
13025
12455
10008
12400
28333
33580
10637
9667
155866
14478
12498
9551
8948
2077
2595
2241
4912
2139
2049
2142
2126
2236
2980
2104
2386
90191
3205
5930
438926
3505
97506
2527
2245
7951
2119
66658
2753
2278
2302
2248
2217
2340
16850
2266
2667
106038
2807
7695
2277
10631
2271
16018
2318
2376
2353
4800
3639
2201
2218
2110
2171
2669
2393
2645
77879
54161
3024
197712
106065
130914
3962
2887
235471
4605
33927
8913
2351
2221
3492
190853
3874
3357
2073
2594
2151
3527
130035
3368
126434
6119
3619
2344
2374
2242
2431
2391
2999
179737
3746
2286
2447
2440
2309
2865
96772
3256
2756
2638
3740
2702
47595
111621
3740
5748
2525
2252
3493
2420
2805
17529
2230
4448
2511
2496
2322
2389
2170
2081
2231
3266
227558
4195
292492
7324
3344
299564
3945
17303
2561
84019
5365
6181
2304
2327
3425
248612
4035
3862
84797
38153
193771
3871
2227
2294
2037
2049
2550
31312
96546
190674
3602
20779
2195
2255
8032
2321
2046
2210
2236
2477
15099
2522
51572
3968
242905
10458
17828
2248
16139
2834
2181
2176
2109
2089
2167
15599
2301
2259
52175
38955
2365
535978
4242
4091
5555
3320
172569
232748
6104
58634
3319
5538
2228
2779
319434
2312
2403
2489
2322
248676
18760
4340
27507
3081
2349
7627
2121
2589
2258
2417
86788
2864
2309
360652
55406
3189
63922
2432
2315
2145
2222
2662
2154
2175
2212
2191
2775
3388
4138
2226
10298
222695
4121
2157
9727
2138
2175
2273
2782
152344
3582
4602
2468
39020
186565
138012
2517
2325
1881
2380
5391
6334
1968
1795
29458
2770
2399
1826
