48840
11207
13458
12303
25854
11697
10839
11441
11701
11996
15118
10935
11991
487437
15961
31988
2351236
18350
519599
13496
11833
43053
10685
363014
14828
12887
11847
12321
11130
13134
88290
12566
14198
561716
14925
41146
12938
56089
12670
83848
11709
12747
12530
25674
19454
11886
11802
12044
11219
13649
12792
13475
418421
297376
16618
1044697
585722
692975
21887
14752
1261224
24355
183034
46655
13090
11814
17362
1011739
20080
18067
11514
13608
11247
18705
698489
17624
684795
32015
17761
13317
13001
12421
12428
12913
15017
942251
19923
12803
12360
13709
12637
16687
519474
16788
14851
15563
21262
15200
259728
584568
20356
31766
13696
12194
19304
12507
15389
94071
12688
23249
13454
12823
12244
12697
11291
11416
12596
16534
1218305
22988
1561345
40237
17779
1611741
21778
88923
13539
443060
29033
31457
11867
12202
18950
1277474
20080
19692
413065
197820
1065042
19725
11463
12185
9918
10776
13582
153775
494583
1019411
19273
108791
11360
11956
41254
12994
10569
11424
11883
12971
78409
13711
277259
21500
1273039
55331
92732
11736
85537
13766
11263
11089
10513
10631
10685
80231
12026
11144
271642
196969
12203
2825266
22037
21280
28575
17693
882111
1220537
32899
313856
17844
29703
12185
15035
1674034
12078
12706
12791
12567
1315104
94631
24820
143355
15700
12281
41997
11150
14390
11366
13394
458155
15335
11794
1898470
294284
16814
329971
12924
11709
11103
12400
14586
11438
11747
12044
11114
15200
18173
21865
12545
55792
1153618
21851
12191
50899
11630
11309
12330
14775
799433
19073
26046
12816
207444
991217
715986
13688
11547
11000
12293
28529
34360
10353
9890
155559
15026
11752
9508
8969
2109
2567
2306
4715
2168
2058
2146
2192
2270
2912
2029
2288
90544
2995
5941
439517
3457
97538
2503
2248
8083
2072
66359
2738
2364
2193
2215
2085
2367
16746
2331
2551
106498
2809
7614
2454
10322
2363
15997
2244
2304
2305
4944
3627
2219
2247
2198
2145
2573
2361
2503
79126
54339
3086
196223
106214
131396
4135
2782
236008
4496
34467
8816
2426
2234
3364
190041
3786
3431
2136
2556
2132
3524
129936
3315
126042
6147
3385
2448
2452
2315
2379
2442
2893
179589
3650
2374
2310
2562
2371
2961
96479
3111
2748
2839
3828
2753
47055
111834
3767
5896
2551
2240
3537
2367
2861
17477
2464
4313
2545
2393
2259
2448
2144
2101
2306
3146
227783
4264
292583
7421
3425
299782
4046
16915
2540
84171
5224
6071
2249
2365
3481
246028
3871
3667
84155
38112
194718
3832
2235
2343
1865
2061
2641
30322
96368
189890
3711
20374
2235
2276
7988
2496
2082
2215
2251
2419
15091
2537
52540
3984
243572
10581
17858
2194
16519
2567
2233
2114
2028
2072
2119
15411
2328
2154
51414
38756
2365
536355
4336
4130
5418
3300
172831
232055
6166
58795
3486
5720
2335
2821
320432
2276
2427
2337
2417
247469
18816
4565
27139
3042
2359
7950
2080
2704
2165
2432
87080
2880
2220
360584
55333
3174
63389
2403
2296
2109
2290
2654
2131
2113
2241
2019
2770
3413
4101
2322
10456
221580
4087
2314
9650
2076
2135
2289
2688
151622
3576
4803
2405
39624
186938
136994
2610
2208
2049
2338
5434
6505
1923
1874
29721
2837
2268
1823
