49451
11693
13597
11825
25861
11337
11389
12006
11433
11556
15292
12008
12229
489384
16591
30808
2350939
19230
517963
13506
12521
43269
11450
363853
14943
13019
13106
11821
10888
13082
87998
12251
14301
558017
15794
40836
12227
56729
12518
83789
11684
12849
12321
25441
20041
11457
11713
11659
11560
13809
13387
14163
416551
297139
16580
1049103
581698
690967
21042
15194
1260840
24424
183302
45546
12335
11685
18023
1015521
21132
18116
10972
13795
10833
18416
698862
16814
682208
31240
17178
12794
13554
12197
13061
12227
15281
943768
19729
12942
13175
13788
12365
17104
522771
17491
14297
14140
21273
14079
265138
580476
19677
31232
13439
13044
18478
13436
15227
93306
12560
23944
13432
13142
12204
13078
11381
11299
13257
16815
1215797
22074
1558210
39879
18071
1607860
21140
90340
14263
443385
28898
31910
13010
11996
19468
1289447
20384
19751
420072
197786
1058908
19967
10995
12814
10677
10913
12985
156487
493752
1022299
19692
109550
10782
11858
41624
13028
10771
11064
11295
13094
78748
13534
274260
21504
1265523
55250
92721
11773
84854
14227
10960
11022
10838
10189
10685
79744
11650
11929
272797
196884
11802
2829180
22234
21695
28779
17122
881896
1229028
33027
312763
17332
28776
12216
15195
1675296
11643
12705
13058
12572
1324472
94113
24160
142917
14962
12229
41742
11669
13224
12490
13810
455850
15582
11740
1895941
293118
16669
332982
13262
11396
11370
12017
15081
11032
12026
11825
11820
15033
18055
21437
11919
56177
1155427
22492
11922
50759
12372
11703
12214
15403
800998
18037
25224
12770
202085
992512
719725
13116
12212
10566
12211
27666
33609
10685
9811
156404
14898
11659
9340
9104
2170
2590
2195
4724
2134
2190
2250
2145
2154
2995
2240
2302
90926
3121
5779
438970
3607
97221
2527
2335
8082
2178
66393
2763
2371
2429
2168
2030
2346
16607
2283
2583
105829
3012
7662
2319
10361
2309
15911
2196
2324
2243
4872
3645
2147
2230
2110
2220
2576
2453
2611
78868
54261
3059
196826
105443
130911
3967
2896
236125
4529
34685
8670
2280
2191
3483
190464
3918
3455
2055
2660
2068
3462
130085
3164
125557
6020
3310
2368
2516
2250
2455
2347
2920
179681
3648
2366
2388
2558
2333
3046
96977
3204
2660
2643
3832
2577
48094
110912
3667
5789
2482
2397
3419
2505
2820
17413
2449
4425
2537
2447
2274
2522
2163
2081
2436
3213
227335
4152
292144
7383
3497
299514
3891
17124
2689
84280
5224
6189
2409
2289
3589
248059
3982
3714
85664
37921
193996
3947
2175
2470
2008
2119
2521
30843
96268
190462
3804
20422
2152
2247
8056
2487
2115
2169
2187
2435
15096
2532
51991
3980
242022
10555
17842
2239
16511
2697
2160
2107
2115
1995
2120
15240
2322
2303
51726
38726
2304
537070
4360
4184
5481
3179
172599
233503
6197
58567
3358
5539
2326
2845
320840
2194
2413
2392
2421
248996
18586
4448
27207
2917
2301
7871
2150
2500
2352
2522
86877
2912
2195
360518
55297
3189
63996
2419
2244
2173
2232
2717
2097
2189
2155
2148
2756
3398
4028
2208
10528
221791
4232
2251
9555
2211
2220
2255
2777
151868
3397
4651
2387
38677
186948
137862
2532
2339
1974
2356
5277
6331
2001
1878
29767
2819
2253
1798
