50766
10904
13532
11983
26590
12005
11008
11518
11031
11686
14692
11166
11945
489258
16430
31673
2354750
19058
518226
13990
11910
44171
10876
363709
14643
13397
12565
11900
11139
12977
89419
12477
15122
559732
15426
42558
12467
56647
12390
84219
11401
12537
12917
24816
19325
10845
11556
11057
11589
13575
13045
14001
413741
295842
16161
1053837
582036
689963
21187
14709
1266588
24975
181270
46313
12617
11971
18118
1016040
21034
18088
11254
13942
11838
19047
698188
17844
686822
32900
18268
13512
13389
12514
12930
13488
14693
943758
20040
12588
13072
13693
12718
16148
521666
18758
15268
15090
20539
15039
264771
579338
20214
31155
13046
13578
18955
12527
14993
92438
12261
23940
13452
12980
12274
12964
12078
11660
12151
16817
1214886
22304
1560275
39381
16962
1611445
21899
89102
13973
440032
28882
30805
12460
12603
18583
1291208
20297
19136
414116
198815
1060694
19086
11301
11908
10315
10411
12994
155924
494986
1025733
19375
111562
10824
11503
41438
12813
11142
11294
11371
12967
78178
12576
271625
20962
1270127
54538
92347
12572
84378
14231
11434
11215
10962
10540
10734
80125
11991
11917
272470
198885
11727
2816977
22575
21620
29410
18764
879501
1226148
32609
313434
17358
27401
12372
15697
1668766
11561
13112
13123
11793
1318850
96517
23591
145171
15695
12159
41426
11540
13797
12292
12621
455692
14955
11411
1903906
294404
16243
334117
12824
11306
11036
12077
14852
11000
11874
12014
11230
15077
18223
21603
12060
55385
1158872
22636
11433
51111
11736
10962
12472
15021
797574
18178
25130
12304
202875
993768
717029
13851
12208
10480
10916
28832
34424
10698
10108
157343
14810
12260
9332
9289
2044
2590
2197
4871
2207
2083
2198
2105
2179
2822
2079
2246
90713
3063
5913
439866
3542
97145
2610
2242
8273
2078
66343
2735
2431
2327
2159
2065
2328
16875
2288
2755
106031
2903
7875
2383
10421
2329
16038
2162
2254
2368
4771
3529
2015
2193
2041
2204
2558
2441
2571
78300
53986
3016
197794
105695
130823
4005
2756
237158
4608
34218
8854
2366
2269
3507
190987
3975
3395
2140
2648
2222
3560
129960
3388
126551
6308
3485
2445
2478
2304
2422
2580
2823
180121
3654
2312
2384
2504
2338
2883
96883
3401
2805
2754
3696
2708
47895
110815
3778
5799
2438
2469
3468
2374
2813
17178
2358
4415
2569
2453
2267
2535
2312
2105
2222
3190
227476
4174
292087
7292
3287
300057
4024
16963
2634
83440
5248
5990
2349
2410
3431
248059
3893
3648
84580
38331
194324
3733
2212
2252
1944
2030
2548
30853
96299
191378
3746
20869
2112
2190
7967
2454
2179
2219
2197
2398
15066
2350
51512
3900
243017
10409
17739
2335
16464
2669
2262
2151
2131
2049
2104
15441
2344
2313
51638
39151
2278
534292
4366
4215
5583
3510
172292
233093
6137
58812
3389
5353
2304
2917
319382
2188
2462
2430
2265
248236
19067
4350
27622
3017
2301
7806
2147
2619
2306
2312
86775
2805
2155
361661
55484
3111
63926
2398
2211
2132
2239
2717
2075
2190
2226
2083
2771
3423
4103
2214
10462
222963
4223
2119
9634
2133
2091
2326
2754
151140
3420
4637
2269
38678
187361
137142
2645
2317
1970
2116
5527
6535
2015
1923
29882
2779
2367
1807
