50042
11147
13835
12265
26295
11313
10880
11761
11206
11841
15692
11279
11556
487662
16736
31208
2346056
18982
516743
13597
11708
42537
12196
360951
14922
13509
13216
12465
11769
13227
88064
12594
14286
561011
15709
40465
12260
54893
12600
83763
11802
12750
12755
25565
18870
10881
11533
11578
11170
13841
12857
14457
414756
296392
16882
1052549
581847
695258
22009
14374
1260548
25739
182681
45433
12638
11914
18850
1011614
20176
18425
11381
13739
10853
18870
698801
17107
683003
32039
18127
12754
13423
12155
13085
13304
15955
946000
20044
12357
12913
12680
12956
17236
522677
17380
14090
14198
21054
14913
260079
582970
20423
31300
13727
12827
19478
11888
15476
91910
12267
23555
12809
12721
11815
13184
12036
11820
12620
17007
1214995
21971
1573619
40008
17268
1600480
20798
90057
13530
444269
28513
31058
12256
12161
19759
1280913
21071
20254
414787
196749
1063623
20405
11158
12822
10750
9721
13497
156001
493276
1020852
20046
109336
11234
11760
41946
13338
10693
11437
11088
12240
77149
12957
272114
20879
1270122
54091
92294
12122
84281
14369
11386
11172
11393
11154
10817
81620
11682
11795
271600
198266
11982
2815146
22122
21300
28565
17081
884985
1222990
31251
312754
17359
28499
11624
15341
1666532
12121
13070
12989
12230
1321884
94201
23488
145041
15835
12546
41911
11521
13538
11533
13264
459686
16004
11192
1892946
295135
17050
331917
12279
11040
11736
11964
15204
11338
11370
12103
12153
14445
18490
21232
12406
55002
1159079
22469
11568
51303
11454
11070
11972
14540
797130
18397
25481
12731
203824
990328
721391
13033
12286
10134
11511
27712
34065
10790
9673
155131
14814
11460
9540
9175
2106
2643
2256
4848
2123
2059
2193
2089
2215
3026
2112
2196
90700
3132
5847
438150
3565
97000
2556
2250
7920
2328
66144
2773
2454
2431
2244
2209
2368
16650
2315
2600
106234
2992
7588
2285
10139
2319
15979
2238
2310
2337
4887
3480
2079
2184
2122
2116
2578
2373
2657
78484
54179
3121
197377
105738
131840
4048
2743
235512
4715
34288
8638
2366
2269
3612
190023
3865
3484
2133
2634
2060
3577
130050
3194
125835
6144
3432
2351
2521
2245
2484
2527
3028
179777
3711
2285
2380
2393
2396
3050
97030
3196
2607
2618
3807
2699
47140
111547
3793
5846
2512
2371
3552
2260
2905
17101
2371
4374
2406
2422
2225
2521
2322
2165
2305
3241
227682
4130
294376
7373
3340
298129
3801
17058
2567
84245
5155
6056
2320
2329
3635
246682
4015
3836
84546
37993
194440
3987
2180
2453
2077
1867
2666
30707
96071
190261
3831
20496
2206
2220
8096
2537
2090
2212
2149
2279
14779
2413
51537
3870
243171
10423
17729
2312
16436
2689
2234
2107
2185
2166
2160
15587
2274
2271
51582
39118
2324
534428
4345
4187
5408
3196
173285
232567
5850
58558
3338
5560
2193
2873
319876
2278
2492
2423
2352
248725
18725
4368
27543
3067
2354
7956
2114
2573
2193
2433
87542
2974
2087
359602
55490
3229
63718
2273
2177
2232
2243
2776
2123
2068
2220
2231
2645
3448
4013
2290
10302
223148
4188
2153
9675
2055
2100
2241
2660
151315
3439
4684
2362
38874
186729
137970
2533
2356
1874
2249
5366
6373
2007
1852
29472
2835
2215
1815
