47835
11148
13039
11659
25893
11098
11062
11450
11063
12062
14626
11247
11886
489053
16113
32444
2344689
18458
518292
13704
12472
43619
10955
366487
14758
13213
12793
12089
11597
13159
88991
11972
14019
562633
14922
41198
12365
55786
12615
82698
11779
13138
12666
25532
19097
11248
11529
11495
11470
14222
13179
14078
414682
297265
15941
1052513
575113
690513
21153
14542
1259061
24637
180192
45456
13069
11837
17559
1015029
20794
17368
10946
14012
11217
19471
697136
17487
684446
33333
18131
13331
13236
12436
12500
13329
15190
948003
20059
12044
12896
13701
13641
16710
522186
18517
14442
14581
21140
14949
265347
583009
20093
30985
13105
12850
19253
12389
15429
93496
12620
24143
13710
13009
12173
13193
11726
11574
12663
17137
1219957
23158
1565397
40466
17560
1609391
22089
91123
13467
438032
28293
32927
12283
11830
18135
1282893
20636
20650
415952
197158
1060724
19851
10867
12987
11712
10406
13244
155009
491057
1021382
18412
110555
10793
11983
41568
12817
10561
11130
11685
12737
78481
12870
272507
21862
1267741
55892
94083
12279
85657
14455
10652
11251
11071
10922
11602
82384
11414
11697
271319
198608
12182
2822774
21765
21774
29110
17511
884660
1226032
33027
315258
17412
27839
11791
14874
1666863
11826
13049
12629
12619
1321225
94781
24240
145651
15553
12507
41632
11298
13559
11908
13938
452981
15011
12589
1909137
293604
16556
333618
13218
11213
11174
12275
14773
11344
11834
11245
11692
15575
18571
20965
11691
55848
1151853
22244
11957
51555
12360
11711
12038
15225
796402
18093
26355
12972
206135
987451
721450
13512
11996
10778
12276
27176
34099
11071
9652
159435
14579
12080
9697
8826
2117
2486
2159
4734
2045
2111
2166
2084
2268
2836
2140
2270
90935
3040
6034
437884
3494
97286
2523
2382
8141
2085
67020
2712
2398
2355
2181
2205
2366
16931
2250
2540
106494
2836
7683
2330
10285
2364
15798
2218
2360
2316
4908
3528
2107
2182
2103
2202
2640
2416
2611
78505
54190
2974
197383
104634
130788
3934
2762
235862
4562
33985
8628
2416
2234
3408
190488
3895
3301
2083
2659
2121
3655
129618
3321
125859
6313
3454
2429
2482
2304
2365
2540
2901
180404
3700
2224
2359
2521
2535
2955
96920
3398
2652
2655
3841
2687
48037
111302
3739
5743
2461
2370
3541
2320
2872
17338
2438
4465
2583
2445
2281
2554
2221
2159
2337
3277
228187
4316
293385
7476
3351
299742
4053
17261
2531
83152
5049
6378
2307
2246
3326
247099
3945
3882
84756
37804
194262
3860
2105
2463
2181
1997
2575
30615
95817
190324
3561
20579
2147
2282
8012
2448
2032
2165
2252
2378
15145
2372
51726
4037
242491
10685
18004
2303
16610
2727
2132
2124
2115
2077
2263
15752
2255
2282
51456
39009
2390
536071
4271
4259
5571
3290
173020
233043
6199
59018
3365
5413
2230
2779
319521
2275
2518
2295
2405
248620
18709
4518
27711
2977
2356
7923
2104
2564
2235
2552
86160
2819
2362
362582
55308
3150
63976
2446
2197
2128
2278
2713
2095
2164
2059
2136
2827
3489
3946
2144
10514
221625
4136
2192
9692
2220
2207
2274
2820
151244
3444
4847
2414
39375
186123
138193
2620
2290
2019
2358
5210
6411
2072
1831
30261
2738
2346
1863
