49489
11321
13359
11563
26031
11891
10983
11675
11456
11518
16064
11610
12146
490108
16960
31663
2351716
19130
519310
13318
12266
43112
10862
364668
15041
12875
12412
12546
10894
12982
87791
12668
15178
557642
16069
41861
12730
56931
12981
81360
11704
12338
12270
26082
19494
11861
11881
11297
11675
13856
13345
14569
414925
297442
17425
1056130
579226
694589
21207
14118
1263493
24558
181479
47073
12366
11951
17571
1013765
21135
17863
11937
13459
10839
18813
700469
16877
681812
33210
18303
12971
13529
11990
13301
12814
15442
942231
20342
12640
12808
12985
13347
16367
521039
17822
14601
14710
20763
13971
260858
581470
19242
31527
13221
12051
17661
13001
14981
91956
11578
23981
14037
13506
11884
12556
12030
10919
12363
16880
1216870
22984
1562821
39624
18264
1603040
21652
90777
14073
440165
29798
32109
11779
12343
19373
1284433
20520
20187
413627
198075
1061474
19884
10895
11863
11218
10221
13469
155888
492468
1021087
19182
109426
10423
11392
41339
13218
11015
11394
11865
13269
78655
12839
274483
20938
1274559
55748
93226
11759
85489
13934
10876
10835
10373
10549
11542
79874
11699
12045
269590
198821
12268
2816213
22188
20745
29160
18312
884685
1222726
32434
311345
17253
27533
12025
15545
1672242
11737
13146
12769
12084
1323991
95041
23180
144367
15780
12269
41564
10867
13660
12048
13455
451839
15302
11599
1902831
292153
16572
331908
13114
11432
11564
12345
15318
11553
12002
12176
11855
15582
17645
21707
12432
55057
1155165
21901
11484
50294
11661
11279
12308
15537
797095
18506
25651
13042
204948
991811
719873
13238
12191
9890
12488
28182
34734
10252
9708
156915
14574
12119
9556
9058
2103
2562
2122
4814
2223
2102
2195
2133
2131
3055
2197
2281
90939
3207
5914
439322
3606
97619
2470
2321
8088
2082
66642
2791
2341
2301
2275
2036
2365
16557
2359
2705
105754
3028
7744
2397
10404
2420
15534
2215
2214
2244
4983
3647
2245
2265
2061
2217
2611
2469
2650
78502
54267
3176
198126
105256
131729
4004
2714
236393
4522
34203
8966
2315
2240
3412
190263
3979
3380
2211
2574
2094
3546
130185
3176
125513
6337
3476
2386
2520
2224
2507
2416
2958
179163
3712
2319
2341
2403
2488
2918
96826
3257
2677
2681
3761
2578
47290
111154
3570
5874
2455
2191
3268
2439
2781
17140
2221
4399
2638
2555
2215
2410
2285
2030
2261
3219
227855
4279
292527
7369
3535
298727
3986
17242
2639
83670
5358
6219
2239
2339
3602
247147
3970
3797
84387
38043
194361
3909
2115
2242
2103
1957
2648
30556
95972
190016
3723
20675
2041
2163
8006
2528
2130
2220
2254
2436
15120
2395
52064
3929
243349
10645
17900
2209
16619
2598
2143
2081
2039
2069
2252
15367
2244
2319
51112
39154
2409
534678
4331
4006
5499
3419
173062
232505
6102
58383
3380
5343
2295
2890
320385
2217
2515
2348
2302
248950
18820
4258
27387
3054
2336
7877
2046
2581
2261
2424
86332
2889
2167
361884
54988
3159
63528
2434
2237
2178
2310
2748
2187
2208
2199
2179
2835
3357
4049
2282
10270
222294
4074
2123
9495
2104
2162
2297
2838
151140
3496
4733
2435
39107
187081
137910
2578
2317
1867
2400
5414
6519
1900
1827
29837
2746
2361
1857
