48622
11307
13502
11957
25830
11022
11131
11626
10985
11959
14868
12130
12381
485377
16893
31160
2346651
18412
519502
13804
11825
42627
10764
363095
14774
13333
13490
12509
10914
12350
88202
12309
14160
559490
15579
42037
11874
57595
13051
84290
11813
13025
12444
25316
19681
10937
11720
11029
11383
13813
13486
13814
414846
295625
16155
1051863
576131
692730
21754
14600
1259277
25133
178361
45898
12529
11158
18258
1017569
21405
17288
10815
14516
10983
18639
698723
17553
684627
33037
18658
12943
13481
11867
12273
12842
15628
948703
20937
12292
12420
13602
13176
15870
518676
17687
15145
13845
21204
15016
263517
585895
20348
31561
13700
12728
18733
12593
15530
93700
12168
23495
13901
13128
11886
13072
11116
11292
12410
17311
1211296
22776
1560384
41370
17485
1609381
21499
88866
13624
434614
28536
32154
12415
11618
19492
1282551
20459
20416
413775
195216
1053262
19782
11489
12519
10638
10687
13284
156728
493737
1019905
19261
109186
11485
11232
42416
13142
10210
11657
10933
12448
77718
13517
273853
21906
1273350
55382
93423
12497
85690
14457
11321
11503
11197
10281
11065
82593
11906
12154
272140
196805
12103
2815618
21917
20648
28220
17541
884951
1216803
31527
315153
17415
27608
11935
15076
1674310
11556
12562
12984
12911
1330286
94909
23964
143343
15483
12627
41317
11561
13445
11752
13537
454244
15010
11764
1899610
292450
16172
333318
13263
11079
11395
11539
14608
11023
11479
11352
11362
14612
18653
21542
11803
55140
1158593
22254
11701
49792
10984
10973
11786
15534
799976
18158
25185
13644
205123
991743
722782
13688
12129
10605
11760
27853
33891
10646
9845
157880
14928
12697
9828
8918
2127
2593
2198
4686
2070
2120
2189
2060
2203
2858
2272
2325
90289
3166
5841
438322
3457
97522
2586
2249
7963
2079
66457
2759
2413
2484
2265
2057
2219
16705
2305
2559
106206
2923
7841
2262
10558
2408
15968
2239
2353
2292
4794
3658
2056
2238
2023
2156
2569
2503
2542
78386
53914
3018
197391
104569
131469
4038
2806
235734
4649
33695
8749
2353
2133
3484
190869
4005
3272
2026
2780
2092
3510
129708
3280
125877
6268
3575
2392
2495
2204
2298
2445
2941
180776
3858
2254
2273
2542
2471
2845
96554
3253
2783
2551
3807
2727
47830
111802
3768
5842
2554
2341
3473
2390
2908
17429
2343
4317
2609
2473
2190
2516
2131
2091
2285
3303
226896
4312
291829
7661
3384
299770
3937
16790
2596
82784
5134
6250
2340
2218
3556
246964
4000
3866
84428
37636
192733
3872
2255
2392
2008
2062
2583
30903
96433
190002
3756
20411
2248
2144
8167
2524
2016
2252
2095
2353
14999
2527
51798
4043
243459
10543
18000
2365
16634
2746
2217
2161
2157
2020
2212
15762
2309
2378
51678
38667
2314
533942
4308
4054
5361
3275
173469
231463
5921
59017
3378
5326
2296
2816
321055
2179
2364
2365
2411
249968
18811
4416
27269
2993
2381
7811
2154
2533
2232
2457
86638
2789
2232
360775
55170
3095
63968
2406
2190
2125
2159
2695
2062
2078
2112
2061
2701
3519
4055
2132
10357
222716
4141
2198
9448
1966
2082
2214
2839
151460
3464
4633
2515
39074
186778
138067
2651
2273
1976
2275
5302
6443
1977
1869
30070
2844
2476
1896
