49487
10856
13285
12408
25151
11451
11775
11792
11385
12087
15812
11580
11417
484936
15975
30507
2351084
18017
519103
13960
11709
42816
10881
363288
14375
13047
12395
12132
11941
12759
88530
12430
15024
561513
14801
41944
12180
56606
12806
83051
11719
13261
12791
25020
19287
11919
11529
11746
11657
13764
13249
13647
416746
298982
16960
1059649
581656
695727
21263
14681
1259227
24857
180772
45517
12299
11704
18238
1013448
20832
17506
11157
14186
11229
18579
697671
17275
683951
32824
17844
12468
13618
12680
12833
13312
15165
942351
19914
13073
12784
12957
12851
16509
519032
17149
14708
14596
19993
14548
263386
582463
21038
30927
12368
12711
19004
12774
15340
93565
11938
24513
13164
12996
12250
13018
11095
11336
12513
16791
1215163
22820
1560459
40431
17385
1606962
21678
91404
13549
440580
29311
32232
12590
12332
18951
1287061
21427
18815
411985
196925
1060248
18935
11564
12114
10686
10653
13585
158817
496094
1024052
19406
108839
11146
11735
42359
13231
10820
11591
11405
13420
77566
12911
275783
21510
1270399
54691
93397
12285
84707
13933
11298
11077
10794
10354
10662
79690
11761
11881
275807
196814
11569
2824775
21874
21016
28872
17420
880795
1225272
32542
314351
17205
26875
12032
15299
1668251
12280
12629
13050
12170
1320894
94091
24480
142853
15530
12626
41078
11018
13585
11442
12955
451162
14722
11845
1900668
294120
17493
334033
13322
11154
11492
12049
15117
11054
11579
12179
11980
15250
17994
21075
12076
54909
1157666
22857
11779
50444
11837
11080
12483
15195
795077
18395
25956
12730
204718
988178
721349
13080
12783
10569
11129
28005
34697
10420
9542
156107
14116
12618
10088
9195
2022
2568
2270
4635
2158
2235
2226
2142
2269
3049
2141
2193
90066
3007
5715
439336
3384
97358
2586
2241
8000
2059
66538
2655
2382
2309
2183
2180
2297
16819
2316
2714
106534
2801
7848
2317
10354
2418
15869
2209
2401
2332
4788
3593
2202
2177
2199
2249
2570
2436
2552
79001
54615
3117
198402
105411
131863
3976
2832
235972
4619
34055
8613
2312
2223
3528
190366
3899
3334
2097
2669
2143
3485
129826
3263
125884
6264
3403
2322
2540
2314
2441
2539
2901
179555
3675
2422
2335
2418
2406
2935
96654
3180
2720
2649
3639
2634
47637
111247
3892
5735
2320
2335
3524
2405
2894
17438
2277
4527
2518
2447
2308
2516
2145
2085
2287
3220
227447
4257
292084
7496
3355
299226
3932
17356
2558
83558
5315
6272
2366
2333
3474
247693
4128
3544
83996
37884
194153
3708
2233
2323
2027
2018
2620
31380
96540
190694
3733
20409
2180
2179
8190
2539
2097
2252
2197
2507
14930
2430
52338
3973
243256
10526
17947
2321
16400
2621
2216
2106
2104
2010
2099
15274
2283
2276
52195
38745
2248
535867
4312
4071
5470
3224
172524
232666
6110
58773
3344
5247
2293
2867
319731
2314
2421
2382
2342
248329
18634
4552
27182
3005
2389
7763
2076
2594
2156
2377
85875
2758
2252
361602
55195
3302
64288
2440
2220
2187
2263
2759
2095
2098
2254
2183
2759
3428
3935
2268
10279
222086
4287
2205
9505
2110
2069
2320
2793
150836
3448
4762
2370
39010
186145
137977
2523
2403
1983
2156
5341
6555
1928
1778
29763
2632
2424
1919
