49268
11429
13176
11852
26651
11876
10717
11635
10919
12106
15525
11956
11993
487918
17019
32765
2352605
18003
517768
13280
12243
42822
11370
363354
15332
13016
12916
12433
11270
13238
87321
12580
14028
557481
15369
41355
12766
57388
12416
83577
11559
12990
13047
25691
19697
11463
11909
11841
10979
14490
13094
14907
416773
293057
16646
1054059
580836
693022
21137
14698
1259921
24746
181358
46390
12379
11370
18021
1013878
20408
18211
11321
14256
10685
19271
699314
17732
689064
32479
18057
12822
13449
12185
12999
13147
15273
945464
20157
13334
12542
13429
12939
16062
522943
17764
15173
14628
21349
15267
264274
580130
19811
31243
12702
13084
19171
13214
15602
91510
12534
23921
13127
12660
12242
13267
11672
11041
11976
17225
1215645
22759
1556655
40844
17030
1613723
21247
91478
13640
441380
29256
31912
12278
12442
19033
1285274
21174
20152
416494
198856
1064904
20339
11258
13238
10518
11231
13381
158746
496428
1017587
18846
110543
11480
11790
41661
12500
10413
11545
10958
13425
77498
13195
273815
20583
1275103
54665
91582
12130
86158
14425
10925
10847
11197
10136
11497
79704
12354
12118
270239
196085
12184
2819634
21980
21234
28927
17836
880769
1223691
32110
310959
17405
28196
12264
14975
1672751
12153
13222
13264
12450
1321209
94407
23298
142693
16101
12395
41442
11458
13667
11837
13324
453919
14685
11880
1896023
296099
16725
331273
12637
11261
11659
11709
14794
11150
12195
11702
12751
15347
17981
22250
11888
55262
1159288
22004
11902
51308
11405
11328
12697
15362
802597
19040
25454
12367
206156
992679
715609
13223
11376
11356
11739
28481
34275
10627
10130
158535
14381
12939
9757
9130
2170
2557
2169
4888
2181
2043
2170
2026
2234
2989
2231
2260
90739
3191
6052
439036
3411
97316
2520
2304
8006
2146
66380
2837
2362
2377
2234
2113
2366
16494
2338
2546
106008
2940
7650
2390
10477
2370
15872
2214
2338
2392
4892
3651
2138
2238
2218
2120
2692
2424
2737
78827
53611
3103
197777
105351
131524
3982
2786
236058
4530
34162
8778
2338
2151
3489
190311
3871
3446
2146
2693
2043
3627
130069
3347
126618
6207
3441
2372
2483
2230
2423
2501
2919
180033
3696
2421
2316
2483
2431
2846
97108
3258
2793
2679
3875
2754
47952
110895
3682
5820
2364
2402
3519
2501
2972
17081
2411
4458
2456
2393
2289
2563
2245
2055
2228
3311
227710
4285
291820
7540
3275
300507
3936
17348
2596
83884
5286
6220
2327
2359
3516
247404
4044
3775
84807
38135
194907
3961
2187
2514
2000
2149
2590
31288
96570
189384
3641
20670
2237
2223
8027
2400
2027
2249
2127
2470
14872
2481
52032
3869
243611
10481
17670
2291
16589
2716
2180
2059
2144
2023
2278
15361
2409
2321
51144
38595
2347
534918
4287
4097
5461
3340
172366
232439
5986
58219
3371
5457
2338
2821
320247
2309
2543
2404
2383
248629
18758
4377
27127
3084
2340
7814
2150
2582
2233
2440
86587
2743
2244
360396
55639
3183
63681
2309
2242
2247
2175
2685
2111
2236
2177
2292
2799
3403
4186
2195
10352
222812
4105
2224
9624
2060
2151
2360
2805
152142
3555
4723
2323
39320
187083
137185
2538
2165
2048
2250
5419
6484
1976
1901
30052
2704
2501
1859
