49433
11852
14011
12315
26240
12002
10639
11542
10711
11868
15301
11457
12425
485765
16553
31495
2346737
18036
517115
13276
12723
43465
10550
362530
14994
11801
12724
12480
11380
12965
88326
12223
14310
558702
14899
41607
12317
56526
12967
84245
11822
13130
12751
24628
20596
11046
11718
12192
10571
13825
13122
14540
418071
298614
16594
1052405
583328
696860
21493
14415
1262013
24209
182599
44607
12902
11778
17565
1016380
20144
18524
11174
13722
11168
18185
701627
16797
682220
32920
18008
13123
12888
12850
13095
13283
15420
948916
20576
12713
12756
12673
13141
16436
518966
17838
15409
13796
21683
14952
261498
577671
19358
30683
12503
12532
18934
12552
14831
92925
12179
23161
13384
12795
12436
13230
11056
10915
12760
16203
1220454
23256
1565996
39335
17670
1606584
20847
90244
13244
441516
27977
30996
11995
12378
19150
1284022
21401
19987
416862
195881
1066362
20223
10719
11994
10394
10273
13246
157159
495338
1017243
19305
110149
10776
12479
41752
13247
10957
11159
11215
12669
76034
12951
273594
20981
1270264
54893
91383
12369
85213
14094
11382
11110
11417
10015
11189
80813
11976
11789
271436
199744
11733
2823596
21896
21142
28243
18155
886229
1220628
31511
313824
17669
28059
12482
14944
1673194
11519
12676
12606
12268
1320661
95622
24314
144208
15514
12350
41998
11812
13793
12007
13133
454853
14899
11817
1895343
292639
16975
331741
13124
11025
11869
11698
14525
11276
11364
11737
11840
15383
18254
21433
12011
56469
1164739
22224
12003
51582
11806
11363
11986
15298
807741
18173
25205
13176
205593
998180
720682
13634
12396
11324
11788
28393
34339
10740
9598
157747
14323
11674
9806
9062
2216
2648
2255
4852
2214
2028
2200
2025
2192
2954
2161
2357
90314
3134
5876
438398
3370
96963
2493
2375
8131
2023
66431
2772
2155
2319
2247
2115
2335
16661
2276
2595
105872
2817
7676
2346
10328
2412
15992
2250
2353
2295
4771
3799
2091
2239
2208
2056
2568
2418
2675
79205
54369
3041
197272
105992
131954
4012
2753
236152
4502
34419
8476
2420
2237
3398
190524
3806
3502
2102
2619
2115
3446
130196
3246
125479
6249
3436
2409
2373
2382
2436
2523
2956
180422
3772
2332
2348
2366
2404
2895
96517
3267
2855
2542
3897
2754
47360
110445
3629
5725
2331
2316
3501
2384
2758
17336
2357
4260
2525
2409
2335
2539
2130
2022
2332
3119
227997
4370
292912
7273
3390
298929
3829
17215
2515
83895
5045
6059
2313
2365
3534
247139
4105
3774
85035
37791
194974
3960
2073
2301
1989
1984
2576
30864
96486
189582
3754
20620
2151
2344
8029
2501
2120
2161
2141
2362
14687
2438
51944
3874
242765
10554
17546
2317
16582
2620
2225
2117
2192
1976
2175
15464
2345
2297
51356
39167
2310
535369
4284
4112
5331
3388
173377
231809
5933
58835
3416
5420
2394
2762
320195
2226
2427
2339
2336
248254
18955
4435
27463
3010
2333
7977
2200
2621
2234
2398
86833
2784
2237
360166
55187
3171
63827
2432
2174
2239
2190
2638
2160
2075
2164
2154
2765
3433
4007
2216
10536
223807
4128
2234
9672
2109
2180
2235
2786
152965
3441
4687
2409
39158
188346
138056
2589
2347
2069
2320
5460
6442
1979
1830
29961
2705
2262
1883
