49317
11038
13397
11721
26095
11128
11402
11976
11173
12404
15355
11897
12399
486073
16714
30884
2355906
18855
522840
13341
12250
43790
11469
364874
15269
12048
12905
12661
11548
12799
87176
12718
15154
559956
14870
40116
12441
57389
13078
83975
11389
13021
12455
25934
19793
10496
11995
12207
11172
14455
13010
14305
417819
294786
17009
1049465
579948
696852
22105
14702
1256418
24894
181784
45331
12222
11876
18105
1017286
20775
17570
10687
13576
10636
17994
696132
17768
685106
33235
17752
12787
13100
12234
12603
13281
15517
948283
20468
12546
13337
13278
13179
16413
521038
17874
15502
15265
20371
14777
263097
580111
20529
31508
13107
12729
18600
13103
14742
92344
12468
23564
13206
13320
12457
12920
11499
11525
12687
16981
1219169
22909
1563311
40280
17603
1610603
21609
90487
14044
437038
28185
32342
12372
12211
19722
1292075
20652
19834
417755
196352
1061359
20267
10921
12149
10166
10646
13690
154490
493330
1018687
18839
110519
11617
11754
41862
13213
10560
11425
11517
12409
77234
12849
274440
21103
1271853
55093
93395
12241
83793
14175
10636
11376
11667
10374
10837
81054
11680
12154
271255
198092
12465
2815743
22380
21878
28177
17208
887343
1220100
31845
312374
17609
28072
12421
14963
1675045
11572
12663
12342
12727
1318449
95010
24173
142166
16429
11880
41036
11390
13743
11620
13201
452110
15137
11961
1900806
290208
16257
331498
13092
10398
11151
12011
14986
11120
11130
11646
11506
15440
17794
22603
11804
56976
1159047
23153
11288
50384
12137
11423
12670
14599
797132
17879
25363
12793
204488
991617
721618
12866
12075
10317
11851
28484
34633
9960
10271
157313
15054
12059
9224
9117
2066
2556
2164
4796
2086
2164
2242
2094
2305
2962
2223
2338
90565
3126
5767
439760
3495
98124
2473
2334
8267
2195
66880
2849
2231
2384
2310
2140
2303
16556
2332
2743
106170
2822
7444
2367
10561
2419
16039
2166
2375
2262
4979
3639
1958
2276
2229
2136
2671
2443
2636
78822
53834
3158
196887
105244
131994
4145
2784
235208
4540
34227
8639
2314
2274
3504
191159
3915
3322
1976
2609
2034
3420
129475
3358
125978
6296
3368
2352
2451
2262
2381
2542
2941
180544
3749
2270
2464
2493
2437
2945
96776
3306
2851
2819
3704
2642
47725
111068
3813
5874
2456
2358
3435
2484
2750
17173
2456
4320
2490
2502
2332
2480
2205
2108
2329
3190
228095
4265
292475
7480
3414
299716
4021
17161
2642
83039
5105
6228
2311
2331
3613
248512
3992
3792
85139
37871
194202
3968
2146
2336
1944
2054
2671
30490
96113
189625
3657
20625
2258
2211
8052
2508
2031
2241
2219
2334
14789
2396
52120
3949
243141
10557
17973
2309
16330
2701
2113
2176
2242
2018
2111
15567
2290
2351
51471
39057
2423
534586
4398
4210
5363
3206
173564
232016
5931
58581
3391
5462
2360
2771
320494
2197
2437
2253
2431
248062
18789
4498
27100
3114
2265
7739
2158
2604
2185
2443
86066
2818
2264
361332
54542
3121
63653
2403
2067
2130
2246
2723
2081
2057
2125
2141
2816
3385
4189
2177
10718
222844
4313
2108
9442
2147
2155
2380
2687
151134
3369
4695
2398
38893
187190
138336
2510
2320
1936
2311
5431
6544
1841
1913
29864
2791
2319
1788
