49096
10941
13922
11638
26648
11758
10953
11692
10774
12756
14574
11437
12118
489812
16816
31366
2343575
17908
518322
13822
11857
41104
11269
363034
15048
12185
12143
12562
11909
13426
87142
12438
14092
560704
15417
41386
12340
57559
12645
84327
11993
12402
12975
25904
20974
10697
11767
11489
11957
13616
12810
14474
413547
297844
17531
1051123
580978
695282
21349
14846
1262292
24380
180775
45555
12475
12008
18116
1016667
20088
17004
11199
14318
11884
18293
697984
17931
688329
33382
18466
12799
13098
12736
12876
12833
15760
949672
20173
13061
12965
13986
13733
16228
518941
18763
15349
14034
20568
15107
264269
581393
19812
31534
12750
12884
19585
13286
14243
91945
12483
23181
13110
13447
12440
13644
11337
11619
12075
16753
1212696
22808
1561718
41358
17470
1612650
21268
92478
12972
440209
28465
32583
12454
12529
20419
1291126
20677
19104
413890
196028
1060030
19525
11382
11801
10663
10326
12420
156118
490818
1015890
19384
108654
11897
12094
42011
12134
10330
11137
11321
13124
78376
12880
273394
20776
1275517
55768
92377
12042
84523
14287
10881
11164
10544
10594
10881
80985
11360
11757
271554
196812
11491
2819935
22166
21088
27801
17383
882324
1220384
32273
314865
16806
27871
11837
15208
1670044
11786
12374
12961
12821
1327820
94614
24066
143424
16102
13392
40668
11446
13584
11700
13619
458499
14525
12541
1900725
292927
16359
329706
11892
11256
11934
11494
14278
11011
11448
11398
12173
14923
18391
20743
11959
55376
1164411
22296
11438
50453
11681
11062
12580
14382
804631
18089
25511
12699
208808
994998
718164
13259
11931
10276
12274
27779
35051
10479
10055
155911
14906
12628
9700
8987
2087
2640
2140
4888
2193
2078
2212
2028
2371
2846
2130
2281
90917
3150
5898
437613
3359
97313
2578
2283
7723
2182
66360
2799
2225
2246
2266
2221
2433
16519
2343
2577
106227
2960
7706
2349
10539
2375
16049
2280
2280
2359
4964
3807
2025
2212
2110
2275
2521
2370
2682
78535
54320
3265
197075
105554
131758
4039
2810
236358
4481
34124
8650
2325
2287
3518
190756
3818
3224
2116
2734
2253
3476
129641
3405
126563
6389
3498
2359
2470
2351
2417
2479
3007
180931
3688
2366
2392
2605
2563
2893
96508
3445
2842
2576
3739
2715
47892
111138
3661
5919
2405
2352
3610
2456
2630
17146
2380
4300
2485
2497
2307
2577
2156
2158
2205
3214
227227
4248
292293
7639
3385
300138
3967
17538
2474
83474
5145
6372
2347
2406
3694
248004
3964
3575
84441
37679
193879
3827
2192
2270
2018
1981
2464
30670
95767
189318
3740
20394
2309
2276
8066
2315
2026
2184
2185
2472
15008
2428
51716
3855
243755
10639
17874
2253
16417
2692
2122
2177
2058
2072
2148
15646
2271
2257
51545
38718
2234
535247
4337
4096
5269
3279
172864
232389
6057
59184
3260
5412
2251
2842
319587
2246
2356
2392
2443
249215
18761
4410
27337
3109
2519
7715
2160
2533
2241
2510
87208
2724
2304
360832
55359
3111
63346
2206
2189
2248
2133
2610
2081
2110
2105
2207
2724
3452
3901
2220
10365
223308
4141
2143
9509
2131
2098
2353
2638
152388
3407
4676
2361
39710
187493
137359
2565
2279
1922
2338
5307
6623
1923
1896
29564
2811
2419
1854
