48848
11528
13316
12051
26177
10985
11341
11745
11784
11731
15641
11140
12155
489077
16630
30828
2345008
19363
514906
12671
12605
42808
11340
362084
15447
12388
12440
12282
10969
13498
88383
12690
14977
561349
15298
41383
11976
56894
13212
83949
11975
13725
12795
26454
19600
11712
11868
12012
11786
13930
12009
14173
417322
295535
16129
1054780
579225
693768
21566
14313
1257703
24476
180070
45097
12634
11510
17931
1016426
20374
18862
11048
14396
11686
19522
698701
17801
686104
33112
17910
13153
13524
12287
12904
13006
14553
946966
20411
12738
12550
14055
12894
17139
519715
16947
14471
14611
20598
15118
264491
581391
20189
31834
12625
12872
18948
12576
15363
93318
12129
24166
13495
13281
12205
13373
12048
11789
12209
17077
1212795
22803
1555073
40221
17459
1611510
21696
89590
13575
442583
29432
32056
11824
12191
18608
1286108
20715
19594
413615
197842
1067306
19455
11757
12213
11002
10294
13230
157912
494487
1023982
18413
107469
11474
11522
41212
13137
10750
11780
11545
13475
79361
13521
273827
20995
1273270
53953
93708
11901
85195
14440
10435
11033
11167
10414
10642
81155
12031
11680
272016
197309
11904
2825020
22162
22204
28690
17824
884955
1223075
32753
315468
16990
28572
12063
15076
1673076
12233
12490
12845
12354
1327027
95497
24914
144680
15495
12239
41985
11017
14188
11765
13448
456741
14731
11656
1895945
293164
16290
331851
13113
10847
11166
12225
14796
11321
11998
11332
11963
15257
18534
21853
12553
56396
1159422
23144
12488
51079
11734
11110
12314
15540
796316
18499
25299
12379
207669
991968
719270
13539
11951
11060
11941
28279
35027
11175
9697
157958
14614
12795
10014
8984
2150
2558
2228
4758
2044
2140
2193
2204
2183
3006
2069
2308
90816
3149
5776
437936
3653
96856
2371
2368
8020
2157
66338
2889
2278
2325
2216
2071
2409
16702
2367
2709
106185
2881
7685
2272
10417
2445
16033
2235
2453
2359
5046
3634
2199
2248
2193
2240
2629
2231
2629
78967
53913
2990
198033
105299
131171
4045
2747
235489
4464
34136
8650
2372
2146
3476
190604
3825
3557
2075
2714
2199
3695
129813
3335
126459
6316
3445
2428
2550
2228
2421
2453
2767
180473
3728
2342
2311
2622
2405
3065
96598
3102
2702
2688
3749
2727
48003
110939
3749
5874
2369
2384
3486
2359
2860
17349
2327
4480
2555
2501
2292
2521
2294
2137
2250
3227
226963
4313
291291
7419
3372
299244
4004
17065
2567
84013
5319
6230
2232
2355
3437
247670
3976
3661
84519
38118
195091
3781
2264
2344
2106
2008
2572
31128
96524
190500
3584
20150
2226
2186
7948
2525
2075
2263
2194
2509
15187
2516
51973
3910
243445
10380
17992
2265
16641
2710
2075
2080
2170
2042
2099
15515
2325
2287
51712
38763
2317
535964
4350
4303
5418
3332
173054
232330
6111
59091
3316
5554
2266
2811
320501
2315
2415
2366
2337
249091
18889
4605
27576
2983
2322
7902
2057
2653
2235
2463
86845
2742
2162
360032
55140
3068
63704
2455
2158
2113
2280
2672
2135
2217
2078
2200
2764
3458
4082
2296
10552
222641
4289
2344
9569
2118
2100
2297
2832
151261
3455
4708
2325
39528
186880
137781
2609
2269
2021
2297
5442
6578
2058
1793
29959
2744
2458
1888
