47897
11309
13345
11698
26325
11919
10844
11857
11139
12083
15863
11949
12579
485795
15886
31391
2350090
18711
516647
13170
12007
43044
10891
365916
15453
12404
12224
12634
11135
12475
88816
12760
14351
561249
15082
40824
12395
57557
13335
84188
11533
13636
12761
25007
19468
11636
11693
11704
11199
13422
13421
14668
419929
296527
15757
1048525
580567
693142
21876
15347
1256559
24459
179857
46764
12745
11658
17654
1017391
21270
18660
11129
13846
11072
19218
696573
18192
690312
33222
19056
13102
12809
12368
13282
12846
15469
937795
19717
13140
12489
13302
13056
15645
521727
17331
14952
14772
21046
14375
262707
583025
19756
31002
13050
12909
19314
12524
16142
91596
12462
23718
13143
13014
11969
12888
11338
11007
12438
17635
1218495
23616
1565922
39989
17673
1607459
21581
88919
13468
438949
28476
31976
11891
12242
19004
1287043
20817
19339
413965
199739
1061991
19485
11552
12145
10390
10565
13076
157488
496397
1023323
18701
109300
10410
11978
41148
12443
10886
12483
11304
13272
78563
13139
272348
20651
1274286
55635
91576
12088
84024
14534
10756
11096
11177
10773
10690
81013
11569
11352
270044
196739
11910
2818995
22168
21342
29091
16798
880212
1216085
32492
314504
17617
27534
12279
15085
1664781
11968
12862
12814
13065
1321135
94496
24412
143205
16287
12213
41374
12111
13518
11703
13668
454561
14685
12107
1901836
293196
16646
334673
13151
10646
11168
12584
14456
11256
11002
11683
11891
14795
19192
21274
12221
54944
1160809
22823
11613
50345
12114
11687
12029
15537
800092
18034
26110
13261
205842
991718
718685
13066
11525
11067
11867
28367
33930
10740
9957
158583
14510
12855
9136
8842
2124
2576
2160
4851
2187
2044
2239
2081
2261
3057
2205
2358
90484
3037
5857
438910
3510
97013
2469
2279
8101
2084
66808
2850
2286
2248
2259
2086
2264
16818
2347
2607
106612
2879
7563
2334
10506
2479
16067
2181
2453
2352
4797
3632
2199
2225
2136
2149
2506
2452
2695
79265
53962
2912
196732
105481
131685
4077
2890
235342
4506
33865
8923
2340
2227
3478
190831
4039
3515
2085
2634
2091
3576
129661
3430
126931
6369
3614
2427
2377
2244
2493
2447
2961
178710
3644
2404
2299
2486
2418
2813
96785
3178
2769
2678
3808
2611
47633
111378
3713
5794
2443
2384
3573
2342
3048
17097
2421
4468
2470
2477
2228
2482
2149
2038
2279
3336
227560
4415
293184
7418
3401
298817
3990
16951
2566
83383
5109
6161
2266
2362
3528
248019
3989
3606
84537
38350
194628
3828
2266
2311
1959
2020
2554
30972
96407
190693
3607
20534
2070
2275
7932
2368
2110
2411
2188
2449
15036
2473
51470
3810
243683
10717
17524
2259
16349
2745
2129
2164
2190
2107
2115
15619
2255
2171
51197
38770
2305
535038
4303
4141
5508
3153
172345
231238
6056
58851
3404
5381
2332
2846
318557
2262
2462
2383
2426
248441
18723
4529
27265
3145
2300
7867
2254
2562
2233
2496
86748
2757
2276
361465
54988
3125
64383
2436
2116
2122
2310
2614
2134
2022
2175
2184
2700
3583
3974
2259
10351
222351
4241
2154
9470
2151
2181
2262
2835
151650
3368
4842
2467
39256
186618
137389
2538
2231
2044
2277
5412
6438
2002
1907
30122
2732
2471
1760
