48963
11130
13191
12943
26341
11522
11174
11450
10981
11491
15263
11580
11196
483658
16792
31136
2342496
19006
517418
13822
12244
43106
11151
365240
15198
13340
12873
12671
11950
12419
87786
12600
13772
557805
15605
40928
11931
57665
12440
82643
11562
12287
12173
25948
20484
11100
11639
11614
11092
13734
12879
14292
416344
297100
16060
1050310
577249
697016
21008
14638
1261896
25538
181827
45619
12346
11404
18060
1020415
20457
18064
10666
13943
10427
18654
698824
17772
687800
33634
18308
12998
13170
12289
12637
13054
15327
941176
19773
12678
13662
13586
12583
16222
522832
18165
14732
15126
20738
14402
264562
583505
19930
31252
13106
12567
18302
12347
15148
94553
12471
22674
13031
12644
12188
12891
11258
11010
12443
16740
1216028
22675
1567108
40240
17686
1602956
21246
90667
14111
440995
28590
32737
12214
11635
19020
1287412
21251
19504
414509
196935
1058311
19537
11346
12603
10845
11151
12969
156280
492226
1022848
19924
110841
11618
11715
41906
13168
10600
11568
11680
13079
79128
12950
272833
21638
1275223
56067
93094
12857
84226
14347
11140
11129
11290
10766
11242
81734
11791
11478
272264
198160
11944
2817082
22067
21320
28887
17891
885658
1224853
31722
310365
17675
28125
11928
14833
1660620
12371
12530
12604
12876
1319381
94449
23993
140632
15458
12903
41715
11877
13321
11831
13147
451715
15306
12724
1903919
292003
16682
331939
13062
10640
11314
12093
14432
11247
11338
12647
12029
15044
18363
21750
12645
55558
1160772
23092
11994
49790
11865
11442
12431
15110
802346
18684
24953
12675
205971
991842
722403
13048
11700
10033
12027
27922
32707
10386
10016
155405
14819
12236
9722
9060
2100
2520
2357
4847
2153
2119
2176
2106
2150
2948
2175
2115
90046
3180
5807
437560
3533
97091
2579
2316
8058
2123
66840
2816
2437
2410
2285
2228
2256
16581
2345
2507
105758
2973
7638
2250
10544
2286
15854
2188
2237
2237
4938
3743
2070
2208
2133
2096
2597
2365
2664
78644
54277
2982
197156
104641
132130
3931
2796
236304
4711
34319
8648
2312
2167
3519
191402
3854
3433
2050
2657
2008
3488
129982
3346
126376
6416
3482
2397
2449
2276
2382
2508
2904
179449
3647
2321
2464
2515
2330
2862
97171
3287
2718
2753
3750
2626
47833
111465
3688
5839
2450
2273
3386
2343
2822
17557
2392
4214
2467
2381
2286
2464
2180
2074
2264
3244
227557
4220
293405
7415
3388
298203
3916
17109
2644
83757
5181
6402
2307
2243
3462
247727
4082
3701
84481
37994
193586
3829
2180
2389
2042
2138
2545
30876
95933
190453
3847
20800
2270
2228
8069
2499
2070
2271
2257
2433
15153
2403
51631
4029
243653
10671
17890
2402
16399
2706
2175
2136
2196
2097
2228
15649
2296
2217
51588
38877
2318
534493
4357
4154
5508
3350
173083
232885
5936
58289
3433
5502
2249
2767
318179
2338
2383
2348
2449
248085
18686
4430
26783
2943
2476
7872
2207
2549
2239
2410
86188
2860
2368
361601
54960
3226
63784
2412
2107
2143
2240
2621
2103
2079
2350
2185
2725
3466
4091
2334
10460
223018
4278
2208
9367
2131
2117
2337
2748
152251
3483
4619
2369
39275
187195
138035
2521
2186
1875
2326
5336
6228
1938
1876
29564
2808
2343
1861
