49326
11176
13788
12052
25774
11296
10724
10981
11724
11446
15018
11884
12358
482967
15840
32313
2356788
18413
516096
13706
12011
44150
11296
364721
15671
12462
12868
12596
11110
12063
87622
12729
14088
559741
15452
41155
12694
56477
12058
83448
11581
13240
12855
25822
19997
11517
11587
11294
10799
14065
12848
13837
416122
298183
15259
1054263
579789
694770
22742
14757
1261315
24213
180943
46550
12553
11213
17556
1010629
20675
18119
11376
14326
11205
19062
702273
16730
688925
33877
18499
13070
13564
12682
13284
12369
15035
940032
19820
12272
12876
13728
12786
16414
522795
17902
14479
14246
20760
15076
260923
583366
19698
31585
12926
12834
19205
12327
14829
92092
12576
23590
13401
13564
12318
13504
11842
11349
12004
16536
1217614
22677
1567211
40046
17654
1604262
21676
88592
13151
442466
29953
32126
12295
12623
19509
1285746
21186
20035
418278
197720
1055512
19370
10830
12213
10552
10276
13163
158277
492357
1019826
19230
109487
11208
11221
42012
13146
10510
11023
11714
13183
77706
13595
274337
21148
1273333
54787
92262
13530
83569
14138
10618
10702
10663
10350
11351
80436
11417
11762
270082
199768
11835
2822408
21780
21698
28627
16899
884425
1215014
32333
311792
17134
27336
11553
15030
1666886
12226
12529
13101
12361
1324133
94210
23483
140245
15496
12673
40211
11618
13635
12041
13193
454129
15242
11875
1895498
292278
16400
335889
13337
11338
11283
11815
14625
10891
11598
11731
11651
14683
18526
21873
12854
56320
1160437
21784
11472
50182
11720
11034
12091
14795
806108
18610
25689
12504
205899
992449
719995
12774
11959
10778
12126
28674
35015
10435
9462
157444
14785
12151
10095
9019
2099
2633
2223
4768
2109
2033
2076
2161
2134
2921
2213
2330
89775
3017
5966
439375
3455
96757
2563
2254
8246
2164
66560
2885
2289
2357
2274
2096
2204
16587
2360
2544
105973
2923
7622
2384
10335
2237
15941
2205
2427
2377
4916
3690
2174
2206
2052
2082
2601
2401
2568
78658
54521
2857
197727
105371
131606
4240
2819
235843
4492
34178
8831
2337
2129
3417
189444
3913
3449
2149
2725
2130
3614
130660
3208
126636
6433
3512
2415
2491
2326
2491
2352
2857
179147
3672
2261
2366
2545
2382
2948
97156
3284
2686
2660
3764
2741
47194
111238
3690
5873
2410
2368
3556
2317
2805
17185
2417
4358
2541
2549
2252
2568
2269
2079
2222
3187
227990
4226
293542
7401
3393
298482
3988
16786
2518
83860
5392
6237
2311
2394
3581
247659
4104
3750
85142
37966
193434
3833
2120
2302
1962
1968
2581
31194
95906
190146
3738
20488
2227
2142
8075
2526
2072
2137
2259
2462
14932
2531
51981
3931
243923
10443
17768
2517
16322
2676
2108
2061
2066
2023
2236
15504
2232
2279
51230
39316
2318
535739
4269
4243
5405
3208
173223
230956
6015
58463
3333
5281
2220
2817
319206
2339
2388
2442
2353
249048
18665
4343
26784
2998
2386
7632
2172
2622
2275
2386
86538
2845
2221
359715
54913
3116
64409
2458
2254
2137
2227
2663
2066
2129
2166
2130
2688
3474
4105
2371
10585
222968
4093
2140
9449
2108
2115
2237
2714
152958
3514
4793
2354
39164
186727
137831
2505
2271
2010
2324
5475
6593
1955
1829
29941
2789
2346
1956
