49785
11575
13422
11895
27007
11513
10456
10859
11058
12214
15369
11049
11893
489460
16756
31183
2342620
18558
514828
13591
12294
43293
11193
366285
14774
13164
12587
12138
12382
12585
87519
12388
14712
561733
15011
42029
12380
55087
12994
81221
11469
13259
12900
25116
20300
11243
11578
11861
11897
13683
12629
14909
416115
298114
15989
1051206
582621
687702
20615
14414
1259976
25417
179909
45766
12317
11536
17419
1013930
20519
17376
11144
13762
10966
18340
698988
17960
685915
33497
18655
14035
13254
12460
13018
12923
15226
940415
20075
12895
13460
13199
12360
16313
517976
17508
15370
14796
21519
15177
263370
584172
20023
30471
12895
12621
18978
12620
15172
92980
12696
23171
13295
12725
12161
13110
11285
10758
12161
17423
1212544
21725
1558347
39889
17785
1606396
21474
89401
13212
440593
30467
32293
12773
12235
19461
1286254
20409
20684
416566
197224
1058497
19860
11482
12261
11143
10422
13349
155513
490452
1023096
18740
108879
11053
11685
42698
12771
11025
11359
11555
13198
78235
12872
272325
21011
1269522
54709
92686
12639
85221
13650
10651
11140
11112
10707
10875
80473
11324
11580
273098
198459
12196
2824258
21449
21484
29600
17695
881933
1228670
32523
313077
18011
28528
12159
14790
1680321
11491
12619
12358
12625
1319342
94775
23824
144225
15376
13225
42891
11085
13739
11724
13217
456586
15575
11930
1912745
292725
16640
333855
13295
10458
11280
11687
14027
11544
11605
11542
11889
15692
17837
21857
12600
55518
1157623
22804
11216
51243
12369
11905
12221
14472
797226
18577
25325
12946
206259
990023
719462
13214
11635
10569
11827
28187
33726
10338
10393
155870
14840
12478
9726
9131
2166
2600
2192
4965
2128
1989
2080
2094
2262
2943
2085
2249
90993
3133
5820
436859
3508
96604
2547
2329
8057
2172
66848
2739
2378
2339
2212
2288
2254
16547
2295
2703
106529
2817
7726
2323
10130
2447
15522
2196
2386
2351
4860
3692
2103
2195
2179
2284
2586
2337
2743
78758
54384
2987
197252
105559
130583
3857
2758
235523
4659
33890
8724
2305
2194
3416
190682
3925
3296
2121
2578
2082
3457
130147
3379
126175
6414
3534
2556
2496
2294
2443
2457
2940
179193
3713
2357
2475
2443
2311
2909
96377
3224
2834
2685
3936
2752
47791
111466
3677
5682
2408
2342
3482
2406
2852
17276
2446
4329
2476
2394
2274
2529
2172
2016
2271
3354
227024
4103
292051
7361
3386
299185
3957
17019
2516
83677
5456
6273
2426
2321
3565
248079
3980
3864
84829
38059
194118
3910
2245
2311
2119
1998
2606
30681
95660
190863
3644
20395
2146
2231
8196
2429
2118
2214
2189
2448
15095
2431
51750
3900
243022
10429
17849
2362
16515
2576
2094
2136
2128
2095
2155
15457
2193
2239
51734
39041
2366
535976
4224
4158
5593
3296
172578
233343
6030
58696
3478
5563
2312
2789
321629
2202
2433
2280
2414
248414
18764
4404
27328
2975
2492
8089
2075
2619
2221
2429
87022
2902
2252
363288
55051
3161
64125
2423
2063
2138
2180
2593
2141
2143
2117
2197
2800
3369
4066
2300
10387
222325
4306
2090
9611
2189
2243
2318
2698
151342
3502
4656
2396
39292
186617
137901
2548
2215
1954
2262
5405
6368
1936
1971
29740
2794
2395
1850
