50442
11294
13846
12571
28103
11177
11051
11858
11753
11986
15254
11224
12031
492440
16039
30811
2351074
18826
515760
13614
12084
44007
11746
363388
15482
13402
12984
12599
10807
13027
89834
12738
14220
559051
15191
41112
12122
57880
12705
83533
11965
12616
12852
24938
19620
11506
11839
11614
11776
14095
13575
14316
412941
296497
16196
1048017
578274
689352
21444
14424
1260487
25292
181912
45693
12551
11919
18284
1010907
20110
17746
11055
14688
10784
18228
700324
17744
685032
32940
18177
12987
13341
12567
12926
13366
14803
944321
20171
12584
12477
12931
12455
16233
523693
17959
14848
14650
22037
15467
262852
585359
20265
31592
12798
12923
19283
12144
15431
92208
13113
23540
13681
13235
12407
12680
11617
10804
12621
16112
1214771
22739
1559224
39804
17448
1611043
21664
89120
13447
439236
29100
31711
12257
12325
19454
1284601
20812
19996
412525
196781
1060185
20164
10851
12556
10718
10713
12866
158144
492571
1023521
19311
109123
11659
12536
41590
12921
11137
11086
11239
12961
77824
13416
273158
21213
1271513
54349
93695
12195
84998
14469
10932
10873
10783
10155
10595
82915
11735
11644
271055
198836
12005
2808281
22047
21042
29169
17630
880955
1222608
32276
314704
17376
27744
11519
15221
1677440
11866
13055
12923
12881
1325599
94467
23132
142737
15954
12326
41957
11276
13488
11598
13214
454363
15468
11720
1896104
293570
17030
333661
12800
10978
11688
11926
14635
11635
11874
12008
12182
15621
18287
21200
12059
56661
1160756
22312
12106
50501
11240
11299
12334
15228
802429
18929
26269
12876
205469
988649
721129
12908
11966
10340
12427
28805
34224
10064
9749
156712
14431
11727
9570
9322
2139
2678
2282
5122
2061
2097
2246
2214
2212
2978
2119
2272
91273
3019
5786
438805
3556
96699
2530
2295
8244
2243
66609
2825
2447
2368
2274
2001
2319
16969
2340
2590
105963
2911
7612
2301
10645
2335
15873
2262
2296
2357
4761
3667
2172
2222
2145
2232
2637
2493
2663
78118
54172
3021
196535
104912
130771
4079
2766
235787
4611
34293
8702
2347
2248
3559
189796
3793
3371
2074
2759
2049
3449
129996
3380
125916
6300
3407
2416
2483
2309
2450
2543
2871
179521
3671
2313
2305
2408
2360
2878
97163
3258
2746
2664
3967
2794
47465
111880
3732
5924
2398
2368
3540
2312
2872
17139
2535
4347
2562
2482
2286
2429
2237
2030
2259
3060
226996
4252
292381
7340
3402
299822
4004
16927
2543
83268
5276
6123
2327
2373
3570
247348
3951
3719
84242
37921
193803
3934
2121
2345
2002
2014
2536
31101
96047
190261
3722
20424
2275
2338
7957
2477
2143
2150
2144
2382
14940
2496
51783
3947
242975
10406
17958
2307
16535
2740
2152
2085
2080
2017
2089
15836
2299
2267
51467
38976
2341
533750
4306
4082
5530
3303
172379
232288
6000
59045
3376
5410
2223
2834
321346
2260
2480
2395
2464
249316
18726
4279
27149
3041
2330
7941
2107
2547
2200
2383
86434
2894
2185
359935
55182
3225
63984
2372
2160
2214
2219
2657
2201
2149
2208
2208
2812
3448
3998
2241
10617
222847
4173
2263
9540
2022
2125
2280
2815
152058
3531
4827
2402
39180
186471
138001
2514
2272
1938
2388
5533
6396
1900
1852
29687
2709
2253
1837
