44543861
42288321
41167434
44662381
43361459
43806382
41214701
41264789
42572016
42949184
40270089
40745237
40391234
42366818
40905855
41783923
41927377
40713312
40015153
40527073
39842422
40851898
38313979
42409026
42202675
42681558
40541264
44050766
41698084
42260924
42469078
41053231
42732763
40449228
39181885
40201646
39774346
41968517
40728323
39829295
37778826
41054820
41458832
37122323
39148160
37702869
36760757
38582951
37632466
38617802
40039838
40265691
38512467
40458490
38119134
39968140
38382592
35728971
36863599
36869137
35679333
38349145
38143363
37088640
36823594
35556305
33758110
35279003
34540897
35994535
35573482
35043451
33537639
37656705
40527804
35863927
37947474
36669048
36241395
38273008
37597395
39066151
38782943
37503001
37868966
40243562
40177331
41105914
40199905
39101143
38002120
42502881
40724398
38138114
38876134
40114270
40471520
40514478
40211538
36956328
39439104
40173483
38731208
38728275
37570560
35385670
37880636
37012806
34891324
37787295
34888370
35472101
37612916
35584799
32738231
37051714
36647915
33889101
37513892
36012906
36231372
33018737
33900959
37158006
36091326
32929776
35410469
38322411
39484237
28068475
32247205
32924253
35833620
30607589
31816898
32822452
31337367
30357036
35287164
29651697
29790685
33021733
32183749
28590851
30315413
32311288
29490881
33096928
28312419
28922547
30264420
30728532
29182805
26693941
28632099
28314007
31278381
30453230
31703162
31767433
29612877
32521300
29981322
30480176
32966694
32810001
30929153
32219515
30637974
28042486
30327846
30697961
22609068
30515513
32805202
30394341
30693656
30702616
26252533
33726026
29755296
33716988
31422472
34591363
30366597
31131226
34036488
31852690
31500694
30748804
34218306
35264841
36541268
33213814
33782535
35928694
35437587
34179420
35019263
27227279
35013547
31025767
17799969
36078606
36900613
34445910
35024065
38813543
37209120
35588953
38377514
38496679
36472817
36865117
36889974
39990678
36114825
27010237
39617262
40275494
39093968
39690147
40850578
41574447
41040480
39512769
41245769
39714752
40710434
41310096
40073383
40928841
41887527
43202387
40263387
40134647
43167216
40720419
40665717
40311194
42111664
39995363
42462729
39639470
40655756
39561680
43037653
39841212
39366383
39534056
37129627
40614190
39310063
39975079
38727747
39041134
14104940
14423411
14795564
14087220
14525961
14281303
14564979
14590065
14557620
14483171
14729642
14670079
14804254
14587167
14736666
14482427
15035545
14726713
15017236
14714258
14861165
14899110
14894764
14587109
14705322
14465455
14743028
14287134
14712432
13881661
14740855
14769971
14474382
14702400
15003888
14696642
14740485
14848568
15008474
15013280
15164878
14773833
14706655
15363411
15229781
15127260
15384486
15187778
14853887
15161527
14705027
14989891
15257002
15069229
15025267
15137696
15031383
14936863
15117313
15258202
15170138
15060899
14769482
14934454
14951151
15019855
15235513
15006771
14717332
15025486
14772817
15091435
14986472
14919607
15192529
15067718
15449229
15082928
15157895
15113729
15130171
15062310
15056774
15396736
15375558
15357676
15025252
14873540
14804852
15156167
14884812
14670994
14934698
15002455
14943800
14966010
14819202
14811720
14779204
15175134
14910878
14972842
14775676
14968524
15178569
15077370
15125978
14922619
15059217
14914490
14544462
15089079
14800705
15265223
14872691
14911575
14883947
14784702
14887445
14767639
15143660
15006041
14994765
14985206
14620340
14902445
14784072
14941337
14569990
14437409
14396472
14937751
14293804
14684366
14564858
14657339
14718516
14182670
14607519
14314348
14303031
14172495
14319729
14025861
14646746
14433581
14261837
14501377
14001682
13468287
14403568
13726618
14133242
13390963
13344640
13499358
14347193
13899426
14030635
14021290
13931886
13707385
13336106
13410730
14511520
14610302
14357888
14159910
14751133
13483162
14117807
14674581
12520206
14604648
14716964
14536332
14420828
14936346
13624657
15038956
14440696
15313688
14175992
14897795
14358186
14315891
14490916
14382995
14710431
14478453
14818785
14571035
14865862
14586004
14254575
14828633
14869848
15021491
14944797
12623977
14847502
14222787
8733092
14559190
14939201
14610839
14871225
14551998
15031259
14717820
14920791
15295219
14761344
14966108
15044787
14462152
15379079
13268410
14522030
14372767
14633222
14416796
14492824
14301630
14110786
14662200
14392445
14429623
14493342
14572612
14604339
14642550
14308863
14155476
14529135
14528628
14211155
14617273
14546243
14095108
13941607
14258700
14156854
14556940
14612959
14615690
14112659
14576180
14751524
14620279
13389947
14244771
14532516
14500125
14416324
14437178
