44323949
42020896
40925685
44443822
43133720
43561890
40967214
40992554
42296730
42687499
40009769
40401458
40072987
42118696
40597717
41533035
41594013
40390960
39682613
40243293
39554696
40568410
37978040
42145074
41944458
42377851
40221560
43775930
41440023
41962652
42207049
40741206
42433446
40116779
38833670
39894275
39449496
41692697
40462624
39534189
37390753
40770672
41137680
36753287
38833418
37337789
36341454
38245513
37243161
38232195
39733014
39962585
38151771
40168888
37766026
39664936
38000023
35265913
36407481
36496398
35235761
38010336
37790307
36701265
36436096
35085649
33272881
34810801
34046640
35594362
35138595
34617628
33053864
37336254
40235214
35438174
37587302
36275208
35831918
37898681
37216652
38736755
38453534
37155049
37523973
39943879
39878703
40830870
39892381
38767861
37611100
42195027
40403601
37765662
38498703
39826673
40112424
40219115
39906251
36547224
39107437
39832736
38390748
38383902
37191053
34936966
37533776
36589692
34480062
37447430
34448755
35029239
37217787
35130115
32158851
36665159
36208704
33383239
37096942
35517672
35782586
32465349
33402120
36712795
35637969
32355605
34945977
37962380
39153095
27318619
31681573
32384286
35369455
29941521
31251220
32297806
30770795
29736195
34860452
28968253
29171179
32506998
31652234
27911273
29664996
31756169
28755861
32542587
27564111
28223963
29647463
30040751
28484995
25845631
27982952
27602771
30684768
29707291
31056372
31098976
28911058
31904908
29254381
29746774
32375324
32253757
30356592
31608489
29992970
27350122
29686885
30091734
21670105
29903209
32348811
29752426
30031161
30034497
25389180
33205532
29022043
33210478
30839276
34048682
29701517
30449050
33462505
31172516
30895571
30137528
33675006
34754236
36124358
32656864
33257019
35469443
35012152
33629240
34505547
26704791
34559091
30448398
17395147
35529877
36438999
33890257
34425332
38361067
36792584
35007331
37956664
38072941
35996584
36374877
36478006
39594150
35657681
26115230
39183192
39831790
38677903
39215136
40466684
41187808
40615429
39109925
40833457
39244830
40296564
40900803
39682885
40538959
41527819
42855960
39856864
39701834
42807925
40332111
40313133
39915827
41759145
39652245
42096353
39217644
40310204
39163991
42684603
39474367
38910684
39106793
36787343
40262545
38866839
39571611
38312294
38654430
14131265
14443041
14813637
14106938
14545330
14304298
14581142
14606344
14573033
14503329
14752542
14677824
14822088
14609773
14751484
14500456
15053603
14740438
15031546
14737589
14872253
14921490
14902445
14607251
14729683
14484716
14759872
14306710
14736021
13887345
14769337
14786509
14495955
14713638
15014211
14709699
14749035
14878663
15030729
15026970
15166888
14795553
14721850
15353978
15252179
15130130
15376314
15204288
14834647
15172864
14707759
15018043
15266512
15094127
15031967
15155160
15029915
14900255
15110037
15259772
15135393
15075714
14757704
14927914
14949448
14982806
15193540
14956901
14672821
15003753
14748949
15056324
14943428
14927446
15215274
15054478
15459215
15074681
15140024
15119800
15133469
15081756
15072857
15398022
15388149
15380932
15046827
14893015
14822984
15168340
14881423
14696007
14945912
15011322
14945741
14992189
14827515
14839511
14788019
15162528
14917030
14983595
14777664
14980033
15182045
15050333
15136872
14913355
15036807
14921799
14512981
15074499
14801230
15243598
14795976
14920229
14874333
14724007
14882429
14725375
15115810
14938452
14951406
14968389
14595961
14822497
14746333
14954798
14588485
14235699
14304850
14868869
14251706
14541745
14472319
14581451
14622743
14051390
14588964
14158346
14170983
14095844
14231583
13869369
14516876
14346613
14091067
14414234
13795539
13298617
14273001
13586878
13977466
13141810
13183972
13315706
14236899
13737081
13906664
13903849
13773784
13586014
13161787
13240575
14432326
14548913
14242349
14053283
14627504
13315934
13989048
14564962
12166278
14487352
14670317
14426500
14296015
14814061
13359886
14977286
14274391
15274364
14071060
14865177
14226469
14173494
14421050
14256073
14611835
14371550
14767022
14526409
14852549
14518003
14196918
14822024
14861976
14969011
14909611
12546421
14827655
14136817
8623687
14524793
14938056
14553028
14821653
14553028
15027864
14672543
14939008
15300878
14740744
14962759
15049326
14469066
15381527
13011973
14533493
14372997
14644226
14417747
14517882
14330962
14114800
14682609
14406034
14432068
14522058
14591629
14633596
14676881
14334100
14182405
14543940
14544481
14236753
14645347
14565253
14105170
13963675
14283123
14184363
14572689
14642751
14639300
14143328
14596195
14776378
14634735
13406179
14273787
14537336
14521935
14434697
14454495
