43872576
41553125
40480313
43983786
42672328
43112314
40510362
40554582
41859343
42245318
39579565
39948540
39639900
41696546
40159952
41097788
41147341
39957115
39258923
39816702
39133813
40135942
37577454
41717616
41517001
41935668
39823380
43363014
41026474
41519287
41787292
40323002
42023475
39693279
38425022
39496902
39053181
41277576
40069475
39140135
37014069
40372225
40723699
36358769
38452191
36956950
35972935
37867055
36871779
37849410
39348556
39584068
37798141
39800753
37417323
39310156
37640376
34909225
36066465
36131217
34893799
37652888
37427374
36363819
36100807
34758194
32956226
34488106
33741106
35272967
34822396
34296395
32753676
36993145
39882274
35119625
37259438
35941293
35516981
37580901
36894523
38382383
38109538
36837321
37194816
39624139
39536131
40485035
39569866
38442921
37283075
41838559
40069770
37460620
38185067
39494859
39802338
39900468
39577546
36261906
38789930
39529040
38084079
38081344
36874009
34665556
37238688
36304527
34209888
37149459
34178826
34769660
36920541
34852637
31942435
36406987
35933877
33158052
36846229
35268316
35547677
32240634
33176060
36461089
35399060
32157936
34702064
37688584
38866277
27198386
31496087
32207397
35127937
29783983
31074436
32095756
30593353
29578214
34638131
28830718
29028688
32317971
31480537
27795215
29544397
31612401
28653030
32381201
27478343
28113562
29522307
29935672
28379949
25823512
27878935
27531676
30548189
29623531
30954356
31004257
28852804
31785053
29204425
29705116
32255025
32127172
30242668
31514174
29894069
27312257
29610397
29987353
21773805
29820043
32192639
29693971
29964378
29981801
25412988
33100985
28978811
33077851
30748939
33916348
29654515
30419270
33343797
31138914
30819423
30065892
33559465
34633106
35975863
32560710
33144771
35320902
34861219
33525496
34391152
26643305
34414195
30375901
17349399
35425187
36297641
33790296
34331993
38198984
36620926
34915788
37780972
37920972
35863442
36232759
36308958
39391212
35500505
26129703
39015037
39661050
38487842
39061247
40266087
40986045
40428655
38913116
40642362
39072923
40111172
40708159
39483762
40348231
41322210
42629026
39672257
39539043
42583020
40132028
40119629
39733610
41549130
39448891
41889408
39052879
40084285
38975501
42453670
39271474
38737582
38933951
36581715
40049162
38684959
39385285
38128440
38457601
14077718
14376480
14750359
14052075
14487974
14248943
14512534
14537048
14507969
14449840
14682309
14610447
14750917
14550333
14684227
14436031
14989586
14668487
14958316
14670718
14803962
14854040
14819779
14544577
14667561
14425524
14696021
14257401
14670297
13825948
14705371
14719529
14432372
14642079
14937313
14639577
14675274
14811899
14960658
14953706
15090316
14727660
14650411
15272405
15174227
15046791
15287083
15124901
14747690
15092104
14634728
14943464
15187061
15017206
14953768
15079912
14949399
14814389
15029738
15177289
15050733
14989599
14679682
14843324
14862420
14894111
15097936
14873901
14588100
14918492
14662865
14969814
14848380
14847009
15140303
14968493
15382204
14988452
15053521
15040490
15047362
15001962
14996950
15312431
15309906
15307859
14967758
14819655
14745931
15091104
14797655
14631275
14874776
14937541
14873725
14914604
14759039
14769196
14715124
15085637
14839691
14910475
14700675
14897381
15096460
14964496
15053278
14832834
14951121
14836895
14431149
14987069
14719723
15155651
14719189
14837734
14792212
14641746
14808490
14651052
15038075
14858585
14871182
14891944
14517362
14747064
14663919
14873017
14509009
14177468
14235060
14798622
14177780
14476267
14400951
14507657
14552906
13982748
14504223
14101999
14106221
14023261
14163518
13809932
14459504
14275442
14043016
14355162
13754971
13248325
14212028
13537586
13926129
13123702
13134406
13277389
14176361
13694364
13856895
13855650
13733088
13537823
13135782
13211907
14369050
14478358
14186353
14004579
14567004
13281826
13940723
14506020
12196278
14434658
14593630
14370048
14244654
14761841
13354329
14916577
14235723
15200062
14021864
14789830
14181663
14138854
14359233
14218066
14557050
14316908
14704697
14463735
14783716
14455975
14134713
14746236
14786182
14904279
14846941
12484812
14751002
14083219
8582379
14458994
14858087
14491795
14757282
14479408
14948737
14608601
14857093
15231521
14665636
14881872
14966143
14398028
15296012
12998781
14457518
14305613
14566980
14351104
14443627
14259937
14052877
14601742
14338715
14360227
14445472
14526483
14549090
14602003
14264998
14112215
14470825
14469932
14167644
14570382
14489576
14037741
13895779
14203957
14117800
14499962
14561453
14557011
14071996
14516786
14695240
14564641
13325003
14194826
14463318
14446434
14358279
14375936
