43581738
41190887
40162939
43697304
42356197
42774999
40200564
40212109
41534525
41931009
39224645
39545980
39252533
41353316
39786114
40774141
40739357
39558527
38873029
39465085
38774649
39764136
37159963
41405227
41202845
41572894
39450257
43048784
40699564
41153486
41462986
39965931
41680435
39327351
38022494
39129754
38699524
40945317
39748195
38795990
36601901
40042090
40382528
35928677
38107723
36536159
35516673
37489951
36430007
37443255
39022908
39262567
37425917
39497824
37034541
38971066
37221167
34460223
35599586
35721341
34431693
37306274
37061395
35952443
35674033
34290040
32458261
34025705
33241144
34862369
34409776
33848461
32286252
36658144
39587030
34699596
36855537
35560053
35107695
37225285
36514958
38039455
37795293
36491820
36846989
39309449
39246726
40215843
39261958
38138839
36904865
41553463
39753483
37098704
37814751
39183727
39470154
39617906
39281703
35854254
38482075
39209594
37754030
37772385
36536437
34259174
36927036
35923721
33823041
36859805
33802255
34367384
36578571
34461323
31434385
36057818
35540699
32726593
36500724
34857446
35163143
31774353
32761705
36076375
35007131
31689126
34318920
37401942
38557485
26589973
31031838
31765860
34749553
29250180
30620211
31681252
30145741
29100235
34304704
28301302
28542622
31922957
31052038
27286485
29024549
31168864
28111869
31946541
26936754
27598999
29054900
29442863
27841979
25203814
27414728
27022650
30111339
29089534
30470588
30508058
28344554
31357810
28660678
29168438
31811475
31730022
29846146
31062417
29443789
26832582
29180691
29566054
21143135
29386564
31857875
29243723
29508398
29539522
24831023
32744273
28483661
32722942
30344305
33557412
29209343
29963220
32955610
30695436
30417241
29659108
33206557
34282768
35690045
32196965
32783067
35002074
34549318
33174984
34034501
26293203
34110483
29995321
17106742
35064523
35986584
33450809
33949093
37905896
36351526
34546170
37507500
37624630
35547216
35940345
36026582
39121686
35216574
25524852
38735627
39376494
38232475
38761076
40011168
40738355
40170778
38661946
40366398
38779893
39815512
40438363
39216092
40087951
41084469
42405797
39401925
39256222
42346938
39882382
39860440
39472433
41303672
39184844
41631934
38754224
39873156
38708740
42228425
39015479
38454008
38656010
36359593
39803963
38412036
39121850
37876994
38202109
14091535
14381117
14760045
14073598
14500588
14260822
14526348
14552472
14519081
14467541
14693032
14604938
14753744
14558993
14682240
14447582
14994437
14665476
14964252
14678146
14803956
14864518
14806892
14556166
14684667
14433846
14708190
14275135
14683606
13829405
14727310
14728801
14454176
14649918
14928757
14644519
14675199
14822132
14968551
14955870
15073997
14743669
14661686
15252887
15180382
15033719
15262112
15129860
14715630
15086122
14632960
14954431
15182883
15032234
14945418
15095479
14930730
14761415
15007537
15152501
14996936
14988972
14659002
14820519
14842450
14843877
15034919
14815899
14525168
14885747
14631302
14923097
14789189
14847583
15161103
14940272
15372777
14968488
15021765
15038495
15042710
15006077
14991137
15310288
15306854
15320447
14973966
14827703
14748171
15094027
14789149
14641858
14882620
14927616
14853846
14924054
14762595
14779219
14713316
15062362
14842289
14909780
14690626
14901907
15093336
14935400
15050935
14819407
14916455
14835998
14395558
14955949
14704722
15131100
14639858
14832660
14773601
14581688
14793884
14603847
15012173
14792052
14822345
14870806
14487112
14676501
14621088
14879175
14510427
14006561
14147438
14728512
14136262
14358531
14320277
14444543
14466694
13877409
14484616
13972274
13995050
13958545
14085880
13685694
14341240
14198054
13906090
14282889
13595331
13114791
14110667
13427817
13788463
12927750
13015258
13140582
14090186
13573288
13758429
13758204
13614279
13448674
12999659
13081817
14302891
14424276
14100399
13917197
14472394
13158618
13844145
14418755
11952273
14344128
14552761
14281690
14155965
14672715
13173437
14873204
14117979
15163659
13936523
14762943
14086177
14038905
14309361
14128438
14485077
14240667
14665050
14425641
14766828
14406490
14092163
14733405
14767173
14867286
14811433
12421304
14731292
14016604
8515278
14429528
14849686
14449932
14722503
14477165
14936943
14577095
14862270
15227431
14652108
14883866
14969825
14388549
15299700
12815278
14462888
14303550
14566859
14343067
14450127
14273188
14051723
14613244
14340200
14358135
14448859
14525912
14560172
14607004
14272233
14122504
14476724
14476959
14177775
14578095
14501803
14035560
13897804
14206412
14121635
14496865
14574715
14566202
14083896
14522256
14701219
14565228
13324710
14205291
14457220
14453080
14362761
14380688
