43527406
41156588
40123876
43628795
42316095
42730689
40147263
40171572
41478146
41891117
39178753
39486456
39202704
41309233
39720527
40714113
40674313
39499575
38823545
39425083
38721807
39707346
37099642
41349981
41134483
41522943
39395054
43015117
40625428
41083771
41396353
39908574
41627158
39264690
37947801
39061642
38631906
40874536
39692079
38750265
36536935
39995854
40312674
35871818
38044803
36470487
35460798
37436414
36365381
37368172
38958401
39209325
37359084
39427272
36971283
38909032
37152358
34380115
35520696
35660391
34358176
37237173
36985932
35900416
35595794
34215291
32393778
33951453
33159441
34790195
34331294
33775050
32217028
36582406
39505912
34625875
36792452
35490616
35047847
37134731
36430164
37957502
37703042
36401969
36776597
39242479
39161653
40134309
39179255
38049337
36819511
41455064
39662990
37001265
37720034
39087463
39384804
39543991
39170677
35753733
38358474
39105334
37654772
37675970
36450323
34143229
36833419
35813537
33730049
36752320
33684316
34265227
36469247
34380020
31331646
35948936
35427827
32595294
36380122
34754859
35044641
31651415
32641818
35958421
34901449
31562543
34196369
37265216
38464210
26466064
30903581
31643032
34647513
29127638
30493676
31554361
30012779
28987187
34168564
28162603
28406937
31768538
30890626
27148898
28879129
31043586
27947037
31786716
26761043
27448109
28889640
29267724
27675100
25040070
27233137
26847510
29922848
28894341
30286838
30311026
28143592
31144129
28480425
28962362
31611807
31509437
29651064
30856630
29236033
26654975
28957295
29339679
20957925
29173054
31634683
29028392
29286677
29306081
24627217
32520538
28261278
32486247
30112117
33330337
29001675
29738941
32709595
30468910
30168058
29425374
32962131
34027371
35431647
31942032
32544344
34736167
34310137
32919668
33768392
25908815
33855131
29920798
16912796
34772240
35710318
33191547
33668055
37630457
36092790
34254466
37225473
37359105
35265578
35639544
35747327
38833080
34932708
25337069
38447209
39075476
37937014
38449852
39710206
40428452
39872815
38350183
40068264
38481068
39508415
40134860
38908249
39778084
40754800
42081570
39075494
38944591
42038938
39586143
39555820
39155821
40982070
38865681
41377737
38542071
39628012
38406841
41903585
38706855
38138824
38345819
36132038
39614873
38112187
38786693
37549205
37875402
14083340
14377879
14755316
14069283
14498059
14256755
14515285
14541049
14509916
14454876
14680667
14595085
14742418
14549579
14674852
14435339
14981633
14651412
14949483
14672355
14792300
14853573
14794252
14544774
14672448
14426100
14698578
14270163
14671988
13818671
14712226
14716817
14442276
14637150
14917837
14625143
14662617
14818920
14962764
14947807
15064850
14732829
14651520
15237305
15163783
15017122
15251924
15117558
14699723
15070081
14619801
14947455
15167912
15020714
14932493
15081302
14918336
14748699
14990028
15139430
14975245
14977231
14645024
14805985
14825112
14825888
15020061
14798300
14504626
14868577
14611223
14908233
14772868
14827529
15140725
14924005
15361463
14954307
15004180
15021492
15024491
14989124
14976916
15294750
15290796
15307017
14960739
14816258
14735881
15077289
14769506
14627752
14868872
14908179
14838761
14909234
14741046
14764938
14693677
15039798
14819435
14896747
14668856
14879131
15073172
14909157
15032789
14793236
14891418
14818144
14368008
14929942
14678112
15109073
14611704
14806726
14748249
14552137
14766122
14577598
14983375
14761453
14792795
14843905
14461420
14643853
14593690
14849297
14489065
13965552
14112565
14693789
14108754
14321620
14283414
14404690
14428526
13841164
14449530
13930166
13951659
13916251
14043888
13636306
14295779
14160360
13853785
14240264
13537030
13063717
14055603
13377659
13734712
12870726
12958537
13084078
14031482
13516503
13704530
13704087
13550696
13387981
12945456
13019156
14243493
14361247
14040123
13853104
14404810
13094192
13774508
14350037
11871147
14275273
14488784
14216392
14090612
14599742
13090854
14810106
14047591
15095973
13869779
14696606
14023360
13970984
14244158
14058874
14406093
14163469
14598073
14358461
14706691
14332286
14022603
14666966
14703940
14790844
14741377
12281461
14662536
13995678
8434172
14359848
14786274
14382803
14650897
14414960
14879880
14505566
14800522
15172140
14579592
14812602
14902087
14333904
15223627
12754363
14404291
14247496
14513881
14285806
14393716
14214517
13997132
14556975
14282865
14298142
14400193
14474524
14501719
14555927
14214162
14078844
14415186
14420816
14133115
14522001
14448043
13977726
13846832
14147814
14085564
14458484
14531860
14515108
14033150
14466073
14649492
14503699
13286161
14177783
14398374
14386324
14298820
14319833
