43399663
40999504
39985885
43501191
42178297
42585932
39993680
40016849
41341662
41755181
39047521
39320870
39066236
41171208
39570137
40569076
40503413
39359187
38660081
39269389
38553667
39563158
36938874
41210944
41001277
41359990
39252049
42858620
40490776
40945193
41282411
39765304
41477575
39099178
37788439
38917914
38494715
40727848
39550105
38605393
36374907
39856992
40180109
35704243
37911197
36307179
35270602
37268792
36186396
37238190
38812133
39082852
37202549
39295899
36814247
38783528
36987291
34213727
35355776
35503472
34193697
37095387
36846151
35733621
35437349
34028014
32210355
33779646
32989043
34647286
34169951
33615697
32027531
36453137
39391770
34470022
36659217
35363015
34880651
36988409
36267682
37848733
37584033
36295207
36638492
39112427
39050275
40026839
39076398
37943341
36671434
41364332
39544563
36883210
37594860
38988000
39261897
39434638
39071333
35631323
38272805
39006351
37545845
37571822
36316769
34007266
36735744
35683852
33601642
36645450
33553951
34132706
36352707
34241266
31152941
35829401
35313080
32469975
36263228
34601404
34897459
31492803
32501607
35830375
34757601
31418863
34077987
37189129
38367262
26263654
30752582
31514671
34530440
28956985
30334693
31415508
29857035
28814197
34071419
27971276
28264392
31647581
30777084
26966233
28717636
30905601
27777833
31666984
26593110
27288105
28760055
29144323
27530596
24840765
27102486
26700090
29816247
28734276
30164582
30187738
28023281
31059015
28331338
28843165
31527934
31450717
29567369
30764310
29154573
26540398
28880336
29252762
20746072
29092728
31622222
28945926
29165157
29212825
24449685
32466458
28160493
32465043
30061345
33265814
28899029
29640385
32664931
30388146
30104239
29356287
32931438
34005238
35433739
31906527
32497386
34739311
34296886
32891415
33762269
26005150
33885094
29733436
16899023
34756848
35713432
33158265
33637436
37646053
36097507
34238547
37244040
37382594
35280164
35644525
35780992
38868628
34941158
25153924
38473783
39107609
37958168
38476694
39755358
40484765
39908595
38390788
40100768
38514593
39547915
40182500
38951545
39829803
40832187
42163574
39133049
38997655
42105625
39615425
39621189
39216138
41046043
38942577
41377916
38490522
39644736
38436166
41985060
38745082
38170139
38369778
36131525
39563542
38144692
38843339
37591615
37933410
14082066
14371567
14754206
14064217
14501280
14250943
14514277
14540201
14508808
14454636
14679637
14589165
14746234
14553765
14670390
14434691
14980069
14649112
14949186
14669498
14788395
14856607
14786223
14549202
14678825
14425128
14697297
14265185
14674193
13813120
14719115
14716076
14439694
14630529
14910119
14621254
14658494
14814376
14960670
14938900
15052628
14731594
14652994
15225732
15167315
15011844
15234181
15116096
14683665
15067493
14613701
14948043
15165437
15019946
14928116
15080393
14909154
14726635
14982635
15128679
14957559
14973434
14635159
14789232
14813286
14802969
14994213
14770461
14482185
14861814
14592685
14892012
14746161
14824590
15144389
14912436
15362739
14950722
14988495
15014897
15018802
14994588
14974938
15290523
15290800
15305540
14960917
14816457
14737899
15075774
14762588
14633871
14864731
14908680
14836555
14914323
14743879
14773076
14698680
15040724
14821755
14893294
14670709
14884990
15077653
14896127
15036253
14789054
14883305
14822712
14354204
14923004
14678137
15099216
14585299
14810095
14751012
14534272
14770177
14563382
14973051
14740320
14778147
14841753
14452008
14627864
14587155
14864181
14493399
13905750
14091593
14677196
14102930
14279341
14255439
14387635
14402145
13801061
14448271
13885910
13921211
13902838
14026837
13593919
14263306
14137514
13812744
14228994
13494380
13028106
14036951
13357459
13702687
12814977
12926111
13048625
14020945
13483970
13688139
13685037
13528966
13377127
12914063
12994304
14248302
14374202
14035675
13849368
14399663
13071537
13770217
14346932
11790925
14274350
14506090
14215183
14073315
14592290
13043062
14819683
14031351
15116869
13874064
14714420
14010872
13960025
14257722
14053869
14415371
14168260
14617592
14381156
14732436
14354130
14040838
14700458
14736415
14814237
14768435
12351988
14697203
13965176
8447306
14385496
14823414
14401549
14673933
14449812
14911704
14536099
14842670
15206449
14614854
14849561
14943136
14365571
15263490
12701332
14440789
14284492
14548141
14318795
14430652
14254205
14025266
14593454
14318447
14333277
14438709
14513753
14544368
14595014
14258100
14119724
14454791
14462020
14171886
14567690
14486770
14017469
13887495
14192471
14109488
14479620
14563707
14552695
14073183
14504314
14689289
14537751
13307958
14189828
14433611
14430901
14342171
14362881
