43267535
40843058
39856363
43370177
42034653
42439451
39865395
39868675
41194697
41607598
38889793
39142794
38861861
41031384
39409759
40449827
40324753
39187734
38484223
39110343
38402876
39389688
36757134
41056121
40861150
41209751
39087317
42702543
40353067
40786443
41117936
39614298
41330344
38945428
37601721
38748823
38336932
40559970
39411427
38463804
36190554
39712555
40007736
35507064
37743052
36124397
35079257
37103265
36001931
37039539
38666855
38916544
37036554
39144384
36638494
38648140
36813622
34015986
35149038
35318432
33986018
36938462
36690905
35561600
35257346
33837926
31994366
33569076
32769035
34464088
33993398
33415648
31818435
36297028
39239006
34287962
36482893
35189630
34707467
36838134
36104794
37690472
37457880
36136338
36466811
38987317
38921748
39891518
38932323
37802080
36509934
41206265
39407881
36713412
37426827
38847334
39107171
39290955
38929115
35446439
38111746
38852723
37398893
37421689
36154024
33813710
36573762
35496067
33432278
36502126
33369982
33945345
36174233
34043961
30925528
35673897
35121160
32266193
36086280
34405894
34719644
31271627
32307124
35649849
34582146
31195077
33898027
37044017
38216219
26002860
30548748
31320102
34347976
28719504
30131215
31227875
29659026
28609314
33913050
27736665
28042086
31464906
30583152
26750322
28489160
30729331
27551390
31473007
26359334
27067379
28560714
28910489
27291212
24587999
26903051
26473922
29620116
28483204
29957058
29989001
27815515
30853858
28101040
28619460
31353567
31265018
29384387
30577069
28929082
26327833
28669428
29058528
20496942
28902975
31451790
28751213
28935431
29005080
24208663
32297695
27943047
32294438
29879424
33075301
28708542
29445669
32487505
30194891
29927433
29167440
32751214
33833591
35281788
31742706
32317768
34594473
34162562
32714685
33589345
25835086
33726789
29560853
16770515
34597620
35575451
32978452
33459892
37499940
35953819
34046606
37108135
37240598
35119588
35494861
35628539
38721295
34782413
24895974
38322316
38952457
37822948
38328786
39630130
40364334
39755485
38235462
39976832
38353837
39426566
40052620
38806456
39694774
40701180
42026065
39006596
38855356
41982710
39478083
39494463
39062600
40938699
38795838
41246136
38351552
39525748
38303583
41850968
38615984
38016772
38241032
36022509
39461300
38000087
38691501
37447631
37796713
14087689
14371018
14751754
14066101
14492948
14251009
14508265
14534181
14503295
14457509
14674091
14584636
14733895
14553995
14662773
14437526
14979514
14645476
14942520
14665531
14782922
14853681
14774139
14547775
14678738
14426362
14693828
14271767
14673804
13810271
14718626
14714671
14443327
14627712
14898047
14615024
14654258
14816593
14959509
14940194
15041577
14733401
14644782
15203882
15159563
14997832
15216812
15106291
14658042
15058450
14605591
14941453
15154999
15022738
14919084
15082152
14893504
14698139
14959899
15114683
14931332
14961100
14621452
14774247
14798573
14778734
14959281
14742741
14448332
14836357
14577162
14864360
14710757
14815350
15142013
14897154
15348736
14932545
14967341
15004991
15002593
14988857
14973308
15285633
15280611
15307135
14960379
14812962
14731824
15070252
14748861
14631577
14863814
14898978
14822869
14905625
14736755
14771419
14686515
15019158
14816472
14889194
14660319
14874727
15060287
14874218
15028235
14774713
14861020
14815189
14328778
14904068
14666668
15078262
14541394
14799972
14724710
14498175
14753523
14535583
14945701
14705476
14750455
14825475
14428902
14586428
14559824
14852054
14485513
13825294
14043260
14644044
14072228
14222081
14215598
14347022
14359643
13745918
14428199
13825207
13865985
13864208
13983585
13537063
14206325
14102070
13753709
14193666
13420063
12966791
13980868
13301555
13637525
12732424
12867703
12982641
13974766
13420381
13638248
13640749
13476668
13329060
12846567
12932985
14215246
14342450
13986326
13811628
14346318
13012637
13718170
14302080
11686922
14225666
14476714
14170757
14021719
14545165
12962497
14796428
13967663
15096333
13829795
14691343
13964446
13909234
14224635
14008542
14377021
14127942
14596913
14352080
14712219
14321419
14009886
14686522
14718622
14790013
14747180
12314886
14679667
13926231
8405951
14365989
14807295
14368364
14650366
14437334
14898932
14505165
14835502
15197719
14596663
14839792
14930258
14357747
15249726
12613486
14433151
14270906
14539007
14310706
14428729
14252215
14014991
14586499
14312034
14323214
14438101
14506722
14538896
14588329
14254148
14115322
14446637
14456811
14166211
14558015
14479248
14005706
13881209
14186555
14104668
14471509
14560025
14547525
14066619
14496525
14680172
14529386
13303708
14187242
14426879
14425965
14333255
14353887
