43137539
40689233
39710841
43248001
41901678
42292784
39724080
39732210
41043459
41465626
38727489
38973975
38714734
40895505
39253172
40294276
40160919
39017960
38336192
38971773
38241474
39245114
36587428
40914020
40706206
41034023
38948156
42535498
40194123
40617369
40962791
39452045
41178402
38787208
37450539
38601450
38190858
40424173
39274658
38315400
36034954
39590670
39861863
35353938
37599153
35982704
34940538
36977718
35860679
36910732
38534299
38790588
36903570
39018251
36522368
38498543
36680148
33870755
35017835
35187664
33853599
36814058
36557908
35445759
35131347
33717075
31875727
33469119
32645292
34340231
33878792
33304585
31725239
36183573
39135674
34181159
36381305
35080410
34606384
36726249
36005111
37579429
37333282
36032245
36379699
38882816
38814082
39802178
38831929
37683308
36402667
41099877
39299163
36613242
37339034
38750633
38999661
39198556
38833053
35367361
38028269
38755932
37311120
37338632
36059065
33733551
36490572
35419735
33357862
36397264
33298149
33861698
36106039
33990189
30880995
35605312
35068145
32214941
36008601
34351377
34667708
31234322
32252401
35591247
34527390
31142693
33837401
36958954
38138451
26010306
30507800
31273602
34288870
28703952
30104098
31180662
29641563
28581822
33849058
27750552
28025627
31432218
30548221
26733221
28478141
30680431
27530559
31428467
26358015
27076113
28531087
28897506
27282243
24625571
26888032
26481287
29571552
28484175
29929887
29954125
27804884
30814371
28095672
28590391
31282394
31175909
29312641
30523060
28889239
26309145
28622055
29005620
20578621
28842462
31352474
28692575
28912417
28934698
24231225
32193278
27914732
32157296
29783757
32945711
28655023
29389146
32367513
30106152
29820725
29082752
32603265
33672467
35097372
31583733
32181156
34369298
33947804
32574177
33414483
25416908
33496382
29674867
16622573
34392215
35301916
32774168
33271740
37218240
35669703
33840900
36798620
36947968
34866142
35195411
35329527
38378464
34506915
24940872
37985643
38621846
37459948
37994390
39243940
39951251
39382318
37877135
39592980
38013910
39030169
39648443
38416667
39273442
40263791
41573488
38584800
38427725
41522398
39066319
39042162
38638676
40458227
38323320
40860639
38164278
39242925
37875524
41377680
38181279
37585390
37798416
35729122
39257998
37559789
38217259
36987409
37318984
14075701
14356656
14742951
14060388
14489478
14245867
14495442
14524307
14490351
14448616
14661808
14563428
14718785
14537503
14645937
14419728
14956734
14623251
14926519
14653311
14765353
14834604
14747109
14530913
14662146
14410241
14679982
14255483
14656738
13788624
14701415
14699193
14425776
14609190
14876620
14594873
14633395
14798517
14938877
14913808
15015469
14714941
14627302
15181759
15139592
14969790
15187000
15087292
14628679
15030741
14587932
14923987
15132336
14997794
14897588
15058471
14869617
14668520
14931895
15087270
14898573
14937520
14595393
14747272
14768992
14746866
14928316
14714583
14421612
14806830
14545683
14834928
14686826
14794552
15125135
14867366
15326513
14904368
14945716
14979974
14980845
14960292
14944153
15258179
15255049
15286148
14937192
14791320
14712490
15046915
14726921
14614514
14842320
14868387
14803484
14886125
14716260
14746849
14665944
14998713
14787921
14861055
14635938
14851914
15036535
14846594
15003076
14748626
14832164
14780245
14304641
14869074
14642189
15052996
14522209
14773385
14702763
14474455
14721368
14514995
14922664
14678099
14722703
14792561
14406605
14559128
14534050
14822902
14458047
13816787
14023544
14617040
14049553
14209895
14189179
14319802
14346214
13728745
14397394
13817802
13850000
13841532
13960960
13517903
14189131
14073371
13736845
14163074
13414840
12955513
13960736
13278798
13620701
12730937
12853122
12971409
13940637
13404027
13612290
13613723
13460564
13303623
12842155
12911445
14174719
14289791
13952331
13772684
14311632
12991105
13683331
14257832
11717586
14179809
14416261
14118722
13988968
14497761
12959188
14737025
13937061
15021674
13780066
14616897
13922722
13874122
14160951
13956027
14315126
14066951
14513594
14279330
14633030
14239806
13934597
14589546
14621977
14711892
14660820
12122152
14576355
13929067
8317381
14274369
14698140
14279151
14554338
14334245
14787486
14410166
14720930
15086999
14493967
14719115
14812903
14248624
15127098
12621064
14316744
14163125
14418056
14199604
14315899
14133804
13912826
14465549
14201175
14208342
14313724
14392571
14410628
14465595
14133094
14004424
14325056
14327850
14050819
14435061
14355270
13881418
13761365
14047980
14004384
14387642
14463644
14410914
13952033
14362694
14537157
14394786
13196147
14115838
14289306
14276829
14183794
14204469
