43097898
40632910
39675503
43225035
41847959
42261799
39667882
39679745
40992586
41418530
38690616
38904447
38670664
40850989
39203498
40272743
40069927
38941830
38271312
38918409
38194774
39189739
36522356
40887713
40682888
40985007
38888713
42542723
40174117
40569296
40930683
39396680
41145015
38724561
37370307
38547363
38142893
40387031
39242993
38266047
35941228
39546882
39808265
35264791
37543813
35882765
34817143
36891061
35751179
36822938
38493043
38754766
36824685
38972929
36436117
38457292
36573381
33739170
34899071
35085534
33687444
36746530
36468792
35333530
35010352
33566019
31721240
33306738
32486724
34244665
33767531
33163612
31551399
36118350
39075140
34060390
36267403
34978299
34487294
36644939
35894187
37506473
37283874
35969831
36285336
38832557
38759975
39764478
38781555
37623603
36293658
41042288
39219911
36512010
37236074
38688741
38941726
39156857
38780567
35235932
37969179
38696641
37235785
37255845
35988787
33616025
36416458
35310754
33235736
36349278
33168517
33743601
36011501
33855585
30658055
35522782
34929012
32050504
35925102
34213798
34542271
31025972
32102128
35464819
34402198
30944631
33718632
36895925
38094014
25695972
30321982
31108053
34187929
28441175
29923498
31035035
29414507
28366407
33756682
27493635
27810139
31296298
30374220
26484621
28229093
30520312
27249379
31279420
26062404
26811335
28322875
28682703
27036865
24266440
26668410
26222132
29406477
28224508
29726187
29753626
27573989
30654408
27845989
28373808
31135512
31084526
29182816
30387907
28716646
26096361
28463773
28857380
20187417
28700184
31327977
28536389
28721445
28799073
23915910
32128964
27701161
32154446
29692723
32946967
28497683
29226004
32317936
29985600
29737875
28979543
32619308
33714458
35185500
31578678
32182027
34453854
34051245
32555772
33454930
25711354
33625883
29364194
16671202
34452770
35458386
32837816
33266236
37398297
35842662
33896809
36995675
37140347
35005003
35354245
35517020
38625956
34670306
24603999
38236203
38863381
37732493
38217259
39546262
40275887
39671829
38152217
39887869
38245363
39326124
39936895
38725543
39615983
40630730
41969932
38906526
38780828
41925237
39375583
39413938
38987344
40866694
38732519
41174651
38233517
39430559
38210613
41771002
38541092
37918341
38158603
35936428
39364630
37906591
38610957
37335868
37711979
14098125
14372821
14762864
14083040
14501531
14265556
14513238
14550581
14511166
14472397
14685705
14581865
14740187
14558613
14668555
14448693
14981089
14637374
14947964
14679340
14788109
14861188
14767728
14563447
14689100
14432315
14705686
14283994
14692629
13812340
14731849
14722445
14453203
14631374
14894236
14622565
14656862
14826398
14966032
14938447
15031853
14743370
14652450
15196621
15163527
14985638
15200366
15116700
14636911
15052004
14609065
14955264
15155615
15028967
14916928
15091341
14876606
14668048
14947064
15105497
14888723
14963033
14612069
14759284
14781180
14745130
14922517
14705155
14409945
14818567
14560321
14836357
14675610
14816955
15151929
14879232
15345783
14924600
14954426
15004433
15000683
14990682
14972520
15287262
15280817
15322768
14960350
14823910
14737228
15071248
14743500
14646301
14869667
14894956
14819031
14912615
14739402
14783038
14691619
15009267
14816422
14895413
14662570
14878517
15070302
14857643
15035170
14765896
14838975
14814647
14311110
14883247
14663827
15065702
14494483
14808494
14720720
14463674
14746720
14508509
14932821
14666833
14727641
14812870
14422761
14540906
14544666
14860122
14497771
13729194
14001743
14612890
14055532
14151193
14173657
14319568
14304589
13687360
14421817
13762948
13808280
13832834
13946233
13464642
14148372
14062240
13674003
14159004
13331396
12899220
13925488
13245063
13569904
12629468
12802990
12913997
13930051
13362995
13592271
13594084
13418766
13288115
12784979
12873917
14180841
14319448
13946496
13773548
14300548
12950311
13673882
14260144
11559939
14187050
14471489
14132694
13976893
14505005
12863971
14778024
13910346
15091520
13793740
14686781
13916735
13864305
14203835
13967136
14344353
14092454
14587430
14349459
14717918
14305766
13999355
14687537
14725453
14777037
14743282
12301941
14683181
13892134
8379657
14354785
14813011
14358128
14633217
14444993
14904134
14497295
14847002
15207650
14598507
14844298
14943181
14365209
15261034
12524843
14445755
14284376
14552168
14316810
14445358
14265616
14028980
14602097
14325581
14326535
14451863
14520033
14551762
14603366
14271616
14130811
14463523
14474358
14184026
14572997
14498188
14019069
13897996
14204574
14123615
14473303
14574991
14558121
14083623
14511706
14695551
14548288
13316657
14204159
14435934
14435699
14345139
14369340
