42878811
40342461
39426643
43003754
41613221
41994531
39409935
39411255
40726243
41177044
38409845
38555565
38335024
40593813
38873631
39995804
39705267
38607984
37931798
38622408
37884911
38888517
36146158
40621756
40419834
40689813
38574038
42258768
39896087
40266683
40666368
39081049
40842514
38390094
37012325
38234175
37808135
40087579
38965510
37963729
35566585
39275216
39473843
34862939
37235277
35503061
34378765
36537758
35355971
36433452
38192634
38476856
36478825
38691133
36101835
38165057
36166291
33276051
34434715
34694097
33239011
36418689
36112789
34949332
34626434
33123774
31213550
32840336
31969572
33831289
33328584
32731848
31085037
35775773
38783753
33626482
35898299
34604601
34086605
36280403
35509187
37180242
36953995
35621957
35931838
38553423
38471358
39493238
38488103
37323899
35902223
40734556
38908757
36119268
36857474
38390399
38612002
38872825
38471602
34832355
37654039
38383888
36913197
36939939
35596810
33160070
36105069
34900761
32813183
36037163
32759070
33309072
35633806
33422389
30083781
35163522
34492023
31572881
35529912
33738787
34116902
30491240
31616941
35041823
33969656
30407554
33257142
36584535
37794044
24984239
29780724
30632483
33756579
27802042
29393763
30553043
28892262
27791638
33360763
26819239
27224899
30804075
29879623
25887869
27616271
30021334
26582419
30768811
25406847
26188040
27783452
28068759
26374647
23531194
26086033
25598042
28872061
27522585
29134488
29138327
26942029
30125189
27203527
27738412
30592046
30558330
28678208
29843358
28141075
25524389
27881584
28305701
19380412
28147598
30918291
27958691
28117688
28189617
23138176
31671356
27048674
31693774
29167500
32458201
27897720
28642015
31785005
29414058
29200438
28406361
32141969
33259063
34808677
31098878
31710546
34043610
33658844
32064238
32999378
25269245
33240570
28843031
16329217
33952747
35043675
32361718
32732939
37006550
35477245
33372419
36620005
36763641
34578405
34929411
35143631
38272713
34246771
23810239
37854742
38486860
37367754
37801981
39204432
39953878
39317873
37784136
39531148
37831574
38956945
39609025
38361492
39274096
40316972
41687685
38562906
38435412
41629799
39042954
39104188
38655884
40587479
38435550
40862047
37863720
39135184
37848607
41504560
38229909
37523086
37783030
35626379
39049876
37535070
38275984
36984180
37387115
14116460
14384394
14780656
14098256
14526412
14279819
14523402
14555332
14519290
14490814
14697016
14574469
14749453
14574266
14670863
14459644
14978870
14639513
14944945
14690006
14795922
14873897
14753402
14570269
14707258
14443707
14714381
14302353
14698232
13811304
14751465
14724724
14468004
14626076
14882210
14623790
14653436
14843490
14983324
14945812
15017012
14756320
14652247
15168492
15175098
14967492
15162601
15116059
14595163
15038998
14608058
14967236
15150584
15043588
14914740
15103118
14849938
14609016
14912167
15077730
14832534
14957330
14583743
14728512
14759159
14683341
14838559
14631858
14336075
14777015
14510022
14781177
14606209
14808613
15163670
14839710
15343385
14902303
14917411
14990181
14985780
14998869
14974236
15275897
15278532
15332480
14972379
14836296
14741788
15075475
14723842
14659302
14872971
14880812
14806669
14922126
14743639
14798439
14688312
14984164
14811038
14890169
14648010
14881368
15057236
14805778
15030728
14741049
14795061
14813437
14260676
14839452
14645942
15025547
14388183
14797508
14686747
14379581
14729348
14450400
14887708
14569993
14660202
14778187
14377082
14450602
14484038
14867613
14502412
13499743
13887365
14527651
14010708
13983900
14062648
14230824
14196463
13543561
14391070
13577927
13656578
13746621
13844549
13294591
13982098
13962265
13485712
14063985
13123872
12723780
13790045
13096354
13385275
12377894
12635717
12730026
13806629
13175523
13453140
13457649
13251564
13164656
12607068
12705518
14088590
14235432
13825662
13657951
14156950
12787867
13530241
14126732
11221429
14054513
14414823
14004825
13835170
14357717
12589655
14709674
13733232
15031265
13677566
14629348
13776384
13721136
14122933
13832617
14235436
13966871
14525994
14291755
14696476
14229868
13930643
14670115
14704545
14708118
14697368
12216126
14659905
13792538
8275278
14304011
14800350
14293348
14565947
14436538
14894311
14432805
14853971
15210838
14568802
14833558
14937451
14356919
15250775
12260313
14451238
14278928
14549764
14307676
14459086
14285924
14022241
14611545
14329735
14316798
14462196
14532017
14564455
14624016
14287021
14161778
14469126
14484356
14211922
14591787
14512301
14026408
13918724
14226097
14143844
14485892
14587230
14583910
14109990
14520404
14711169
14548906
13321418
14218505
14432784
14448948
14354967
14386944
