33183308
32966634
32357014
33943747
33661515
33940414
32755767
33059291
33694673
33999803
32775818
33307462
33328724
34139484
33560717
33952177
35695909
33830947
33910824
33694301
33421068
33793950
32982267
34674590
34481741
35145866
34140374
35635846
34294716
34733271
35176050
34680064
35481062
34806158
33666235
34329454
33796360
35195823
34373163
34097749
33494067
34831735
35143122
33311852
33840954
33826117
33445810
34350635
33606111
34163523
34286605
34456896
33963818
34673482
33885599
34724717
34201439
33542089
33624815
33366720
33878321
34058806
34022767
33617725
33715670
33297031
32460967
33825132
33012380
33241673
33013537
32863046
32480003
33550375
35280132
33171951
32973597
32578900
33210948
34408961
33976033
34273602
33833811
33361756
33553749
35075432
34680940
34962660
34589612
34284319
34151345
36028968
35408719
34309224
34602102
34746823
35326137
35018915
34429712
33832380
34540509
34885433
34134062
34388901
34084088
33466356
33934374
33807218
32638516
33667612
32906920
33300340
33999424
33100344
32535131
33755859
33940344
32795245
34326115
33583957
34243306
33065685
32605545
34401611
33587334
32525999
33135522
34113561
34669422
31686770
32598866
32482220
33928560
32785192
32105038
32777362
32000238
32070704
33525376
31671235
31497193
32712259
32528808
31574111
31681988
32418530
32270902
32601270
30414527
31990865
31607040
32425040
31620121
31795180
31489588
31627534
32031340
32645359
32826936
32730388
32485809
33141222
32473254
32589431
32809050
32495558
31800606
32926070
31760875
31871388
31892158
31862009
30757601
31773628
31862611
31879983
32545229
31901808
31368986
34466697
32063352
32388786
32013591
33154511
32309473
32943162
32820192
32278237
31942165
30221140
32629346
33109418
32486579
32501448
32428474
33426666
32657265
33120185
32626422
25847514
30935063
30058206
20603273
33711166
33481009
32806461
33274086
34540132
33596525
33471261
33988257
34934732
33461226
33339168
33030833
34596098
32589212
32104430
34339879
34931497
33905849
34646442
34469114
34970370
34780132
33985921
34845205
34338388
34511411
34897771
34051766
34311394
34459228
35484466
33725157
33768694
34939863
34231193
33161803
32822845
32428197
31248583
33592658
32763987
32642143
32803907
33871390
32511622
32795407
32119833
31465501
32336085
31982514
31517670
31182860
31174541
7496697
7580928
7705598
7586962
7680721
7665745
7709968
7737420
7777143
7755786
7782107
7753611
7790379
7839158
7833608
7783336
8133192
7848528
7951226
7795090
7891492
7922597
7907576
7904671
7899184
7827891
7831114
7825390
7894155
7600479
7937186
7934856
7842602
7904866
7978440
7895371
7953899
7966240
7998102
8016641
7986213
7886798
7932565
8084357
8040123
8003358
8069660
7952665
8039726
7985115
7922712
7988188
8101748
8050100
7936858
8125747
8028444
8072581
7969419
8039729
8211118
7989491
7984853
8026738
7977571
8005738
8082844
8146130
7941778
8008185
7884529
8019418
7973689
7948663
8099325
7965988
7911653
7832828
8079384
8027315
8037544
7992723
8031992
8127942
8105357
8252308
8035838
8015820
7985392
8078058
7971220
7935314
8066318
7971669
8009156
8022066
7970973
7940905
7975402
8114945
8014744
8057594
7999912
8002061
8016211
8036858
8058387
7964157
8088469
8002419
7946453
8036007
7954637
8109892
7996209
7908576
7919248
8025102
8068583
7976748
8214122
7999986
8025787
8128923
7852455
8036839
7979549
7982073
7868006
8118311
7950453
8084549
7886572
8192294
8002886
7995544
8086825
8000450
7990020
8037863
7969240
7953993
7941222
7953726
8073528
7985475
8043662
7936582
7785579
7910188
8046304
7871918
7961665
7928557
7924225
7961883
7952171
7845576
7932438
7847653
7977861
7840623
7900838
7869394
7997440
7954128
8070576
7940907
8137287
7988450
7954911
8093470
8034514
8081836
8042035
8016236
7990443
8100229
8038457
8481833
8106585
8140685
7899696
7948019
8163788
8197140
7909181
7967809
8054858
7727958
7978271
7870646
7864273
7943390
7865217
7889245
7969847
8144515
8040929
6519695
7694121
7567668
5358841
7865981
7917393
7969560
7996313
7853759
8107913
7948695
8004027
8292905
7974497
7981062
8058344
7919509
8147240
7942748
7900398
7843859
7937466
7825567
7882943
7830101
7787315
7909029
7909574
7837790
7826756
8015004
7890756
7885722
7850923
7761459
7876778
7835591
7789747
7946426
7743224
7473184
7426662
7375125
7625621
7749739
7799091
7752018
7699039
7800625
7748762
7709732
7290870
7574092
7727153
7516155
7541279
7518648
