42968622
40474483
39523088
43065757
41686995
42099468
39508119
39505009
40815284
41256288
38512912
38701388
38452616
40668457
38997635
40080290
39866137
38746885
38059495
38712332
37993145
38989264
36305982
40697655
40484195
40773024
38669682
42337111
39972559
40366114
40744583
39192849
40926832
38499659
37153203
38333220
37923560
40178615
39037993
38062836
35737861
39343615
39584490
35035150
37333629
35667070
34584527
36671082
35532873
36591949
38287178
38549999
36625011
38775079
36232485
38251308
36347041
33501056
34660331
34859727
33464399
36540908
36257021
35117462
34796261
33345358
31472687
33069337
32244640
34007775
33532831
32941353
31334285
35901995
38876055
33829839
36060291
34747175
34275167
36414106
35668106
37286747
37052489
35727221
36059517
38601999
38535728
39535005
38544378
37397981
36044552
40811362
38995833
36250356
36970839
38454059
38697870
38915858
38522270
34973558
37713257
38448229
36987478
37005873
35724617
33350270
36165276
35043314
32965159
36084635
32917632
33463299
35734698
33578910
30387673
35253126
34648322
31771172
35641805
33914782
34256883
30743863
31802584
35166215
34120038
30653122
33396810
36615393
37799726
25391984
30002551
30802528
33873809
28132348
29608604
30725710
29094156
28037486
33449149
27151295
27475202
30958474
30059900
26159724
27904113
30181141
26903299
30942570
25761498
26486992
27983311
28320053
26676885
23931822
26320591
25863139
29025443
27842592
29330947
29356649
27187288
30279779
27468498
27983217
30722960
30638547
28781643
29964182
28309375
25702576
28032485
28428828
19812949
28276375
30873646
28088993
28293992
28334448
23502195
31667613
27236161
31642909
29223947
32413383
28032910
28758434
31801535
29467188
29235737
28487780
32077974
33153992
34644208
31030180
31627030
33857371
33475434
32020826
32868277
24782940
33002961
29178999
16189080
33785780
34809127
32215491
32629942
36714790
35179591
33221616
36308605
36466335
34321080
34661507
34845535
37885020
33975786
24197591
37491077
38094574
36986193
37448446
38774027
39481232
38873574
37366379
39082810
37456012
38516026
39143062
37915405
38774519
39796405
41112533
38083431
37925363
41042363
38584785
38565789
38122309
39993285
37843251
40384307
37640150
38758749
37371493
40889388
37675656
37045739
37275015
35299692
38827390
37013212
37678533
36466549
36821117
14087772
14361427
14751919
14065234
14494333
14251766
14496446
14525054
14492125
14456853
14662134
14553407
14714941
14541896
14641791
14428556
14951312
14613823
14920438
14649826
14758172
14834888
14733354
14533399
14665384
14409200
14679921
14262847
14662025
13781992
14708875
14695518
14428244
14597057
14859893
14594162
14622936
14804576
14940800
14911465
14995239
14713297
14622196
15150114
15133541
14944310
15154127
15078580
14595180
15015147
14573330
14923166
15120760
15002360
14880451
15060589
14838408
14618297
14898905
15056716
14837119
14924918
14569974
14713578
14738133
14691010
14861973
14646548
14351751
14768207
14508317
14783665
14624143
14781537
15120817
14833512
15309243
14876537
14904977
14956241
14960651
14954155
14935649
15241661
15238999
15281279
14924739
14789995
14699813
15037358
14693529
14615858
14830882
14850838
14769498
14872512
14699702
14738005
14647073
14955611
14769987
14844081
14611067
14830610
15014782
14796407
14984164
14713986
14778838
14760573
14250231
14821173
14605683
15003055
14423949
14745764
14662693
14388605
14693473
14442487
14864283
14586332
14651436
14749610
14352564
14460617
14465864
14805494
14436802
13621659
13910435
14522289
13985540
14053978
14078242
14231868
14216089
13587960
14344708
13648484
13701841
13740921
13849034
13353526
14040298
13966761
13559124
14060803
13223211
12790841
13814886
13138380
13444054
12503477
12686628
12790825
13811609
13236633
13471309
13474946
13292831
13176355
12665507
12749569
14061231
14189075
13812488
13644522
14163235
12812439
13532384
14110512
11402705
14042343
14328051
13974949
13837572
14341841
12701544
14637666
13746490
14939913
13643963
14533748
13762505
13709399
14055337
13806724
14180985
13927940
14432962
14191488
14583486
14137720
13836135
14532119
14568135
14618980
14580882
11958663
14510684
13834603
8164679
14185607
14650804
14183380
14456445
14287212
14734366
14315886
14683834
15050743
14425388
14670185
14766580
14206511
15072282
12377863
14281871
14124085
14380188
14154183
14285271
14115353
13871694
14435468
14166787
14161417
14288184
14363304
14386374
14444015
14111535
13984887
14292488
14297169
14033389
14409725
14327675
13843156
13740945
14023175
13987643
14356294
14435800
14385510
13933231
14328205
14512538
14357334
13167167
14105552
14247173
14236681
14154292
14175197
