42891923
40371595
39432747
42976080
41596677
41995917
39403004
39391919
40711052
41147271
38391779
38573651
38340806
40560731
38879255
39980262
39724248
38635516
37940805
38605814
37864147
38863949
36189371
40586756
40374761
40671530
38557677
42233585
39870739
40266919
40617313
39072873
40824243
38371917
37017023
38208769
37812172
40063277
38933220
37955479
35615624
39227908
39479093
34900095
37229216
35535421
34445553
36548902
35400410
36473448
38180702
38451742
36510255
38680626
36112996
38145272
36213878
33352298
34533963
34740606
33330499
36428284
36133710
34995399
34678477
33208469
31336253
32935479
32108970
33889988
33413224
32803079
31201933
35806283
38782214
33699017
35941072
34649647
34133540
36303282
35528194
37166326
36946290
35621016
35961835
38520337
38433726
39453809
38450901
37305591
35942223
40713020
38887578
36146051
36855688
38358989
38597917
38825031
38437268
34862658
37627420
38359813
36888996
36908393
35614330
33220059
36076317
34935910
32847575
35996026
32797930
33338572
35629844
33446957
30225979
35144909
34533967
31648685
35547726
33790151
34148521
30608418
31707810
35068980
33990728
30507030
33289922
36521081
37707379
25218108
29869281
30686514
33753027
27996079
29480579
30598112
28971754
27889472
33337084
26985087
27351553
30826935
29927800
26027276
27758679
30069432
26745057
30822058
25601607
26331618
27862713
28187181
26525745
23765100
26181402
25734934
28918855
27676204
29199129
29221953
27039824
30132221
27311872
27832798
30599254
30545050
28663757
29824433
28177409
25567073
27908043
28295025
19639410
28135819
30763779
27957606
28152943
28207076
23333863
31567089
27106973
31549463
29090607
32302232
27893640
28628495
31662688
29351751
29109518
28361010
31969393
33045250
34554369
30920964
31509755
33765573
33373059
31899388
32763912
24682573
32913685
29045629
16110953
33689033
34708019
32093757
32510909
36612732
35097360
33110776
36206348
36377826
34232958
34541819
34746203
37787534
33875265
24040876
37409595
37995175
36883387
37351139
38684128
39376889
38766821
37263102
38984597
37367879
38426075
39047591
37823408
38677463
39708458
41027444
37988498
37840703
40967700
38495102
38498753
38046195
39903351
37758964
40299776
37546598
38661721
37277665
40807807
37586912
36933760
37171071
35219581
38739214
36918370
37587835
36368994
36730738
14090178
14357953
14749870
14068329
14493852
14253114
14496073
14521708
14487977
14458331
14661539
14549956
14712119
14538293
14632582
14424019
14949229
14609273
14916669
14647371
14755833
14825525
14723843
14533211
14665217
14405802
14672702
14261353
14661668
13775906
14705992
14689613
14433041
14583509
14846447
14583057
14616612
14798378
14941817
14905418
14986200
14714317
14618047
15139696
15134732
14936123
15134851
15069034
14577082
15003255
14570290
14923553
15113040
14994460
14869916
15059282
14823839
14595538
14886318
15046222
14817695
14917166
14555995
14701048
14731103
14670380
14840614
14622982
14332039
14756726
14488631
14761283
14601039
14776262
15120314
14812922
15299811
14871449
14884953
14952791
14942678
14947598
14920016
15230244
15231889
15277972
14922769
14787153
14694056
15029564
14688217
14611006
14826544
14841602
14763026
14869642
14693670
14738976
14640600
14943442
14765980
14844732
14606758
14826172
15008953
14776961
14974317
14699335
14759635
14751826
14231426
14803244
14593414
14984110
14384843
14741846
14648077
14371670
14682727
14421795
14852385
14558703
14630384
14738700
14335395
14435397
14446822
14797193
14433149
13563831
13877329
14501644
13965663
14014013
14051160
14205029
14187911
13546104
14332078
13607104
13665885
13719177
13825181
13316031
13997552
13937317
13512543
14037590
13171967
12744404
13784585
13102645
13405795
12442760
12650645
12754569
13782998
13190683
13440570
13444243
13253387
13143855
12622197
12707847
14038931
14173402
13786630
13611382
14125943
12775589
13499618
14078585
11326676
14007008
14311299
13944830
13798595
14310409
12642690
14621291
13713670
14920456
13610862
14518173
13727138
13676236
14028616
13771586
14154636
13899653
14414743
14178768
14569112
14118435
13816635
14519549
14552659
14596914
14562974
11936617
14500227
13802495
8141566
14174126
14641038
14161574
14438202
14277433
14729751
14300744
14680973
15048035
14415391
14654582
14760997
14199717
15064739
12320966
14280788
14120695
14374664
14143599
14285245
14111982
13860956
14427064
14161259
14152388
14284523
14354633
14379431
14441594
14106907
13986262
14283167
14295045
14036977
14406724
14324390
13839728
13733434
14019614
13982693
14350910
14437381
14384223
13933221
14326180
14507411
14353672
13163276
14101110
14242300
14234472
14148892
14171333
