42513084
39888851
39045217
42627938
41229902
41600809
39002426
38993226
40330008
40769053
37977111
38010177
37841488
40192634
38409503
39598613
39148081
38117055
37427984
38172718
37414757
38422833
35617596
40216229
40017040
40215555
38112984
41867574
39496835
39807952
40256161
38624817
40421121
37900489
36461966
37761517
37356835
39660879
38571256
37537158
35057479
38881775
39029439
34317236
36780090
34974677
33800992
36063921
34810562
35918253
37797812
38079346
36003072
38329979
35642153
37758682
35635900
32703475
33873672
34192894
32661097
35972620
35661878
34466599
34113116
32549018
30610490
32252123
31386617
33345409
32850838
32208659
30528951
35381584
38418908
33136255
35422962
34158684
33604951
35850378
35042592
36769740
36580685
35222503
35512623
38199755
38128950
39179055
38123729
36948956
35449748
40375913
38534453
35682290
36413586
38050778
38236232
38555392
38121081
34367631
37286817
38004564
36540057
36565335
35199529
32698623
35734405
34448964
32382810
35680835
32301064
32853393
35228191
32961785
29536911
34769639
34070673
31111788
35130848
33291550
33667509
29960043
31155181
34610962
33560551
29907777
32824558
36233532
37448794
24386815
29304564
30182697
33355024
27260877
28903573
30104476
28386123
27286367
32991737
26285498
26733392
30378018
29424911
25359030
27104700
29599946
26031212
30309590
24885274
25702250
27327436
27593297
25866464
22978963
25634506
25107986
28437804
27002938
28681153
28668951
26468351
29705851
26731582
27271389
30167681
30187858
28290802
29433918
27723791
25086226
27474976
27889103
18857357
27749838
30559777
27528623
27675566
27767616
22639033
31295231
26602700
31353596
28783032
32081396
27508032
28231042
31435328
29003947
28838190
28029846
31790662
32932466
34495573
30744716
31362625
33706701
33347556
31718141
32686837
24854074
32929257
28558870
16100150
33585766
34722176
32028182
32351973
36694021
35163060
33019159
36312809
36453105
34271115
34599007
34840719
37961354
33936159
23267657
37568379
38171958
37069296
37490002
38933553
39646603
38999008
37470113
39244886
37514286
38654162
39290316
38063230
38972510
40028343
41396991
38270447
38113395
41345266
38754474
38820679
38353129
40303743
38134740
40628434
37613408
38909039
37569048
41218087
37936200
37207783
37492533
35428421
38840469
37215051
37977331
36688314
37091132
14125717
14375260
14789743
14114209
14535509
14287974
14528061
14558523
14520643
14495290
14695562
14550308
14733455
14582744
14654431
14464632
14960090
14612440
14930658
14690353
14776253
14864478
14714939
14575124
14710802
14445967
14712903
14313523
14702782
13794698
14757108
14721992
14473490
14617209
14843893
14606158
14632356
14846429
14984527
14930730
14986583
14768028
14646826
15116515
15162469
14923911
15094073
15100976
14525407
15007135
14588810
14972909
15119206
15047708
14886729
15097522
14797727
14526543
14852991
15031340
14732775
14930754
14545368
14673852
14700369
14592704
14733428
14531547
14235808
14712215
14447970
14698950
14508273
14793029
15161404
14782611
15310160
14860061
14854854
14959350
14946670
14987751
14955991
15253206
15253367
15328601
14958923
14834958
14728868
15058077
14684751
14657679
14855309
14854750
14765538
14916138
14724081
14791597
14664287
14930194
14792523
14866263
14621232
14858913
15028392
14741485
15010543
14691096
14729501
14790570
14198896
14779942
14606590
14961875
14268171
14766185
14641284
14288324
14692463
14373424
14818887
14459318
14579138
14727610
14323209
14340632
14406732
14842006
14482999
13296637
13776905
14436465
13942263
13825982
13944516
14135421
14075393
13398243
14340197
13423714
13520787
13658091
13739819
13132206
13838738
13859570
13318036
13963100
12953729
12575667
13662496
12969599
13228805
12183025
12505717
12583816
13694052
13029586
13333014
13341225
13116395
13063261
12472523
12570711
13996221
14157401
13719742
13559112
14041589
12655453
13414723
14015126
10999602
13948737
14343406
13889861
13723537
14239090
12403000
14629365
13592522
14964844
13571334
14565117
13665338
13606588
14042813
13723286
14149586
13866372
14459341
14230414
14641196
14154646
13856947
14620233
14654875
14639426
14638083
12098744
14603179
13726974
8191122
14240368
14751540
14225006
14495763
14393597
14843567
14374996
14815352
15170599
14522920
14783937
14897990
14316868
15196460
12073349
14414057
14242584
14514907
14269499
14427828
14255883
13988698
14580278
14301676
14271771
14430295
14497305
14532556
14594359
14254691
14136750
14435750
14448873
14188712
14560724
14482889
13985872
13890432
14190878
14126884
14459597
14575517
14551103
14081789
14485370
14671715
14513527
13298608
14207885
14389525
14412012
14317151
14352147
