42357316
39580408
38830728
42518510
41007233
41360121
38761972
38697054
40053882
40559369
37654806
37548176
37444565
39948000
38006495
39340790
38630065
37684787
36993261
37844393
37048890
38054377
35124501
39942823
39752563
39822903
37753833
41627695
39215286
39437885
39981976
38251007
40106839
37454903
35960747
37365220
36981839
39327939
38302018
37223970
34517780
38596935
38660494
33734799
36394486
34429745
33143639
35606755
34245797
35373196
37467652
37773493
35534850
38029516
35174514
37434105
35084405
32044882
33213247
33641651
31956921
35562284
35230062
33953432
33561302
31883804
29901159
31573015
30663561
32821685
32284670
31606211
29834282
35017714
38127059
32564916
34971368
33702883
33069366
35452533
34548700
36406938
36266090
34864689
35111083
37949349
37887066
38974686
37869682
36652909
34967701
40115902
38216037
35242581
35992286
37770466
37913831
38311939
37845270
33875338
36998751
37682439
36216068
36250611
34798479
32175488
35432740
33966529
31914646
35393442
31823640
32317514
34832342
32451898
28776270
34398544
33587184
30531177
34710677
32748887
33175548
29271935
30589899
34130122
33098557
29216859
32340116
35956484
37178459
23432859
28649708
29599236
32941791
26445430
28290729
29546180
27715839
26607653
32615885
25451964
26024242
29866788
28871211
24581319
26329697
29041002
25193605
29731706
24036961
24948270
26635135
26863973
25023737
22034311
24947589
24341424
27790894
26126264
27970083
27949874
25707355
29102706
25962833
26509199
29534075
29602516
27695679
28806956
27019417
24385145
26807118
27222706
17861710
27094996
30124429
26846700
26905296
27054616
21682509
30743130
25793317
30819074
28177238
31485493
26779132
27504357
30819500
28293483
28182050
27392917
31233180
32413675
34072274
30164083
30797147
33204707
32899974
31118317
32121783
24080380
32441879
28083591
15630728
32977088
34203747
31424195
31673937
36221596
34709312
32373617
35865294
35995902
33741631
34038442
34361512
37500712
33394309
22311468
37085257
37666534
36598726
36939427
38502545
39210742
38518733
36960034
38753964
36956190
38140740
38798371
37556668
38492766
39585984
40976302
37774111
37628702
40907037
38257067
38346434
37871300
39855500
37668070
40215071
37233582
38586624
37051275
40772961
37438834
36628461
36936579
35066841
38581597
36649277
37389351
36113151
36571626
14218414
14436937
14887847
14199928
14619204
14363501
14607701
14631921
14592501
14589293
14778775
14579072
14788510
14667592
14704867
14547202
14995607
14651181
14981410
14768886
14831161
14937554
14731040
14654281
14803808
14501431
14789538
14400738
14785387
13833069
14850037
14784512
14540430
14650683
14856030
14651088
14683598
14920024
15068309
15003889
14996060
14855202
14704352
15105948
15226037
14930052
15053093
15153698
14486446
15023258
14639312
15050956
15155426
15130494
14921781
15178484
14779956
14448626
14824476
15029453
14639730
14970224
14553900
14671125
14695596
14515846
14632115
14433946
14134326
14687373
14410158
14637933
14410564
14843208
15236236
14767104
15353562
14874654
14831681
14999687
14961277
15045778
15014856
15292704
15301282
15415505
15034345
14915957
14798121
15118114
14693199
14737930
14914831
14887481
14782702
14986094
14775156
14882145
14709686
14935606
14843758
14916930
14658839
14913033
15070034
14708232
15067228
14693012
14703250
14842355
14171891
14748067
14622510
14942788
14122865
14813735
14636005
14196962
14709863
14305411
14782773
14348281
14513781
14717218
14306931
14222173
14367095
14905470
14543932
12964060
13645490
14347348
13911836
13606515
13823312
14048023
13930996
13227981
14344975
13184858
13334074
13577665
13629156
12902629
13629275
13755403
13070516
13866969
12670647
12361636
13485321
12789825
12981022
11845220
12309127
12351180
13548279
12782712
13169549
13178494
12907423
12926442
12255690
12360880
13883663
14071494
13584245
13423941
13862614
12453157
13247832
13855778
10553981
13787231
14292545
13732734
13530043
14062939
12047960
14552215
13361460
14907070
13430203
14497287
13480309
13416345
13940958
13540539
14011934
13721165
14386989
14167113
14623128
14057421
13774774
14590680
14629468
14553469
14578939
11895367
14567670
13653254
8039654
14166553
14726231
14135310
14398025
14377209
14824228
14283030
14816107
15161330
14478384
14752396
14880977
14301911
15171710
11733767
14409625
14224258
14502369
14239205
14427407
14265593
13969280
14573900
14291064
14238916
14429770
14491243
14528165
14595987
14262340
14146659
14425063
14449770
14193528
14556457
14482122
13965947
13895172
14187441
14140416
14473188
14605505
14544570
14090798
14473510
14655380
14485603
13303512
14247427
14352135
14381828
14295425
14326698
