42346020
39556211
38837760
42524875
41007605
41358972
38757249
38702821
40043481
40572810
37641298
37522606
37422054
39955116
37990070
39345714
38589422
37669999
36978576
37833491
37050780
38062823
35092621
39975826
39744185
39798985
37739267
41630942
39225422
39433732
40000825
38245068
40102051
37434579
35923116
37349869
36957262
39317836
38301158
37219719
34478659
38604304
38637489
33691144
36383717
34371423
33096583
35585768
34186018
35336325
37451500
37772944
35507668
38048341
35137116
37422911
35051688
31983308
33146365
33589318
31876450
35571067
35204528
33900932
33522627
31812273
29813980
31511132
30571471
32781916
32235434
31548113
29755767
34995903
38116951
32514141
34922217
33661961
33017005
35412377
34529628
36367937
36233224
34841363
35072889
37926306
37872206
38978289
37871581
36626931
34917998
40131804
38199405
35188984
35962435
37780646
37893517
38313170
37856835
33806230
36987874
37682183
36210303
36234458
34756147
32104288
35414589
33912022
31864462
35372434
31777899
32257311
34795913
32398919
28664536
34386458
33522926
30451956
34666623
32678041
33116692
29178172
30503052
34058230
33037158
29114337
32291790
35952341
37192004
23268703
28553339
29532252
32895675
26326875
28195317
29486762
27608457
26523979
32577009
25330769
25925792
29824541
28813680
24468177
26208975
28991599
25061179
29666535
23915625
24835057
26565903
26747438
24917250
21862291
24865591
24231120
27733188
26011012
27912160
27883462
25622038
29042785
25864721
26439294
29498514
29587507
27694970
28786245
26986707
24339673
26757649
27197262
17684034
27079208
30179373
26808675
26863362
27018941
21550273
30776643
25740318
30888672
28177710
31537731
26773333
27494576
30866754
28305653
28209655
27397173
31318140
32541252
34204139
30242225
30895621
33367111
33053272
31196207
32251334
24413517
32651507
27915110
15727066
33106383
34416782
31559887
31791316
36454064
34938320
32514787
36103990
36226226
33975192
34241531
34605409
37794444
33623961
22160445
37375067
37953287
36888638
37209889
38842686
39561883
38844119
37281463
39099455
37257082
38488654
39151598
37901178
38840626
39977277
41391884
38145223
37991382
41335989
38604734
38752677
38254853
40312664
38122030
40569484
37396301
38841324
37434956
41233265
37846723
37004246
37346326
35321637
38737012
37060721
37851737
36514452
37009133
14225962
14446820
14899436
14216372
14636141
14375533
14620153
14645054
14603066
14606859
14793296
14585294
14798336
14684836
14716298
14562129
15001076
14653488
14992080
14784804
14846131
14955371
14733667
14680990
14816279
14517108
14802070
14413327
14798985
13840505
14865266
14802568
14561887
14664747
14863752
14664124
14691543
14940434
15076006
15018293
15008456
14871401
14720248
15112580
15241337
14932369
15060662
15168215
14482539
15032302
14655583
15073476
15163783
15155784
14933884
15196496
14786084
14447894
14825232
15031023
14629568
14991391
14568218
14670613
14703026
14509281
14621683
14425327
14123194
14696463
14412947
14640481
14407126
14858375
15253681
14770200
15364353
14880588
14830991
15012277
14975150
15063084
15032089
15310812
15313232
15431564
15049523
14933121
14819894
15133344
14700030
14759124
14930322
14895496
14785985
15006303
14788597
14904723
14732306
14936170
14858450
14932275
14673213
14929246
15085840
14709212
15083821
14702057
14704588
14863390
14178964
14752116
14638154
14945330
14101149
14832557
14640174
14184683
14720578
14307805
14789844
14339287
14507131
14721846
14310323
14205010
14374448
14931583
14565282
12911295
13633655
14348977
13913759
13575130
13807660
14050313
13915785
13210306
14351474
13157529
13307543
13580627
13628489
12869097
13592722
13753883
13034992
13863724
12631032
12328713
13476620
12770888
12952329
11785110
12290901
12321506
13545550
12754845
13157240
13176060
12892847
12925777
12231456
12345842
13894586
14096358
13589649
13436554
13867712
12449243
13250917
13871384
10479910
13801544
14343066
13743122
13534074
14073690
11995463
14589244
13358309
14962523
13451799
14542155
13498506
13432963
13983924
13564286
14050323
13747113
14445812
14232571
14686789
14116962
13836146
14676521
14709519
14609660
14642220
12059931
14663218
13625171
8102531
14238122
14821267
14204650
14466645
14472064
14928231
14357667
14919009
15261156
14578146
14850974
14993812
14397083
15279301
11680532
14514957
14325699
14605824
14335279
14540423
14376021
14066400
14690673
14394091
14342017
14545310
14597150
14640789
14709450
14378862
14260343
14546006
14570624
14301963
14675564
14599862
14084310
14012586
14322313
14244710
14548804
14696301
14676236
14203657
14600203
14790110
14615639
13402993
14319469
14478749
14521266
14428842
14466469
