42351501
39548408
38827788
42509530
41006504
41342777
38759134
38691419
40052751
40555737
37631963
37507439
37424999
39941047
37963913
39329808
38578655
37646865
36955081
37812402
37025038
38035267
35091078
39943411
39731839
39793176
37724611
41606972
39202296
39419592
39989876
38230952
40084214
37408448
35902748
37334279
36956425
39306551
38289832
37198894
34464669
38582731
38623123
33675262
36377536
34363303
33071127
35565463
34185892
35310774
37445474
37755163
35494774
38023451
35122908
37413514
35021640
31968720
33130889
33599019
31861495
35556617
35168554
33891940
33501401
31795739
29791820
31493425
30555498
32761324
32211180
31527601
29735739
34987376
38105064
32497342
34898256
33653006
32991088
35387678
34504774
36361560
36225424
34834256
35058301
37919424
37867778
38965491
37846654
36629044
34910349
40106044
38180549
35184000
35938241
37760782
37876652
38292184
37828224
33807033
36976828
37658082
36186617
36231784
34742817
32091307
35411856
33900624
31847646
35358792
31754734
32234168
34782442
32384865
28639229
34372266
33493279
30431320
34657391
32663578
33113668
29156886
30495108
34055632
33028616
29099483
32271585
35933260
37171192
23246993
28532778
29497638
32877048
26313495
28169230
29458213
27603778
26495756
32575433
25305874
25900316
29793134
28768630
24452684
26191377
28968585
25040394
29649704
23901853
24823453
26542816
26741209
24886722
21848548
24872081
24212184
27714747
25999895
27882668
27858878
25604185
29045981
25850902
26431948
29473455
29578061
27662859
28807450
26975279
24309343
26754230
27182975
17656727
27062690
30156970
26799628
26808851
27013460
21534422
30765173
25725327
30861390
28180370
31530665
26755181
27479795
30859946
28308202
28192712
27408256
31312568
32524089
34201364
30231492
30882936
33350538
33051128
31188170
32232593
24408588
32635500
27898827
15723633
33094213
34400417
31563954
31771295
36456554
34928889
32495950
36090042
36214982
33963382
34239960
34588669
37783570
33618051
22125318
37364961
37958271
36901460
37202700
38834126
39549313
38830053
37264796
39095958
37246448
38469703
39133343
37886560
38834872
39978265
41390535
38132350
37992947
41343653
38609331
38763674
38250657
40301552
38102773
40563168
37391095
38839906
37415540
41240448
37850226
37006625
37327861
35320252
38740018
37075878
37841718
36508371
37005575
14228785
14446468
14900882
14212082
14639045
14383084
14623821
14650725
14602887
14610236
14791185
14587201
14800861
14680422
14710851
14563360
15000811
14653803
14995172
14786233
14842022
14951311
14734499
14676092
14819822
14516262
14803318
14418590
14800032
13842057
14863476
14805314
14564185
14663929
14863081
14659568
14692139
14938356
15083095
15020071
15006494
14874417
14721925
15109787
15244706
14931334
15054166
15161717
14486797
15027291
14654459
15074983
15161076
15150454
14929004
15196697
14779835
14450116
14826959
15033556
14629552
14986815
14557618
14672586
14701396
14505851
14617015
14423619
14121269
14691159
14408208
14632994
14400401
14857889
15255886
14767763
15359984
14884177
14832315
15011294
14975926
15058840
15033202
15311485
15310470
15437618
15054548
14930474
14815953
15138187
14699554
14760473
14929926
14897565
14788476
15005565
14785257
14902339
14727538
14936298
14860311
14930286
14667100
14931168
15081266
14708896
15086017
14701410
14705350
14863232
14175356
14749809
14638979
14947909
14096268
14830030
14641086
14181113
14720161
14298789
14791038
14330829
14505283
14723676
14313858
14201603
14369592
14933389
14567796
12902216
13626440
14338323
13917849
13566980
13803069
14041041
13913492
13202241
14357587
13147523
13297800
13571157
13624719
12865081
13590170
13746630
13025627
13861432
12628065
12324671
13469946
12767980
12943990
11779889
12288582
12318026
13538543
12755069
13151223
13170633
12890757
12922894
12226282
12339406
13889000
14092432
13584429
13439979
13864887
12443389
13249671
13868705
10463251
13797583
14340718
13742846
13517901
14070199
11991119
14589474
13352437
14956601
13451162
14543179
13491156
13427432
13977392
13564542
14040419
13751229
14450107
14225300
14683189
14112100
13835110
14676982
14714582
14610447
14640279
12059466
14658737
13620927
8100222
14238418
14820978
14206381
14462135
14472776
14925494
14358030
14919517
15261184
14573644
14857349
14990845
14397665
15281741
11668299
14513835
14325683
14606488
14337850
14535302
14369268
14070291
14689727
14397910
14340333
14541129
14595556
14641806
14710240
14375328
14260860
14541052
14569018
14306352
14675005
14602329
14085893
14010672
14319212
14240884
14546519
14698940
14670541
14208710
14604665
14791962
14612958
13402716
14313380
14480593
14524651
14429427
14469406
