42336975
39507191
38809528
42486031
40973001
41324436
38733121
38658520
40019739
40536018
37609821
37452977
37380200
39915965
37936297
39310608
38543523
37621584
36914522
37794706
36991536
38012113
35044728
39913641
39700346
39763381
37682837
41592307
39186215
39383142
39977952
38184769
40069157
37399453
35875588
37314722
36922272
39287041
38258208
37166486
34419663
38544092
38588884
33620423
36339092
34319231
33027323
35541314
34148632
35274621
37409828
37727641
35462398
37990653
35099675
37378074
34987155
31921758
33077387
33537161
31805978
35519123
35123777
33853704
33453693
31754595
29734270
31453506
30497220
32723160
32183875
31489722
29672985
34950925
38079025
32450489
34872788
33610252
32968573
35364448
34459779
36337496
36190632
34790113
35013727
37900760
37827636
38946969
37821599
36602144
34868400
40077403
38139590
35154543
35919455
37745708
37867150
38281538
37816984
33760734
36942287
37623472
36153621
36199832
34705879
32043280
35378267
33850672
31807142
35341170
31704572
32197634
34736291
32342214
28581078
34338839
33481713
30382317
34618429
32618753
33054273
29103840
30442121
34007397
32977339
29040947
32221440
35901498
37157719
23170350
28491241
29461892
32844896
26234672
28136667
29410026
27551350
26438137
32539126
25255767
25845515
29764383
28732868
24381143
26147216
28920240
24953257
29596915
23847829
24751040
26490051
26681653
24825598
21772166
24799085
24154585
27671631
25900962
27832955
27793351
25541821
28977776
25781465
26367551
29420521
29525382
27619539
28741952
26914827
24252224
26684849
27120674
17570906
27010939
30131386
26749265
26746692
26945078
21457716
30722365
25649471
30833738
28116643
31476044
26690009
27401946
30783341
28251936
28138594
27326657
31265843
32474125
34173291
30198209
30842116
33308238
32997910
31133600
32182702
24347155
32582702
27852709
15690333
33034394
34337703
31515126
31704392
36425381
34891144
32439855
36060421
36180238
33920329
34197620
34557027
37739906
33559262
22058800
37326108
37916974
36855972
37163584
38793366
39542176
38804416
37236080
39063420
37216187
38435736
39111218
37859433
38804680
39945512
41366398
38080150
37951154
41314093
38570046
38725293
38209899
40272708
38086487
40524621
37342437
38815347
37390214
41217062
37816577
36971951
37304837
35295285
38711355
37015083
37803643
36489188
36967743
14232794
14449046
14906001
14219077
14641494
14383047
14628422
14652805
14602377
14609828
14796028
14580232
14803690
14689161
14716211
14568289
14998953
14653020
14993854
14790486
14843521
14959549
14730963
14674655
14824638
14521843
14806955
14419802
14801784
13844548
14875498
14800366
14565411
14667441
14864410
14664993
14698179
14942406
15086825
15018262
15004820
14873408
14720675
15102829
15244086
14932780
15053971
15170934
14484062
15033155
14655400
15073902
15164642
15153827
14931512
15198864
14777533
14436636
14818410
15026125
14617823
14986590
14557709
14669365
14697339
14500288
14607301
14411694
14108278
14685741
14406344
14630899
14385853
14857947
15257853
14765090
15363190
14876534
14830284
15010650
14974237
15062588
15033023
15308633
15310825
15435873
15050330
14938338
14820573
15138585
14698096
14760595
14930782
14896978
14790766
15011953
14788746
14910994
14728513
14931841
14859291
14932234
14666157
14933715
15081055
14702658
15089119
14697400
14702690
14869154
14167282
14741811
14635144
14940060
14078960
14829791
14637697
14171713
14716129
14302084
14777995
14326873
14498311
14718633
14306886
14195796
14362077
14931001
14565877
12876414
13616857
14334610
13909984
13544570
13795071
14032331
13898218
13184734
14354220
13128264
13284616
13569271
13613790
12840681
13575592
13739676
13000017
13850331
12606249
12303170
13460432
12753845
12924079
11752582
12267718
12293581
13533632
12723170
13141322
13153748
12871250
12906633
12209836
12326040
13880561
14082080
13575030
13426994
13847873
12425928
13228065
13851913
10425956
13785910
14340013
13733932
13505910
14056443
11961550
14580658
13330507
14954949
13434880
14542456
13476437
13411369
13965828
13549875
14033020
13731446
14442699
14220346
14685001
14105758
13824051
14674169
14710775
14599579
14637834
12045586
14657660
13612016
8091468
14227422
14816469
14196059
14456625
14474901
14924826
14351133
14924497
15260379
14573021
14852018
14994978
14393382
15276532
11641880
14516450
14328008
14605206
14336424
14540471
14376733
14072432
14691654
14400577
14341991
14544476
14605523
14643325
14713653
14387329
14265781
14540466
14573689
14305288
14675748
14609668
14085694
14015163
14329784
14242789
14548259
14701681
14681719
14210568
14601462
14793811
14621074
13408450
14322629
14480819
14519472
14437482
14474097
