42474670
39731775
38945270
42603422
41105974
41455267
38880643
38828032
40168998
40673469
37783706
37723917
37584373
40045180
38157482
39437679
38815596
37851939
37148209
37971062
37187923
38187789
35296852
40066215
39841425
39954777
37885650
41702699
39310795
39560381
40099230
38377236
40223426
37593355
36134602
37503402
37111988
39448651
38393710
37334370
34673885
38708022
38772996
33927615
36532263
34616232
33366633
35768953
34437365
35547436
37592717
37891118
35704579
38148364
35324838
37550134
35273790
32268651
33428716
33827038
32187381
35704787
35353311
34115508
33756073
32089671
30147345
31820857
30907168
32994575
32479840
31813895
30045612
35143080
38213495
32745835
35132648
33851872
33243268
35577650
34714179
36516749
36364746
34976593
35238000
38011989
37952427
39037894
37955413
36756486
35119861
40204271
38299816
35385382
36133985
37860255
38001867
38369018
37923349
34018287
37078174
37776854
36294721
36345593
34903306
32308234
35505442
34098869
32039246
35455730
31955051
32474479
34923767
32595753
29002097
34516464
33701388
30668178
34815754
32881739
33305953
29451389
30748895
34251710
33204240
29406881
32460775
36006624
37228595
23691275
28825406
29754283
33020956
26664340
28446404
29674634
27886582
26790235
32681169
25705965
26202783
29981690
28985770
24788743
26545357
29159111
25410668
29857255
24271270
25127140
26802343
27029601
25236426
22261176
25128005
24511830
27907808
26326689
28106442
28123892
25867657
29203891
26127308
26687758
29625470
29683514
27786755
28912046
27156213
24515023
26908887
27318972
18089466
27201867
30158805
26956900
27041737
27172455
21904818
30807561
25936546
30849690
28238017
31530367
26889982
27602565
30853567
28364818
28258471
27468980
31269281
32429211
34058427
30192831
30827567
33197045
32862175
31147045
32133798
24000641
32424591
28209058
15595547
32976418
34182575
31418124
31701408
36171620
34658859
32367321
35781421
35925361
33712352
33996206
34303218
37419893
33344854
22531360
36988310
37585294
36508664
36855810
38380330
39096088
38404872
36863372
38648017
36865097
38046347
38691851
37445352
38355905
39450979
40826943
37667903
37498390
40757795
38137126
38217960
37746900
39704834
37521695
40082436
37184631
38476386
36944031
40625788
37302198
36533237
36825173
34976868
38520971
36539208
37239642
36012532
36442859
14200998
14435926
14873783
14185196
14605482
14349468
14593142
14619887
14577250
14570792
14766312
14577217
14777362
14646237
14700173
14526749
14989630
14645909
14972800
14756029
14818654
14921743
14730477
14642328
14785285
14492283
14774609
14376979
14767188
13825998
14826531
14772821
14530042
14641212
14861264
14638668
14671234
14904830
15043391
14988977
14999290
14831955
14688919
15118151
15215796
14933009
15074361
15141317
14506914
15023397
14631658
15035558
15148142
15114142
14912417
15157484
14795603
14481354
14842724
15037977
14675492
14965591
14557088
14676824
14707563
14540708
14676080
14469272
14170833
14703491
14430577
14666607
14445329
14833432
15219846
14772808
15345327
14877592
14840175
14989017
14967238
15030569
15001719
15282488
15287214
15391577
15012621
14888880
14780272
15101845
14689765
14715968
14898142
14881260
14777325
14965920
14756116
14854120
14696734
14930908
14821120
14904842
14642930
14892053
15051931
14715270
15042459
14688743
14709058
14824104
14176262
14753364
14612164
14943521
14161124
14793106
14632554
14215216
14698629
14324239
14791293
14376053
14526463
14717434
14299004
14250864
14372378
14877834
14515483
13057163
13681862
14368026
13908305
13662835
13852941
14065401
13963999
13274172
14325987
13256379
13375653
13585204
13649167
12961812
13685435
13768478
13132226
13883348
12746414
12409385
13521952
12827685
13042272
11924159
12350782
12398849
13568655
12840896
13195642
13211547
12949155
12946441
12293686
12403893
13886233
14061769
13588580
13436764
13890227
12485886
13264430
13871379
10657058
13802428
14279121
13748905
13556027
14085029
12124930
14543930
13397820
14881682
13434498
14474994
13500511
13435708
13930265
13552423
14004467
13723310
14367518
14144998
14589360
14041069
13760039
14551536
14585321
14528054
14545493
11841045
14532432
13671461
8003735
14138240
14684978
14106124
14372807
14335632
14777544
14249420
14764229
15110072
14440818
14707715
14832675
14250181
15120954
11813882
14357874
14179683
14450750
14192854
14375615
14208507
13920424
14519077
14237681
14193090
14375531
14440269
14466864
14535826
14208484
14092846
14372559
14388518
14143697
14501760
14424073
13915398
13837129
14124870
14088241
14433766
14552449
14490000
14033270
14412299
14602012
14431166
13254046
14209492
14299016
14321180
14238553
14270518
