42394271
39618775
38854064
42517124
41034044
41368958
38790092
38740776
40081512
40569034
37684618
37610726
37494263
39957949
38062806
39351104
38695180
37729993
37038455
37872047
37091099
38112953
35195370
39971131
39755588
39853487
37776777
41630012
39231936
39463542
40012431
38276544
40123429
37511429
36020977
37415774
37016752
39348897
38316193
37255533
34577035
38621517
38692554
33831106
36437445
34506430
33247474
35666493
34331169
35456950
37502379
37801985
35603365
38078876
35223610
37466019
35178332
32156534
33314126
33737010
32076445
35642304
35285355
34025282
33654045
31999011
30037508
31725644
30801986
32902392
32384909
31722837
29951876
35073349
38158631
32671288
35054746
33788327
33150141
35513107
34647882
36464395
36302586
34920255
35176841
37959916
37892165
38984678
37907776
36697916
35059598
40130340
38253325
35333623
36077063
37804984
37956072
38332395
37867356
33953671
37033792
37728492
36271167
36299867
34860735
32277165
35473703
34053919
31991943
35420348
31907452
32422120
34887960
32562732
28941826
34471078
33659274
30641222
34788575
32850066
33270317
29423497
30694620
34212568
33189673
29378886
32416655
35977530
37210893
23651153
28794180
29723550
33003980
26640975
28417940
29653168
27861722
26771109
32677487
25673659
26176258
29972181
28985290
24772980
26541652
29150148
25399157
29854213
24263858
25127556
26788913
27010323
25223607
22261276
25116521
24520868
27913119
26352596
28115145
28106597
25878593
29202548
26135672
26688676
29655295
29692848
27802736
28933295
27170957
24541724
26928415
27355132
18131233
27215150
30163148
26987582
27053601
27208755
21944991
30819879
25973780
30881933
28262132
31561715
26930504
27650731
30895857
28430239
28287679
27505741
31286300
32443232
34095773
30214814
30855366
33232906
32894776
31205907
32154692
24043896
32465416
28253771
15625860
33010125
34210927
31468196
31741929
36188287
34694277
32426312
35809848
35966712
33746946
34046673
34336913
37460629
33392229
22570539
37029604
37625353
36557121
36920590
38429206
39124464
38451736
36908174
38701537
36931039
38077631
38742403
37487522
38402020
39484933
40859594
37696412
37557822
40793274
38192452
38276116
37791333
39741407
37564120
40116816
37241547
38520589
37001402
40655824
37353524
36580682
36869386
35011043
38558920
36597941
37303409
36058824
36498982
14204864
14430595
14864534
14186603
14607171
14350502
14592634
14621080
14571258
14572207
14762459
14566749
14775953
14648537
14696584
14528919
14984651
14638524
14968820
14751975
14818133
14923201
14718831
14638939
14779543
14492131
14771128
14379384
14766082
13820628
14829828
14771152
14530228
14639915
14850059
14640374
14667822
14897278
15042754
14984079
14990094
14831003
14687008
15104154
15203862
14923213
15060841
15135972
14488613
15016370
14623276
15030438
15140610
15113730
14906678
15153237
14783599
14457603
14827400
15026661
14657063
14961857
14548124
14663406
14691721
14526563
14650753
14452003
14148149
14686161
14412081
14649459
14420766
14825203
15220670
14766905
15339916
14865938
14829348
14986175
14954611
15029291
14992309
15278062
15284935
15388058
15008737
14890143
14777025
15094543
14685490
14710399
14898886
14872852
14769291
14962681
14756431
14852081
14690971
14922845
14823982
14896539
14643184
14892232
15054795
14710258
15041144
14682639
14699977
14820377
14170109
14744928
14606268
14939775
14147662
14791338
14627078
14212897
14688623
14312785
14785121
14369179
14519855
14709197
14296236
14245684
14365606
14875809
14512844
13042638
13671375
14361753
13903622
13656686
13842349
14055333
13952169
13266411
14328160
13247044
13366661
13584126
13647093
12955107
13681680
13767273
13129217
13884346
12744506
12407406
13521543
12822235
13039980
11926317
12345612
12402471
13568279
12845012
13197645
13209478
12954447
12942846
12301287
12404465
13894268
14064645
13597026
13441622
13891910
12489628
13269515
13881849
10678000
13807286
14274859
13753315
13556541
14094314
12140384
14546262
13409010
14886272
13440598
14478738
13511378
13447264
13939099
13570735
14018574
13730886
14369100
14143592
14591828
14039653
13760036
14557699
14589757
14543706
14547425
11849377
14531114
13678236
8014345
14144688
14682924
14111785
14382830
14332645
14782797
14260515
14764560
15116850
14439404
14705115
14831098
14255706
15120511
11825221
14360858
14175917
14444232
14195103
14377333
14207633
13926496
14518420
14241391
14200365
14370336
14440868
14467306
14538497
14201915
14092631
14364609
14389441
14138442
14502959
14419670
13914461
13832962
14123173
14084758
14433912
14550186
14489302
14032939
14419555
14599132
14431333
13254889
14207337
14302714
14323494
14236056
14272275
