42411720
39665162
38892867
42529033
41063802
41405317
38816388
38754345
40120211
40623296
37724076
37660994
37537668
39994946
38089278
39389824
38766840
37785657
37095165
37913708
37122570
38140246
35244676
40009382
39789362
39893415
37818655
41660118
39261578
39513718
40029439
38318913
40154692
37553197
36077193
37454322
37052976
39381217
38347079
37274092
34628987
38646316
38728099
33878577
36469419
34558725
33321801
35726771
34385155
35511400
37543558
37831084
35647305
38081649
35258504
37498537
35226208
32220658
33377357
33786451
32129460
35660738
35318741
34064544
33684963
32048362
30103961
31774054
30858889
32949975
32427240
31760737
30014141
35087273
38173230
32715851
35081918
33818166
33189701
35533165
34683137
36456994
36305024
34944300
35188907
37963161
37908161
38988990
37902915
36711534
35068795
40146610
38248554
35335053
36081050
37808235
37958000
38340084
37875749
33975972
37037847
37738320
36263080
36292998
34876488
32277002
35461510
34061034
32000417
35410016
31925368
32442166
34900514
32552879
28964628
34461581
33665903
30649729
34785119
32850568
33275184
29439185
30719339
34212950
33185004
29381415
32429289
35966924
37189668
23685919
28799189
29724149
32994940
26653253
28432857
29656902
27866941
26775485
32660142
25654621
26175944
29968726
28989257
24778046
26529680
29145126
25399260
29862280
24266002
25112469
26779569
27013174
25232605
22280402
25098090
24527371
27918683
26345519
28117027
28099324
25873169
29178734
26123496
26698451
29629668
29678487
27797186
28901300
27159668
24516102
26911228
27338415
18125619
27207036
30153112
26969278
27024583
27194305
21923663
30796971
25964086
30848402
28246861
31536934
26903386
27627372
30861135
28405848
28249362
27486235
31257287
32414371
34067632
30201969
30825094
33191011
32865180
31162985
32122494
24005844
32416324
28234442
15604882
32970040
34186762
31430056
31709923
36149941
34646172
32389295
35783803
35921582
33711443
34006115
34287760
37409065
33362548
22563014
36986077
37577496
36512028
36872289
38386783
39084090
38402512
36873855
38648959
36873996
38029322
38694849
37446095
38357554
39447548
40804389
37642344
37510659
40737832
38133132
38214194
37729369
39710808
37510564
40048846
37180598
38442152
36955788
40610561
37295053
36523169
36826626
34958462
38500516
36548300
37249166
36009318
36442993
14194310
14422984
14859728
14175958
14595566
14342406
14585708
14607136
14569721
14561426
14757606
14566668
14772446
14638326
14687836
14521883
14976623
14632912
14964162
14739304
14811155
14914562
14716827
14628639
14771236
14480385
14761912
14371421
14761889
13822855
14815711
14765717
14521336
14633284
14851567
14633065
14661604
14894162
15030778
14977434
14990980
14822206
14682819
15106961
15199496
14924014
15067693
15134429
14494785
15011584
14617546
15016782
15140686
15098697
14904331
15146490
14777799
14468087
14825721
15025889
14661695
14957203
14544829
14665817
14692150
14531024
14662106
14461262
14158397
14688869
14409934
14647421
14433491
14817684
15211348
14766033
15333893
14864831
14831560
14977151
14952505
15014870
14984807
15271741
15270053
15381913
15002501
14879572
14773000
15092336
14681186
14706034
14886869
14863296
14758686
14954076
14746433
14845091
14686431
14924059
14815837
14891421
14632210
14880199
15042367
14706058
15033406
14680965
14700129
14811410
14165941
14745860
14607598
14927891
14154254
14781943
14617971
14206541
14690959
14312862
14782902
14369616
14517087
14701686
14290543
14240625
14361494
14866289
14504118
13054163
13670317
14352862
13897687
13660850
13844112
14052220
13953577
13262992
14315729
13243950
13367406
13580246
13645794
12955791
13678344
13761924
13128770
13879752
12744574
12401758
13512040
12824336
13039862
11934285
12340762
12402411
13570813
12843802
13193923
13205219
12946471
12936674
12296568
12402398
13882545
14060794
13594232
13432582
13889217
12478067
13266376
13872359
10676973
13804937
14271049
13743186
13546556
14086526
12129772
14537027
13403837
14875199
13430541
14466631
13501087
13441177
13925341
13564318
14000902
13717617
14363941
14132949
14581141
14035321
13751371
14541039
14577188
14529817
14538087
11835326
14516909
13669530
8002063
14132110
14676208
14101040
14371910
14324508
14771327
14246562
14752128
15107043
14429028
14699044
14819476
14242431
15111765
11819849
14348990
14169413
14437478
14184865
14367824
14200847
13912261
14502886
14237962
14187536
14368939
14431194
14462380
14530148
14198545
14085592
14359682
14380903
14129033
14491264
14411848
13900705
13830190
14110425
14074030
14421908
14536444
14479857
14027428
14406309
14587592
14418167
13239916
14194197
14291820
14311553
14225265
14258900
