42425191
39647008
38903914
42572248
41068485
41421254
38833414
38783141
40127444
40638871
37736683
37653107
37545138
40008104
38079053
39425548
38730797
37778493
37088568
37928142
37139870
38140382
35228809
40041158
39815931
39895305
37825079
41702653
39289340
39536517
40049523
38320141
40173115
37552256
36059422
37448504
37059360
39413820
38373055
37294455
34617052
38667236
38744485
33836678
36473440
34524421
33261621
35699268
34363155
35461217
37534189
37833207
35630982
38093051
35255983
37492747
35169530
32151851
33316615
33741170
32061705
35642090
35285163
34018796
33657817
31982277
30003875
31718713
30757997
32900144
32365579
31695239
29914057
35076186
38168808
32649925
35035423
33770860
33135699
35490941
34630144
36453226
36306040
34922346
35160573
37968738
37909327
38992730
37916052
36703763
35023586
40151084
38240676
35295901
36030961
37822736
37953792
38349958
37881526
33921785
37021218
37719643
36257393
36288791
34836506
32216668
35456138
34010971
31955815
35415372
31869022
32371703
34857603
32515004
28839504
34439892
33612973
30555721
34730760
32785263
33208779
29313229
30643041
34147872
33126165
29266785
32383393
35962251
37207051
23507067
28688446
29630241
32955906
26491336
28314820
29585215
27769119
26651873
32627743
25492173
26065068
29892221
28891781
24614035
26378128
29057279
25228841
29751487
24088554
24979743
26655902
26876229
25058666
22056098
24992394
24353656
27798146
26170662
27981781
27951486
25708767
29095302
25969301
26524860
29520692
29586868
27683680
28808506
27010322
24373993
26796665
27204070
17879527
27085839
30107052
26820782
26878621
27045386
21687276
30703724
25795593
30790823
28143501
31457832
26744593
27495478
30794769
28281439
28148501
27352424
31196292
32371940
34036826
30117825
30760993
33181434
32857603
31080184
32084016
24029196
32418889
28040911
15608974
32929088
34179394
31390102
31635334
36188473
34675448
32325879
35817459
35955477
33730620
34011403
34355955
37471225
33378941
22316807
37048832
37652121
36577990
36925113
38483741
39192673
38509392
36953213
38751479
36938386
38133206
38784335
37554852
38480075
39590353
40975126
37777148
37611746
40912854
38255781
38372635
37874724
39872429
37703710
40257598
37249159
38597132
37084726
40820200
37470362
36664788
36988378
35080762
38580281
36687095
37432610
36150566
36631801
14212714
14440396
14881670
14194888
14617113
14362300
14605048
14632899
14588580
14584639
14780953
14582358
14790430
14663596
14703911
14548132
14995205
14651416
14984020
14764746
14835286
14933618
14736731
14658057
14802372
14502899
14784013
14395541
14782806
13839824
14845654
14784965
14541768
14654257
14865536
14650843
14683592
14914923
15059900
15001003
15004361
14850311
14707651
15119379
15229097
14936224
15074130
15152870
14505924
15029618
14643738
15048751
15162147
15127495
14921789
15171998
14789574
14468587
14838450
15037928
14658537
14976196
14560472
14677186
14707907
14527443
14655249
14459035
14151836
14699183
14425365
14651900
14424758
14844949
15236453
14773900
15353248
14877782
14839002
15002509
14969563
15041830
15019937
15297555
15296736
15408853
15024439
14905247
14797088
15114112
14694330
14733666
14910179
14884696
14780078
14984343
14769234
14877381
14711108
14931891
14841777
14910363
14653336
14905940
15065151
14709986
15063235
14694438
14708587
14842830
14176235
14751995
14619389
14946341
14134204
14810276
14636822
14201303
14707497
14312474
14785240
14356956
14524245
14715607
14306623
14230491
14371557
14901529
14534817
12992786
13651924
14351859
13912420
13616839
13829706
14054666
13943644
13242344
14340670
13200102
13344360
13579963
13636781
12912919
13641654
13756578
13081067
13868235
12690119
12368261
13492140
12791200
12992762
11855698
12317576
12354266
13549645
12800206
13169668
13176838
12908713
12927809
12255405
12360935
13875660
14062174
13574856
13424085
13857632
12449727
13244596
13851638
10566663
13786647
14289571
13727051
13520897
14058161
12047538
14538750
13358236
14895669
13416531
14487576
13471533
13414629
13931343
13538831
14001726
13705030
14378652
14156791
14609868
14043511
13768071
14586329
14620380
14538362
14558723
11882538
14558418
13635939
8029142
14161240
14716357
14124477
14388995
14372956
14822662
14276801
14807778
15155310
14476360
14747871
14881864
14293854
15168338
11735573
14407739
14224300
14495350
14237028
14430796
14261169
13973102
14572502
14293420
14242803
14432930
14490381
14525280
14597805
14266374
14150283
14427913
14449970
14202575
14556669
14484827
13971556
13898195
14197214
14153703
14479945
14609678
14556262
14105152
14481488
14664931
14497244
13312205
14251916
14366787
14397374
14306968
14343888
