42443932
39648292
38901615
42572411
41083790
41433633
38831577
38775009
40144565
40643681
37729309
37637394
37530082
40015409
38085357
39422128
38715962
37769829
37072270
37923635
37116651
38137366
35199170
40038348
39798249
39909237
37832035
41703612
39284492
39532726
40052860
38316114
40187591
37540070
36054068
37436760
37057664
39419740
38366118
37300002
34596212
38665238
38720577
33824962
36464072
34506978
33237603
35702902
34326656
35450565
37550126
37843163
35616788
38104448
35245496
37504451
35163832
32127066
33268337
33722403
32035582
35649770
35297611
34000651
33640825
31961266
29969564
31673979
30731908
32890514
32339306
31679976
29893694
35076448
38163001
32631370
35021598
33768958
33136776
35501067
34625843
36463592
36321240
34918161
35148440
37967804
37936237
39007182
37919737
36710456
35006336
40161052
38258647
35303966
36048766
37838108
37966060
38359910
37883568
33914858
37060763
37746295
36254420
36299474
34846436
32212314
35483871
34041444
31950892
35432994
31872663
32365180
34872720
32511302
28833083
34444623
33618803
30555424
34749055
32794762
33234320
29311819
30640710
34161161
33145500
29275126
32372833
35985736
37230341
23476896
28693065
29634207
32971498
26489148
28314672
29582767
27755565
26653167
32626709
25482900
26045405
29902925
28889805
24619028
26380653
29069740
25221764
29750910
24073375
24960107
26668543
26871749
25063964
22038353
24986742
24339802
27807993
26173789
27983772
27972803
25710081
29104000
25972290
26548894
29530856
29614222
27712266
28837350
27047080
24388849
26804473
27221136
17886870
27122543
30134751
26860438
26934875
27089458
21692363
30768600
25823637
30863803
28182726
31523116
26800432
27525983
30862174
28319377
28203374
27414292
31269649
32472239
34114477
30216278
30859847
33275363
32961085
31164368
32172089
24184629
32550496
28068440
15663606
33048497
34303141
31506567
31754922
36314075
34802928
32454080
35971232
36096817
33860356
34152081
34486891
37630516
33518687
22329357
37216789
37813422
36745262
37073918
38656358
39369035
38692102
37124520
38925112
37111269
38308291
38976213
37728883
38659763
39787188
41177052
37959991
37810205
41106691
38450300
38564695
38080480
40089035
37917182
40454072
37354486
38723674
37269519
41007745
37668261
36841896
37170740
35220244
38703435
36885712
37654067
36365439
36837636
14228978
14449569
14887178
14205155
14627504
14374256
14615891
14641500
14598010
14593759
14791631
14590172
14801879
14674496
14713368
14555821
15007306
14662908
14991645
14780167
14844485
14952040
14735677
14665850
14813044
14513449
14800855
14405346
14791913
13843169
14853355
14795707
14559313
14666439
14871750
14657846
14691009
14931165
15072360
15012892
15015454
14859090
14713836
15129833
15239239
14944909
15077617
15165261
14503873
15037958
14651140
15062878
15164931
15139424
14931255
15189601
14798981
14469266
14837488
15042612
14660697
14987741
14567939
14677736
14711683
14528558
14650088
14453869
14147325
14699924
14424376
14656933
14426857
14853291
15246200
14774518
15361521
14889729
14843549
15007660
14974841
15055700
15026271
15304376
15304107
15421565
15045962
14912430
14809961
15129815
14698766
14743153
14923890
14896922
14792444
14996084
14781545
14885264
14714122
14941203
14849740
14926437
14661503
14916248
15076706
14716130
15070637
14702362
14709164
14851505
14184218
14759755
14633026
14954029
14135360
14820634
14649540
14208343
14713987
14317447
14796289
14357377
14525250
14727457
14314473
14237703
14376062
14913854
14546515
12983144
13658119
14355098
13918846
13616466
13835417
14058288
13946083
13239966
14343062
13197090
13342748
13582860
13638583
12914647
13644118
13763358
13083000
13868580
12685704
12360051
13494618
12800199
12993675
11848189
12316756
12352933
13553382
12803279
13175501
13187124
12908483
12932424
12258196
12369337
13888593
14075202
13590006
13433735
13870839
12457950
13247782
13861825
10570477
13799428
14301422
13744043
13540240
14076319
12048772
14565599
13375467
14927332
13434683
14510917
13490092
13431331
13956754
13556451
14021749
13728654
14404115
14185221
14636110
14081281
13801426
14622565
14654240
14570016
14595998
11943383
14602220
13652379
8058871
14194822
14756944
14160734
14426392
14407897
14859883
14314988
14852263
15200301
14523480
14792031
14924783
14333501
15212667
11739056
14446698
14267307
14542258
14278910
14471314
14301506
14010319
14621320
14337015
14285570
14474305
14531339
14571062
14642435
14311064
14189092
14475557
14499258
14241880
14609107
14533737
14021841
13946336
14248791
14194550
14508243
14643743
14604763
14141762
14536142
14713864
14545033
13353095
14280407
14415329
14448904
14365442
14397612
