42429622
39666117
38917124
42579715
41077255
41445728
38848165
38792068
40143335
40665883
37756275
37665854
37548268
40035079
38113526
39450038
38755951
37790119
37096982
37931035
37127186
38160332
35247334
40040804
39832264
39915006
37843250
41719864
39305683
39547431
40070293
38341829
40194791
37576937
36080363
37463213
37072195
39415956
38382606
37306882
34617201
38680968
38737446
33851827
36486798
34511087
33274285
35714860
34348358
35461415
37552028
37837814
35631686
38103690
35259776
37512363
35181142
32154120
33290560
33747134
32059166
35669687
35288077
34031290
33658031
31985020
29999809
31707637
30760228
32913744
32358957
31697931
29920297
35081526
38170619
32663172
35044328
33770976
33149392
35509574
34632644
36461442
36327864
34924507
35162482
37981716
37918506
39014475
37916758
36706794
35026609
40170038
38268682
35291578
36054879
37828260
37964554
38359548
37894755
33931881
37047888
37739143
36262454
36307971
34833903
32215317
35467152
34022493
31950463
35424050
31863545
32367664
34861585
32499060
28848420
34441631
33633029
30560766
34752309
32781651
33234411
29313673
30631749
34161242
33145046
29270159
32364472
35966902
37211365
23496490
28707031
29643427
32967552
26508804
28311593
29574171
27782303
26660281
32629803
25495186
26059180
29893402
28901323
24633822
26400434
29077626
25227911
29749355
24083206
24964483
26660434
26890657
25065430
22055434
24983027
24362953
27807118
26161068
27999583
27964818
25707114
29084697
25980585
26552021
29534710
29597568
27713127
28799503
27042257
24382844
26803890
27211406
17883670
27091056
30127902
26836580
26870788
27078876
21700328
30730064
25808996
30810199
28165382
31465987
26771683
27497898
30822029
28290808
28169426
27386168
31235298
32412619
34061831
30162900
30807100
33193913
32895909
31117278
32125499
24084194
32477879
28062533
15623003
32989315
34220170
31441135
31680498
36223744
34720597
32389548
35883663
36000184
33775291
34067922
34388105
37536218
33435239
22326084
37115602
37715025
36650421
36990210
38552971
39251159
38571537
37011662
38809427
37009262
38198393
38868865
37610858
38560838
39659587
41060540
37841609
37694857
40997178
38343118
38438341
37962261
39966318
37774412
40346997
37304366
38652094
37162929
40898045
37550148
36745932
37056715
35134147
38639985
36782571
37530146
36241511
36706740
14212951
14441526
14882847
14201067
14619732
14365753
14608963
14632807
14588574
14586161
14786784
14587225
14790116
14668455
14717282
14551802
15005307
14656671
14985868
14769577
14834566
14944001
14739012
14659109
14808998
14510107
14793259
14398478
14788109
13836176
14851529
14791119
14549955
14660688
14872270
14657855
14690998
14921886
15065028
15008997
15010552
14854269
14709654
15123928
15234565
14934925
15077540
15160877
14505145
15032678
14644709
15052770
15161033
15129613
14929296
15181463
14792863
14471993
14840062
15038763
14663012
14983655
14560820
14678501
14710255
14533033
14655606
14456114
14156176
14704295
14423541
14658426
14428619
14845595
15238697
14777029
15355542
14883808
14842683
15009416
14972698
15051320
15021714
15297868
15300663
15412836
15032528
14912411
14802053
15115918
14696359
14737721
14917561
14888767
14787983
14987580
14772928
14882045
14716249
14940426
14846422
14920025
14661508
14918476
15070668
14712551
15064814
14697804
14710633
14847822
14180293
14758240
14625167
14948146
14136165
14812455
14638931
14202232
14711226
14316599
14796578
14359066
14523141
14717987
14314052
14232727
14372082
14906506
14542773
12992663
13659232
14357014
13914557
13622269
13829696
14056745
13947920
13243771
14341862
13197943
13341775
13586418
13641532
12916658
13648069
13758361
13079172
13868318
12686573
12365273
13492993
12798828
12992381
11855323
12315467
12356327
13552752
12796893
13176659
13185953
12910494
12929040
12258808
12371193
13884313
14067741
13585417
13419814
13867019
12449148
13245037
13852592
10569467
13789286
14293806
13730249
13519136
14072548
12051626
14550616
13367283
14904221
13428043
14487104
13478496
13416648
13938719
13543753
14009018
13718469
14389670
14166490
14620132
14059102
13776986
14588698
14629717
14549778
14573817
11901375
14575219
13644819
8034559
14174079
14728107
14136161
14398684
14386517
14833094
14291036
14820104
15169377
14488492
14758934
14891062
14311074
15180245
11736538
14423653
14237053
14510743
14253347
14444811
14275005
13981669
14583600
14303993
14256438
14444724
14507318
14541910
14611496
14275891
14165401
14446244
14464859
14213960
14574654
14500293
13988521
13914937
14216335
14167508
14488875
14619901
14572231
14112319
14499604
14687335
14505553
13329075
14260319
14382187
14418607
14327587
14359142
