42322375
39616086
38814497
42444071
40996739
41368736
38780553
38740144
40076375
40564786
37702865
37693912
37545755
39955132
38097333
39353932
38797540
37791778
37117014
37910668
37125605
38143069
35287839
39976763
39763604
39877802
37825462
41633437
39250147
39539931
40024646
38323702
40162060
37582451
36122704
37468987
37086302
39387135
38338753
37291555
34679411
38638904
38733457
33935683
36491328
34606285
33399928
35750654
34436152
35547755
37519363
37810706
35677254
38074416
35297449
37492271
35287664
32304365
33447214
33822364
32238749
35677074
35336697
34105099
33765472
32125494
30184196
31869077
30952050
33004355
32492761
31829555
30095537
35117299
38158390
32759379
35108933
33843636
33248480
35553197
34697752
36494707
36310539
34951705
35212629
37961625
37890065
38963059
37884587
36697877
35098505
40136235
38247432
35376609
36111694
37802544
37970396
38315137
37867370
34023491
37017606
37719433
36264442
36302426
34889918
32335396
35493790
34108814
32039654
35421136
31961445
32487760
34920737
32624345
29075537
34489388
33746801
30734290
34818636
32897121
33336112
29520871
30794281
34269741
33222596
29478230
32487973
35987675
37186320
23844757
28893595
29793064
33058444
26793625
28507327
29738363
27992228
26883627
32700155
25780585
26299830
30030382
29070223
24915979
26673825
29238102
25528125
29940020
24398391
25238661
26906184
27155058
25378121
22428092
25245016
24663150
28038932
26511372
28259724
28249748
26008623
29308918
26296446
26869046
29784919
29813902
27929647
29060141
27313828
24694779
27065268
27496235
18345907
27380652
30291984
27144537
27205700
27376795
22142145
30993181
26164201
31034247
28428697
31734984
27104248
27834919
31076853
28632235
28460537
27707189
31470040
32646837
34252734
30426764
31060744
33439180
33091978
31404388
32357451
24529746
32696288
28214720
15869663
33264416
34453007
31716432
32007359
36446143
34931416
32707993
36086580
36235286
34017406
34329762
34608568
37742508
33673387
22741988
37324943
37931417
36852744
37242742
38743303
39460344
38800491
37249054
39037503
37272153
38428682
39080880
37857261
38766909
39857589
41224097
38059708
37919940
41163715
38550401
38624079
38167227
40128370
37989542
40459948
37401411
38736837
37371598
41067262
37757349
36986247
37300919
35272144
38682091
37016231
37767873
36466175
36903023
14152391
14387588
14812278
14135065
14557591
14305246
14547663
14570146
14531191
14521644
14716711
14544895
14734150
14601757
14657424
14480804
14953974
14608950
14934357
14710184
14779816
14878019
14700681
14594167
14736609
14454880
14727824
14336865
14722655
13797729
14786104
14729785
14487820
14606180
14829112
14606498
14637878
14860056
14998331
14942551
14962224
14784673
14653623
15086224
15168818
14899460
15054697
15101427
14488356
14989627
14589912
14985442
15113143
15061680
14873976
15112335
14768218
14464793
14817452
15002426
14668776
14928622
14524500
14649597
14677937
14528295
14659304
14458905
14160483
14676797
14403603
14644430
14432089
14794622
15172164
14744515
15308413
14841393
14818882
14958275
14921427
14988336
14955275
15244199
15249976
15345947
14968568
14843401
14736167
15058469
14662719
14679340
14860940
14840292
14748815
14923109
14720689
14812816
14661554
14906140
14788030
14868422
14609057
14860833
15017569
14694816
15011099
14668672
14688163
14783652
14156129
14739724
14583030
14925880
14166556
14757768
14613842
14217717
14671496
14308724
14773395
14373906
14518577
14695971
14282388
14251245
14365515
14848093
14476611
13107249
13686201
14361887
13898866
13694461
13858717
14066140
13979575
13292001
14309889
13273611
13395490
13585356
13656690
12994797
13711800
13785175
13168176
13885714
12787107
12439739
13548186
12854114
13082794
11990259
12382283
12440471
13596457
12886161
13234573
13242032
12987600
12965737
12348090
12459071
13918282
14091909
13628360
13470754
13932922
12537444
13308263
13916845
10769306
13851838
14298063
13800756
13599673
14146461
12218308
14583567
13467660
14925861
13487326
14515934
13561436
13507093
13980427
13629645
14068211
13789443
14410229
14194031
14617830
14098171
13812819
14602846
14635950
14591202
14592879
12019733
14592725
13653142
8117355
14203863
14736395
14179145
14448221
14387702
14836458
14335453
14812811
15170401
14503424
14771188
14896753
14312101
15189072
11887669
14416988
14241327
14512121
14260558
14437331
14270524
13982850
14583694
14302466
14268014
14435705
14502675
14538675
14604441
14270542
14145163
14439873
14459804
14198108
14563109
14491240
13991434
13900274
14206527
14142973
14464861
14589398
14563605
14098539
14495909
14681244
14515372
13312278
14214321
14387754
14413617
14324240
14356697
