42282556
39526058
38780415
42436634
40947308
41304798
38711347
38653297
40013273
40514667
37605953
37526843
37434519
39898894
37975058
39295276
38622047
37672324
36967628
37815344
37025367
38038154
35114406
39914627
39691027
39781195
37719840
41572277
39179792
39407799
39951634
38216692
40070852
37439960
35952385
37351962
36948631
39284589
38268361
37192812
34494724
38560085
38616077
33734957
36381978
34392701
33149119
35581988
34228544
35350582
37426734
37729131
35530850
37998787
35144332
37408196
35083961
32048672
33199934
33645027
31989744
35553402
35179570
33914908
33547582
31887057
29914082
31600152
30665194
32812617
32272890
31614102
29813728
34980891
38076899
32543653
34924135
33690388
33064019
35411494
34544756
36366955
36200181
34844770
35067523
37884587
37818616
38931494
37823846
36618499
34922709
40063397
38153633
35231056
35965201
37731391
37871604
38241618
37792553
33848925
36959093
37644419
36155962
36202479
34753380
32123787
35397593
33936441
31870950
35343398
31788219
32295848
34789552
32418632
28774478
34366115
33545024
30509160
34673028
32703260
33141353
29231533
30560396
34088369
33065389
29201048
32312949
35907238
37137137
23418005
28639802
29574303
32904768
26449245
28249349
29537210
27704999
26612459
32574436
25441819
26014653
29858005
28858101
24604131
26356270
29034784
25188370
29720564
24052317
24938128
26647171
26850638
25048478
22022199
24979740
24340673
27800840
26152735
27978114
27966187
25733312
29107106
25977415
26557748
29543962
29630089
27733196
28860011
27050563
24405969
26828872
27262635
17893639
27153729
30183705
26899934
26909777
27120099
21721090
30807274
25859435
30894780
28230366
31587951
26843584
27580617
30893533
28393025
28262565
27477267
31341354
32515247
34188679
30259405
30914139
33355463
33018002
31232975
32254182
24434889
32636451
27965191
15732276
33122620
34389172
31578839
31823187
36397075
34888414
32535761
36046188
36185431
33927462
34224594
34586928
37732015
33593773
22321346
37312634
37910214
36832010
37173490
38763263
39477667
38784515
37235256
39037219
37215222
38407901
39086401
37831962
38758152
39888965
41291264
38058678
37927542
41231272
38538006
38675163
38176410
40201767
38043439
40496227
37359873
38764857
37381340
41124381
37773966
36957985
37293893
35264619
38670699
37004504
37779041
36470806
36932678
14194127
14416876
14855326
14179310
14596796
14340630
14582123
14610331
14566943
14562970
14754245
14560065
14770452
14643121
14681731
14525129
14974724
14630760
14957645
14748047
14813476
14916219
14708014
14634013
14785299
14485798
14768011
14377351
14757681
13818784
14830921
14765634
14527000
14632224
14840606
14632744
14660305
14896205
15039922
14976702
14979416
14829638
14687636
15091953
15209296
14905171
15047300
15130209
14478940
15004401
14619266
15028580
15136543
15104753
14897077
15154915
14765898
14444637
14808053
15010783
14634441
14956756
14536051
14651908
14680190
14504716
14628344
14430347
14125689
14678368
14398379
14634800
14399851
14821175
15217994
14746720
15331562
14858673
14819424
14978087
14947298
15025203
14990923
15275744
15278509
15392585
15009713
14891983
14779309
15101780
14670953
14718847
14896624
14868109
14763950
14966542
14755229
14860113
14692248
14917366
14827317
14898788
14632976
14890204
15051021
14685622
15049157
14674260
14690006
14824285
14154236
14732226
14610594
14922375
14112870
14793563
14620046
14185479
14693804
14298584
14768460
14332187
14496870
14704781
14293280
14214530
14357932
14891631
14525049
12962662
13640084
14339106
13898752
13603784
13812996
14043390
13922561
13225591
14330865
13176300
13328964
13570605
13626474
12907482
13637343
13749300
13069884
13860369
12676465
12357316
13492340
12789268
12987486
11846527
12315696
12355113
13552519
12794474
13168959
13187227
12920383
12935290
12256515
12377556
13892390
14082805
13595253
13441839
13872820
12466513
13261215
13876045
10570577
13811933
14318727
13754507
13542632
14092108
12059176
14575819
13383497
14938610
13446273
14526931
13503587
13452052
13969590
13578962
14042715
13752940
14429125
14202469
14654200
14092900
13814865
14646342
14671345
14592489
14618668
12042775
14626050
13619219
8089206
14218009
14781905
14184044
14452389
14431025
14886725
14342710
14875352
15222337
14537824
14816627
14955387
14359676
15232704
11738397
14470813
14285804
14563368
14300130
14492213
14327012
14033061
14644555
14355118
14311814
14497661
14559159
14595373
14664796
14324603
14212142
14498110
14522613
14262498
14626768
14554353
14041635
13969151
14276531
14202601
14513636
14648627
14633337
14164113
14558531
14744213
14570720
13368389
14271095
14441498
14478501
14388373
14422627
