42313918
39545571
38807061
42455764
40982051
41332421
38742617
38671981
40021126
40539268
37633583
37533151
37435860
39927940
37987023
39322399
38628691
37682529
36985553
37843456
37038191
38047133
35128551
39945899
39720818
39816400
37732570
41604690
39198313
39434793
39973580
38230479
40101831
37447128
35961454
37379286
36977763
39334399
38285208
37201965
34503726
38579666
38635419
33747868
36390890
34419004
33178666
35611916
34249478
35382491
37456962
37752911
35535472
38036046
35172994
37425275
35094440
32060880
33210967
33665663
31991758
35578361
35216959
33957086
33555413
31908000
29921373
31627650
30689516
32834659
32282122
31625024
29837659
35007218
38103808
32572422
34972477
33715212
33076514
35437556
34561798
36399041
36249698
34868390
35088819
37917974
37858817
38964042
37861300
36651287
34949705
40109151
38208672
35264125
35996209
37765942
37898561
38288030
37839288
33881080
36983144
37679368
36195586
36245223
34791393
32163296
35432706
33985151
31915445
35373274
31829575
32323323
34819753
32461371
28784601
34403676
33593933
30515410
34697868
32733338
33168837
29294423
30604207
34120784
33103363
29228803
32344565
35944095
37175263
23468880
28680268
29620354
32941540
26483431
28295874
29572229
27745696
26640434
32619095
25470925
26043476
29879423
28894323
24623016
26406188
29058816
25225569
29757233
24079393
24963104
26679470
26882547
25061462
22049777
25022049
24367672
27841984
26177616
28025423
28002113
25751755
29139956
26015237
26593294
29588137
29669437
27767945
28898370
27092389
24459110
26849522
27299252
17945232
27187002
30223054
26930577
26992874
27137054
21765131
30852188
25906248
30956238
28265755
31621274
26883565
27625829
30942341
28423007
28305613
27508199
31384852
32570282
34225647
30314270
30956902
33396106
33074987
31273120
32292233
24466891
32677816
28009064
15761600
33164258
34424094
31627826
31870775
36465660
34920151
32580484
36111185
36237990
33980897
34285722
34638187
37781432
33647028
22366258
37359364
37946473
36887240
37237913
38798559
39542912
38833246
37275754
39094386
37266698
38469839
39127426
37898163
38835371
39947847
41346947
38114787
37980425
41274030
38590287
38724149
38231443
40274468
38083625
40542224
37405033
38833676
37426798
41182399
37838962
37019001
37341013
35319267
38730205
37057302
37830712
36512593
36981800
14207197
14427414
14870152
14187407
14610520
14351058
14594567
14619392
14573619
14576045
14766808
14566074
14775462
14658852
14691991
14536312
14978831
14638154
14965793
14757746
14821722
14925515
14717261
14646180
14794277
14496087
14778098
14387182
14770587
13827200
14838476
14768699
14537851
14641360
14848165
14641164
14668174
14907464
15051288
14992291
14987190
14839914
14695841
15101082
15215661
14917357
15055914
15144372
14482233
15017579
14630715
15038869
15141469
15115590
14908678
15166121
14775413
14447725
14820351
15022504
14639664
14967298
14545787
14659048
14689469
14513202
14630415
14434212
14134152
14680114
14403162
14637918
14410689
14830970
15224254
14756619
15342448
14865907
14826056
14990664
14955056
15037468
15005250
15284694
15287898
15403426
15023515
14904303
14794131
15106635
14684945
14730802
14905652
14880091
14774186
14971879
14765305
14869847
14706264
14925998
14834595
14907071
14645643
14901005
15063303
14698052
15062025
14687964
14698982
14834315
14169716
14748837
14618779
14934180
14122717
14804084
14633249
14189597
14697225
14302575
14782190
14349450
14513156
14709365
14302092
14224932
14364105
14900648
14534896
12979536
13652596
14351611
13911798
13616222
13823464
14052015
13935842
13234513
14343571
13192250
13338309
13578232
13636402
12913996
13647221
13759923
13083803
13871301
12686438
12362689
13500344
12801486
12996434
11855365
12330399
12361914
13566997
12800739
13184708
13198280
12927494
12944338
12274160
12390298
13903065
14097193
13607638
13450853
13886221
12480561
13267683
13890688
10596337
13823013
14331854
13767235
13567200
14102845
12081328
14588959
13400637
14957391
13466689
14538242
13519627
13457803
13983361
13590512
14056697
13762499
14440006
14218425
14662931
14108109
13833628
14658064
14685978
14607352
14632119
12054216
14638306
13633200
8102290
14227069
14791732
14198750
14461911
14441992
14889202
14347511
14883099
15233264
14553014
14829950
14961227
14371200
15248004
11754721
14478720
14296103
14570652
14313946
14501425
14338110
14038031
14647966
14368384
14321586
14511066
14567134
14605487
14675752
14337468
14224223
14507594
14535569
14266853
14634810
14565242
14052532
13975480
14281973
14209456
14524318
14657388
14637702
14168619
14567311
14754509
14580888
13377227
14279592
14448401
14488358
14395733
14427693
