42254951
39461667
38735307
42405078
40910910
41275181
38666289
38610601
39952560
40469263
37547124
37450921
37359135
39846271
37913517
39260276
38543562
37593652
36918229
37758848
36964144
37973809
35040355
39865533
39639547
39736964
37653874
41537285
39137059
39364174
39895655
38164330
40014365
37392645
35879403
37294244
36903231
39251412
38201969
37139233
34422951
38510475
38562674
33661908
36320332
34355900
33076931
35531600
34169263
35286192
37380733
37700753
35470795
37956516
35105006
37355789
35011722
31974973
33126314
33590198
31888271
35506615
35143433
33873657
33489045
31824714
29827787
31534269
30589838
32755850
32217093
31547469
29752023
34914881
38036675
32491316
34877433
33645184
32991126
35365026
34479150
36322107
36172443
34798564
35007707
37856889
37777453
38886692
37793298
36587657
34884770
40035162
38132682
35171887
35907475
37703138
37821056
38231394
37756044
33809854
36915428
37602083
36128507
36174860
34718802
32078502
35353521
33898294
31847399
35296987
31738885
32253953
34749659
32376166
28708109
34315171
33503672
30462848
34629847
32668465
33098584
29216745
30539248
34040260
33052097
29150352
32273785
35879843
37128418
23365159
28589794
29528457
32855970
26387433
28206394
29490318
27655702
26557309
32529804
25375315
25957525
29803311
28810625
24539106
26310891
28998863
25135634
29667157
23999247
24885681
26610382
26799642
24983102
21973164
24923521
24291231
27754080
26098489
27959682
27924710
25675648
29050853
25939544
26518099
29517649
29594207
27704355
28825299
27011128
24375166
26791055
27234689
17842838
27122980
30167142
26859575
26909370
27072550
21689095
30796116
25824149
30881103
28203648
31554680
26810451
27547719
30872344
28344858
28231632
27459713
31322367
32504752
34175524
30252592
30879753
33321902
33016257
31198834
32235194
24408345
32627339
27953203
15716096
33096855
34370689
31571470
31808871
36401515
34863258
32534090
36030828
36182496
33936958
34227442
34567035
37711150
33592201
22266252
37290448
37899696
36838074
37163397
38745720
39463207
38776405
37217726
39017303
37196356
38417204
39073994
37837921
38761658
39878821
41288583
38057331
37907655
41224502
38538721
38661941
38184024
40207852
38022420
40482644
37341359
38762705
37372309
41134061
37770261
36955962
37270030
35254685
38666600
37003094
37780256
36451620
36924436
14198311
14417573
14865385
14180047
14604237
14345203
14589041
14613881
14565749
14571357
14755498
14558029
14768552
14644990
14685067
14528838
14974748
14623141
14957692
14749944
14809545
14922815
14705065
14635993
14783961
14486916
14768444
14381399
14766170
13815713
14827526
14764883
14526465
14631581
14837595
14628391
14664108
14900072
15039452
14986055
14972715
14832796
14680501
15086400
15205348
14908056
15037066
15134354
14472018
15000970
14618335
15032510
15134352
15112177
14894697
15154998
14763333
14434511
14799241
15012757
14618458
14953519
14532952
14648719
14677171
14494756
14610728
14415854
14109348
14665010
14393668
14618356
14387634
14819359
15220704
14740390
15331731
14854230
14812664
14977806
14938420
15028873
14997394
15277770
15279270
15395513
15015067
14892763
14782505
15104999
14674751
14723448
14899236
14867919
14754903
14968968
14752292
14862850
14692221
14908824
14822134
14901105
14631006
14891995
15045923
14681083
15048199
14673972
14686240
14820440
14155633
14730210
14606738
14917097
14098907
14791414
14617747
14175250
14686113
14293732
14765307
14329586
14497580
14701736
14291437
14200744
14352773
14896965
14526928
12939257
13624098
14326376
13893076
13581390
13799454
14031178
13910702
13209712
14327064
13159611
13309639
13558297
13614543
12890396
13618116
13741811
13047986
13849057
12657909
12335364
13477016
12775668
12969148
11824374
12299800
12336582
13542024
12780150
13162967
13176503
12903108
12922950
12251443
12361094
13883631
14076404
13585443
13436351
13862657
12453798
13247778
13870899
10551526
13799280
14316768
13746919
13536878
14077325
12049114
14576270
13377426
14939090
13444350
14525813
13494143
13434399
13966569
13566998
14038339
13749123
14427311
14202801
14654810
14097328
13811597
14639731
14677834
14588847
14617081
12036555
14631588
13616613
8082993
14214681
14781602
14185417
14447765
14433913
14882129
14336954
14868725
15221735
14544225
14820734
14949652
14358414
15238480
11716944
14474983
14282249
14566045
14299840
14493938
14326814
14032892
14636830
14359199
14307821
14500292
14557882
14601269
14668162
14325514
14214421
14501304
14522257
14262711
14627288
14554581
14045625
13966620
14276877
14201800
14509256
14652246
14632318
14165465
14555581
14745537
14569412
13368797
14276013
14441188
14482093
14388812
14423464
