67779161
66979181
65670876
68089415
67451698
67794644
65873542
66184559
67029712
67341256
65606002
66573370
66246184
66874182
66385788
66594603
67578311
66467192
66029617
66181729
65644457
66287899
64987697
67076271
67129704
68056787
66508828
68558139
66732037
67209599
67650742
66919649
68080181
66685639
65700730
66221872
65802504
67429591
66227772
65745382
65052354
66774574
67355773
64665338
65447475
65125478
64702234
65787855
65077485
65736729
65847595
66057079
65049014
66169407
65180173
65636433
65427316
64329227
65090681
64412766
64045345
65164859
65131256
64540232
64906357
64266589
63073810
64102142
63911085
63951792
63858435
63531544
62960650
64537505
66386556
64085034
65453164
64457877
64064659
65545269
65119837
65586559
65108096
64150549
64749855
65803210
65954133
66199417
66046187
65358486
65390013
67894689
66589997
65418461
65906437
66040369
66760907
66255375
65728763
64532209
65653647
66114163
65027667
65145339
64844763
63860741
64451984
64558997
62828851
64181141
63457255
63556435
64926794
63474235
62679606
64281439
64726283
62881204
64560363
64165140
63826021
63059652
62720696
64597346
64255991
62584466
63402575
64536314
65584615
60828782
62479564
62217595
64261879
61774452
61698845
62298398
61416294
61347116
63087832
61166189
60822815
62636560
62122288
60598769
61034585
61838242
61622587
62631712
61143428
61556325
60935208
62311634
60798019
61052198
60706053
60647732
61278560
62285792
62325144
62310306
61459490
63008244
62705795
62388821
62293041
61684480
60500858
62275987
60534435
60418375
60863570
60542192
58819347
60291242
60538687
60496718
61403922
60524820
59881899
62153094
60879550
61321977
60603683
62497251
60627851
61185579
62090825
61022297
60569504
59969889
61811328
62468726
62171477
61274388
61625134
62676213
61695175
61591422
61890081
52712572
61108196
59268182
38432213
63153690
63087452
61886286
62678412
64371909
62622662
62791549
63703028
63455351
62561383
62741896
62191434
64437445
61741776
60893017
64374807
64974599
63631457
64703445
64703201
65316118
65122085
63932968
65052851
64334416
64972042
64952977
64290687
64692655
64963158
66073903
63930370
64090292
65824470
64049559
63825557
63925014
64389183
62866671
65130752
63260889
63481486
63419378
65298948
63082594
63530678
63116537
59825608
63613709
62845748
63366432
62288801
62156132
10882192
11107596
11528755
10782938
11079392
10912883
11418584
11365918
11206241
11079982
11524097
11266137
11360234
11212953
11370199
11233038
11208943
11330830
11514079
11322002
11559344
11436032
11716310
11198148
11209170
10877443
11255602
10756202
11275470
10743113
11077117
11238705
10867725
11211475
11572062
11332819
11521215
11162532
11522806
11648050
11783475
11263391
11159374
11989466
11765582
11775033
11971625
11571770
11824835
11620848
11531291
11541213
11858382
11558659
11693399
11685922
11676908
11956501
11728752
11977276
12131766
11748051
11726395
11893858
11784670
11960256
12331208
12071453
11952576
12028102
11905577
12154791
12236953
11815939
11523740
11970817
11866999
11928668
12112022
11705631
11796399
11643609
11814393
12153651
11981956
11820050
11619310
11543691
11531008
11799043
11627763
11012116
11401833
11611135
11551543
11512098
11311608
11380386
11528200
11941237
11598529
11548993
11723692
11705667
11796677
12026302
11915243
11762111
12295908
11895648
12006514
12083750
11700881
12183564
12218903
11764982
11721737
12201648
11786685
11872722
12090375
12158856
12250787
11812804
11703233
12299400
12039236
11758908
11407856
12774578
12186697
12444438
11721128
12519343
12425820
12285351
12539240
12467920
12025284
12577176
12567761
12150819
12249986
12581537
12632554
12338463
12441458
12174710
12627594
12329882
12637030
12112923
12512761
12434441
12470203
12504508
12364728
12027279
12115271
11986165
12325385
11933670
12107330
12068667
12171068
12253870
12684547
12139813
12764919
12567192
12457058
12685420
12970890
12728367
12611993
12585129
12354991
12691040
12758505
12547479
12631692
12585153
12401885
12073970
12647350
12524298
12081781
12376251
12610927
12633552
12261403
11992312
12154997
12291844
12110839
11947676
12235779
12395675
12288308
11843015
12310913
12424525
10085487
11800281
11955004
12185079
12054694
11515484
12161622
11959896
11820300
12057350
12020557
11994055
12190946
11552788
12419599
12378250
11489747
11305814
11700373
11362199
11424221
11202221
11200568
11605995
11360021
11447107
11304053
11454593
11523875
11450922
11346263
10998176
11601213
11515104
11092439
11591267
11586322
11316438
11226028
11521747
11169315
11698742
11739980
11664432
11180011
11795405
11668116
11798572
11388224
11510803
11809716
11668280
11755599
11774233
