50641674
49072758
47589635
50758334
49747506
50252813
47775754
47948973
49161766
49415716
47062030
48009483
47517943
48885456
47976579
48384241
49324450
47908005
47240196
47436815
46841051
47763693
45782605
48996267
48864676
49690744
47574206
50608506
48349157
49149782
49203391
48149977
49589019
47726572
46632988
47322938
46954338
48864459
47470021
46836568
45412089
47850219
48551618
44973131
46240700
45420564
44803986
46052816
45654696
46194029
47022064
47065063
45799319
47231161
45529141
46758409
46084628
44250007
45010751
44574258
44195541
45606064
45748677
44842913
44824957
44044555
42471559
44003677
43453465
43885342
43663477
43310992
42211673
44845131
47348122
43817873
45507881
44361079
44130499
45760353
45235241
46124798
45745121
44556149
45093851
46879102
46882184
47511415
46988662
46053602
45645160
49208577
47636651
45600646
46337298
46876015
47525393
47124940
46919734
44690794
46383138
47031833
45768881
45699432
44927532
43463505
44812344
44674299
42670802
44681766
43171217
43351059
45096893
43346426
41829778
44315083
44559584
42397711
44949198
44216228
44098370
42073892
42211705
44937271
44047480
41905523
43367952
45099897
46264850
39091005
41579803
41580023
44040419
40764114
40837845
41515251
40472671
40252943
42859781
39997621
39556466
42053468
41226062
38848927
39976759
41152178
40192141
42025272
39340602
39958443
39868263
41184246
39504306
38955004
39235702
39210309
40382699
41140374
41505181
41440361
40019570
42366608
41401446
41409513
41762824
41152076
39871850
41513977
39782878
38583967
39866018
39748890
36058126
39553238
40396448
39523780
40377453
39773379
38090399
42031796
39842102
41297056
40062744
42430541
39917269
40858925
42148002
40784007
40082229
39533324
41963936
42864974
43301702
41177837
41750657
43049958
42247166
42001205
42394676
34402790
41857787
39140939
23457279
43684478
43804186
42290513
43006440
45586215
43803981
43401178
44903228
44997534
43444097
43746200
43392641
46372316
42822238
39139486
46078099
46836009
45449276
46472097
46908899
47605999
47385830
45854569
47476580
46327709
47015982
47477140
46362839
47062718
47714598
48935934
46375214
46318616
48841014
46744365
46515317
46444993
47653529
45707985
48182642
45758203
46308453
45680369
48611414
45792750
45698636
45643393
42725954
46287541
45528036
46051012
44849323
44928507
13577617
13884016
14280161
13546599
13948632
13717976
14088642
14098623
14025614
13922420
14244091
14125517
14257258
14033817
14215132
13976574
14367979
14207503
14465376
14168555
14365489
14330401
14486085
14033030
14123971
13843751
14171480
13684064
14149871
13407344
14115056
14211582
13861503
14156676
14496937
14191549
14340951
14220120
14470017
14555674
14714281
14220898
14147783
14965604
14707580
14695874
14967644
14633546
14638389
14636761
14318976
14451236
14761522
14524197
14578339
14594053
14594943
14826032
14704270
14857692
15024443
14628656
14509607
14649671
14656655
14860210
15163630
14975159
14722222
14795112
14592706
14953272
14980151
14543047
14600983
14782042
14948496
14781888
14923114
14706008
14722735
14552187
14634261
14986546
14896807
14803810
14547187
14389938
14376032
14719211
14504841
14063783
14399191
14544738
14539348
14457015
14316165
14289977
14353145
14834816
14488280
14489061
14447090
14541285
14733371
14880237
14713478
14562311
14945778
14559041
14660318
14854876
14490054
14966830
14935677
14535372
14595374
14876066
14545815
14658979
14930776
15040986
14936735
14665984
14438115
15038540
14681672
14501048
14153619
15483880
14820992
15133668
14390722
15297657
14937061
14911666
15081798
15006010
14528411
15106823
15052419
14714321
14783991
14954386
15169810
14845515
15135639
14838100
15252281
14795343
15152776
14631208
14951830
15039066
14747099
14828845
14833193
14629340
14685639
14502521
14897426
14535546
14749174
14573910
14728361
14718436
15041864
14709208
15235001
14878513
14874836
15164416
15317022
15165359
14887900
15016199
14945504
15303711
15282351
15248153
15248421
15214607
14673467
14722717
15136829
15125306
14531880
14807957
15073391
14984672
14799199
14533030
14642201
14723474
14446275
14553812
14647667
15002503
14832864
13031746
14724486
14538475
9642345
14377212
14596152
14725187
14741091
14196315
14723420
14603150
14498867
14852847
14560276
14599767
14704017
14131604
15027274
14879227
14114310
13972913
14262435
14037026
14044856
13827686
13751041
14212444
13985301
14043812
14000823
14105348
14150558
14150156
13873563
13655464
14122714
14094035
13721768
14146490
14118240
13766262
13553946
13866421
13699559
14155156
14203034
14182796
13667762
14217574
14284019
14252168
13178889
13863123
14215202
14110140
14059301
14076961
