46496195
44568265
43232588
46608281
45428554
45928281
43352118
43474936
44741689
45043114
42514798
43257591
42795642
44491024
43292831
43923302
44517160
43182268
42475506
42793319
42175723
43165119
40895612
44545242
44353717
45027289
42861393
46166390
43845141
44587689
44639139
43422858
44971037
42902226
41737890
42569140
42157727
44228303
42897318
42108939
40391805
43220130
43802227
39868040
41476196
40369487
39602954
41067182
40449555
41220304
42293172
42424373
40960482
42604119
40585306
42142620
41057931
38752320
39726421
39508873
38754399
40752030
40710080
39731289
39559127
38581643
36886722
38386706
37748764
38686658
38355183
37917697
36603960
39975004
42682646
38576158
40466020
39210875
38938457
40725212
40139585
41342425
40995888
39758127
40230292
42305365
42271877
43062015
42339543
41297405
40559257
44596101
42934430
40586844
41336412
42234073
42730616
42537985
42334697
39552351
41641479
42346610
40970317
40926997
39940131
38109149
40038440
39557923
37474493
39928285
37612048
38120971
40039114
38172541
36001300
39340294
39253161
36802103
39925924
38812820
38853643
36184913
36724013
39744181
38714750
36058462
38060659
40403151
41553189
32116547
35451655
35823191
38483170
34233419
34893406
35723131
34494282
33738191
37649516
33344760
33155306
35938495
35194497
32142316
33741051
35248804
33300571
36068835
32181426
32636059
33523385
34262002
32833477
31033457
32126751
32015385
34352201
34247738
35031780
35097131
33133102
35742332
33765363
34160979
35894960
35537673
33842063
35252010
33728476
31427895
33489418
33716083
27237655
33502488
35138228
33427407
34003105
33781082
30392979
36319888
33212686
36105090
34236274
37110921
33502177
34335139
36682287
34823304
34276136
33610444
36647727
37625741
38582281
35711716
36286604
38080625
37477971
36662650
37297138
29525943
37044762
33658069
19589613
38491101
38962499
36888521
37614451
40823507
39149901
38072655
40289601
40404790
38565642
38955017
38812987
41871651
38121877
31314497
41507604
42221872
40935796
41724506
42568632
43291190
42902708
41371335
43047414
41702468
42551538
43116057
41890089
42694548
43534137
44784396
42025444
41906120
44732643
42468219
42328331
42065388
43640097
41600925
44057745
41429797
42226094
41308691
44575885
41547072
41219561
41300756
38706760
42202933
41124380
41733608
40518982
40709303
13946693
14280715
14639068
13924981
14352231
14117555
14433138
14454820
14416646
14320516
14590968
14535713
14659800
14429228
14605156
14338391
14872448
14610736
14877687
14558434
14731207
14740162
14823625
14423477
14533830
14290050
14578670
14108990
14551538
13772736
14561555
14629878
14294839
14569845
14901570
14574655
14669124
14670008
14862289
14909630
15082936
14617602
14561797
15331940
15092497
15059229
15346608
15049171
14912287
15052993
14631959
14838656
15144904
14912507
14940450
14984006
14979270
15065844
15074330
15211927
15295643
14985434
14780983
14941064
14953753
15134915
15390519
15190906
14899955
15065369
14832522
15197809
15155126
14849806
15038831
15080683
15345736
15073698
15196133
15051463
15070042
14933693
14962497
15316709
15273653
15201779
14914526
14739719
14712639
15066282
14843496
14504719
14811680
14918608
14900013
14834864
14709542
14671464
14696406
15162817
14840686
14869684
14732656
14883809
15093757
15147655
15038831
14894039
15149484
14844281
14705238
15133906
14787368
15267216
15118172
14843193
14880575
15013289
14853703
14899340
15211666
15228756
15129834
14990823
14678810
15159309
14892050
14832741
14480737
15252996
14785550
15194608
14467659
15239713
14925083
14939822
15085575
14759114
14658680
14931270
14852336
14541966
14698429
14660390
15137391
14790455
14929779
14825955
14829802
14223309
14933532
14299549
14765232
14427074
14090304
14264838
14764165
14507720
14514463
14448361
14548258
14234812
14098494
14115963
14772787
14802165
14818558
14566877
15177286
14188514
14632893
15085626
14015614
15027810
14880941
14910714
14863232
15318678
14646413
15231547
15039417
15404352
14551816
14961397
14844833
14850844
14668420
14776820
15027402
14854595
14940639
14686034
14878977
14779797
14456959
14812427
14862717
15158250
15017713
12885061
14888376
14499673
9145446
14617502
14889466
14787502
14967291
14505407
14997252
14809883
14826620
15209579
14775581
14903106
14982971
14419924
15318797
14278069
14436014
14302133
14562515
14364341
14389821
14181869
14058748
14554496
14308734
14368353
14370810
14472174
14496570
14521804
14200204
14021932
14438059
14423225
14080600
14497909
14438114
14033960
13837949
14156982
14036516
14466995
14506340
14497001
13993282
14504320
14636658
14548421
13340157
14144156
14483911
14414162
14334448
14344293
