33477428
33239043
32666609
34255689
33978969
34234616
33085210
33393481
34059530
34326412
33129542
33627623
33686003
34478036
33884178
34305245
36000683
34168524
34273895
34039580
33740845
34137867
33318613
35028188
34834145
35499571
34492856
35988836
34652274
35058709
35538449
35041047
35831201
35167283
34007730
34682114
34161395
35560897
34714536
34444392
33834836
35190825
35488662
33667029
34198604
34171445
33801042
34715200
33934369
34527496
34605643
34792327
34286647
35011498
34256796
35045655
34523337
33893539
33991346
33687736
34198845
34398291
34382356
33959976
34063250
33611090
32806344
34130012
33347220
33613008
33348767
33209020
32822174
33892341
35596425
33546122
33305590
32913681
33536333
34768620
34324045
34627558
34187258
33704820
33893118
35396398
35030981
35281188
34921540
34632024
34492248
36358900
35685447
34650800
34936387
35094492
35668080
35356229
34749397
34141344
34871678
35218065
34452053
34710172
34438061
33801979
34262454
34126209
32948726
33988289
33233380
33624984
34318634
33428351
32866455
34077303
34278395
33110246
34629888
33921952
34548642
33398091
32939978
34677703
33907260
32834429
33448673
34436942
34994383
32013273
32918495
32817655
34277030
33062925
32423679
33101838
32276975
32375321
33845705
31996782
31794091
33019961
32849509
31905548
32015091
32738058
32586711
32902556
30744722
32307821
31924550
32750151
31923339
32122655
31789187
31943083
32361849
32955524
33143011
33038569
32797478
33454641
32755153
32871622
33115796
32801610
32110197
33249352
32089247
32161774
32209495
32157420
31094515
32075902
32166002
32182573
32865067
32234165
31688147
34739907
32392802
32672506
32330371
33445738
32607227
33235260
33108368
32577119
32235123
30531863
32934634
33401909
32720301
32789502
32716989
33745668
32971781
33392503
32912272
26153388
31253380
30294777
20822164
34001378
33753184
33090861
33562747
34805410
33883209
33761448
34264109
35178717
33728933
33627029
33308317
34863752
32828018
32421196
34607881
35173370
34189256
34871187
34693231
35186243
35019418
34229171
35075941
34598166
34779624
35154211
34300443
34556811
34699276
35745900
33960057
34043958
35189507
34429146
33424161
33058378
32652659
31476316
33805745
32996439
32857061
33038012
34108935
32744498
33030606
32376446
31715818
32594022
32198098
31730657
31417539
31422577
7468695
7548407
7672422
7554948
7647758
7631901
7680751
7710762
7750692
7723512
7757358
7720853
7766370
7809604
7801408
7756618
8091479
7818847
7923267
7767888
7865760
7896446
7879124
7877789
7871530
7802750
7802515
7798505
7863215
7575583
7905467
7905474
7811446
7871988
7948913
7863354
7930566
7936485
7965961
7980763
7953617
7856309
7898362
8051636
8011279
7969657
8041136
7920960
8009398
7955568
7891136
7956095
8066438
8018337
7905382
8089017
7993309
8041852
7940764
8006009
8175838
7956277
7957589
7998454
7946820
7966247
8052627
8106675
7907940
7981074
7851442
7990878
7942999
7916584
8054119
7939179
7879226
7803518
8045668
7997340
8005443
7959912
8001690
8096982
8076125
8212105
8000492
7979646
7950739
8040331
7940366
7897575
8024128
7940231
7973898
7991391
7933572
7904650
7939752
8081324
7976526
8022434
7964459
7967684
7982711
8007158
8025195
7927211
8054160
7965359
7915298
8003077
7923972
8076050
7964683
7874939
7885538
7988529
8031057
7945534
8172995
7963895
7992572
8084233
7817910
7999125
7945684
7944897
7835548
8081246
7914732
8051874
7854408
8151025
7966158
7959942
8047763
7964693
7956713
8006434
7932734
7920855
7906461
7923965
8040718
7953229
8006769
7899295
7756655
7875389
8012561
7840120
7925576
7896825
7894771
7926358
7916598
7811519
7898909
7814992
7942804
7805475
7860946
7833837
7963946
7920145
8038485
7911050
8100259
7947771
7923063
8057325
8001840
8046875
8009008
7980990
7953104
8066543
8003193
8429848
8071217
8098580
7867062
7907592
8119494
8153677
7873415
7931748
8015415
7699659
7940819
7832286
7817913
7903525
7826199
7855128
7928773
8099025
8004982
6505332
7662479
7525490
5348267
7824329
7876970
7927301
7954363
7812949
8068674
7911453
7961309
8241915
7930071
7942116
8018804
7880004
8096462
7911435
7861032
7798195
7900737
7780681
7839803
7790722
7742200
7867555
7867386
7796625
7787380
7972479
7848916
7843627
7808442
7724775
7835827
7796735
7747852
7896631
7702634
7437252
7391682
7336316
7581081
7708153
7756677
7711171
7661926
7760058
7704457
7672812
7255455
7533684
7685453
7474587
7502883
7479042
