33470331
33245342
32649954
34253241
33947693
34241270
33049773
33381932
34030401
34322098
33114328
33604409
33642437
34474042
33877543
34268060
35999401
34152936
34247722
34013126
33704075
34101420
33297839
34997238
34813356
35462668
34478494
36002583
34626902
35073591
35531538
35019662
35822569
35141312
33996786
34675575
34157898
35528820
34692085
34413511
33812063
35158007
35480327
33648632
34175279
34136221
33754554
34677539
33917109
34504651
34601951
34765266
34258505
34987120
34231721
35055838
34507324
33857009
33972485
33657525
34161055
34381106
34330822
33927440
34038514
33587652
32764115
34101901
33330002
33548759
33320131
33176113
32788733
33862187
35574754
33498976
33282905
32879893
33513573
34720627
34278194
34578623
34162361
33669182
33875283
35370148
34997783
35267390
34902359
34579571
34446375
36328479
35676194
34620894
34894243
35048675
35633606
35318842
34721007
34109212
34846254
35165828
34428595
34676152
34401433
33746545
34231066
34097473
32911947
33964833
33175691
33582024
34273887
33387078
32807362
34026132
34229069
33073238
34592152
33871915
34491422
33337956
32922158
34645275
33860892
32791643
33409721
34416873
34969203
31945077
32879462
32756533
34224951
33029442
32369420
33046435
32243448
32335783
33790998
31945713
31771775
32987104
32807631
31857434
31964080
32693011
32517935
32869615
30662696
32235381
31871039
32700985
31866862
32062814
31758991
31879761
32270065
32909053
33095695
33011563
32734668
33423186
32719278
32828805
33050166
32768598
32059327
33188151
32042372
32125222
32144493
32096211
31017382
32029169
32114551
32140409
32799010
32175347
31621659
34710847
32328871
32640755
32270138
33411296
32541285
33183519
33057905
32554355
32187281
30485608
32882415
33363582
32667973
32740623
32677644
33695541
32909406
33353059
32884208
26119026
31181854
30245507
20775402
33963391
33716185
33036036
33505055
34786985
33854978
33698262
34234967
35167002
33674747
33560595
33280303
34839324
32808216
32381350
34555120
35154870
34171145
34875155
34673229
35179811
34993504
34166363
35054993
34557380
34739962
35125215
34259639
34546054
34675040
35741427
33956719
34011347
35175880
34431078
33385030
33047189
32663792
31456232
33809636
32982921
32861754
33006886
34077778
32715132
32993630
32362360
31712637
32546265
32188152
31700667
31403455
31413244
7526047
7609364
7732126
7614149
7709066
7693001
7736755
7770542
7811027
7784719
7816759
7781326
7824167
7874701
7863324
7813052
8153814
7881257
7983003
7825944
7922773
7953388
7942390
7937748
7931225
7857162
7865640
7859866
7924473
7636331
7968637
7967295
7873779
7931864
8014032
7926819
7990600
7996071
8030835
8045263
8016588
7915404
7960398
8118586
8077066
8033348
8104122
7981106
8070887
8018933
7953618
8020609
8130961
8081732
7968450
8158091
8056109
8104991
8006131
8069677
8239052
8022874
8014147
8059251
8010715
8033550
8114854
8176150
7972497
8038567
7912465
8053172
8006795
7977873
8121938
7999026
7943521
7864410
8110384
8056523
8062578
8019405
8065660
8159877
8138489
8278243
8060931
8044718
8013038
8105123
7997718
7960558
8090863
8002245
8035218
8046653
7993853
7960937
8001051
8146438
8038621
8084063
8025472
8028277
8045507
8068540
8088065
7992279
8116579
8031731
7974277
8064776
7980283
8138448
8025793
7932775
7947223
8051802
8090813
8003500
8234633
8025703
8061129
8146197
7876155
8061502
8005588
8010276
7895096
8145056
7979099
8110133
7912167
8215480
8024249
8019814
8112152
8026109
8014705
8066209
7996827
7980948
7967284
7986863
8100136
8013936
8068033
7961039
7811286
7934241
8073560
7900529
7984966
7956962
7952707
7987276
7972564
7871151
7957568
7874398
8001346
7866883
7922668
7890407
8019824
7982337
8099401
7967819
8162162
8013162
7979895
8114006
8062556
8114188
8069933
8044591
8013916
8129400
8065830
8498232
8133328
8166471
7923243
7969123
8181677
8217070
7933084
7997379
8078246
7756170
7999569
7891946
7872669
7961947
7887617
7912322
7988819
8160180
8070034
6557352
7720245
7582222
5385646
7885195
7938213
7986439
8012897
7875183
8131753
7967904
8025504
8308723
7988743
8000738
8079584
7940221
8162958
7972476
7918076
7859993
7963400
7846880
7899119
7850862
7800132
7922843
7926965
7854975
7843441
8033892
7906145
7903948
7867712
7782148
7897898
7854758
7808095
7959460
7758116
7495676
7451088
7394879
7639410
7773558
7817343
7767659
7717466
7822600
7764674
7731571
7316219
7590213
7743443
7529496
7563218
7542094
