33512997
33286286
32695028
34276896
34015815
34287142
33116465
33430792
34080515
34356410
33174234
33660000
33711908
34501264
33911268
34335710
36029690
34192762
34293773
34080721
33742762
34166747
33338545
35043675
34873681
35537372
34518685
36035827
34696028
35129955
35569235
35067739
35877258
35195202
34040966
34727117
34201909
35586102
34746681
34476453
33866081
35205381
35528632
33694892
34212548
34202515
33793032
34727679
33970775
34521891
34645385
34803690
34301323
35040506
34279834
35079574
34544676
33901523
34023675
33719269
34217733
34439135
34398330
33978732
34091109
33630115
32805410
34159760
33362272
33601812
33353862
33204608
32847328
33917941
35642016
33553833
33324201
32911900
33545543
34760825
34336780
34622112
34212793
33718638
33918685
35439612
35036244
35317444
34965434
34632909
34481899
36372191
35709977
34680286
34935431
35096501
35690938
35391306
34777138
34146105
34906164
35219616
34465448
34733193
34445385
33789777
34261800
34149712
32969088
34005336
33228795
33611603
34324509
33427817
32879543
34063829
34272363
33103909
34641276
33916396
34556902
33391156
32936487
34697612
33903979
32823891
33457624
34443702
35013861
31991592
32923126
32788019
34267410
33079349
32397452
33076822
32285448
32392757
33848228
31995103
31813490
33028545
32847935
31907455
31992640
32736203
32558995
32923709
30713874
32294245
31926677
32744068
31896130
32103775
31798506
31914859
32330653
32965432
33128429
33036477
32784863
33439240
32748746
32862589
33095955
32797156
32088222
33239168
32060652
32141172
32214222
32151434
31058616
32053757
32169604
32171234
32849716
32222412
31680980
34744820
32376695
32684157
32323326
33442203
32597064
33218037
33098912
32559125
32225303
30502403
32944765
33407664
32703106
32792501
32707901
33746466
32956923
33399563
32906148
26170536
31239857
30297464
20801750
34005211
33768425
33082623
33565648
34841575
33895415
33765294
34279602
35201080
33721556
33633317
33319136
34882180
32861933
32413839
34616925
35187540
34189659
34931061
34731486
35232228
35040957
34255198
35106020
34612320
34779857
35162426
34314429
34589405
34724925
35772501
34009471
34062856
35214248
34474965
33432306
33090557
32698004
31501988
33825493
33018331
32905895
33047929
34128011
32783572
33045215
32396617
31722617
32592636
32214391
31746752
31431517
31426503
7532615
7614472
7738751
7617957
7719339
7698970
7747888
7779874
7819113
7789131
7827231
7789757
7834846
7873968
7868291
7826859
8164465
7884922
7991267
7837223
7931554
7963876
7947176
7945164
7942697
7870504
7872548
7863701
7937712
7641417
7974670
7971205
7881822
7940169
8021335
7932822
8000827
8007158
8038343
8055020
8023608
7922410
7967059
8126843
8085135
8045629
8109147
7989800
8080941
8022053
7961367
8027281
8135776
8088735
7977661
8164606
8061095
8113773
8013056
8077357
8247139
8028967
8026576
8067285
8019520
8038787
8123915
8184120
7979258
8047513
7918733
8058538
8017728
7987647
8128267
8010243
7949520
7868370
8117202
8065705
8074801
8024634
8072393
8169513
8148414
8290947
8070657
8052779
8022964
8111605
8004533
7965411
8093607
8014437
8041842
8055375
8002085
7976312
8009725
8152346
8050159
8091900
8031120
8039022
8053751
8076630
8093860
7998409
8125712
8037064
7980848
8071597
7989021
8144419
8036247
7940954
7954773
8056451
8097973
8012011
8243832
8033948
8060848
8155535
7885232
8066821
8011726
8016115
7901740
8153165
7985834
8117215
7918304
8223277
8032771
8026606
8121572
8035816
8023730
8076236
8005742
7988726
7976902
7995695
8109130
8019197
8076781
7972913
7820893
7945913
8085607
7904701
7990618
7965508
7963415
7991725
7981260
7883269
7963555
7882391
8011506
7867047
7926822
7896502
8024972
7984983
8104568
7977012
8168160
8014086
7992665
8123749
8068381
8115989
8076678
8050206
8023190
8135815
8074987
8505820
8142315
8172951
7933499
7976183
8189856
8222286
7937521
7997991
8084654
7760646
8009565
7901015
7879284
7975189
7891163
7921452
7996874
8168968
8074917
6566576
7730940
7591009
5389532
7893626
7946543
7994665
8024660
7881389
8137098
7979367
8029273
8314240
7998309
8011852
8086421
7946730
8170916
7980209
7926787
7864342
7965756
7852992
7907878
7854517
7807711
7935833
7933683
7864254
7849915
8039158
7913249
7911351
7876707
7785496
7902234
7864537
7811234
7963912
7767313
7499247
7457312
7402117
7644893
7776981
7825933
7776474
7723445
7831503
7772442
7738301
7317282
7600630
7750794
7539406
7567822
7542164
