33469093
33258949
32669552
34267888
33959439
34246696
33067997
33396569
34039859
34331850
33114939
33621934
33663125
34481510
33884782
34289963
36010848
34153748
34241117
34025766
33731318
34139253
33308211
35020200
34814223
35489961
34477178
36010165
34660979
35084591
35535408
35022663
35824318
35149053
34008275
34666600
34160431
35545318
34711082
34447234
33817938
35168972
35481483
33650893
34177991
34156492
33769683
34671312
33944182
34509952
34616934
34780957
34276964
34996125
34250218
35049850
34528882
33878235
33980557
33677145
34174693
34385293
34339472
33932419
34047034
33588714
32772634
34110344
33346481
33568890
33317052
33204783
32788565
33870181
35585630
33514141
33287909
32879512
33518659
34713264
34293366
34586209
34163964
33686119
33884949
35395979
35024489
35278901
34903239
34611958
34443560
36353793
35668022
34635228
34918457
35079447
35650512
35345260
34734670
34105103
34846123
35182864
34446905
34698883
34392028
33752811
34237707
34108760
32931091
33971138
33202166
33557826
34299661
33392236
32836000
34051442
34256291
33076679
34619421
33879507
34537049
33351962
32904603
34674190
33880647
32794280
33430813
34433989
34986567
31973984
32879877
32777717
34256618
33052705
32387489
33056639
32256362
32350498
33806509
31941502
31765342
33003435
32817157
31879511
31973979
32706381
32548800
32853612
30684061
32255666
31885165
32692851
31893303
32070978
31764478
31892953
32283340
32938223
33102795
33023773
32752900
33433047
32703521
32836937
33079862
32776235
32067038
33195402
32063280
32118498
32147872
32116157
31044561
32028079
32133097
32139664
32808784
32182769
31636839
34705557
32344163
32652696
32299301
33429432
32563261
33198956
33095023
32561521
32209317
30484213
32894776
33373168
32701610
32748676
32699796
33716603
32933330
33380586
32890163
26125737
31212801
30253333
20773209
33986571
33732018
33044853
33514415
34800996
33851486
33726679
34260686
35175069
33711327
33596783
33270207
34851760
32818686
32354350
34587287
35170840
34172211
34878650
34703565
35195485
35003778
34214273
35075892
34554874
34758518
35131196
34291686
34561715
34688520
35734153
33966796
34031365
35169502
34453328
33406020
33061183
32669206
31466077
33797784
32983583
32864397
33025521
34090894
32744037
33020125
32365997
31697560
32554752
32187873
31695101
31412050
31406236
7524016
7608205
7732921
7613802
7709753
7689373
7737562
7768619
7808104
7782406
7816037
7781330
7822969
7869978
7861131
7814768
8153164
7878143
7981238
7824527
7924994
7957888
7941132
7937754
7929748
7859973
7860272
7860431
7927936
7633377
7965337
7966302
7871926
7929796
8013612
7922171
7989585
7997512
8028014
8043867
8014862
7914051
7959466
8117410
8071180
8033163
8102318
7980170
8068975
8016718
7950197
8021053
8131648
8075899
7970644
8158427
8056158
8108025
8002453
8068668
8237505
8018956
8015108
8058301
8009830
8031369
8114128
8172350
7969457
8038525
7910535
8056427
8003502
7976679
8118659
7998768
7942732
7860334
8109933
8053341
8062351
8020336
8064691
8161354
8136701
8280024
8066233
8044106
8012585
8106792
7995135
7958028
8086771
8002059
8032573
8050959
7991991
7968743
7999634
8140500
8036858
8082054
8024679
8029768
8039554
8065892
8085256
7991335
8116740
8031514
7974185
8056901
7982213
8136733
8028439
7932898
7947715
8048822
8092726
8005393
8237871
8025768
8052749
8146855
7876118
8060213
8004513
8010679
7892563
8146438
7975287
8110713
7914893
8214673
8026789
8017865
8109987
8025041
8015153
8064721
7995340
7982187
7964983
7988120
8098528
8015092
8068616
7956893
7809246
7932634
8073159
7896674
7987849
7955472
7951574
7984590
7970489
7874449
7955168
7876720
7998491
7863555
7915718
7887390
8021088
7981476
8097456
7964297
8163488
8007503
7978446
8113904
8064065
8109038
8067636
8041615
8013599
8127078
8063031
8496615
8134962
8164730
7927545
7971665
8181621
8216197
7932957
7992894
8076806
7752206
7998323
7890339
7875209
7963172
7886838
7915746
7991523
8160709
8064319
6555802
7724484
7582172
5382717
7888708
7936702
7984032
8008886
7872000
8128109
7968904
8022491
8304212
7991428
8003399
8074896
7939260
8162226
7964577
7920454
7857985
7958986
7843465
7901284
7848537
7796615
7926805
7925810
7850887
7843890
8033134
7908031
7901519
7867952
7780236
7898307
7857036
7800953
7960310
7758908
7491987
7448530
7391966
7639003
7768417
7815764
7769204
7715965
7822445
7765498
7730088
7309264
7587143
7740963
7529405
7559354
7536356
