33679595
33433852
32843171
34442614
34154794
34441353
33264244
33566422
34227758
34505663
33302480
33801842
33857137
34678030
34080149
34484467
36172568
34353592
34450713
34212848
33922091
34336237
33463842
35214588
35028026
35686883
34689252
36191170
34835866
35263676
35721199
35222660
36021578
35334621
34200132
34874352
34348685
35751096
34880765
34600045
34019151
35362823
35684238
33829222
34355904
34338169
33951736
34868461
34114406
34681815
34781148
34967274
34467505
35186392
34433768
35240425
34703223
34033482
34158299
33855185
34348194
34565397
34536268
34133806
34213971
33779275
32947617
34302294
33532617
33746958
33505207
33349060
32980216
34048053
35769864
33684370
33461401
33062026
33689358
34902761
34475777
34781714
34353896
33869016
34056616
35565268
35193995
35476399
35095453
34781444
34628379
36539204
35860824
34831034
35103008
35259397
35819753
35499356
34925528
34269463
35047503
35379710
34606984
34864630
34574130
33923816
34424730
34281077
33091886
34152114
33371086
33755116
34477062
33578982
33014601
34219883
34434008
33248703
34796914
34040350
34720020
33528565
33087665
34849281
34071227
32973774
33597208
34589336
35162279
32142721
33053007
32951781
34419726
33215709
32558205
33206117
32424242
32532845
33959661
32105704
31937679
33174664
32989122
32032125
32132069
32861823
32699655
33034115
30847673
32431421
32047307
32867911
32057879
32257503
31928659
32071012
32474189
33083174
33268280
33184133
32919899
33594800
32901296
33017005
33230178
32952517
32222862
33371503
32218712
32307285
32322287
32282293
31195370
32206444
32306762
32317208
32984701
32361253
31813004
34878143
32502080
32797329
32458739
33599867
32721734
33362341
33246539
32705057
32348266
30658469
33068664
33565050
32851975
32936965
32861088
33864983
33113146
33542851
33054784
26294566
31387021
30411356
20913070
34176601
33925382
33245369
33694304
34988740
34033095
33897589
34438462
35338511
33890248
33781984
33461027
35058245
32998720
32548469
34767050
35342673
34352116
35063432
34870160
35389429
35201172
34404212
35270114
34758625
34925182
35335406
34471744
34751834
34900614
35921749
34148132
34213061
35388551
34629230
33581821
33243805
32839166
31643915
34000038
33170924
33070235
33207857
34286947
32909657
33208744
32547487
31876354
32757658
32383499
31907787
31592376
31583930
7569647
7654855
7782039
7659784
7753850
7738708
7786745
7814951
7856037
7828754
7865246
7827326
7875019
7919691
7908680
7862545
8200264
7926991
8032308
7876978
7975148
8005360
7985152
7982733
7983030
7908862
7913004
7902200
7970415
7678794
8013437
8011930
7917642
7978121
8062365
7975481
8039120
8047316
8075627
8090750
8065055
7963200
8006066
8168853
8122311
8084862
8151747
8032098
8120132
8065981
7998543
8069035
8182526
8125767
8019501
8201059
8101477
8151650
8052235
8117447
8285698
8069092
8063890
8109287
8055639
8081232
8163215
8221802
8023138
8090563
7961537
8102590
8056088
8026615
8166879
8047145
7990214
7912685
8157685
8103013
8114047
8066067
8112822
8206432
8183869
8324205
8109420
8094209
8062398
8153709
8045109
8006403
8132448
8051190
8084415
8096663
8038807
8008428
8048349
8189509
8087115
8129353
8069306
8076181
8089507
8113066
8138195
8034344
8163922
8075985
8023365
8109700
8028678
8186162
8074952
7980960
7994430
8098662
8141302
8047441
8289310
8076603
8103063
8196781
7927870
8109533
8051679
8054521
7939341
8198084
8022460
8163595
7958556
8265793
8077828
8064783
8163574
8077089
8058943
8116722
8045644
8027951
8015766
8035040
8150475
8059054
8115824
8008210
7862599
7985084
8121992
7942847
8038612
8006477
8003167
8035925
8025412
7919828
8003787
7921766
8049854
7911062
7969660
7942170
8068243
8034130
8145098
8015062
8213531
8059496
8029594
8168339
8112193
8158989
8120909
8089094
8062434
8179831
8118423
8543398
8182809
8209855
7972677
8018364
8228460
8267568
7979515
8042584
8123746
7805534
8049234
7940484
7920392
8013084
7933243
7958432
8039337
8208147
8116291
6606444
7772826
7627221
5426733
7938727
7986917
8037753
8063377
7922120
8176845
8018682
8071449
8352935
8041860
8050240
8127604
7987431
8212856
8019899
7965978
7903174
8004979
7891948
7944489
7893413
7845638
7978206
7973426
7900615
7888694
8084324
7954085
7947540
7914331
7825183
7941541
7903360
7854363
8005377
7807206
7539949
7490779
7441522
7686246
7819964
7864619
7817054
7761739
7866943
7816178
7778802
7354088
7637408
7791140
7579889
7608155
7586440
