33618581
33390876
32799733
34383874
34096998
34389075
33215315
33509668
34174162
34455899
33220194
33754969
33795652
34593271
33999685
34435140
36136941
34290075
34383419
34165635
33856440
34247990
33442148
35144266
34954174
35609124
34612499
36098410
34770199
35217371
35643958
35150811
35957532
35274950
34130994
34790841
34286579
35670656
34843759
34551148
33951211
35296804
35626471
33804734
34300910
34283566
33900415
34815599
34061821
34627972
34723945
34906895
34401363
35130162
34372714
35186303
34653922
34005046
34100772
33802210
34300792
34530120
34486109
34068483
34163180
33715810
32913084
34242710
33473602
33693320
33438184
33303497
32932733
33989644
35703198
33648197
33416745
33022833
33648862
34831267
34431264
34750603
34311022
33821467
34010810
35531390
35138118
35391984
35036617
34744788
34582493
36479186
35818484
34779606
35036201
35207492
35793434
35465316
34850281
34269760
34979457
35340646
34559220
34836250
34530893
33883449
34372271
34235734
33048453
34096324
33335957
33726952
34426308
33517438
32962408
34199715
34365838
33194619
34737263
34017040
34650659
33486320
33053392
34792146
33995563
32945732
33566329
34543403
35099774
32103327
33029940
32891892
34379948
33180329
32505247
33184052
32386936
32494617
33938054
32077254
31899713
33132389
32930603
31996033
32104262
32833204
32661961
32999307
30794913
32401075
32015017
32850631
32003389
32209761
31906964
32016940
32436326
33055955
33224054
33163505
32899426
33563239
32856505
32963767
33222596
32897017
32188720
33317934
32176505
32259165
32304403
32239299
31175479
32165239
32258500
32274736
32936149
32321755
31770712
34833572
32483167
32763662
32425034
33553438
32689184
33326872
33202567
32674710
32313242
30619549
33016916
33514691
32823896
32880818
32820178
33840942
33068151
33505608
33012384
26245851
31342604
30377273
20889459
34122513
33867955
33206922
33652371
34925232
33988713
33856763
34406802
35311460
33843518
33719966
33416733
34973212
32942788
32504744
34709650
35330233
34299475
35029878
34829213
35342459
35154034
34346943
35204093
34718552
34909309
35275433
34422000
34683395
34839822
35872960
34106657
34153276
35332016
34594004
33546809
33187432
32797662
31606614
33941617
33138953
32996592
33155287
34266133
32882233
33167270
32498010
31845358
32685469
32340221
31870763
31530127
31554710
7544668
7623241
7749656
7628498
7723373
7708402
7754458
7782432
7823448
7799049
7828489
7795998
7841484
7880482
7873022
7830151
8169348
7892853
7998027
7844210
7941594
7966625
7955842
7950732
7947501
7873884
7876720
7868179
7938371
7649285
7978702
7977411
7888622
7947401
8028951
7942519
8005138
8009652
8044095
8057666
8027930
7932029
7977008
8135869
8088925
8050171
8118512
7994171
8085554
8028867
7964716
8036501
8145863
8096563
7986673
8172974
8069945
8119900
8018013
8084167
8254523
8038216
8036355
8070297
8022153
8046894
8131348
8187266
7987757
8053970
7928987
8064708
8023880
7992700
8134701
8018063
7956833
7881258
8124968
8067447
8083381
8038437
8081949
8177908
8151077
8294632
8077955
8055744
8029741
8123253
8012731
7970541
8101221
8021793
8047282
8062685
8007855
7979583
8012791
8161939
8053005
8098281
8037541
8048575
8057894
8084344
8100041
8004989
8129664
8043175
7991580
8080531
8001041
8152601
8042827
7952303
7960097
8062035
8105801
8018887
8252823
8043030
8070659
8162429
7890266
8078816
8024910
8025251
7907653
8164360
7996992
8126178
7931271
8235240
8042756
8036147
8127847
8043446
8028967
8085535
8013611
7997701
7981294
8001777
8118199
8029312
8082162
7974852
7825310
7954350
8090069
7917532
8001434
7974996
7970481
8003939
7987515
7889250
7971006
7893251
8019873
7878446
7939278
7907500
8043179
7996549
8115563
7981818
8180438
8025108
7996459
8128662
8082360
8124802
8090053
8060091
8028375
8144298
8085530
8508138
8153807
8178957
7943051
7986721
8199042
8232180
7949336
8010535
8092125
7774116
8014618
7907020
7891346
7978949
7901458
7927779
8004439
8176139
8085412
6574165
7740130
7598004
5403254
7905216
7952319
8006907
8031054
7887811
8143141
7984344
8041304
8322678
8007005
8017031
8093661
7953667
8177310
7987753
7933997
7877358
7974870
7863730
7917903
7864816
7815215
7937716
7938847
7869942
7861060
8049266
7921379
7913211
7883000
7794595
7914281
7869641
7819994
7974552
7776392
7506868
7460876
7412537
7655983
7786960
7832810
7783488
7737936
7837797
7783497
7746612
7327219
7605571
7762148
7549221
7578236
7558410
