33675473
33455913
32849209
34454644
34165007
34460852
33277469
33607035
34235598
34526823
33314957
33835189
33866092
34673061
34077768
34502733
36194017
34361737
34455700
34236070
33932031
34345998
33534714
35240868
35031645
35698429
34700137
36213501
34860894
35303615
35747121
35242768
36054901
35366141
34207460
34881321
34365790
35751850
34914732
34636709
34051284
35377607
35697409
33865026
34372761
34374056
33990488
34892302
34133512
34710961
34816370
34996382
34471428
35202473
34445751
35261681
34711079
34068402
34169527
33880834
34376895
34590323
34553497
34143804
34237693
33790525
32982953
34314407
33537704
33760050
33523637
33379862
32994652
34084223
35786954
33724951
33500097
33076744
33724193
34923700
34495632
34815439
34380191
33889967
34084592
35589390
35221242
35502948
35121562
34811169
34661679
36550175
35884475
34848754
35110130
35259244
35859605
35522007
34960573
34318094
35072507
35407756
34621049
34897154
34628001
33978162
34465626
34313525
33117931
34187170
33401043
33803737
34512862
33603832
33034423
34265347
34451076
33273846
34819335
34081072
34727258
33563273
33124158
34870761
34086183
32991235
33638681
34622657
35175141
32165200
33089775
32968317
34451279
33241251
32589287
33263663
32445527
32554138
34028487
32148850
31970788
33198518
33024717
32057275
32184062
32910405
32746982
33072524
30896776
32461097
32084003
32925928
32069710
32274641
31960566
32087613
32502067
33131850
33297783
33211628
32933200
33644677
32919413
33035291
33282135
32971306
32251902
33400264
32239219
32334479
32366861
32319125
31225123
32232642
32325176
32359836
33021947
32386735
31850782
34912156
32543767
32852353
32487639
33623584
32783501
33409664
33271847
32750139
32372531
30671982
33111526
33572700
32876781
32961500
32895519
33915896
33117728
33572728
33091124
26297698
31421232
30458566
20926460
34187812
33947887
33257264
33739428
35003102
34064487
33945039
34467765
35383035
33906243
33796273
33485735
35065405
33006052
32573130
34807966
35385179
34387898
35099385
34901746
35410087
35225324
34431885
35291070
34782087
34971480
35349646
34494399
34771440
34926730
35955990
34194856
34241056
35383217
34645709
33607590
33257712
32867235
31662537
34003105
33193830
33057607
33219735
34328571
32945853
33236157
32577294
31905988
32788002
32402186
31918066
31621151
31622614
7548395
7630350
7755395
7636872
7732151
7717547
7761537
7797853
7833818
7806395
7840206
7807069
7849289
7890779
7885163
7839156
8175216
7903320
8009172
7853559
7950149
7981237
7969342
7962202
7957458
7883989
7886867
7877056
7947749
7658502
7989671
7990793
7899031
7957303
8037867
7950805
8012556
8019225
8055602
8072363
8045859
7939742
7981853
8143863
8097320
8061447
8131639
8003438
8094528
8042075
7976122
8043490
8153148
8102247
7997164
8180276
8074533
8127250
8025113
8092507
8264877
8044749
8043712
8080104
8030797
8057959
8142559
8199747
7998871
8061799
7938265
8074160
8030649
8005477
8142536
8029606
7969424
7885102
8135294
8081282
8086800
8042844
8094072
8182899
8161245
8301516
8088565
8068972
8040588
8130239
8020554
7978681
8107857
8026220
8057873
8070910
8015775
7986366
8026117
8167767
8064632
8108710
8046074
8054635
8072325
8093881
8116713
8014054
8138882
8057039
8001169
8089692
8008859
8161652
8051432
7959091
7970064
8073372
8116088
8028085
8259816
8050439
8082313
8170941
7901789
8083163
8030982
8032121
7916353
8170510
8001619
8136148
7938556
8241280
8054161
8045135
8137020
8050786
8039801
8095206
8023247
8006391
7992795
8010493
8128059
8039653
8095622
7986802
7840834
7962015
8099314
7927405
8009240
7981981
7977396
8010542
7997877
7898648
7980489
7897783
8022881
7891409
7944853
7916032
8047659
8005949
8120779
7993868
8187638
8036622
8007486
8140947
8089129
8131081
8097100
8068172
8040347
8151586
8093688
8520929
8160688
8190394
7951573
7995414
8212470
8242286
7957161
8017925
8098759
7778455
8026763
7915462
7898812
7986565
7912780
7941356
8012914
8186462
8093326
6580664
7750196
7611156
5409447
7911773
7963784
8009799
8042755
7897378
8153892
7996359
8049328
8330845
8015723
8027700
8101163
7961150
8185484
7996523
7941493
7880741
7982432
7867954
7925899
7869948
7823732
7952947
7949555
7876233
7869951
8056440
7932815
7925958
7893129
7802581
7921714
7881227
7827808
7982864
7782762
7519150
7471532
7418569
7661869
7791985
7839057
7789671
7743788
7846764
7792175
7756275
7337261
7614880
7768878
7556746
7586895
7566384
