33661057
33476956
32875116
34473432
34171117
34464028
33287669
33605542
34262929
34557590
33325575
33858683
33890501
34678361
34105783
34494873
36214074
34374726
34465368
34246095
33948522
34329607
33523651
35214037
35049248
35704264
34709717
36210662
34869093
35306397
35752215
35266513
36055603
35346105
34234115
34909638
34380117
35768565
34904737
34651360
34018484
35392729
35696601
33858389
34402152
34392846
33977431
34894718
34153783
34709574
34829609
35013280
34473244
35205276
34455515
35286085
34729774
34087256
34183589
33875272
34386121
34597571
34578999
34162689
34245692
33794552
33003803
34330050
33547192
33790498
33527998
33384620
33009578
34105188
35798713
33713124
33503741
33106250
33733992
34942069
34520264
34825960
34373710
33884744
34101344
35609156
35204329
35495670
35127350
34820076
34654879
36568656
35894204
34832490
35136200
35297080
35878592
35554919
34941301
34320863
35059499
35411154
34660308
34899971
34612031
33969616
34465202
34334777
33128425
34194797
33406960
33808356
34513119
33618368
33033549
34255306
34467323
33292981
34818711
34093235
34738693
33579065
33122439
34884634
34107705
32997972
33645861
34640852
35193980
32189145
33094949
32977754
34457485
33259161
32578383
33270942
32459729
32588129
34019739
32158347
31990536
33220789
33032106
32070366
32173628
32896926
32739984
33085666
30893336
32488738
32107948
32946065
32093465
32288563
31979772
32115985
32516953
33141218
33320229
33235397
32955267
33647346
32928126
33054686
33298844
32982667
32258229
33404154
32246805
32349798
32384145
32315934
31248577
32259855
32323737
32364346
33025832
32399140
31842736
34915025
32546125
32866429
32507111
33639014
32772075
33404862
33290808
32763786
32392669
30697673
33115087
33595190
32903851
32960501
32913305
33927230
33153244
33577879
33101493
26321360
31418874
30447076
20942982
34201379
33944662
33274590
33748020
35035183
34077956
33944721
34487852
35398282
33918651
33814185
33502844
35077769
33025281
32582669
34808585
35385282
34389394
35108988
34909042
35433849
35216699
34439805
35295518
34787727
34980976
35356608
34526546
34779263
34941988
35966290
34185874
34262207
35384691
34653024
33615883
33282672
32879482
31668807
34010632
33209031
33086943
33259768
34338683
32965507
33237170
32587128
31937449
32788331
32419092
31943825
31616001
31623143
7546911
7637327
7762124
7639811
7732732
7720258
7765010
7797509
7839038
7811631
7843996
7812092
7854794
7893337
7888941
7836908
8177835
7906034
8008098
7852990
7955610
7978383
7965663
7961153
7960124
7887302
7891689
7878820
7949786
7659803
7994325
7993206
7901447
7955859
8038808
7956534
8020378
8024450
8054912
8073964
8042028
7944060
7983645
8144590
8103369
8063913
8129640
8009246
8100824
8041943
7981216
8050407
8156642
8105643
7996578
8185667
8080785
8135156
8028483
8094309
8267802
8046785
8045892
8083839
8035140
8058679
8144251
8199759
7998898
8067682
7938071
8076785
8034363
8006681
8143404
8027066
7970890
7890455
8138231
8083157
8094412
8047069
8091304
8185980
8164503
8304586
8086252
8071501
8037771
8129865
8021974
7981592
8111041
8028316
8060682
8075044
8020232
7991418
8025368
8169970
8062120
8108102
8054331
8057609
8070371
8096216
8113583
8021348
8145153
8058641
8000522
8091963
8008836
8165634
8051797
7959282
7972085
8078681
8116085
8031453
8261895
8056733
8082990
8176688
7906374
8086102
8035475
8037224
7917449
8176782
8004994
8139339
7939105
8241272
8055166
8048086
8137766
8057143
8041523
8093782
8028074
8011207
7995334
8013607
8131045
8042064
8094144
7987773
7841355
7967643
8105178
7930632
8015032
7985653
7983633
8017247
8004415
7900564
7983568
7904800
8027112
7891744
7947224
7922168
8052656
8008259
8123469
7993518
8189375
8040576
8011916
8144496
8093258
8138823
8098256
8072870
8043938
8155375
8093761
8520257
8161337
8191002
7954217
7999195
8209424
8244118
7959531
8023669
8102976
7785508
8027190
7920761
7901307
7988589
7915086
7942823
8018731
8188691
8096218
6584396
7749537
7610313
5414122
7914199
7961384
8014835
8044351
7900570
8157085
7995518
8051884
8333494
8016610
8029551
8107569
7967998
8192739
8000583
7946398
7880794
7984257
7870226
7926294
7874270
7825930
7952468
7953947
7878844
7871354
8061846
7936803
7927436
7897208
7803067
7921701
7883810
7827627
7983690
7788924
7519968
7475207
7420311
7661967
7797898
7844761
7797967
7743746
7850742
7793987
7761914
7342014
7617127
7772966
7558769
7590992
7566784
