33493203
33267898
32686426
34271307
33985946
34260644
33091338
33436155
34052075
34339866
33133371
33643391
33700170
34485018
33916928
34306988
36021442
34187635
34280767
34051665
33762258
34146832
33334845
35029671
34835921
35489263
34516399
36013677
34662491
35069594
35553235
35054629
35861606
35163999
34039900
34708244
34194996
35552212
34715924
34455722
33863398
35202037
35514378
33716278
34183378
34194015
33797975
34717644
33958149
34527964
34619410
34808931
34308202
35014189
34246647
35084531
34555232
33901594
33997529
33713022
34225746
34424702
34391195
33957666
34070727
33633241
32826841
34153361
33371103
33604927
33333278
33209444
32825366
33916251
35618233
33531919
33328347
32925992
33543915
34748611
34325630
34624024
34197746
33729944
33916118
35418616
35038632
35322080
34933495
34646014
34482624
36370023
35704847
34674077
34941461
35101138
35694714
35377321
34758448
34158497
34905332
35231930
34465958
34729507
34441929
33795726
34274489
34129608
32963448
34017600
33242969
33632720
34311619
33417162
32875720
34086078
34312790
33109507
34644095
33926278
34559399
33393264
32954080
34707824
33926135
32838094
33452685
34463926
35033841
32026304
32939325
32816313
34286488
33086185
32413365
33100801
32308128
32405000
33836752
31999943
31819492
33021911
32866464
31905675
32011189
32750786
32575904
32909055
30736527
32300279
31923935
32766980
31931265
32125851
31799167
31939527
32355968
32962528
33145389
33048617
32807514
33463248
32742657
32875969
33118732
32807866
32108847
33257650
32086645
32166442
32213049
32154523
31098760
32087734
32165579
32195827
32872903
32242111
31686516
34759684
32388850
32683896
32343153
33466459
32604498
33247972
33115023
32596156
32225767
30533057
32936106
33411532
32716407
32800157
32727738
33751375
32965737
33431243
32914134
26186758
31261206
30292934
20809690
34013892
33768619
33089395
33566613
34831966
33907051
33751332
34296576
35200263
33739372
33625671
33315138
34887553
32858954
32408343
34623366
35195907
34201634
34907938
34719834
35242731
35050977
34230423
35094663
34594237
34769231
35178988
34329066
34567848
34730103
35738265
33990511
34064178
35203476
34493593
33432791
33101810
32685347
31496540
33827835
33025957
32899148
33044422
34142181
32775153
33058606
32398022
31741345
32573600
32231721
31740986
31430295
31452892
7497127
7574973
7701911
7584404
7678333
7663255
7708178
7740917
7778314
7748160
7783393
7747850
7796168
7837519
7828617
7783489
8119981
7846784
7950525
7796596
7895050
7922572
7906275
7906337
7897581
7826670
7831028
7825165
7892463
7597135
7935298
7932440
7844316
7900024
7981722
7892536
7959277
7962468
7991814
8012277
7984998
7886101
7928847
8088715
8038472
8004981
8070176
7948558
8040607
7984103
7918855
7987010
8097045
8042780
7932264
8121525
8023409
8071759
7968222
8037429
8207254
7986983
7985839
8023985
7973948
7997830
8082579
8139580
7937631
8006068
7877947
8016989
7971493
7948604
8087769
7967483
7911511
7830878
8075568
8021846
8033775
7985877
8032030
8127515
8103509
8246138
8029157
8013523
7982199
8071525
7966211
7927086
8054333
7970398
8000555
8017137
7963227
7931929
7968150
8111466
8006729
8049102
7994676
7996230
8011606
8037008
8053535
7957935
8083177
7998585
7944414
8030824
7949840
8102229
7994451
7903501
7919066
8018464
8060308
7972300
8202526
7992011
8024879
8115948
7847414
8028135
7970301
7979467
7865135
8114100
7945625
8078891
7882470
8183323
7993560
7987136
8079729
7994640
7980825
8033277
7964735
7946366
7934082
7952623
8067764
7982369
8033819
7926159
7783023
7903292
8038371
7871857
7955837
7925624
7918200
7955849
7942988
7840456
7925093
7844300
7966542
7832364
7885699
7860009
7992440
7946902
8065349
7937039
8128001
7975912
7950904
8083610
8031191
8077337
8035389
8011990
7984001
8095854
8032210
8465353
8102417
8128367
7894897
7942294
8146940
8184762
7900465
7959689
8040151
7725241
7966834
7858849
7841710
7930255
7855234
7882986
7953988
8131041
8031640
6534782
7691856
7550034
5361833
7855729
7903967
7952197
7981731
7840020
8096785
7935174
7990517
8270310
7956899
7970021
8045291
7906970
8129200
7937093
7888056
7824993
7927516
7812690
7867593
7816998
7770986
7890795
7889254
7818560
7808010
8001821
7877781
7869381
7837978
7745095
7862377
7823859
7772744
7928855
7727553
7463678
7418399
7363272
7605892
7737893
7782313
7732281
7687042
7789766
7734988
7699530
7282718
7555731
7714681
7498082
7529274
7508816
