33499985
33298015
32697646
34297555
34011116
34294892
33125559
33460800
34101125
34389581
33161987
33658360
33715562
34519579
33938382
34354045
36035033
34215408
34324670
34097244
33776404
34169603
33379607
35058568
34875739
35539099
34553864
36077037
34699973
35135229
35585814
35084068
35886680
35240381
34055518
34741788
34197454
35606522
34747347
34490670
33869124
35234315
35544721
33723659
34230008
34228305
33826781
34748353
33988561
34557977
34676799
34837174
34331943
35051299
34315136
35103722
34582782
33933008
34029789
33720606
34227265
34478165
34405964
33992922
34125234
33664486
32852741
34182826
33373503
33638783
33376695
33243410
32870096
33949335
35642212
33570835
33356687
32945019
33590520
34782836
34369297
34680256
34228687
33763863
33949925
35464680
35070105
35348890
34960057
34674427
34510701
36390002
35748654
34710961
34979411
35124332
35717395
35399596
34792562
34176274
34922447
35252009
34489104
34749172
34469571
33848690
34317442
34165253
32990039
34033691
33255351
33681460
34340642
33460292
32902719
34131614
34314557
33158397
34664175
33947368
34595008
33433037
32978514
34730149
33933175
32872535
33484308
34499789
35046961
32053438
32963739
32844256
34302396
33107981
32464421
33134543
32337451
32421354
33898880
32026666
31865473
33080157
32893372
31949369
32062544
32787266
32622280
32946193
30766645
32335351
31981929
32792016
31942558
32159189
31860863
31986959
32387269
33004581
33173276
33070005
32832336
33494592
32785716
32898580
33159258
32851236
32145253
33286415
32118558
32211330
32247506
32184588
31114765
32107382
32200541
32232219
32888196
32272398
31725929
34794077
32409001
32731369
32381070
33492875
32644532
33265132
33145754
32632229
32273968
30547889
32968827
33452004
32758806
32835629
32774209
33793696
32989622
33458987
32946373
26227420
31275638
30315632
20828658
34052016
33812476
33125556
33607617
34861689
33940956
33789584
34320610
35205860
33771400
33660296
33337816
34904744
32886055
32448911
34671608
35230385
34241585
34941032
34768017
35257655
35068999
34282400
35129154
34622861
34805780
35221367
34362297
34596375
34759805
35796022
34024534
34093832
35230484
34509386
33469079
33123910
32718044
31516711
33879047
33041639
32921063
33082990
34161213
32790785
33103929
32425875
31766082
32615083
32251250
31760647
31477654
31485868
7486741
7570483
7696191
7577155
7671513
7659191
7703792
7737971
7777798
7746561
7780491
7744292
7786876
7831699
7826418
7781295
8113682
7842374
7946670
7791522
7889322
7916115
7904947
7899563
7892833
7825771
7825765
7826785
7886494
7600955
7926989
7930461
7840146
7898545
7974760
7891323
7951802
7961469
7990874
8005376
7976795
7879789
7922859
8080035
8034104
7997918
8063685
7942011
8032366
7978340
7917037
7981794
8093677
8039607
7932730
8116555
8017939
8066609
7964156
8025998
8196301
7988314
7981273
8020844
7971457
7997228
8077400
8135244
7933598
8002674
7873918
8010980
7969324
7944159
8077769
7963389
7908177
7825443
8071826
8018281
8028284
7986358
8027348
8122703
8099967
8240615
8025327
8009063
7976874
8070932
7960961
7919341
8047749
7965208
7997791
8011342
7956808
7930181
7963307
8105432
8000945
8043534
7986638
7990721
8007151
8031628
8054105
7951700
8076859
7991818
7936436
8027538
7939476
8100781
7987670
7898834
7909440
8014375
8053921
7963208
8197643
7988475
8015112
8109206
7835878
8022021
7968190
7976027
7857487
8109044
7941628
8071594
7874980
8173532
7988755
7980926
8073813
7988156
7980346
8029296
7962076
7946534
7930216
7950514
8065333
7980356
8032412
7920894
7775860
7899896
8038251
7864415
7947554
7922319
7919524
7952945
7937960
7836722
7920093
7836539
7960122
7825475
7881797
7855120
7986084
7944574
8064172
7931165
8123376
7973143
7943488
8077830
8023350
8068746
8034035
8002993
7973240
8089879
8027991
8457785
8093259
8126565
7890083
7933829
8146670
8177268
7897249
7955791
8040640
7716250
7963253
7857848
7838855
7927247
7851865
7878803
7950940
8122698
8027626
6533492
7685106
7544302
5360473
7850537
7899945
7949182
7978582
7837552
8090883
7930892
7985514
8259426
7958018
7964618
8038020
7899382
8128836
7931185
7886473
7820429
7922472
7808831
7864049
7812322
7766980
7890647
7885514
7812922
7805262
7998187
7874530
7862827
7832208
7744062
7856365
7817822
7767880
7921153
7723902
7459615
7413843
7357656
7605386
7732100
7777255
7730323
7682271
7782297
7733194
7694333
7279519
7551773
7708173
7491357
7527259
7505971
