33494294
33276490
32677079
34264306
33965334
34249683
33075727
33411760
34044089
34327376
33143066
33639260
33690115
34488668
33903023
34327172
36002087
34194630
34272021
34060179
33733615
34141895
33345473
35019484
34848850
35504185
34502130
36004135
34665060
35082590
35554922
35057107
35837398
35171091
34023974
34698621
34184437
35556826
34721951
34453212
33841238
35194798
35518948
33709169
34202230
34191835
33800516
34714658
33955589
34531154
34641156
34816233
34291439
35007449
34262621
35064751
34548141
33896199
33990325
33719400
34209872
34420178
34384971
33962721
34063933
33631185
32803969
34144780
33362530
33595186
33354211
33206999
32826330
33921763
35615501
33542415
33313597
32907760
33554655
34760084
34328426
34637994
34208128
33720932
33913044
35415560
35033947
35309801
34929141
34637956
34488716
36365912
35700335
34679120
34940842
35103735
35690865
35381648
34751376
34158747
34869182
35218548
34473224
34713341
34436939
33811500
34297244
34145720
32964315
34015137
33237284
33642923
34314295
33450101
32891107
34101490
34287182
33128517
34641223
33922700
34580792
33403363
32958976
34708079
33909633
32851139
33444125
34450023
35008375
32041603
32927257
32809873
34281529
33073610
32417549
33116097
32318070
32401809
33877814
32014455
31842204
33029476
32862049
31910980
32025778
32760177
32595390
32926022
30735543
32308695
31931855
32751429
31915276
32130197
31808296
31936100
32368685
32972114
33146340
33058896
32799282
33459299
32767656
32863058
33119248
32839620
32111294
33260663
32110893
32178052
32216020
32147322
31104330
32110129
32175844
32201248
32865544
32250707
31701757
34736913
32394743
32700073
32339705
33467907
32618555
33231596
33119130
32589892
32250125
30537838
32952372
33412090
32744322
32810690
32742331
33755017
32979687
33417086
32919049
26180595
31269338
30303336
20825100
34021664
33783969
33093809
33587288
34827851
33904649
33772188
34287707
35195241
33731395
33650561
33319883
34889237
32845066
32428612
34614342
35196689
34193759
34902749
34737467
35212644
35034125
34246269
35108183
34613160
34770751
35158347
34320302
34566956
34715000
35768547
34015008
34084423
35186841
34481428
33436298
33106006
32676374
31493366
33821698
33034919
32883699
33046267
34132820
32782563
33053026
32395387
31708637
32584390
32242940
31759851
31439948
31444836
7477099
7556730
7680785
7564496
7655544
7642223
7686278
7719977
7759493
7728986
7767637
7730001
7774914
7814489
7808676
7764269
8097999
7827903
7930164
7777346
7870467
7901612
7887449
7883753
7880075
7811141
7809229
7806860
7870389
7582611
7910688
7914056
7821050
7875639
7960448
7872694
7935354
7942733
7973242
7988903
7958067
7864164
7911089
8066274
8019698
7981248
8046343
7926238
8015492
7960661
7897703
7967285
8075281
8021238
7916844
8099615
8001513
8049531
7946729
8013986
8183692
7965583
7966662
8005597
7952196
7977693
8055585
8113548
7918391
7981742
7862976
7994362
7950383
7925389
8063553
7947475
7888114
7805955
8054128
7999717
8009477
7964973
8015096
8103041
8082901
8222170
8008100
7992083
7957985
8049478
7940741
7905556
8033610
7949354
7981535
7996573
7940023
7914772
7947768
8088334
7981788
8029964
7972062
7971306
7991161
8013974
8035293
7934355
8061071
7976979
7922297
8010594
7926038
8082699
7975256
7880714
7894075
7996039
8038139
7949942
8185525
7972230
8000500
8096283
7823363
8007685
7947509
7952325
7842999
8092758
7923797
8055101
7860632
8155237
7974636
7965334
8058967
7972178
7965846
8015037
7945490
7927790
7911215
7930095
8048320
7961069
8014217
7910181
7757794
7881822
8020044
7846470
7932012
7902659
7901273
7934593
7923975
7818918
7907158
7821937
7945120
7810671
7868497
7836594
7969458
7930652
8045606
7915180
8111146
7955549
7926274
8057956
8006823
8058524
8018674
7987263
7958100
8073317
8012230
8436583
8080067
8108713
7871424
7917240
8129476
8157484
7880984
7940117
8022316
7703334
7948997
7839306
7824727
7912066
7836315
7859496
7934258
8103439
8011545
6514385
7672831
7534272
5349963
7834789
7886636
7930658
7964900
7820786
8073681
7917090
7970942
8245975
7937923
7948857
8021728
7888419
8105807
7916038
7866143
7804418
7903780
7790086
7847313
7795888
7750939
7873393
7872238
7804370
7790066
7980893
7856529
7844367
7817702
7729454
7842923
7808441
7750117
7906029
7709872
7446173
7394734
7342842
7587694
7721222
7762165
7715109
7666898
7772795
7711134
7680676
7260023
7538972
7696041
7480272
7510734
7487642
