33466958
33272599
32687562
34259038
33981704
34265622
33113412
33412782
34067354
34338779
33143536
33641729
33672159
34489960
33914293
34310840
36020377
34184229
34284111
34052195
33757687
34132724
33346159
35006313
34827855
35493013
34515273
36004142
34652108
35086269
35548286
35060758
35833636
35170621
34017982
34700230
34183047
35558433
34721808
34455854
33848643
35183613
35493866
33667894
34196982
34206437
33797709
34712172
33961036
34537001
34633346
34799340
34308565
34997227
34273363
35067359
34551363
33908842
34011478
33720754
34198388
34422166
34382611
33981283
34081474
33626837
32825158
34167159
33359893
33610682
33346720
33209358
32850739
33905817
35632688
33545559
33329292
32930403
33564892
34765306
34323586
34642841
34182858
33721246
33912711
35427913
35037166
35304232
34923376
34631385
34512696
36367085
35721656
34669366
34940658
35112593
35706277
35359726
34757110
34156770
34885632
35215184
34472426
34728387
34460905
33813452
34275419
34148867
32967304
34009088
33247524
33664464
34310076
33434649
32884903
34104209
34306724
33136499
34654135
33939092
34560673
33409824
32969309
34716991
33919259
32874928
33479641
34448075
35023415
32047872
32931117
32820944
34282906
33085127
32448179
33128037
32334131
32431637
33873329
32019759
31825670
33049308
32877464
31941640
32035199
32764921
32581921
32930042
30755776
32306495
31951358
32777494
31960886
32132759
31817048
31966159
32378071
32982053
33168928
33073491
32800033
33477614
32785194
32882796
33129078
32838445
32122660
33240278
32090486
32195502
32228585
32184998
31116109
32106809
32194499
32222816
32890002
32270570
31720198
34757464
32395197
32709499
32356230
33458852
32623385
33246120
33118785
32591160
32262534
30547738
32944573
33437956
32723212
32821200
32753665
33747079
32979178
33421682
32950722
26186579
31257024
30333835
20826484
34042512
33780463
33122844
33587917
34848036
33922367
33760685
34297741
35225370
33747584
33652656
33337284
34905145
32872998
32439541
34620684
35198018
34206677
34927461
34743469
35239397
35043783
34268921
35115113
34609900
34794742
35203961
34324142
34594722
34722137
35760747
34010443
34070453
35212613
34488641
33446762
33106173
32694203
31522354
33835336
33037671
32907620
33061476
34149859
32789348
33074138
32411316
31736634
32611136
32234948
31736444
31444412
31465117
7468089
7555401
7678858
7557028
7652215
7639121
7686606
7713347
7756321
7728644
7761005
7725196
7766404
7814336
7806054
7760477
8096764
7824686
7926050
7772929
7870823
7894790
7885786
7878672
7874061
7804630
7807079
7801194
7863729
7580104
7908544
7908152
7815925
7873570
7952499
7871506
7931943
7939326
7972485
7985503
7957148
7856422
7899724
8055480
8013304
7977299
8038935
7921296
8012656
7958658
7893590
7959428
8071930
8014747
7911559
8096263
7996790
8048159
7947023
8012908
8175399
7962043
7959129
8000432
7951550
7973116
8055198
8112897
7909960
7982282
7854940
7987714
7949863
7917926
8066160
7941559
7885215
7806317
8051421
7996009
8006875
7962996
8003530
8099240
8078594
8218492
8004043
7984564
7956873
8044376
7942633
7901201
8028876
7945252
7977431
7991707
7939012
7903726
7942202
8084866
7979983
8023127
7968307
7970360
7987317
8010687
8028818
7935421
8058386
7971870
7918848
8008841
7922162
8076908
7966930
7879205
7891486
7994926
8035293
7947130
8176316
7967316
7998854
8092966
7821440
8005831
7950770
7951970
7839964
8089837
7919885
8053252
7856737
8152491
7972222
7965780
8056103
7973287
7959434
8011495
7937626
7921771
7910444
7931771
8047088
7958156
8008529
7902167
7756586
7878426
8017615
7844012
7934845
7899129
7898481
7935904
7918597
7817945
7902954
7822392
7940843
7807387
7865881
7832400
7965620
7925363
8042052
7908608
8101809
7952829
7925231
8062039
8007491
8054749
8016023
7987218
7954799
8072350
8012854
8435665
8075005
8105593
7872133
7912755
8125179
8158081
7875327
7932521
8019793
7702663
7941789
7839602
7815791
7910310
7832612
7858648
7930751
8101586
8011650
6510772
7663545
7532330
5347860
7832749
7879605
7935921
7960086
7820042
8072676
7910144
7964288
8247842
7935793
7948269
8020902
7885195
8106871
7913392
7862935
7802889
7900106
7788874
7845041
7799874
7747495
7873373
7870651
7800231
7790458
7983970
7853729
7844932
7813921
7726725
7843989
7799118
7751426
7904817
7706844
7440341
7396074
7344900
7585340
7718015
7762340
7712429
7666403
7768674
7711619
7677862
7259170
7537010
7687245
7475236
7508469
7485675
