33521981
33309700
32733854
34309967
34033753
34300118
33130348
33450393
34109430
34381440
33169128
33669320
33732160
34536183
33944222
34358868
36070533
34202888
34314128
34103701
33793577
34167489
33373695
35078145
34882958
35539946
34550769
36075573
34701803
35124697
35595415
35100537
35895091
35193457
34055652
34720024
34222300
35599263
34768130
34508443
33892305
35230998
35541414
33745034
34250343
34227331
33833401
34754330
34002003
34547316
34670814
34856185
34337674
35055287
34329918
35112488
34592684
33944859
34045888
33774921
34234073
34460499
34432566
34014670
34128685
33667079
32868236
34183291
33428483
33652652
33381092
33262097
32879550
33954881
35656129
33593426
33363944
32963114
33596329
34797958
34369061
34675790
34253395
33747441
33950700
35465006
35075239
35354411
34976285
34683936
34510708
36409306
35745793
34705845
34996538
35152470
35726589
35422880
34783578
34203756
34925965
35255814
34503893
34760428
34487926
33849256
34349396
34190371
33010094
34068188
33276919
33679822
34369560
33461945
32917506
34132264
34356073
33184304
34695080
33972817
34612884
33442628
33000869
34749439
33984190
32889022
33500104
34489262
35068708
32074635
32980299
32861966
34331047
33132601
32471146
33149456
32362335
32454246
33904904
32050177
31885079
33100531
32916015
31979662
32074875
32795139
32626341
32956713
30794037
32348708
31987678
32806676
31984797
32167115
31832566
32004205
32425330
33021197
33188650
33091708
32850648
33546185
32810470
32920511
33176039
32869767
32160156
33282079
32132206
32235589
32253277
32214622
31158711
32142024
32224610
32256202
32924430
32289709
31746183
34800782
32437220
32735517
32396864
33515918
32669568
33274374
33155456
32624042
32305589
30557552
32993773
33462754
32793139
32865559
32775993
33792446
33017695
33457908
32986459
26211340
31303452
30332466
20837598
34074095
33828002
33147156
33608338
34869461
33949272
33812002
34354040
35263312
33785327
33686895
33363651
34937526
32919523
32477589
34651415
35254947
34244851
34969466
34752006
35267440
35085034
34283896
35164220
34642749
34845332
35217947
34363166
34635922
34772313
35794505
34039318
34110633
35251485
34504550
33477569
33148220
32746714
31542266
33877313
33084432
32943279
33106268
34167900
32842144
33091191
32455824
31774466
32643057
32278567
31775911
31493628
31491659
7478190
7559849
7685609
7565906
7660904
7644987
7691592
7719467
7762356
7736270
7766981
7730643
7776604
7818378
7811740
7763788
8099640
7826742
7930833
7777224
7876132
7900009
7891421
7888448
7883172
7813087
7809778
7809185
7871674
7586239
7912437
7918459
7821728
7878874
7960953
7872311
7939850
7944571
7973524
7991310
7964042
7865429
7907558
8068376
8023464
7982624
8046825
7927055
8019841
7957576
7899805
7967513
8075547
8023040
7920446
8104720
8003843
8054488
7952581
8018815
8182362
7967625
7965458
8006677
7959050
7977313
8063930
8117169
7922749
7989182
7860774
7998263
7952239
7926531
8066533
7950258
7889365
7812283
8053661
7998770
8010490
7967133
8012656
8103657
8083285
8224348
8010146
7991020
7961591
8050238
7942565
7905805
8036643
7946512
7983560
7996063
7941547
7916778
7944826
8093966
7985730
8030043
7974905
7976311
7991226
8013374
8037590
7937643
8064371
7982538
7923087
8008380
7931856
8080958
7973394
7881935
7898131
8001076
8042748
7954413
8186014
7973618
8003696
8097009
7828758
8007185
7951288
7955451
7844806
8091840
7926764
8060390
7865267
8163638
7977675
7966977
8060277
7976239
7965380
8016609
7949781
7931913
7918367
7937304
8052307
7963257
8016086
7908484
7763663
7886201
8024056
7847207
7936326
7906421
7902665
7940212
7927008
7822223
7907418
7821081
7949840
7818469
7870561
7840223
7976512
7932335
8047615
7916643
8107175
7960208
7928843
8065438
8014440
8057244
8021656
7994321
7960859
8076551
8015067
8439951
8083435
8107978
7878360
7918388
8133449
8161301
7884803
7942084
8026652
7703507
7952180
7844800
7827132
7914728
7837716
7864888
7940499
8108675
8019040
6515435
7673461
7532263
5350572
7837106
7888177
7934229
7964007
7821206
8076617
7919871
7976011
8255034
7939569
7950117
8026639
7891163
8111610
7922726
7865409
7810690
7906572
7793779
7847686
7800923
7750593
7875717
7877270
7802685
7796866
7985392
7855673
7855317
7819094
7728559
7846009
7806176
7756112
7905558
7710704
7445291
7402217
7348492
7593183
7722838
7767607
7719204
7668128
7778220
7713272
7687059
7265472
7543625
7696324
7479964
7516629
7492668
