33474799
33262636
32689948
34253766
33987684
34259753
33082483
33414506
34044945
34338713
33114301
33614830
33674454
34485948
33911925
34318691
36001363
34176517
34269192
34060510
33751393
34156320
33330784
35006247
34834656
35502623
34510650
36007043
34654329
35076002
35571680
35035596
35843342
35179304
34016786
34680729
34185676
35558421
34693222
34435930
33845661
35194345
35497148
33674934
34221919
34201193
33793410
34707759
33957137
34530845
34632097
34818726
34321292
35008143
34257101
35065788
34542626
33913279
33994380
33706886
34211023
34422798
34392541
33975600
34079048
33627377
32843086
34161302
33379206
33621776
33358247
33216660
32848854
33914529
35603800
33546995
33314590
32938473
33556141
34775657
34330422
34647755
34205802
33703733
33924944
35432185
35038821
35307702
34924007
34635221
34494252
36355380
35710966
34672340
34939456
35116490
35684149
35367163
34755807
34169878
34893701
35213393
34456036
34737914
34440631
33812441
34287142
34163496
32974368
34011088
33251666
33645524
34340019
33446239
32877710
34070815
34297638
33129609
34639137
33931547
34572015
33411089
32969604
34707057
33951512
32870858
33469448
34461872
35006895
32056652
32928900
32817244
34297559
33099267
32450171
33123619
32322668
32422268
33850991
32014600
31841695
33056865
32880242
31941038
32020296
32772446
32592583
32918249
30745777
32322115
31935687
32777199
31944816
32116220
31809032
31962907
32365991
32985296
33152200
33081114
32800285
33492907
32772852
32877514
33132228
32813301
32127369
33265507
32103994
32185271
32223763
32179507
31113521
32103388
32197225
32227905
32894307
32251511
31722083
34759643
32391841
32704044
32359757
33479569
32634113
33264531
33113156
32600118
32256796
30531114
32943196
33420601
32748421
32815064
32746450
33772898
32960270
33443246
32921473
26176218
31269774
30317187
20829297
34044294
33805649
33123208
33596687
34836768
33922575
33776716
34312799
35222147
33759888
33661833
33325069
34886101
32869187
32447632
34606316
35209125
34215175
34927956
34739927
35230078
35053908
34245383
35119553
34618494
34805010
35195873
34330888
34556400
34719767
35755494
34001268
34077711
35208465
34463328
33443286
33101021
32703183
31489783
33848536
33052565
32908675
33057433
34126996
32786247
33068780
32408927
31745671
32609784
32245930
31775519
31451515
31452544
7466191
7547776
7673432
7553016
7648595
7633877
7677163
7710587
7747724
7722629
7752161
7715883
7762505
7807962
7803212
7754827
8088329
7819034
7918174
7767893
7867508
7895917
7878481
7871131
7869475
7799656
7799992
7798276
7860906
7572351
7907132
7901940
7813796
7872616
7947248
7860850
7926218
7932052
7962769
7976889
7949582
7851317
7895699
8049985
8012465
7971346
8036909
7916195
8009944
7951833
7890262
7958769
8068242
8010736
7904694
8088472
7990303
8042168
7937323
8003308
8175479
7956385
7955959
7998769
7948094
7967320
8053312
8106659
7911743
7977615
7850059
7988415
7943741
7914483
8052722
7938659
7875550
7802944
8042734
7993291
8001195
7958399
8003845
8093636
8073897
8213055
8000110
7981064
7947940
8037968
7936670
7893351
8023934
7937761
7968041
7988978
7931260
7902923
7940454
8080970
7975447
8018917
7960712
7968836
7977328
8001619
8023421
7929868
8052742
7967034
7912864
8000680
7923051
8076816
7962776
7869631
7884467
7989783
8029535
7939768
8172155
7965694
7994116
8085307
7817077
7999912
7941992
7947809
7832106
8083943
7913593
8049992
7853124
8150487
7965572
7956891
8047245
7964167
7952243
8005864
7934358
7921266
7907257
7925005
8036406
7955510
8004883
7897404
7751851
7876637
8010110
7839518
7924367
7891521
7894440
7927367
7911610
7814372
7894673
7814794
7938816
7806310
7858584
7828785
7959919
7915840
8036413
7907332
8098463
7943604
7919959
8054512
8000700
8047154
8013801
7981855
7952721
8065698
8005480
8425734
8070018
8098235
7865415
7906735
8118319
8153513
7869548
7931286
8011708
7693636
7936037
7829903
7814650
7902117
7828446
7856188
7924350
8101395
8002918
6505295
7662369
7524514
5345752
7826963
7879732
7927121
7956322
7814396
8067938
7906381
7964741
8243170
7930702
7944517
8011537
7878436
8101705
7906179
7855012
7798668
7899194
7785658
7838708
7787169
7742093
7865448
7867650
7795742
7787005
7975202
7848280
7836302
7808990
7719569
7838640
7796955
7739680
7896580
7701870
7436456
7394072
7336796
7584468
7714227
7757126
7706464
7660189
7763379
7705787
7673868
7256274
7532667
7688950
7475491
7504243
7480166
