33487149
33284697
32705984
34277438
33999314
34276164
33114962
33427051
34060980
34352493
33150978
33651753
33688948
34502702
33886473
34330088
36028319
34175187
34278734
34061913
33771674
34163654
33355650
35030875
34847818
35490478
34514385
36010358
34667699
35105424
35560478
35067532
35856233
35190749
34045209
34688376
34207829
35570322
34732145
34452589
33864516
35211694
35533681
33698588
34219324
34206686
33820140
34733178
33970346
34540512
34649524
34827354
34315298
35037237
34281700
35081955
34554611
33910294
34035028
33721177
34214105
34416541
34393899
33985498
34088220
33631398
32823737
34170540
33387778
33607283
33368183
33216264
32857836
33916142
35620853
33586459
33339299
32923314
33591439
34775594
34336925
34645202
34231673
33731636
33914565
35427615
35054822
35316340
34950292
34653804
34496248
36385502
35710170
34690804
34955529
35112412
35695493
35381461
34755291
34184619
34895168
35223196
34475281
34758005
34445745
33840676
34301995
34143846
32978336
34041507
33257124
33667351
34343115
33444562
32882211
34094133
34309121
33135316
34657556
33932673
34586070
33402992
32971024
34726555
33945408
32872799
33479547
34475496
35026722
32069308
32938865
32840772
34282043
33092676
32461654
33122431
32333068
32447387
33878612
31991413
31843258
33050985
32879805
31957050
32040829
32765950
32598617
32943489
30769113
32328714
31966048
32766037
31955395
32132132
31820875
31950893
32374085
32993882
33158235
33077102
32827631
33496860
32789426
32906614
33144289
32840178
32128537
33262487
32120501
32221463
32235679
32196390
31122852
32100760
32208248
32235473
32905823
32271813
31718842
34774585
32414874
32725248
32363781
33492940
32629144
33253281
33139985
32620573
32277687
30549076
32953910
33449660
32765091
32826843
32743966
33788347
32989459
33432474
32955502
26189915
31294060
30333453
20846444
34058013
33800853
33144695
33607861
34839979
33930334
33783761
34322199
35222531
33771767
33652847
33337655
34902834
32875559
32469540
34649388
35208501
34225973
34929393
34747428
35229740
35055202
34251233
35150344
34640575
34806173
35205803
34348518
34581209
34726486
35761609
34026678
34108713
35223428
34477510
33439080
33117140
32701865
31514486
33856816
33031132
32902227
33078252
34144533
32781849
33095113
32418008
31736722
32611047
32238485
31751618
31455460
31465331
7466984
7549357
7673002
7554978
7647757
7635301
7682171
7709369
7750875
7724031
7756357
7718461
7761965
7810156
7797586
7755607
8091473
7815118
7918602
7765771
7864798
7892720
7879352
7876681
7870189
7796644
7798408
7796612
7861176
7577906
7904829
7905199
7811254
7873360
7951291
7861568
7928752
7935772
7966856
7978700
7951656
7853321
7901118
8049989
8011463
7972098
8038853
7917802
8007458
7947757
7889855
7959526
8065899
8013709
7904708
8088291
7991647
8038688
7942146
8003902
8171270
7952402
7953798
7996355
7946061
7968528
8049423
8108787
7908069
7973615
7852253
7982675
7943974
7914936
8054156
7942480
7878107
7798914
8049169
7991065
8000769
7956426
8005322
8096926
8073846
8214147
8000354
7980571
7952172
8039442
7935314
7897743
8020599
7941936
7972381
7986248
7931718
7902970
7934682
8081513
7973812
8016590
7962568
7966241
7978855
8006657
8025447
7926083
8052592
7971236
7910562
8002239
7918275
8073052
7962118
7870513
7884760
7987005
8030413
7940519
8174031
7960629
7992484
8084076
7815873
8000692
7941312
7948879
7833461
8083901
7916636
8048006
7849526
8147202
7967945
7958243
8048679
7970478
7954182
7999566
7935165
7917974
7905698
7926148
8037557
7953842
8006190
7900028
7752922
7874302
8014150
7836440
7925943
7893023
7893560
7924247
7914119
7813972
7895493
7815948
7938946
7805974
7859361
7831741
7963007
7921175
8035337
7908916
8098374
7950314
7919162
8054168
8001219
8045607
8010987
7983447
7953219
8065988
8002715
8429833
8073062
8099727
7863831
7907266
8115537
8151814
7873999
7931346
8015381
7693839
7938922
7832610
7817070
7902385
7826570
7855553
7927709
8098494
8004800
6506581
7666192
7524743
5347335
7832130
7874848
7929607
7955608
7809780
8069842
7904508
7964833
8240483
7930180
7941373
8016408
7877821
8099929
7911938
7859260
7793247
7899449
7783737
7838913
7785711
7741067
7864151
7870378
7793789
7784656
7975979
7849841
7837873
7807998
7719240
7836226
7800446
7743239
7895874
7699607
7436768
7390919
7337613
7582406
7708321
7756459
7707777
7661779
7761138
7705766
7672130
7252929
7531857
7684844
7472353
7505022
7482667
