33458751
33249175
32680977
34261856
33970158
34254206
33092999
33404090
34048088
34323491
33116100
33621646
33685449
34474597
33905015
34286434
36016900
34176385
34267770
34046925
33755296
34161326
33339785
35023803
34837472
35491401
34523595
36015632
34663017
35091412
35536513
35028146
35822585
35178257
34007671
34677855
34179177
35558065
34706361
34432143
33839317
35186858
35491062
33688758
34186362
34193009
33796729
34710824
33954125
34526614
34634380
34806422
34287874
35010082
34252703
35056100
34542476
33907857
34010155
33713701
34190621
34414010
34376544
33954647
34080769
33620091
32810261
34163064
33362476
33590757
33359947
33203180
32852584
33900734
35606078
33553672
33333328
32915590
33553385
34776479
34335977
34626626
34200873
33726135
33909050
35407407
35025057
35307093
34935691
34642152
34484163
36351223
35700167
34684691
34949600
35116745
35689934
35346070
34736768
34158732
34894360
35232830
34475537
34737788
34431858
33801318
34291213
34141288
32970544
34011492
33241876
33635520
34329630
33455013
32884327
34088964
34295597
33128163
34652356
33914562
34572730
33396012
32961818
34715455
33935802
32857482
33475705
34444654
35024208
32041263
32922642
32830885
34281790
33098516
32441829
33115601
32324376
32400562
33869803
31974892
31836520
33061394
32859081
31921394
32029080
32749469
32587804
32918592
30762636
32306270
31942071
32785169
31943233
32126900
31809842
31949610
32353588
32988012
33150116
33062931
32809293
33475481
32759688
32893378
33142141
32811079
32106269
33221606
32068826
32198192
32234392
32183139
31097475
32087930
32195698
32214073
32871393
32257613
31706265
34757645
32407561
32698212
32353451
33462893
32640197
33231767
33132559
32614075
32246786
30540562
32925801
33439921
32742372
32802241
32730947
33783657
32978196
33420622
32913982
26189866
31272321
30328983
20819320
34014143
33788641
33117456
33583374
34832159
33900859
33773555
34305561
35205037
33755137
33637938
33333797
34894820
32855745
32432182
34625540
35204261
34219578
34918658
34728344
35221164
35045362
34265560
35095294
34609996
34815401
35171010
34316343
34569718
34743428
35769405
33990416
34052750
35213490
34479715
33438941
33091994
32681917
31505803
33845099
33029676
32907532
33066317
34124273
32764572
33049374
32387794
31741200
32610255
32214282
31747942
31441479
31454173
7465651
7546572
7674625
7559267
7651408
7632623
7678414
7710474
7749469
7723125
7756217
7717949
7765907
7805156
7803660
7751087
8091919
7819926
7920622
7766957
7865600
7896392
7880041
7874896
7871232
7797678
7806089
7800300
7863526
7576062
7905079
7903053
7809258
7871772
7948336
7861095
7930460
7935961
7965541
7977270
7952266
7852999
7896756
8058581
8009266
7972642
8036631
7916180
8006234
7952823
7890496
7958591
8067704
8016214
7905670
8089136
7990602
8043268
7940617
8006578
8174147
7957889
7956680
7996206
7945159
7966307
8052124
8112779
7911864
7976937
7853663
7984621
7944394
7913999
8055105
7940060
7881833
7799602
8044469
7994224
8004782
7956441
8000690
8098313
8075626
8212877
7998369
7982438
7954911
8041121
7934500
7897755
8022960
7941882
7972917
7988743
7934779
7901544
7938562
8080568
7978106
8023064
7967850
7968304
7979693
8005648
8023681
7927974
8053102
7966274
7912074
8002811
7921139
8077068
7963869
7872098
7886110
7987756
8030068
7941572
8174882
7963565
7993864
8087772
7820516
8001765
7945609
7945187
7833660
8084431
7914778
8049984
7852646
8151629
7969425
7958981
8050772
7962989
7958122
8004317
7937360
7924841
7907982
7922791
8038917
7951011
8005720
7900110
7754972
7873629
8013658
7842321
7926297
7896683
7893830
7929408
7913024
7814555
7899685
7816844
7938792
7803800
7858183
7834466
7964563
7915984
8036982
7902630
8095430
7949827
7922069
8054923
7998347
8047405
8012851
7980379
7952192
8068112
8003846
8429601
8071326
8099488
7864947
7907508
8123980
8149660
7876594
7936110
8013878
7694785
7935310
7835035
7815910
7901939
7825512
7856562
7928281
8098386
8004065
6509667
7664783
7529473
5345519
7828757
7875806
7928910
7954072
7810824
8067660
7909340
7965506
8243799
7930859
7941653
8012832
7880049
8099800
7909923
7864172
7795981
7901720
7786504
7838342
7787798
7742681
7871328
7864917
7794216
7787970
7970380
7845661
7840811
7812056
7720624
7835033
7793575
7748412
7899736
7701447
7439326
7389958
7338416
7582582
7711300
7760035
7710421
7658826
7761667
7703685
7670688
7257708
7534849
7684933
7473687
7505345
7483102
