33538721
33320638
32734858
34317060
34041788
34303890
33170520
33495817
34124247
34394358
33215766
33709150
33738441
34549759
33963802
34364944
36066993
34251520
34340660
34114213
33803097
34213754
33402909
35092922
34889936
35533650
34572178
36093995
34728479
35136449
35614007
35154550
35922234
35222635
34083400
34758307
34241625
35614762
34778431
34498432
33920500
35282935
35577373
33757258
34258607
34252401
33866658
34787743
34047286
34599497
34688085
34875473
34358461
35084768
34323440
35128264
34601962
33974747
34074076
33788321
34259748
34478397
34466348
34050020
34162095
33705152
32896691
34210601
33463029
33667501
33410355
33278642
32912067
33980392
35677145
33617307
33371679
32967726
33628859
34837415
34403938
34696723
34255935
33791126
33967821
35493023
35103664
35388202
35015404
34706718
34562602
36426036
35785203
34746576
35006523
35176609
35748866
35429859
34817919
34224536
34947826
35286163
34537317
34801497
34508605
33894614
34358393
34211634
33052029
34079032
33316522
33742029
34396994
33505976
32935248
34164206
34353640
33198241
34723035
34017062
34639774
33477182
33031094
34777948
34025617
32939933
33542864
34535309
35081391
32119875
33002319
32882342
34361634
33175862
32528397
33196695
32389039
32473167
33936918
32078423
31888416
33113833
32940439
32016349
32104546
32820350
32648959
32991090
30840255
32366468
32016601
32853953
31993117
32210700
31905114
32008256
32431881
33055944
33230049
33138736
32884725
33550486
32834005
32949574
33201049
32894034
32175220
33323617
32166603
32265161
32307666
32263215
31177483
32166686
32239499
32295852
32963313
32327398
31783521
34832042
32471847
32765685
32414735
33544435
32684767
33315892
33187148
32672788
32314277
30609445
32999247
33496781
32814220
32887069
32816194
33844591
33036310
33485596
32985574
26238830
31328726
30395792
20881155
34108814
33857468
33186901
33651004
34904494
33961714
33845175
34379201
35271870
33820684
33731232
33398565
34969637
32954256
32510673
34686543
35284862
34271277
34996867
34811610
35304167
35119372
34320862
35164176
34694722
34869520
35250786
34391083
34663061
34793624
35846371
34054121
34117980
35297191
34529514
33507701
33162130
32758872
31580652
33895104
33109992
32954967
33112923
34194011
32850421
33116584
32462609
31800607
32668811
32288538
31831018
31515187
31504629
7469962
7553526
7676187
7558533
7650685
7637693
7686054
7716109
7754264
7725972
7765157
7726152
7768983
7809547
7804449
7758069
8090979
7824893
7923612
7768275
7868186
7898023
7883193
7880173
7871565
7802895
7804818
7804856
7866843
7576951
7906695
7913284
7819708
7873771
7951972
7868120
7935215
7938227
7969115
7982109
7959355
7861049
7900668
8058968
8012985
7975052
8041006
7920260
8015995
7954452
7892703
7960458
8068605
8019244
7908537
8095375
7993948
8044304
7939670
8009777
8173710
7961952
7962609
8001463
7952570
7973686
8058194
8114949
7914438
7978626
7855206
7990637
7948036
7919893
8058580
7944212
7879445
7802402
8048833
7997277
8008193
7961720
8004725
8101785
8076520
8217179
8002459
7986220
7957060
8049188
7939761
7901537
8026971
7946746
7974620
7990587
7935363
7905857
7943472
8080448
7978749
8021464
7969144
7969849
7983497
8011054
8028820
7931375
8059977
7970631
7917655
8011366
7924635
8077940
7965037
7876893
7890670
7995006
8037412
7950788
8177133
7966054
7998219
8089772
7827895
8004221
7950884
7950370
7838369
8090693
7919830
8051615
7858590
8157321
7977200
7963084
8053926
7968985
7958436
8010037
7938018
7923693
7909718
7932660
8047628
7954614
8005617
7903187
7763483
7878193
8016254
7845704
7927961
7902929
7900719
7931571
7918844
7816797
7902676
7822545
7945595
7806703
7864040
7835679
7968679
7922771
8039603
7910314
8104374
7952618
7927283
8060895
8006158
8050937
8016111
7989641
7959428
8070534
8009034
8432886
8075720
8100596
7871640
7912908
8123433
8156677
7874938
7938367
8020470
7702042
7942541
7837429
7821740
7908156
7830223
7858562
7929597
8102960
8007499
6514459
7664286
7534663
5351311
7834302
7880679
7930568
7958337
7817025
8070281
7914265
7968125
8242732
7935398
7947925
8020362
7885916
8108807
7914879
7861431
7801688
7901808
7790690
7845469
7794595
7746221
7868210
7868752
7797909
7790307
7978187
7854533
7847305
7814679
7727765
7838119
7797343
7751513
7901504
7706288
7441947
7399035
7343736
7583630
7719579
7760103
7709847
7661470
7769451
7706281
7677581
7261349
7537027
7688129
7479538
7512414
7485700
