33415561
33210410
32619042
34210304
33907582
34171010
33034354
33340072
33995068
34269921
33055221
33579958
33618959
34416365
33827376
34245457
35936623
34109512
34211634
33978625
33685493
34086379
33276761
34954196
34784114
35418871
34433008
35939849
34592831
35009663
35488666
34985992
35763604
35103919
33939263
34612527
34112771
35476854
34629793
34385208
33771608
35125775
35439502
33628143
34129427
34147942
33729704
34655777
33901328
34463344
34575878
34744543
34218172
34957304
34187944
35019622
34481368
33860538
33929792
33638872
34149401
34357191
34324502
33909031
34034467
33568463
32766280
34079974
33326845
33541037
33285480
33151508
32799523
33842925
35535671
33486113
33248518
32845847
33488292
34700885
34270719
34553160
34148128
33654383
33856343
35349792
34968317
35233635
34861421
34579561
34418850
36301593
35637099
34590557
34878285
35027550
35600152
35305255
34702756
34080529
34814815
35149527
34391156
34665355
34369609
33760596
34229333
34087297
32899550
33937388
33177281
33591094
34254718
33367591
32819942
34027876
34231946
33058056
34574424
33857027
34494939
33354766
32884627
34642354
33858348
32798887
33403017
34376359
34944510
31962906
32866373
32747786
34203110
33036644
32380242
33048933
32249385
32334155
33809242
31930239
31766382
32979641
32796488
31862329
31966879
32678327
32529213
32863809
30669996
32235857
31871533
32706887
31892892
32076517
31734565
31887610
32312249
32909212
33080389
32991670
32728149
33407383
32711425
32814311
33070821
32751041
32033813
33187486
32029327
32124160
32157710
32110876
31031890
32018174
32092486
32130404
32807323
32175246
31642961
34690669
32325346
32638349
32286475
33400832
32546031
33174636
33047474
32534649
32160312
30481186
32890494
33353175
32682457
32742045
32674662
33698691
32893763
33338404
32831755
26126742
31191871
30235888
20775940
33953511
33726526
33039569
33501261
34748755
33833793
33688924
34221567
35134417
33667523
33553080
33261402
34808687
32784460
32383522
34543134
35122628
34122187
34836307
34629507
35159349
34962245
34178860
35030888
34534235
34716317
35101211
34244459
34492957
34640189
35673515
33914284
33972459
35121180
34407565
33328984
33015850
32620705
31425938
33745724
32959314
32823050
32985748
34056839
32711462
32971398
32333247
31677230
32493025
32168589
31670651
31375938
31352471
7458409
7537970
7662573
7545776
7637777
7620811
7669430
7698978
7740075
7712222
7742171
7712119
7753393
7798827
7789542
7747039
8078353
7805229
7908636
7755914
7854188
7885348
7868184
7866323
7862860
7790176
7792312
7787441
7850495
7563026
7891397
7892793
7802017
7860853
7936063
7854051
7917863
7924202
7951383
7968749
7937947
7841193
7888086
8043270
7996645
7963628
8026472
7908812
7998441
7941767
7880709
7949296
8052948
8004271
7893833
8081228
7982301
8033826
7925778
7990984
8163874
7948044
7945314
7986494
7939268
7955577
8041338
8093817
7897808
7963817
7842008
7977003
7933718
7906280
8043090
7929429
7866483
7789022
8035694
7982379
7991998
7944474
7994107
8083823
8063865
8204009
7987596
7970166
7938947
8032579
7923421
7888803
8013684
7928381
7959629
7975362
7920621
7892632
7930263
8066729
7964386
8006932
7952400
7956878
7969140
7993979
8012178
7918380
8041466
7955880
7903137
7992779
7908659
8063275
7954164
7861315
7873696
7973979
8021208
7929351
8160119
7954286
7980680
8076149
7806662
7988640
7933666
7934075
7819949
8069058
7903361
8036513
7839689
8141241
7955978
7944896
8037282
7952541
7945916
7992596
7926169
7908627
7892216
7912486
8028163
7941448
7994167
7888913
7738123
7861835
7999765
7827404
7917091
7884645
7878270
7914482
7905646
7801476
7883357
7800947
7925804
7793095
7850013
7818230
7953157
7905809
8020988
7896544
8086170
7933152
7908593
8040083
7987312
8030731
7994624
7967107
7940998
8050386
7993710
8418446
8056067
8087085
7853763
7894317
8104550
8140098
7861991
7917718
7998256
7682417
7928434
7821784
7804751
7890222
7815694
7844517
7912614
8083281
7988650
6496188
7652587
7511500
5333723
7816578
7867492
7913999
7941084
7798695
8051711
7895664
7947662
8230836
7917920
7924228
8001986
7866052
8087459
7900662
7846268
7784455
7887009
7772079
7826798
7776325
7729609
7852668
7853781
7781556
7769309
7959632
7836313
7826060
7800497
7710697
7821799
7781823
7733357
7890979
7684959
7424161
7380205
7323124
7568623
7701024
7746710
7693744
7645989
7750538
7692044
7659965
7246680
7517916
7672468
7458643
7491212
7462243
