33292580
33077398
32470213
34067126
33773958
34037453
32893988
33222312
33850955
34128918
32908495
33432137
33474644
34285986
33683220
34107557
35799121
33949383
34071818
33830118
33513698
33924344
33135285
34814604
34618946
35281288
34275528
35791234
34442009
34893322
35339244
34830283
35637055
34952294
33810596
34453116
33966803
35339840
34496177
34237225
33629350
34978821
35280913
33464650
33972200
33967396
33574148
34484145
33741598
34315814
34417266
34589117
34079255
34812831
34053996
34877921
34316353
33682975
33772687
33465131
34005671
34203799
34166214
33748712
33845517
33401502
32615164
33958495
33137562
33386209
33130083
32980137
32607113
33681943
35385262
33325314
33102460
32673618
33339068
34541485
34104096
34415613
33982886
33514571
33694568
35219502
34830413
35093906
34715551
34404175
34259896
36149520
35487099
34427791
34714027
34884974
35458944
35148708
34549041
33922221
34651672
34987480
34226243
34488695
34198186
33576436
34067788
33910109
32731050
33797140
33015420
33425327
34108697
33237418
32645059
33861220
34072198
32893434
34430305
33703314
34324497
33175646
32732161
34480268
33698381
32631539
33221758
34244550
34778447
31801413
32699352
32589082
34052120
32878323
32210821
32883366
32083216
32193232
33632085
31777473
31610035
32803122
32630689
31691326
31795170
32514273
32354064
32691072
30517958
32093545
31696342
32540285
31716105
31891991
31578677
31732646
32132288
32754924
32932784
32814227
32582121
33246934
32552130
32648712
32902400
32587546
31877585
33018119
31871905
31954766
31982334
31940331
30853768
31870754
31947126
31980132
32627976
31997272
31486322
34559170
32165130
32453738
32122616
33246989
32392490
33021540
32899110
32382750
32011802
30332898
32713933
33188050
32521448
32580757
32502517
33522785
32758810
33206020
32693608
25973112
31043108
30100121
20634425
33800079
33559044
32879994
33337326
34597079
33678259
33528085
34042610
34995996
33505067
33401982
33085498
34640309
32631020
32200411
34381170
34979862
33971555
34694873
34486635
35006041
34827746
34021648
34875379
34372367
34565323
34938733
34092318
34339953
34494781
35537992
33763761
33824351
34974718
34272256
33201720
32876166
32483074
31290910
33609607
32826897
32677616
32846126
33916085
32565111
32850507
32175326
31525428
32381586
32022599
31530781
31230248
31228428
7475629
7557477
7681872
7566667
7655781
7637126
7688171
7721972
7758013
7733600
7762809
7727112
7773035
7816893
7807506
7764942
8101483
7823735
7932296
7774077
7870649
7902989
7888772
7884006
7877010
7808201
7808769
7806644
7872221
7585517
7912753
7912411
7823247
7880500
7960389
7871645
7938512
7945106
7973888
7991367
7960605
7864634
7903226
8062998
8015404
7980858
8046831
7927310
8018634
7963844
7899275
7966137
8075240
8025459
7919419
8104875
8000027
8050885
7945437
8011075
8185485
7965355
7965718
8002278
7952105
7974478
8061701
8124005
7915618
7983866
7856807
7993108
7947991
7921889
8062839
7945470
7887048
7804054
8052054
8001052
8011505
7966289
8012749
8106700
8084012
8228087
8012076
7990519
7962138
8048419
7945488
7908076
8033314
7948302
7980414
7997596
7941579
7915481
7949064
8088429
7982509
8025171
7967459
7973870
7986364
8011682
8035727
7935632
8058445
7976969
7920300
8009171
7929327
8081555
7971052
7879355
7894525
7990876
8042766
7950870
8183544
7972663
8000579
8097422
7822989
8007637
7948738
7958242
7841093
8088507
7921997
8055321
7857530
8159218
7971955
7964939
8054703
7973610
7961745
8008530
7944881
7924009
7910913
7927679
8044573
7958701
8012607
7906390
7755892
7882548
8015540
7843299
7928823
7898982
7895077
7932414
7918643
7820820
7903075
7817895
7944451
7811721
7864344
7837113
7967895
7922814
8040432
7911122
8105831
7952092
7923121
8060024
8000339
8052144
8013236
7987437
7955486
8066887
8011839
8443231
8075485
8101467
7871180
7918315
8123956
8161138
7879086
7939558
8019858
7703060
7944684
7836243
7822109
7908516
7829856
7861256
7935829
8107121
8010699
6506793
7665356
7530405
5335165
7834315
7884526
7933840
7957686
7820577
8073489
7913203
7967534
8253234
7937620
7946484
8018303
7883589
8103315
7915613
7864233
7805767
7907116
7792274
7844249
7797099
7747810
7873750
7871918
7798559
7788059
7978876
7855360
7847071
7814687
7730332
7840994
7800531
7753160
7909692
7705494
7439307
7398368
7340284
7585503
7717821
7763339
7717029
7664767
7767626
7714477
7675879
7261465
7537325
7693231
7475852
7507444
7484392
