33380924
33180365
32592588
34172709
33861086
34157327
32986935
33303862
33959211
34235067
33017986
33546351
33594408
34399883
33802034
34209393
35894596
34074768
34150868
33938684
33643156
34015356
33219931
34894895
34736130
35387679
34379905
35885694
34535433
34977719
35426266
34919162
35749501
35042705
33924752
34560891
34081936
35453760
34614308
34353721
33742171
35074463
35383267
33569132
34089341
34061704
33691959
34609787
33843263
34412407
34527866
34698220
34170779
34922202
34145789
34961276
34426590
33784805
33881096
33578290
34095687
34293317
34277050
33846790
33937057
33513588
32695619
34060644
33258361
33458937
33238628
33088680
32735115
33803399
35491817
33433993
33203026
32774704
33432567
34641921
34207414
34509642
34081093
33611504
33797021
35300548
34910794
35185053
34817168
34511667
34369317
36249043
35598254
34541357
34801855
34984427
35555879
35241011
34646434
34028143
34751050
35100971
34339109
34595180
34296901
33683066
34152086
34005156
32834211
33888154
33111311
33507225
34214233
33317515
32731682
33959872
34170350
32988198
34518661
33794938
34436891
33277581
32802137
34580171
33794303
32710666
33342815
34326549
34885463
31904536
32808375
32685911
34159729
32967006
32288757
32987302
32156192
32270986
33752005
31872373
31689972
32931277
32736906
31791020
31888548
32620221
32442816
32792395
30613804
32176292
31793962
32616386
31813080
31992849
31668376
31830077
32219309
32841769
33014024
32919077
32686622
33330248
32657621
32750661
32983087
32687016
31985433
33115757
31963810
32033736
32087865
32038536
30961110
31951005
32045726
32058650
32752936
32108002
31582707
34630510
32252092
32577193
32204815
33322067
32483160
33131852
32996336
32481997
32106080
30412546
32816374
33285533
32604335
32682925
32603040
33613076
32837251
33296081
32809135
26068806
31144314
30172771
20720512
33890260
33642752
32970338
33436818
34703261
33763641
33640494
34141756
35088302
33616751
33501957
33199623
34747212
32735125
32298707
34485377
35070512
34079740
34766266
34598128
35105626
34920942
34100784
34976013
34477145
34656507
35053043
34182934
34442704
34586863
35631205
33871349
33925157
35078473
34375841
33313615
32972890
32577026
31370704
33703016
32916139
32766636
32923170
34016217
32639045
32943010
32296578
31625194
32470997
32108949
31587724
31317784
31318298
7495767
7579376
7702097
7582174
7677515
7661417
7710421
7740757
7781469
7750824
7783237
7750587
7796227
7841119
7831806
7785330
8122789
7850801
7949510
7796576
7894323
7923041
7906232
7905175
7901870
7831402
7830926
7824145
7890376
7602820
7933124
7932574
7845679
7899570
7981200
7895038
7961623
7966118
7999514
8014001
7984392
7885002
7926669
8086852
8039235
8001963
8070486
7951564
8038612
7983602
7921008
7990599
8096204
8048885
7937457
8123994
8023400
8074802
7969852
8032484
8207562
7989730
7989545
8025469
7974777
7998514
8081057
8144787
7941415
8003684
7879338
8016937
7976347
7946215
8089449
7969812
7907733
7827010
8076806
8023433
8030220
7987394
8035265
8127979
8107286
8243987
8030638
8011832
7985149
8072129
7966111
7926540
8054968
7968781
8002717
8018540
7960727
7934375
7966323
8112196
8006158
8051106
7994839
7996422
8007612
8035373
8054295
7957441
8080844
7999411
7941803
8030372
7953068
8102913
7991947
7899322
7916159
8016087
8059824
7970539
8205435
7993877
8019333
8117364
7848052
8026663
7973011
7975888
7862643
8113815
7943362
8077758
7880554
8182069
7992078
7990382
8077282
7990464
7986484
8036188
7964563
7950510
7933166
7952829
8066360
7980465
8031448
7928743
7777724
7901294
8040487
7865715
7953731
7922644
7917935
7955216
7939655
7838059
7925362
7841746
7972309
7831087
7889657
7857763
7990328
7947802
8064596
7936366
8127994
7972003
7947811
8082206
8030318
8076114
8037883
8005443
7981243
8094052
8034730
8462371
8096128
8130916
7896130
7934885
8148319
8185265
7899090
7960887
8038360
7723779
7967241
7859482
7845017
7931099
7854718
7879733
7954704
8130986
8032275
6529713
7690541
7551114
5356675
7853618
7907102
7955112
7979195
7840796
8093387
7938872
7989187
8274807
7960716
7967121
8042433
7906932
8131594
7938209
7884759
7825829
7927702
7807713
7866256
7815904
7768737
7893018
7891637
7820660
7813067
8003894
7875532
7866437
7838718
7746750
7864252
7822688
7772247
7928845
7729759
7461747
7418289
7362821
7605709
7739740
7783271
7733693
7685574
7788374
7737289
7704268
7279544
7558277
7710432
7492164
7527605
7506818
