33341070
33115938
32523973
34132491
33845071
34104490
32933028
33246426
33917009
34183144
32968024
33485168
33516834
34343780
33737008
34134475
35860580
34023209
34119466
33891400
33586875
33975510
33165296
34874489
34677653
35315461
34346016
35848449
34504046
34939413
35396278
34881000
35697554
34994671
33848401
34525597
34003642
35405609
34568501
34300590
33690113
35019048
35336455
33532650
34013345
34019125
33629271
34552564
33800864
34365603
34451121
34652429
34146500
34856328
34098084
34901914
34394147
33722896
33846727
33535185
34040936
34248288
34208189
33813732
33902321
33451647
32638894
33990584
33195806
33439739
33175484
33030948
32669075
33746011
35467769
33389317
33171616
32753235
33365014
34597633
34158829
34475493
34024811
33558390
33731404
35260629
34864205
35141066
34770983
34458555
34316959
36187968
35533833
34520906
34773525
34938753
35519824
35205784
34611860
33979308
34704221
35048393
34286347
34538696
34251028
33641296
34127232
33972648
32781940
33831115
33047404
33457762
34146548
33255397
32696526
33913619
34101552
32936517
34481441
33737118
34386941
33223094
32766402
34548045
33741216
32679143
33282354
34266727
34830240
31828784
32767507
32631689
34103685
32930719
32252497
32925105
32109811
32209844
33669718
31825056
31650842
32871095
32669190
31740185
31845965
32564789
32412787
32741816
30568133
32140326
31753883
32572932
31761332
31938408
31617496
31788086
32176477
32792610
32950423
32882654
32598013
33292812
32589026
32698767
32926138
32646161
31936627
33045937
31890238
31986927
32043137
31988436
30899246
31902659
32003535
32001076
32682346
32047178
31521741
34562396
32216885
32504878
32164043
33260615
32416454
33069025
32937628
32397503
32046591
30379555
32765895
33232868
32557397
32619247
32572517
33558513
32778757
33242105
32749767
26014165
31088252
30126176
20699861
33838173
33596438
32923374
33389029
34649610
33715521
33588921
34113016
35034477
33548665
33467640
33141977
34690595
32692900
32242171
34456192
35033568
34004286
34736262
34552438
35058623
34860672
34059243
34925393
34417484
34620770
35025987
34151865
34389645
34548273
35587693
33823821
33892687
35018777
34310303
33261851
32921121
32512151
31313790
33678129
32865612
32724527
32891575
33971588
32597534
32896946
32219654
31567275
32430049
32060397
31569386
31279363
31291836
7498713
7579596
7705202
7588533
7682726
7663283
7710650
7740852
7783322
7754202
7787547
7753379
7795232
7843768
7831245
7783359
8127586
7849222
7957129
7800362
7896394
7924279
7908077
7912629
7903077
7829722
7836568
7829339
7896830
7605908
7940226
7937040
7847588
7903411
7981293
7897072
7959966
7971724
8001025
8017851
7987017
7889015
7932301
8089787
8040630
8006504
8075348
7953432
8042109
7988176
7923897
7995079
8104738
8048964
7943130
8127208
8032733
8073792
7974919
8038108
8211076
7992303
7988535
8030714
7979332
8001977
8084782
8144921
7941072
8011036
7880230
8018608
7979255
7951583
8094247
7974746
7915131
7833663
8075083
8026197
8037374
7994058
8032778
8130381
8106249
8251990
8035114
8014551
7985302
8074064
7970123
7931493
8056781
7979497
8007015
8023212
7967472
7939620
7973538
8112859
8006948
8053642
7994742
7998092
8010780
8038675
8060533
7961234
8082911
7999962
7941073
8033776
7951245
8105956
7996618
7904338
7918037
8018675
8065995
7972318
8209606
7999443
8023048
8122234
7851249
8030552
7974722
7977118
7865355
8111377
7947256
8079852
7884092
8188912
7997412
7990676
8081125
7992649
7985165
8034721
7968252
7950619
7934336
7956369
8071369
7979053
8037347
7933380
7782026
7906222
8042405
7869425
7959872
7929046
7921662
7958104
7944392
7844399
7926161
7845599
7966503
7834918
7888011
7857605
7989970
7950658
8067947
7935715
8125254
7977952
7951386
8084990
8028325
8077581
8040692
8007246
7982670
8095098
8034551
8465890
8102535
8131919
7895571
7937277
8150098
8187739
7902267
7961751
8042687
7728163
7968041
7862616
7845976
7930371
7858396
7882648
7954316
8133007
8036823
6527261
7691233
7551695
5361469
7857011
7909617
7958772
7984948
7842238
8099222
7941968
7994816
8278284
7962684
7972394
8045872
7906680
8133050
7940285
7892178
7830887
7925077
7813407
7868630
7819089
7770528
7892412
7896059
7824791
7815667
8008790
7881800
7869039
7842560
7750598
7865941
7828837
7773119
7934143
7730797
7466201
7418631
7361138
7612106
7741739
7786694
7736826
7689066
7788572
7735111
7700075
7283759
7562448
7715093
7498051
7533064
7511670
