33507242
33273377
32671759
34274034
33983031
34277721
33082242
33413618
34078201
34349584
33123108
33634877
33693168
34496327
33891858
34305237
36018972
34167599
34260711
34040106
33736385
34146464
33326505
35025710
34851827
35497954
34501119
36031459
34677218
35106825
35553683
35035620
35849389
35169462
34018422
34667988
34177075
35547530
34719025
34458234
33845592
35178624
35483728
33688552
34189709
34178781
33781130
34699458
33932492
34490674
34631994
34790202
34292280
35002060
34240706
35048348
34521702
33879503
33976367
33675436
34189811
34387275
34379107
33970087
34056189
33601955
32794006
34138297
33329830
33570987
33327383
33175085
32813217
33877965
35607179
33526824
33314198
32896589
33512653
34754552
34288018
34621433
34187317
33696945
33890840
35401184
35011264
35300356
34901541
34602103
34460958
36348882
35691757
34640138
34903069
35094525
35673433
35342885
34749636
34137805
34835800
35199707
34431390
34695473
34406685
33773911
34249383
34106835
32921783
33979440
33208337
33604558
34302573
33413944
32835425
34052369
34268772
33085252
34613908
33897914
34532042
33354760
32896276
34693122
33876735
32812459
33435752
34437627
34990030
31989124
32881820
32775609
34245582
33066652
32397333
33066346
32233511
32346679
33827387
31942935
31798544
33009368
32838790
31867748
31958103
32695637
32519935
32861075
30692342
32260210
31888858
32703449
31898456
32072403
31775556
31903766
32321634
32928131
33088678
33009103
32746143
33443696
32718533
32841373
33074004
32759572
32063793
33208281
32042337
32119217
32169754
32126211
31040095
32040003
32130725
32160417
32834886
32187378
31653246
34719307
32346736
32663595
32273878
33407720
32573512
33203405
33065165
32551378
32196364
30486414
32889611
33373189
32693177
32757098
32696195
33706278
32914791
33377632
32906004
26138868
31223261
30257040
20769195
33992576
33737457
33076296
33531987
34816258
33841247
33715200
34255696
35181540
33698020
33577984
33286587
34848817
32820526
32380363
34597477
35183746
34166234
34891704
34695761
35222463
35028105
34229176
35084218
34575745
34753080
35153356
34294115
34537996
34683638
35729692
33973942
34033028
35165380
34473029
33409237
33082739
32685894
31462378
33800938
33000153
32874291
33021831
34119176
32763841
33045747
32387476
31712021
32571092
32193753
31710879
31416754
31421495
7545943
7626276
7748904
7631140
7726730
7715179
7756785
7790821
7832905
7803920
7835029
7800135
7843650
7889345
7880931
7830888
8174642
7898495
8000971
7846394
7943524
7977809
7960054
7956084
7953459
7878236
7882550
7880913
7947732
7647756
7984405
7983987
7891326
7955314
8033735
7943116
8011690
8013626
8050190
8067662
8035446
7933623
7976135
8141078
8092959
8057214
8121808
8000546
8087513
8032500
7972850
8040108
8151160
8100037
7990408
8174197
8071486
8122742
8021345
8085264
8259762
8038980
8035810
8078718
8029180
8050970
8135026
8194410
7990038
8057807
7930456
8071024
8025617
7993344
8143181
8019731
7963935
7882252
8128300
8076582
8085218
8040617
8083690
8178974
8154959
8297217
8081290
8062196
8032267
8120559
8014122
7976114
8105053
8019554
8050157
8070952
8014822
7984444
8020244
8165709
8054547
8104617
8043082
8045290
8062658
8085890
8104662
8008668
8135728
8047976
7992277
8083056
8001068
8157422
8043708
7948497
7966529
8067681
8108283
8023425
8255948
8043189
8072234
8167895
7894947
8081158
8026337
8028085
7908798
8166160
7991406
8130060
7928738
8235654
8049590
8037025
8127247
8040919
8035052
8085662
8018029
8001569
7989310
8003173
8117357
8028863
8084248
7977277
7829670
7952542
8091082
7914428
8008320
7974111
7974932
8004843
7994371
7889794
7970511
7891715
8014983
7883129
7937451
7907112
8037717
7997254
8113913
7986852
8178936
8027763
7998278
8136337
8078267
8126146
8088358
8062780
8033700
8145269
8082155
8514909
8149764
8182362
7937757
7984106
8201270
8237490
7947066
8012259
8096359
7770736
8018524
7908452
7893127
7978966
7902284
7932334
8002743
8180224
8086679
6573329
7742286
7599933
5393033
7905189
7955118
8007708
8031586
7893887
8141729
7984428
8041207
8327042
8012756
8016306
8095150
7954925
8179686
7987540
7936753
7874917
7973435
7860687
7915448
7868331
7813459
7946253
7943410
7871127
7860137
8051291
7925703
7916944
7885572
7792832
7913570
7874529
7818916
7979475
7779897
7510192
7466473
7406176
7654065
7786741
7832984
7784910
7735066
7840924
7785821
7751209
7327740
7606206
7761479
7544886
7575710
7554467
