33421833
33204525
32602655
34209830
33913749
34196961
33008604
33343728
33990350
34295178
33052494
33580599
33609837
34421558
33812826
34219848
35934693
34082675
34213275
33966805
33676319
34066336
33249273
34957057
34777074
35411654
34413212
35940669
34577947
35027793
35481049
34962739
35786074
35078367
33924848
34579338
34110988
35480977
34629892
34375060
33768475
35111302
35425148
33589135
34107288
34089994
33709843
34616723
33882488
34421245
34547883
34742416
34215553
34925601
34163893
34983574
34453744
33803366
33896530
33595025
34117591
34315028
34290056
33883457
33995104
33536392
32698155
34053489
33260668
33489866
33263608
33079571
32721232
33816123
35534348
33435087
33224402
32813362
33471185
34681426
34234680
34550345
34110764
33610989
33803433
35326357
34943434
35217913
34838207
34537171
34397847
36287211
35618187
34573280
34832019
35023802
35570319
35259688
34675288
34039121
34796728
35118820
34379733
34622794
34322022
33703309
34175817
34046736
32839763
33914691
33129379
33516071
34231210
33319398
32764037
33994126
34177371
32980238
34544840
33832651
34451208
33277993
32842034
34618847
33808740
32730637
33336375
34347510
34909656
31888420
32801496
32697551
34176426
32968355
32318542
32976850
32179166
32284735
33729736
31867398
31700093
32943445
32751593
31805554
31892045
32636045
32455285
32800951
30619893
32201516
31812910
32624410
31804789
32003749
31676896
31848196
32225774
32849769
33029403
32931232
32659022
33356514
32668894
32753537
33018391
32696260
31985597
33118796
31972187
32046785
32104828
32044625
30959744
31958583
32051923
32078084
32756191
32104698
31580697
34638900
32264547
32567480
32226125
33361352
32493280
33122590
32997039
32467596
32111485
30429381
32832590
33289956
32619505
32671264
32628519
33652820
32848103
33313100
32832279
26061322
31155447
30189229
20735043
33894754
33653098
32989203
33442204
34729736
33810743
33634591
34165728
35100907
33617155
33527344
33197783
34795168
32757702
32297883
34506940
35117868
34095452
34813540
34633780
35144367
34957297
34134170
35025489
34510977
34683995
35086137
34200554
34476859
34625401
35692810
33899508
33962375
35121300
34387433
33343477
33006678
32614566
31408163
33748515
32941158
32811285
32970349
34045644
32678199
32970455
32313830
31660108
32506608
32119161
31651637
31361409
31370107
7540280
7629815
7750819
7633974
7732725
7714161
7756350
7795464
7832695
7805128
7833916
7802912
7846749
7890976
7881696
7829871
8176596
7896013
8007925
7847604
7946673
7978080
7962441
7957719
7955829
7878739
7882652
7878289
7945160
7654753
7989459
7987036
7897971
7953270
8030829
7944564
8013911
8020088
8050068
8065652
8037188
7940689
7981570
8141268
8095667
8058167
8124602
8005264
8093211
8036760
7975303
8044947
8153536
8101027
7989862
8178216
8077447
8124674
8022954
8087215
8262586
8042443
8040610
8080171
8032642
8053859
8132296
8196495
7991828
8060014
7935758
8068125
8026237
7999488
8143227
8021397
7962645
7883193
8133033
8077875
8087668
8044741
8085432
8178839
8159303
8299586
8085083
8066007
8032465
8125702
8019438
7981842
8108285
8026613
8053221
8075482
8015700
7985492
8022229
8164423
8062562
8103719
8047969
8049677
8065007
8089076
8108472
8008712
8135976
8052103
7992333
8083339
8003340
8158212
8044465
7953653
7968770
8066883
8113575
8027196
8260577
8046566
8080341
8171376
7900969
8079026
8023898
8028070
7912906
8163152
7992520
8131459
7932462
8238389
8048662
8039162
8134506
8044614
8031302
8083213
8014313
7999746
7987303
8008771
8120017
8031904
8088726
7978355
7831252
7956525
8092554
7916325
8006131
7977225
7970715
8009937
7989761
7891403
7975099
7892359
8018566
7885693
7941537
7905284
8043884
7998322
8114468
7985867
8181179
8029609
8005242
8138111
8081861
8126905
8087613
8062444
8035506
8145985
8088833
8516044
8154977
8182213
7944783
7991850
8204715
8235934
7948765
8014531
8092008
7775325
8019960
7909296
7893754
7978906
7907332
7937326
8007060
8186947
8087804
6567596
7742600
7601743
5395809
7903987
7957392
8005905
8033605
7893378
8150223
7985574
8040609
8328695
8008953
8023742
8094410
7959278
8183207
7991162
7935844
7879153
7976644
7864915
7920051
7869243
7819639
7943306
7947291
7871870
7866810
8053805
7926043
7922002
7887239
7802532
7913228
7874889
7825700
7979528
7781517
7514822
7464958
7411753
7658262
7789839
7836235
7786960
7734875
7838734
7786010
7750733
7330744
7609586
7759350
7546419
7581454
7558994
