33377508
33146376
32536643
34133291
33851387
34153374
32951033
33264845
33928070
34195638
32991100
33507856
33540474
34344497
33766327
34161357
35883380
34039158
34125832
33888188
33606093
34011132
33180201
34880940
34679797
35363534
34347752
35860324
34501236
34951807
35421725
34885873
35717120
35021364
33885734
34513655
34015907
35414892
34564241
34278571
33673114
35021706
35357089
33519478
34036243
34026806
33619893
34536117
33813183
34357821
34463998
34636641
34136992
34849980
34075064
34921628
34380946
33720881
33845800
33519300
34042016
34247758
34220948
33789823
33877012
33442419
32635588
34001867
33201265
33422956
33166905
33030944
32648795
33727370
35461233
33356583
33159858
32738158
33375087
34599884
34143860
34474935
34032926
33551805
33748840
35239607
34866969
35140795
34777077
34449112
34308376
36206257
35539335
34503913
34770329
34931599
35506035
35185875
34593158
33981278
34699820
35075892
34291348
34544712
34249375
33630104
34085605
33962904
32765618
33825834
33048969
33473723
34152988
33244230
32673195
33884399
34121386
32932526
34482238
33743076
34398058
33200327
32774931
34536571
33744705
32661063
33273597
34281787
34843740
31818602
32727870
32609967
34079044
32880533
32232407
32892624
32091515
32195467
33647680
31803945
31609491
32846641
32642136
31702784
31825079
32554776
32356639
32725082
30537658
32129792
31730580
32559628
31725106
31916199
31606237
31750115
32150878
32775837
32941027
32850208
32605602
33275935
32584933
32704945
32943829
32606383
31912089
33044557
31900081
31967014
32026014
31969337
30875542
31890624
31981690
31999575
32664352
32024198
31472828
34587888
32187248
32482977
32134596
33269931
32422966
33075650
32920839
32410471
32033952
30326939
32740982
33229928
32548244
32587269
32544379
33562039
32783081
33240031
32722437
25991078
31090416
30109999
20674252
33810844
33588388
32911472
33382616
34660550
33714271
33578048
34125339
35038452
33563623
33462019
33139103
34716024
32684877
32210344
34438694
35014845
34033641
34739068
34589581
35095204
34894024
34080512
34936621
34457503
34610964
35038144
34170008
34417232
34587577
35594914
33832809
33875168
35050798
34315736
33272817
32934193
32551564
31352231
33697124
32881969
32752472
32887571
34004195
32601144
32901716
32250218
31576386
32444371
32082635
31583998
31292763
31312891
7567116
7646809
7775546
7653202
7752008
7738211
7780612
7811215
7850406
7824882
7859043
7824295
7866502
7909993
7906298
7854311
8202791
7921953
8028795
7868640
7970159
8000198
7981695
7977964
7972208
7904799
7904735
7898242
7964922
7672630
8011574
8007735
7919176
7975286
8059079
7965372
8030173
8040712
8074213
8086263
8054056
7958249
8002876
8158649
8116783
8082143
8145138
8026531
8115769
8058642
7996500
8062632
8175155
8122089
8010240
8202698
8099262
8146068
8049668
8109632
8284775
8065681
8060189
8098440
8045555
8073870
8157132
8221887
8014065
8080791
7953198
8094435
8049159
8019266
8168679
8041488
7986121
7903298
8153625
8101844
8105601
8064250
8108005
8203807
8183035
8321426
8105930
8084140
8058607
8147052
8039490
8001467
8129577
8046345
8078167
8095899
8036393
8007333
8044252
8189102
8081583
8127490
8069611
8072317
8084525
8112504
8127519
8032052
8155183
8069874
8013171
8111223
8022794
8182615
8064403
7971098
7991394
8093148
8138367
8048365
8285196
8069359
8101325
8194216
7920614
8105693
8046771
8054874
7937076
8186697
8016315
8151997
7952446
8258758
8070985
8056830
8153755
8066866
8053967
8109560
8035745
8021272
8007123
8024732
8146306
8055085
8105818
8003834
7850579
7977248
8113262
7937652
8026490
7998519
7991018
8027901
8017324
7913313
7993608
7914300
8043327
7904370
7961284
7931596
8062858
8015778
8139376
8009787
8202018
8047475
8023090
8157754
8103611
8151847
8110539
8084936
8056604
8165271
8104087
8548965
8173684
8204908
7964461
8009206
8227155
8264347
7969845
8035852
8117352
7791846
8038798
7934480
7916915
7999858
7926305
7956961
8028568
8206542
8106451
6583058
7766336
7617525
5406228
7924311
7979360
8029191
8057445
7916601
8170052
8011581
8063336
8351071
8031550
8045805
8117628
7980935
8207267
8010713
7958432
7895159
8000286
7886715
7944017
7890856
7841620
7966947
7964913
7897841
7882040
8078487
7950636
7944456
7911408
7816789
7936060
7893616
7845501
8000981
7801336
7531634
7485738
7433662
7680417
7811215
7858377
7808316
7758212
7859623
7808275
7771927
7348792
7630426
7785164
7568876
7599370
7580326
