33387264
33166396
32597319
34165726
33875693
34155936
33000080
33304456
33948667
34241415
33041864
33566985
33590945
34416265
33829972
34212078
35911179
34094484
34186653
33958376
33643479
34043722
33254686
34935127
34745699
35388659
34403252
35905054
34545875
35003041
35463387
34954260
35750113
35071345
33933208
34587116
34097811
35467056
34634076
34348595
33773750
35088564
35409493
33588765
34095191
34102853
33713197
34620301
33867970
34421104
34544494
34734577
34210777
34907246
34189083
34981388
34450899
33821497
33912576
33597909
34118690
34320266
34286011
33878710
33954857
33531946
32729188
34052078
33285547
33501932
33259358
33121369
32739441
33820666
35514392
33454956
33223741
32821374
33452276
34671259
34236531
34548808
34100307
33612138
33818173
35331180
34950326
35217503
34840057
34524175
34396616
36258556
35608249
34599752
34845587
34995377
35593809
35264409
34645754
34057759
34784317
35097267
34348824
34643962
34352733
33706939
34186033
34048143
32858646
33898767
33126647
33538513
34222408
33347500
32780900
33987124
34193679
33048423
34553415
33823712
34468182
33324360
32844419
34610222
33838713
32745449
33362162
34370102
34897087
31932969
32833205
32729473
34181743
32983892
32336711
33003245
32195186
32303055
33772348
31900439
31726910
32927104
32757019
31823735
31929154
32668524
32501836
32817784
30644894
32211879
31835534
32643113
31820367
32034833
31706300
31852350
32270825
32876989
33043222
32953342
32692593
33350872
32663507
32774631
33017916
32745437
32008022
33142340
32016170
32086782
32125893
32060953
30997569
31995092
32074250
32093309
32778836
32144420
31610853
34651207
32290285
32591518
32243500
33362904
32510975
33144754
33010767
32490177
32154829
30451895
32834213
33314148
32642361
32700885
32627995
33642635
32885481
33312502
32822345
26069479
31148633
30212030
20735059
33906493
33694909
33022132
33479215
34711650
33808081
33657557
34212838
35106233
33641638
33525056
33219532
34778416
32754871
32337381
34504828
35099708
34118811
34811130
34616438
35107271
34932042
34130861
34983805
34477710
34656962
35092982
34226627
34490906
34602309
35665790
33884684
33954085
35097964
34357561
33327293
32981910
32571519
31406807
33735467
32915163
32786834
32955251
34029181
32676941
32960671
32297965
31625052
32513607
32112508
31630922
31326640
31328829
7469708
7550912
7678532
7557029
7647174
7632543
7681173
7708857
7749800
7722885
7756006
7725488
7765817
7813385
7808946
7755139
8092434
7821255
7922254
7768184
7866046
7892597
7882913
7879346
7874055
7801143
7801225
7797533
7862066
7579513
7910148
7905960
7816704
7873304
7951926
7864144
7932150
7937634
7966551
7985229
7955723
7855450
7899349
8053696
8007938
7975100
8040919
7920296
8012267
7955420
7892891
7965773
8069523
8016735
7910830
8094941
7995841
8045508
7942550
8006735
8181192
7961213
7956707
7999686
7945152
7973729
8054227
8111949
7913229
7977456
7853657
7992103
7946052
7920603
8060368
7941133
7880771
7802556
8045845
7996977
8006244
7962862
8004359
8097168
8078247
8219202
8004950
7986230
7955305
8042915
7938372
7898799
8025666
7945328
7974752
7988946
7935258
7908462
7938310
8085599
7978790
8020650
7961081
7971134
7985112
8010348
8028135
7930089
8053697
7966735
7912902
8001812
7921902
8078153
7966799
7875402
7889103
7994039
8033286
7947237
8177143
7968935
7993065
8091299
7820335
8001293
7944489
7953012
7833341
8086447
7915128
8053236
7853367
8153274
7968734
7960814
8049362
7965664
7958459
8007936
7936929
7919734
7905944
7927976
8040518
7958139
8011348
7901224
7752986
7876367
8012480
7837626
7924168
7897838
7893180
7929363
7916986
7814381
7898271
7815701
7939691
7803488
7863192
7831042
7961351
7925498
8037679
7908655
8103995
7948756
7922960
8052684
8001572
8048196
8008767
7978897
7956297
8065529
8007847
8433002
8073192
8101297
7868496
7908505
8123126
8155591
7872898
7931273
8016112
7699260
7938043
7833478
7816795
7901607
7826528
7856088
7931819
8099054
8005131
6503442
7660524
7524259
5340431
7826606
7881502
7932981
7960241
7812364
8069347
7913350
7965808
8245694
7932919
7940761
8016755
7881680
8104054
7913364
7861292
7801892
7903740
7786512
7842068
7791226
7743134
7867142
7866108
7794755
7786088
7979157
7852550
7845467
7808448
7727718
7837522
7801927
7747110
7900561
7703060
7436054
7392600
7342208
7585098
7713074
7757087
7712980
7663494
7765306
7706710
7671273
7255861
7535099
7682979
7473191
7502118
7477294
