33306948
33093752
32481611
34090454
33778885
34072387
32878765
33192560
33857907
34143968
32919502
33448256
33468198
34286615
33680704
34115463
35816242
33970834
34068301
33830860
33523489
33922745
33110666
34817049
34624571
35290251
34283937
35794710
34444080
34896780
35326293
34817048
35651165
34959820
33804431
34455857
33969063
35348680
34501334
34222506
33622445
34953380
35282910
33443380
33973306
33942182
33558046
34461126
33756870
34316690
34412432
34571793
34062523
34782049
34022306
34860177
34318762
33656099
33762499
33481609
33978175
34169576
34137910
33735781
33824831
33400049
32563517
33925754
33112523
33371113
33107572
32954506
32582379
33665939
35409070
33294314
33076689
32669694
33300101
34532343
34087941
34401393
33948749
33473382
33665892
35200006
34818012
35087737
34718175
34402929
34251139
36154903
35504278
34435215
34715956
34864304
35442301
35125176
34531527
33915881
34636314
34988828
34237465
34466094
34183560
33545789
34030338
33908427
32711464
33754700
32995412
33380022
34095807
33183766
32628095
33847787
34046042
32858326
34397404
33668659
34331793
33129256
32679753
34466577
33667105
32588625
33193168
34213694
34778833
31730318
32674009
32586390
34034419
32846759
32170075
32838998
32026223
32146531
33599976
31731731
31542133
32787327
32600843
31635218
31748442
32492386
32304746
32640728
30468143
32067555
31679036
32484343
31649718
31851556
31555549
31680906
32094570
32706383
32880620
32787190
32554036
33224159
32520661
32626727
32866213
32540259
31840723
32994973
31816119
31889459
31961826
31918264
30807081
31810443
31923748
31933517
32594899
31977754
31418545
34508614
32133679
32437925
32074914
33207420
32357313
33037836
32863960
32326321
31983354
30263769
32691276
33164846
32490737
32539863
32474629
33496566
32728101
33172106
32685150
25953428
31029975
30053512
20629793
33764152
33533379
32857510
33321186
34588030
33670778
33496971
34044793
34956315
33496490
33406825
33076771
34642763
32625032
32137982
34385389
34988858
33981870
34687920
34495564
35032853
34802387
34026174
34889973
34393965
34572162
34965370
34091938
34349646
34498701
35558623
33770099
33828968
34982824
34294989
33215651
32884239
32488747
31292529
33630229
32828432
32700449
32829721
33942584
32562076
32830555
32181395
31519003
32386328
32012309
31530737
31220062
31234731
7564043
7645211
7772348
7653745
7745670
7727839
7773805
7804414
7846409
7820532
7853519
7818354
7860784
7905746
7901542
7852321
8197746
7916419
8023932
7861293
7959901
7995055
7973526
7972817
7972353
7898134
7900654
7893789
7963373
7669078
8005996
8003487
7912040
7971954
8051968
7961954
8026324
8038144
8069775
8082391
8053496
7955550
7999193
8155008
8112304
8070386
8138931
8017521
8109974
8056325
7992229
8056039
8170379
8115220
8009055
8199001
8093430
8143848
8037816
8109167
8281654
8059814
8052088
8093030
8045765
8071460
8151587
8217050
8007899
8078707
7951069
8085724
8043125
8016486
8167591
8038524
7980317
7895821
8143733
8094220
8103921
8059550
8101914
8198526
8174244
8323337
8104757
8083122
8054191
8147866
8035734
8000444
8128217
8043356
8077395
8091970
8034217
8006028
8038019
8180837
8076304
8122561
8065303
8067405
8081365
8104830
8127288
8028648
8153745
8063275
8009896
8102989
8022326
8175300
8062151
7969327
7986215
8086556
8129679
8039370
8280562
8062460
8091240
8189006
7915326
8097221
8041561
8044413
7931665
8178325
8012508
8154118
7949812
8259485
8062235
8055332
8144450
8065031
8051989
8102564
8030372
8017185
8003126
8019793
8134598
8048625
8103612
7995176
7845664
7971270
8106755
7930156
8016665
7993949
7986495
8021111
8009839
7908546
7990748
7907503
8038950
7903319
7956261
7925842
8056512
8012748
8132219
8005869
8194446
8040718
8018945
8153188
8097820
8142156
8105785
8076019
8049366
8166070
8100195
8542945
8169155
8201488
7960228
8006523
8221535
8257880
7964453
8029558
8113490
7785023
8036525
7929573
7911828
7999222
7919546
7950217
8025156
8203793
8104895
6581712
7758309
7615428
5400067
7922758
7975000
8026219
8051610
7908730
8167802
8004394
8056486
8347361
8029958
8040759
8112988
7976506
8203301
8000413
7955554
7898379
7999824
7883718
7934914
7888999
7836060
7967511
7963206
7891665
7884176
8071767
7946169
7938866
7902989
7818443
7930935
7894037
7840523
8003650
7798910
7529804
7481298
7427265
7677073
7808236
7853260
7802812
7753545
7858627
7799623
7766097
7343638
7626721
7778165
7562464
7594766
7571398
