33230262
33011906
32401753
33996380
33690715
33975719
32811506
33125372
33801825
34062040
32837398
33356205
33392240
34198272
33602488
34020668
35726202
33875858
33961686
33755811
33456001
33835968
33033245
34741906
34527635
35195876
34190811
35701994
34370088
34810181
35259086
34730486
35567002
34875097
33712368
34379779
33867590
35273787
34400900
34153463
33540317
34877769
35202025
33368452
33877745
33874539
33485898
34386267
33651879
34224419
34311196
34499348
33990339
34707819
33947964
34764355
34246581
33572850
33683143
33381634
33907330
34099063
34055948
33652198
33769402
33311933
32486661
33840038
33032695
33275938
33023197
32885396
32502194
33562583
35307876
33240258
33008324
32590402
33233987
34460961
34007305
34321376
33884893
33394430
33599644
35103849
34729479
35000897
34634595
34315526
34146225
36059513
35392635
34355997
34622851
34771880
35350191
35027084
34427368
33837928
34563200
34898160
34147760
34393353
34105406
33471312
33955584
33822561
32620948
33700023
32904241
33307315
34008225
33102784
32539730
33769085
33976925
32786171
34329467
33597190
34245302
33061590
32617759
34391474
33578877
32529483
33139813
34130055
34687726
31688893
32588884
32483654
33965799
32766221
32084991
32767524
31956476
32074242
33518267
31666203
31487731
32724516
32522276
31574019
31687796
32404448
32248211
32578922
30397877
31966576
31606838
32420832
31579490
31779013
31470461
31619178
31997685
32646694
32803950
32714436
32471129
33127874
32458932
32554586
32800004
32472330
31793560
32912285
31754694
31825402
31863307
31842400
30739610
31747547
31830662
31841988
32529681
31916843
31348066
34440848
32045878
32350472
31989616
33124162
32283093
32936370
32806194
32244974
31896418
30220178
32595125
33081328
32428245
32461949
32410046
33417364
32631867
33093402
32595748
25888196
30954200
29983973
20577193
33684448
33452054
32776958
33243412
34499483
33559026
33427616
33972785
34896892
33421135
33306540
33016101
34557358
32560400
32063873
34306195
34888121
33895141
34605954
34431555
34936907
34725754
33944186
34777132
34284201
34482194
34869768
34018047
34264026
34419605
35453501
33701156
33759651
34881901
34196482
33138103
32805280
32425581
31212897
33563988
32745481
32598224
32752538
33855119
32489606
32746674
32093696
31454093
32309068
31947058
31444333
31152620
31146753
7538009
7620494
7742971
7628745
7720573
7705019
7750776
7782628
7826255
7796985
7824181
7792208
7837668
7883875
7871561
7825209
8174391
7889428
7993175
7839867
7939738
7965695
7948504
7950345
7943095
7873483
7875580
7870997
7940916
7644122
7982139
7975503
7888848
7946294
8022182
7937061
7999789
8015044
8040585
8059334
8027773
7928770
7972399
8129596
8084484
8048238
8116134
7994966
8081381
8034727
7962161
8033527
8143846
8091479
7985178
8170303
8070256
8113620
8013700
8078534
8257757
8032356
8025038
8069059
8020251
8043927
8125800
8188681
7980349
8049470
7921221
8061567
8014968
7987819
8138278
8011454
7954292
7871449
8118637
8073868
8075108
8032503
8077316
8168146
8150020
8291757
8076619
8057505
8029163
8118180
8007407
7973570
8100139
8017990
8049569
8062604
8007564
7978734
8008990
8156364
8049588
8093571
8036067
8039944
8051175
8078420
8101939
8002074
8122556
8041251
7979286
8074736
7993265
8144562
8035055
7946234
7961008
8061473
8105135
8016774
8252083
8036192
8065539
8160966
7888089
8071191
8013411
8022401
7903396
8158190
7984565
8118705
7924056
8227606
8033986
8027051
8119878
8035632
8021984
8073159
8005141
7991803
7976006
7993839
8113433
8020619
8078640
7969807
7816991
7942392
8083707
7906571
7989208
7963572
7958564
7997083
7981587
7883240
7964690
7881683
8010225
7872767
7929238
7898631
8033180
7987363
8106811
7979265
8169181
8015620
7986065
8124452
8069776
8114138
8076977
8047778
8021441
8138825
8072346
8514503
8141146
8171987
7931714
7980977
8193433
8231959
7941561
8000181
8084229
7763199
8008052
7900980
7886820
7972016
7895699
7925271
7992587
8172828
8078469
6557034
7731627
7588668
5378597
7893944
7947938
7999046
8024541
7880875
8134547
7979681
8034333
8323964
8003146
8010011
8088422
7946297
8176197
7976634
7932623
7868618
7968450
7858283
7913399
7860169
7811691
7937559
7933818
7860413
7854818
8043758
7922734
7913552
7877424
7790350
7907215
7868239
7814342
7973863
7775270
7504279
7458150
7401091
7653992
7783288
7825887
7775968
7730555
7832370
7772057
7736759
7320684
7598409
7756966
7536578
7569934
7545295
