33206956
33014794
32358636
33978129
33683779
33966358
32789419
33102678
33762674
34039253
32820328
33330979
33379236
34200824
33605686
34006673
35730397
33877450
33979453
33735255
33453410
33837933
33032085
34756131
34542445
35202904
34162792
35700619
34342725
34805774
35238829
34739647
35549255
34861065
33706662
34370779
33874431
35255180
34410486
34145885
33546361
34870430
35188009
33361163
33872350
33874841
33467474
34377186
33674341
34210336
34305048
34479081
33985172
34709285
33953979
34754102
34233485
33559559
33659988
33399391
33895636
34098007
34074181
33646682
33737536
33318570
32478678
33847346
33038726
33271675
33020789
32862157
32490385
33584264
35304882
33225072
32994702
32592612
33227551
34456162
34011669
34312854
33874289
33395516
33599991
35110760
34712519
34988476
34633671
34298003
34156072
36061596
35391483
34351368
34628725
34769127
35359681
35043822
34443495
33842125
34578272
34905913
34155586
34393683
34093072
33470304
33960385
33843550
32615553
33693023
32917450
33299592
34000794
33103069
32549539
33781429
33964041
32789711
34345574
33603807
34238324
33066493
32612265
34392218
33596471
32513759
33108200
34131280
34694182
31682797
32609511
32471308
33939904
32760122
32085306
32754135
31968500
32066773
33511356
31645033
31490465
32726117
32536655
31581764
31695109
32410301
32247551
32605758
30403005
31988758
31574616
32419219
31587645
31776457
31472754
31607434
32014073
32640948
32824568
32715876
32479126
33140746
32443795
32551093
32791249
32489561
31778296
32914419
31756476
31840219
31879790
31835887
30737690
31760203
31840257
31849737
32529623
31895679
31341385
34450027
32077140
32353208
32003718
33130325
32288371
32924667
32797736
32275844
31894479
30186259
32620461
33086551
32419461
32469070
32402269
33415585
32649211
33107317
32605649
25888908
30949769
29983490
20586529
33696748
33463448
32785346
33249934
34509250
33577444
33426357
33967890
34878103
33414298
33320553
33012190
34572225
32549618
32079639
34310915
34892631
33904357
34592691
34429306
34924955
34744602
33930135
34785534
34308580
34486091
34879180
34015384
34280984
34433144
35477101
33695260
33762100
34909133
34195738
33139786
32807667
32393957
31212126
33549409
32746674
32598469
32753833
33844483
32488344
32755273
32094262
31453265
32309785
31930418
31453879
31133178
31163872
7529021
7614225
7732618
7619415
7714408
7694924
7738499
7770877
7814495
7787221
7817387
7784559
7828608
7876709
7866388
7818338
8166611
7881237
7990581
7834655
7929467
7958002
7943859
7946073
7937387
7869309
7865200
7861767
7930228
7639174
7976642
7969971
7882076
7940649
8019131
7928927
7997043
8004723
8034826
8049991
8023057
7924933
7962899
8123683
8076157
8040868
8103252
7985844
8077296
8023019
7955674
8025320
8137923
8086052
7974624
8164585
8060367
8107838
8006439
8073691
8243925
8024878
8023407
8060555
8011628
8038033
8115502
8181803
7973962
8041915
7914279
8052895
8007986
7983001
8131140
8006601
7945288
7864532
8112319
8064681
8070878
8024866
8066133
8165715
8143444
8287741
8066984
8049748
8019710
8110271
7999271
7963841
8094768
8009453
8041369
8054128
8002265
7971449
8006426
8149409
8048502
8088935
8032602
8034564
8044670
8071591
8091871
7998402
8117507
8033549
7974601
8069070
7987565
8140814
8032353
7940037
7954039
8053564
8104758
8007700
8244334
8031642
8055992
8153552
7885151
8058806
8004549
8015680
7897910
8149613
7980403
8110796
7916430
8221605
8028835
8019737
8112585
8028685
8017764
8066864
7997660
7984431
7968561
7987963
8104335
8012591
8071644
7966061
7812529
7938573
8072602
7900498
7985051
7958994
7950005
7986013
7973904
7873890
7962556
7875032
8006842
7868852
7922671
7891810
8024964
7983844
8100204
7970801
8161954
8009910
7982298
8114658
8061637
8110941
8070657
8040497
8017750
8128442
8065362
8505616
8138821
8165584
7927001
7973304
8186163
8222285
7931716
7995778
8077443
7750011
8003941
7893005
7877688
7965339
7885604
7917970
7991084
8168169
8070520
6551212
7724650
7582771
5376829
7892147
7943804
7991361
8020276
7875303
8130254
7971516
8028575
8315529
7996277
8007160
8078802
7944855
8165693
7971015
7924258
7862255
7964611
7849821
7906695
7851589
7803384
7929245
7929964
7860276
7849506
8040947
7911763
7905991
7874864
7788056
7896668
7862358
7809598
7966470
7762870
7498884
7448252
7394399
7642845
7773002
7819506
7770400
7723980
7827823
7769386
7732365
7314785
7594920
7743170
7532354
7558056
7538972
