33011356
32807567
32204576
33792269
33496419
33778943
32612993
32926954
33571575
33855413
32660263
33160065
33204747
34000183
33409415
33829144
35547704
33696662
33801327
33568430
33270247
33655145
32853699
34556288
34331928
35010800
34002024
35520315
34165247
34602028
35042285
34546561
35369053
34661031
33526328
34188417
33691796
35053308
34248323
33955961
33342012
34689390
34995608
33209875
33706085
33708643
33277341
34193092
33481879
34038460
34132773
34310458
33815219
34505258
33748958
34596865
34041758
33398524
33492304
33191203
33741510
33915476
33893399
33491050
33563396
33131617
32307686
33665837
32842925
33093379
32853489
32689292
32330669
33399846
35111159
33059363
32828185
32414835
33055811
34261825
33840520
34134159
33718117
33223618
33415440
34929982
34526208
34808648
34442648
34125176
33984281
35872535
35213575
34156821
34415681
34591474
35172001
34870586
34249693
33649183
34374363
34710957
33988176
34219400
33909766
33299481
33786189
33646461
32471094
33511419
32746836
33120592
33807408
32947673
32363224
33586342
33780669
32603641
34158609
33416127
34070005
32879263
32434910
34236834
33415965
32348514
32959662
33935024
34508915
31517077
32412331
32295341
33771362
32585875
31923184
32590842
31784602
31897698
33339061
31472962
31318301
32544293
32355974
31416929
31523073
32245838
32063409
32412755
30230126
31806230
31428220
32245999
31435039
31595238
31287214
31445862
31844649
32478274
32632622
32550638
32300934
32944332
32287621
32382678
32600424
32306563
31599778
32730595
31581750
31672875
31697135
31687881
30600527
31574929
31679938
31688700
32364077
31728332
31194777
34272722
31896565
32204933
31822950
32957507
32117050
32763720
32611164
32102979
31730003
30048567
32447949
32917649
32264889
32297065
32243134
33245740
32465774
32933197
32433835
25743922
30791083
29823198
20476573
33534723
33280407
32608035
33071225
34334777
33404694
33255650
33773835
34726201
33243098
33134839
32837718
34405059
32374488
31904368
34120613
34728556
33719412
34404535
34232464
34740224
34555345
33739435
34627838
34124066
34307619
34695556
33827332
34094104
34218457
35240983
33503057
33567630
34722614
34008530
32938356
32627743
32229335
31050050
33368805
32586404
32415426
32574158
33663232
32297217
32566206
31927511
31271595
32115906
31749963
31253484
30965907
30992523
7491279
7577044
7702340
7582685
7679284
7661098
7705764
7737715
7779397
7750964
7784357
7747379
7795950
7837497
7828116
7785742
8131211
7848388
7958297
7798732
7894928
7923427
7909314
7912162
7901333
7834044
7832525
7831550
7893450
7602126
7939065
7937742
7844532
7903523
7980190
7893726
7957456
7967458
8001149
8014746
7983356
7888025
7929823
8086627
8043065
8008501
8067656
7949702
8038826
7986897
7919791
7991161
8098862
8046710
7938624
8130878
8024566
8073696
7970704
8032915
8212919
7990180
7987569
8028938
7974877
7999535
8079599
8146554
7938087
8004889
7880531
8017465
7970764
7946565
8093736
7971274
7909012
7827619
8076699
8027314
8037007
7988811
8037717
8125527
8102958
8253233
8033213
8014073
7987015
8073179
7963886
7933080
8059064
7970388
8001745
8019256
7967051
7937980
7969985
8112629
8007473
8054708
7997362
8000643
8008637
8038858
8059186
7959069
8080469
7996026
7942062
8029991
7948805
8104718
7989468
7904724
7916789
8013060
8065190
7968668
8207597
7992836
8020757
8123058
7847448
8026830
7970588
7973092
7862889
8109180
7939202
8074125
7881806
8180331
7992322
7983388
8073574
7987849
7980026
8026211
7961652
7948950
7933445
7951455
8063844
7978264
8031322
7924696
7773873
7901265
8035828
7863493
7950351
7917072
7909183
7947764
7936964
7839017
7920546
7840384
7969063
7826964
7889771
7853161
7983955
7942676
8058127
7932332
8123669
7970809
7942120
8080989
8025679
8069795
8031863
8004088
7978119
8092659
8026732
8470033
8097322
8130636
7886665
7937685
8147134
8185659
7895658
7959441
8038968
7716384
7966529
7859299
7844979
7928074
7853589
7883512
7951234
8131451
8032490
6517302
7685526
7544595
5346483
7856690
7905187
7954805
7980820
7843927
8092813
7934088
7984986
8280090
7957936
7966514
8046347
7909746
8128657
7932548
7886238
7831198
7927531
7814526
7869283
7819081
7769887
7890675
7896302
7824610
7814219
8004420
7878203
7871305
7834681
7749630
7861943
7821559
7776640
7930536
7728791
7459193
7414041
7359724
7608464
7739914
7782733
7733289
7685564
7786936
7732004
7698885
7276953
7553699
7708345
7490251
7523326
7503270
