33604105
33375718
32786633
34376382
34102147
34370611
33190154
33522414
34189772
34473517
33238519
33748812
33806358
34599782
34014534
34415210
36135274
34305016
34367397
34169491
33854634
34255670
33441704
35146165
34957834
35646268
34630045
36124569
34775007
35227214
35663390
35148631
35974678
35297192
34132401
34790852
34282063
35687686
34842434
34543864
33974907
35297953
35617179
33775099
34303793
34288804
33899976
34809892
34056192
34634405
34748487
34909098
34396244
35119782
34373952
35162845
34635484
33997551
34092063
33804111
34300934
34519902
34486648
34081914
34167997
33721056
32901079
34245759
33440320
33687409
33452651
33291446
32910666
33989630
35707906
33632838
33406038
33018999
33639160
34864345
34413322
34726958
34293493
33809289
34001634
35509780
35132032
35410071
35038091
34741754
34591609
36471005
35802888
34771351
35019398
35194933
35790364
35456657
34864658
34238419
34972957
35303057
34553327
34802418
34528186
33855261
34363445
34233606
33034286
34099855
33296072
33700010
34400107
33505036
32938389
34154745
34381452
33200311
34733035
34001396
34643352
33467372
33023969
34793076
33982951
32910145
33543267
34546395
35111983
32082913
33001075
32881652
34358554
33144037
32501675
33173187
32356867
32480723
33931719
32054598
31880029
33100189
32921377
31968126
32088710
32801973
32657356
32972805
30813666
32363197
32000053
32823088
31999934
32193004
31853640
31996283
32421046
33041107
33221815
33128651
32849412
33532964
32820483
32923585
33173337
32893875
32170599
33318832
32164074
32238097
32257306
32230884
31145847
32133966
32249811
32266193
32921902
32296054
31735198
34812545
32444047
32781765
32385301
33533073
32666228
33308794
33191839
32651126
32310907
30583319
33006549
33472717
32791834
32882280
32793534
33819976
33047520
33491579
32988424
26251179
31314845
30347260
20854068
34075155
33844428
33168482
33640926
34925053
33980694
33833268
34362587
35278101
33816354
33709790
33408003
34961264
32925793
32477894
34695075
35280294
34251043
34999531
34801531
35309200
35126610
34341323
35186955
34692935
34876864
35262216
34403938
34678545
34802953
35874408
34068136
34130526
35275216
34537228
33516767
33176823
32767984
31570231
33917195
33084939
32972595
33127581
34212771
32870126
33132262
32479442
31802576
32690270
32310210
31817077
31517132
31529295
7544936
7629461
7755320
7633136
7732309
7711548
7758623
7793964
7833810
7806258
7838654
7802112
7849061
7889726
7884912
7837398
8176408
7904458
8003801
7848863
7949156
7978440
7962436
7958645
7956037
7884442
7886614
7878718
7946559
7655945
7987909
7983776
7896290
7956739
8036989
7946140
8010714
8020345
8050952
8064533
8040527
7938046
7983605
8140003
8097275
8059241
8125062
8002855
8092259
8037541
7974622
8043941
8153375
8101621
7994261
8175135
8075834
8125863
8023918
8090389
8261723
8044221
8040184
8084873
8030769
8052938
8140999
8193658
7991272
8062539
7934617
8074458
8028672
7996696
8141904
8022713
7962792
7887938
8131947
8077551
8085865
8043222
8088679
8183188
8158977
8297400
8082850
8064681
8034442
8125926
8020564
7979848
8108151
8025528
8052951
8070606
8019838
7986504
8022738
8167012
8058223
8103645
8044950
8049544
8067413
8084589
8108881
8013648
8138728
8054039
7991210
8082622
8001343
8161014
8048960
7952142
7968458
8077343
8112145
8027151
8258664
8046492
8073522
8171529
7898654
8081139
8028438
8029748
7917243
8168435
7995700
8132988
7930994
8236458
8052589
8039545
8133229
8049615
8036486
8088447
8017437
8001204
7988433
8005611
8127638
8033365
8091386
7980484
7837990
7956637
8095558
7918827
8007514
7977788
7973007
8006633
7992181
7894089
7978717
7896205
8017744
7883428
7939314
7907344
8041623
8002391
8120815
7990215
8183286
8032111
7999158
8140327
8084219
8126337
8090399
8062010
8033541
8150532
8084178
8515420
8152085
8185789
7944633
7990512
8201738
8236629
7956286
8015045
8098107
7774372
8019973
7908280
7896020
7985649
7905311
7935007
8009941
8184796
8085775
6584285
7743992
7602691
5401754
7902038
7955964
8009087
8037343
7894529
8149297
7991104
8043477
8326677
8013820
8024552
8097498
7957991
8185189
7990360
7936027
7878900
7974137
7865722
7921555
7868574
7818990
7948822
7947423
7875460
7867163
8053497
7929993
7926770
7889894
7800323
7916452
7875733
7820208
7977355
7778882
7513833
7468613
7412593
7658796
7786021
7836613
7789264
7737746
7844740
7785620
7751942
7329003
7612949
7765572
7549791
7582379
7561031
