33567038
33334322
32717258
34328107
34048472
34322387
33160324
33471602
34113259
34409701
33202366
33695961
33751979
34540915
33953280
34365353
36068311
34248542
34327021
34114617
33800339
34218200
33409547
35082308
34910967
35568514
34555245
36081662
34724327
35189531
35624171
35115434
35927396
35213096
34090997
34755968
34266349
35623806
34785106
34530039
33916343
35264946
35555150
33741613
34261654
34252458
33848645
34745959
34018805
34589334
34694047
34862922
34352581
35076402
34311713
35142713
34600957
33965510
34048366
33750172
34240435
34467830
34435383
34013340
34137889
33684607
32849712
34200192
33421114
33635297
33386894
33251800
32866976
33958393
35673827
33600339
33381493
32941013
33603347
34813244
34379110
34677174
34265738
33755585
33967963
35486515
35072269
35351907
34997359
34688498
34541939
36428067
35745962
34709806
34997521
35145208
35741609
35409809
34802155
34181472
34898137
35272668
34513938
34763850
34480971
33837443
34332092
34172560
32995662
34046937
33266014
33661735
34356124
33459781
32897065
34134372
34348740
33157003
34687946
33943112
34604338
33412297
32966144
34752400
33954781
32865170
33478743
34492260
35065122
32034316
32942600
32831421
34315663
33119995
32442991
33137131
32332246
32411203
33894767
32010480
31842447
33078863
32877930
31928880
32041266
32764455
32598307
32927597
30751744
32329868
31951502
32768393
31952940
32144312
31840944
31977928
32392358
33008673
33154418
33084495
32800245
33489156
32768521
32873298
33149082
32839713
32128598
33256471
32104271
32179011
32234050
32198972
31111227
32097545
32205201
32218330
32874038
32265090
31709827
34763891
32420274
32710898
32343182
33494074
32645794
33248241
33137900
32617136
32250437
30560797
32953936
33444320
32759726
32820877
32753862
33772659
33011013
33423056
32954355
26207327
31287024
30298446
20844175
34039460
33794733
33121834
33588955
34869951
33922827
33797908
34319716
35233398
33776351
33644532
33340057
34918231
32881873
32427383
34625308
35232516
34226166
34966301
34746637
35255339
35077071
34265378
35134295
34651989
34813514
35211616
34362340
34627061
34767068
35810121
34030318
34087749
35239577
34501480
33466253
33129742
32726560
31534437
33873123
33055108
32949637
33085001
34176497
32794592
33080730
32426826
31757975
32608821
32253888
31778644
31472868
31489381
7541878
7625910
7747005
7630227
7725737
7708400
7759597
7789478
7824957
7800908
7835304
7798838
7844349
7887034
7879361
7830700
8172715
7902444
8003345
7849325
7945471
7976510
7962346
7954955
7951110
7876854
7878582
7874500
7945035
7656613
7985583
7986671
7893544
7948825
8031567
7942045
8014443
8016193
8046788
8066412
8034239
7937527
7974657
8138551
8094241
8057974
8121799
7996558
8092777
8034849
7972994
8039953
8150252
8098383
7988488
8177056
8073877
8125096
8023756
8087715
8257535
8040992
8036188
8076160
8028842
8054194
8135355
8191639
7993040
8058515
7931831
8070659
8028453
7998171
8139266
8021026
7965709
7876606
8130816
8076347
8085257
8038598
8087212
8179057
8154812
8301172
8079352
8061636
8034492
8125434
8015106
7977018
8104014
8020414
8053389
8067493
8012791
7984572
8018464
8163345
8053192
8103663
8043697
8047041
8061399
8086742
8107305
8007008
8133818
8047655
7993774
8081995
7998349
8158085
8046411
7953761
7970186
8072393
8111302
8019121
8257291
8044116
8072842
8166938
7897220
8079298
8022704
8029082
7912346
8165095
7994651
8127777
7931539
8234481
8045269
8039824
8131141
8041107
8035060
8083917
8015843
8000972
7984232
8004439
8121160
8031783
8085099
7975769
7830767
7952764
8092383
7914254
8005397
7975674
7975089
8008544
7996015
7892166
7970553
7891551
8018662
7879905
7933546
7902640
8040068
8000595
8116986
7982609
8179489
8025041
8000067
8137709
8083263
8127708
8093451
8060667
8029292
8146501
8087694
8511587
8152698
8181000
7939544
7987567
8203157
8234936
7947326
8011770
8092912
7777521
8014891
7910981
7892763
7980063
7903014
7934831
8007175
8179370
8085731
6577449
7742216
7596999
5400406
7901713
7954446
8007223
8034247
7892170
8146033
7990654
8042178
8322042
8012528
8017746
8092412
7956140
8182793
7986504
7934263
7875275
7974093
7862158
7916833
7866376
7817852
7940150
7943713
7872315
7858611
8052714
7928811
7919708
7887551
7797612
7916621
7871187
7821758
7975494
7776743
7511444
7462753
7411906
7652546
7788471
7837246
7782366
7736949
7839435
7779253
7748579
7326261
7605668
7762000
7546834
7578188
7557877
