33350671
33139883
32525531
34108262
33842153
34118983
32942603
33254265
33928617
34196698
32989483
33497573
33527307
34339247
33748622
34156205
35851369
34010490
34138368
33898943
33597619
33980106
33179566
34862682
34694179
35354739
34323457
35851547
34508811
34961532
35395404
34878050
35702392
34998335
33874003
34520136
34017721
35416331
34545007
34290890
33688040
35030513
35339099
33549172
34040003
34034172
33639291
34562710
33794552
34374399
34475350
34647997
34148795
34855850
34097855
34927917
34389267
33734676
33844328
33524685
34053932
34258731
34231675
33800237
33937945
33453139
32653656
34007231
33204536
33445260
33203171
33053910
32663713
33749491
35463499
33386359
33183848
32749058
33398611
34602402
34165170
34453885
34046964
33552050
33748477
35268747
34871273
35124569
34768168
34474050
34332311
36215320
35550578
34503434
34777490
34944246
35510935
35221342
34611034
33993467
34744640
35060450
34294222
34554143
34265051
33659932
34109393
33967764
32781079
33846567
33056998
33456457
34147707
33272749
32706258
33911952
34134935
32962708
34473218
33754521
34403462
33244209
32790752
34550877
33761369
32696182
33301645
34287244
34865586
31870314
32758945
32653130
34109164
32927240
32268787
32930160
32155135
32239282
33698725
31832311
31650033
32878368
32689496
31765147
31856042
32576350
32412208
32748722
30578222
32133182
31782549
32583243
31740094
31964215
31647586
31776651
32175336
32809916
32985997
32885497
32620148
33308985
32612556
32722638
32972811
32656654
31947145
33073348
31924712
32012597
32044590
31997414
30919287
31920699
32021809
32029380
32679238
32071639
31522262
34614138
32230165
32545747
32168718
33309328
32445581
33076275
32951139
32436964
32090993
30375419
32784960
33255804
32588073
32648534
32574153
33591158
32819547
33243630
32762963
26024526
31084268
30152503
20698040
33871304
33614691
32942854
33418665
34666254
33739496
33576755
34131264
35064107
33583973
33461482
33181378
34729846
32690200
32263964
34456201
35041144
34069439
34764307
34558441
35061140
34873938
34085312
34959218
34461451
34619606
35010230
34179462
34447761
34566805
35620341
33859929
33909506
35032397
34322147
33269209
32947269
32554782
31369773
33680902
32889006
32737310
32903461
33977420
32626165
32909738
32254406
31589986
32438285
32065398
31588391
31306756
31293280
7495023
7579491
7701825
7582747
7679391
7663347
7705709
7737913
7781813
7752052
7784643
7749245
7793922
7839177
7830302
7781044
8122498
7845230
7950743
7796453
7894286
7921217
7904358
7905679
7899977
7829279
7827185
7829558
7893231
7606147
7937839
7931551
7843783
7899798
7980105
7892755
7956559
7965767
7994476
8012524
7982050
7884966
7927594
8086950
8042827
8001989
8069403
7951498
8035602
7981907
7919891
7987083
8100520
8044809
7937548
8127325
8021951
8072748
7968862
8032803
8206350
7990575
7988007
8021524
7977988
7996833
8081725
8143168
7937980
8006619
7881470
8019385
7975267
7947051
8087513
7972387
7911935
7828581
8077957
8024121
8032252
7986892
8035214
8128625
8104415
8246514
8031495
8009361
7981709
8075062
7964878
7927787
8056221
7968144
8004091
8018904
7962713
7939448
7970509
8111448
8011718
8054341
7991113
7997747
8010154
8040297
8055337
7956352
8081544
7997911
7938708
8031233
7950350
8105777
7993999
7904488
7916110
8019669
8060046
7971529
8204766
7996093
8023378
8118819
7848442
8032610
7974542
7977308
7865186
8113821
7943815
8082303
7881128
8184314
7997197
7986929
8080755
7993473
7984229
8035036
7965918
7948624
7934925
7957378
8069449
7982028
8033965
7929182
7779353
7903101
8045106
7867379
7947403
7928595
7921926
7954461
7941542
7841585
7923393
7843923
7968843
7835604
7888266
7859427
7993852
7951010
8065231
7935882
8125709
7980003
7948887
8086015
8026625
8076900
8040692
8010700
7979436
8092884
8034247
8467687
8105149
8135110
7892738
7941529
8150603
8182041
7900000
7961441
8044668
7724011
7967713
7861788
7846205
7936510
7855476
7884501
7959756
8128315
8034341
6525013
7689008
7550744
5359367
7857228
7907912
7956982
7987214
7841245
8098666
7934056
7994865
8277185
7961297
7968915
8049476
7911567
8131067
7940569
7890092
7829348
7932971
7816589
7872595
7820751
7771836
7896613
7899715
7828943
7818434
8003962
7879497
7877560
7842090
7753279
7868543
7827360
7771538
7930455
7728458
7467417
7421989
7368772
7611963
7744545
7784826
7736047
7687548
7792951
7735872
7700932
7282747
7560202
7716373
7498705
7535529
7509426
