48439
10898
14258
11590
26018
11380
10852
10942
11431
11864
15206
11120
12097
485139
16294
31181
2342851
17769
514175
13329
11851
43543
10633
366682
14977
12308
12309
12604
10769
13120
88850
12081
15022
555330
16127
41836
12076
56852
12896
83596
11746
12916
12990
25337
18876
11635
12011
11512
10939
13965
12923
13907
409533
299266
16540
1048172
581798
688914
21398
14621
1253466
24341
181482
45892
12612
11502
17666
1010549
20592
17579
10909
13471
11803
17809
692999
17488
691547
32439
18256
12046
13099
12643
12951
12618
15417
944655
20519
12672
12411
13486
13049
15291
510923
17360
14186
14410
21709
15020
261758
583373
20073
30951
12219
13079
18643
12752
15676
92330
12384
23887
12512
13461
12219
12649
11664
11289
12984
16995
1214299
22527
1557645
40284
17445
1607361
21413
90023
13300
439010
28892
31033
12725
12383
19358
1283672
19966
19619
414754
195794
1057578
20087
11715
12345
10859
10562
12878
156475
495091
1015701
18986
109973
11477
11619
40633
12359
10763
11102
11519
12654
79408
13400
271047
21313
1263093
55205
92328
12206
85262
14552
10985
10864
11113
10685
10396
82115
11301
11853
272200
196706
11429
2817863
22046
20816
29363
17543
883665
1216871
32375
313748
17370
27240
12017
15687
1652703
11757
13385
13317
12847
1318440
95846
24280
143868
15425
12483
41048
11123
13899
11662
13467
457218
14936
12029
1888039
293919
16548
332231
11900
11664
11786
12396
14006
11456
11436
11608
11738
15548
18018
21116
12174
56133
1160851
22163
11905
49745
12480
11846
11997
15349
795436
17885
25540
12456
203281
994566
710882
12951
11811
10434
12157
27617
33748
11045
9825
155966
14449
12637
9228
8845
2054
2707
2131
4751
2108
2051
2024
2124
2229
2929
2072
2286
89942
3061
5837
436213
3355
96356
2487
2244
8067
2045
66967
2740
2275
2269
2273
1999
2359
16799
2256
2715
104984
3050
7743
2307
10407
2417
15872
2219
2311
2371
4834
3493
2174
2254
2111
2086
2618
2365
2564
77307
54403
3076
196129
105334
130611
3961
2814
233856
4466
34120
8734
2339
2167
3397
189170
3828
3329
2043
2573
2221
3392
128387
3283
126806
6161
3414
2261
2455
2303
2421
2384
2947
179231
3788
2315
2283
2486
2393
2736
94662
3214
2623
2581
3921
2680
47303
111312
3710
5788
2297
2419
3443
2374
2895
17117
2416
4415
2397
2532
2226
2420
2241
2057
2362
3232
226808
4163
290564
7449
3362
297724
3955
16930
2507
83130
5192
6071
2387
2330
3558
245895
3853
3696
84333
37569
193064
3876
2296
2312
2034
2024
2534
30898
96181
188546
3673
20505
2278
2183
7800
2372
2103
2160
2204
2323
15205
2494
51263
3912
240825
10573
17745
2327
16538
2750
2196
2077
2132
2070
2060
15656
2202
2278
51656
38578
2263
533136
4310
4065
5536
3263
172555
230397
5970
58686
3394
5284
2282
2926
316136
2219
2549
2411
2460
247431
18873
4458
27344
2983
2343
7740
2089
2615
2180
2436
86900
2795
2272
357719
55110
3124
63626
2195
2288
2241
2268
2532
2143
2080
2169
2152
2783
3375
3948
2228
10430
222170
4130
2217
9412
2189
2222
2232
2810
150340
3362
4724
2346
38717
186761
135882
2517
2255
1944
2332
5288
6285
2008
1859
29607
2728
2438
1752
