48870
11023
13452
12082
25757
11093
10975
11359
10639
11473
15572
11507
12121
487243
16332
30953
2340067
18467
515739
13549
11687
43296
11238
364181
14756
13149
12319
12633
10953
12388
90098
12799
14913
560922
15924
41045
12205
55578
12744
82720
11951
12915
13389
24965
20649
11800
11656
11664
10983
14662
12274
14442
410624
297631
17099
1045935
579355
691833
21638
14639
1257543
25084
182633
45653
12759
11101
18522
1010640
20791
17982
10873
14169
11133
17969
696581
17730
686256
30224
18911
12885
13296
12396
12619
12485
15224
941675
20785
12749
12491
12946
12444
16237
514608
18181
14597
15242
20634
14829
265256
580294
19665
30587
12587
13401
19067
12562
15181
91199
12639
24272
12743
12774
12188
13044
11907
11084
12281
17149
1219693
22854
1554047
39842
16990
1601635
21445
89896
13068
439924
28889
31463
12233
12976
18631
1281419
20365
19744
414844
196174
1063682
19918
11449
11619
10523
10341
13327
156155
495711
1023314
19281
107857
11091
12031
41790
13022
10865
11257
11342
13319
77643
12974
270429
20290
1263612
54887
92396
12316
84026
14096
10623
11148
10778
10180
10754
80891
11591
11741
269538
197788
12731
2808669
21782
21179
27525
17478
879988
1212925
32276
315492
18194
28815
12265
15579
1660630
11828
13123
13185
13021
1318694
94191
24143
142235
15744
12038
40647
11638
13295
12459
13133
451062
15130
12148
1899521
295459
16814
334040
12630
10823
11321
11712
14599
11184
11107
12123
11640
15171
18459
21147
12463
56836
1161428
22035
11809
51468
11431
11789
12584
15119
800305
18599
25701
12695
205722
993128
720387
13467
11464
10914
12815
29338
33532
10469
9898
157225
14427
12110
9385
8993
2070
2583
2215
4735
2074
2078
2105
2028
2139
2993
2149
2300
90235
3054
5765
435461
3458
96446
2502
2257
8108
2158
66406
2743
2412
2261
2256
2044
2228
17069
2374
2681
106042
2996
7617
2311
10142
2374
15742
2289
2303
2425
4734
3797
2176
2192
2151
2104
2705
2271
2640
77538
54169
3175
195476
104877
131012
4041
2752
234382
4600
34394
8662
2377
2123
3606
189247
3888
3393
2019
2692
2106
3409
129261
3339
125873
5809
3618
2386
2469
2263
2377
2379
2911
178871
3815
2324
2289
2392
2305
2858
95357
3315
2686
2770
3708
2661
47879
110715
3652
5684
2353
2449
3504
2370
2840
16934
2421
4473
2423
2377
2272
2506
2275
2062
2240
3250
227176
4283
290610
7348
3285
297230
3974
17008
2500
83348
5195
6097
2320
2488
3436
245953
3947
3666
84251
37659
194213
3864
2190
2231
1990
2015
2578
30812
96264
189839
3709
20237
2193
2285
8032
2463
2129
2168
2190
2439
14892
2398
51374
3778
241333
10423
17749
2322
16272
2645
2096
2154
2088
2011
2124
15476
2255
2257
50835
38810
2469
531429
4295
4129
5197
3230
171381
229833
5998
58808
3485
5583
2324
2874
317397
2230
2490
2422
2454
247239
18599
4443
26999
3057
2277
7710
2182
2538
2352
2358
85905
2837
2239
359875
55368
3188
63936
2311
2124
2165
2185
2639
2078
2020
2236
2142
2764
3485
3943
2296
10653
222481
4109
2166
9674
2085
2201
2322
2753
151341
3489
4752
2352
39061
186465
137454
2592
2162
2016
2431
5593
6338
1924
1863
29750
2707
2338
1809
