47861
10943
13633
11476
26699
11389
10964
11575
10804
11986
15595
11376
11867
486024
15821
31491
2344389
18603
513264
13453
12320
44585
11330
360599
15363
12609
12309
11835
11279
12839
88201
12790
14687
561237
15551
40141
12199
57030
12536
85099
11741
12650
12766
26086
19856
10988
11419
11677
11216
13503
13172
14260
408160
298319
16447
1049386
580643
690379
21434
14779
1252781
24840
179236
45936
12402
12025
17901
1016307
20444
18533
11145
14128
11219
18729
697108
16527
688252
32881
18269
12846
13262
12309
13099
12971
15871
936858
20296
13200
11883
12871
13414
16246
513896
18118
15081
14391
21115
13940
262787
580889
20351
30987
13035
12355
18570
11965
14995
91954
12273
24388
13543
13645
12284
13040
11431
11361
12987
16809
1216482
22593
1556496
40351
17348
1602292
21414
88943
13024
435878
28953
30992
12908
12571
18660
1283277
20592
20835
413717
197842
1067347
18819
11010
12139
10733
10154
13435
156587
493179
1012908
19451
109189
11187
12225
41966
12620
10407
12008
11122
13325
77845
13368
270985
20557
1267160
55793
92589
12450
85223
13905
10946
11343
11107
10853
10646
80005
11681
11853
268859
198383
12055
2798160
22028
21069
28925
17056
871655
1218328
31884
313170
17769
27315
11785
15258
1654145
12323
12887
12826
12332
1317289
94196
23274
141304
15634
12180
40910
11355
13526
12035
13394
456800
15543
11808
1898227
295271
16965
333673
12442
11667
11280
11371
15389
11656
11899
12072
12043
15384
18540
21959
12688
56566
1158318
22741
11772
50663
11546
11545
12308
15287
795068
18190
25505
12661
205427
992273
716165
13125
12124
10560
12080
29400
33979
10011
9893
155941
14585
12369
9504
8813
2074
2588
2134
4913
2100
2082
2176
2036
2234
2976
2125
2235
90168
2970
5895
436366
3490
96086
2476
2320
8260
2159
65858
2832
2289
2267
2148
2103
2308
16681
2350
2625
106079
2893
7451
2283
10430
2333
16126
2216
2311
2357
4968
3681
2071
2174
2104
2139
2511
2416
2640
76985
54181
3051
196651
105117
130633
3978
2796
233897
4519
33706
8701
2351
2292
3473
190225
3869
3506
2118
2657
2102
3527
129164
3103
126081
6213
3431
2348
2492
2261
2460
2472
3035
178095
3709
2393
2207
2386
2475
2871
95128
3293
2765
2644
3796
2516
47499
110923
3772
5707
2392
2274
3425
2250
2826
17073
2361
4503
2581
2562
2250
2514
2124
2119
2379
3222
227537
4203
290666
7408
3333
297099
3926
16880
2473
82566
5215
6003
2414
2393
3428
246263
3989
3892
84213
37931
194659
3662
2143
2304
2008
1948
2588
30906
95968
187968
3761
20487
2167
2306
8072
2403
1988
2322
2124
2451
14934
2482
51306
3828
241789
10649
17740
2361
16444
2641
2164
2200
2144
2121
2096
15350
2282
2257
50844
38763
2335
530324
4279
4107
5492
3193
170356
230597
5907
58583
3423
5333
2225
2766
316327
2271
2431
2316
2346
246836
18649
4342
26908
2991
2293
7768
2104
2537
2269
2453
86791
2901
2195
359675
55264
3222
63746
2301
2268
2164
2139
2789
2177
2165
2191
2170
2787
3469
4092
2336
10554
222011
4246
2176
9551
2061
2213
2297
2799
150481
3436
4663
2375
38999
186379
136470
2539
2294
1960
2343
5553
6377
1884
1850
29587
2742
2389
1796
