48943
11402
13138
12149
25146
11259
10466
11232
10998
11084
15257
11069
12386
482917
16088
32747
2346599
19153
515529
13575
12152
43793
11005
362355
15015
12516
13217
12670
11529
12812
85925
12257
15009
558349
14854
41815
12345
56361
13189
84448
12124
12890
13143
25310
19841
11536
12058
11570
11338
14592
12897
14248
406386
297752
16661
1044105
584334
687536
21323
14664
1254539
24756
180316
44808
12412
11785
17603
1010430
20610
17525
11461
13352
11109
18714
695743
17549
688781
31601
18095
12111
12917
11790
12852
13017
15264
938262
20366
13163
12862
13806
12923
16289
513584
17927
14448
14826
20825
15507
260690
583622
19500
31287
13040
12305
18497
12278
15130
92587
12080
23587
13392
13448
12506
13018
11092
11214
12536
17438
1211529
22077
1556599
40310
17980
1606323
21530
90773
13068
438316
29577
31742
12196
11854
18763
1287504
20420
19307
412298
195653
1065420
19865
10854
12327
10182
10844
12918
155716
491638
1020005
19609
109040
11041
11649
41489
12601
10349
11394
11419
12613
77915
12503
269213
21370
1267758
54912
91354
11923
84132
14581
11191
10846
11118
11045
10586
81577
12192
11739
271918
198619
12123
2808503
21102
21273
29621
17518
877293
1211540
32372
313171
17748
28251
12554
14750
1658469
11768
13007
13120
12895
1314225
95065
24131
140958
15097
12562
40478
10303
14208
11081
14167
453002
14719
11954
1893082
291254
16726
336531
13074
10982
11007
12048
14580
10714
11119
12014
12101
14767
17949
21736
11971
56282
1163487
22418
11447
51446
11478
12209
12857
15430
789600
18416
25675
12512
204973
991903
717576
13031
11982
10363
11598
29204
33919
10359
10216
156268
13879
12305
9095
9001
2120
2531
2232
4627
2108
1987
2123
2078
2073
2906
2107
2339
89449
3017
6117
437219
3598
96425
2521
2293
8094
2121
65979
2749
2291
2417
2263
2150
2314
16289
2312
2690
105475
2781
7770
2343
10303
2465
15973
2285
2324
2384
4842
3667
2151
2288
2085
2182
2699
2372
2612
76676
54143
3056
195389
105975
129995
3979
2818
234198
4580
33781
8520
2319
2220
3440
189330
3881
3321
2170
2539
2119
3528
129081
3280
126241
5993
3459
2261
2400
2172
2403
2493
2924
177947
3755
2397
2369
2568
2379
2937
94980
3281
2694
2693
3742
2753
47103
111189
3651
5762
2418
2255
3423
2328
2772
17226
2323
4392
2510
2532
2314
2515
2109
2068
2325
3351
226418
4137
291040
7436
3450
298307
3917
17184
2463
83033
5289
6122
2299
2316
3438
247105
3961
3624
84125
37552
194261
3895
2100
2300
1925
2074
2537
30722
95630
189361
3770
20447
2182
2188
8002
2377
2020
2210
2140
2341
14917
2354
50835
3960
241798
10428
17550
2238
16307
2737
2180
2049
2124
2161
2100
15483
2337
2244
51379
38869
2355
531314
4147
4088
5565
3264
171451
229691
6056
58522
3392
5481
2361
2787
317072
2249
2477
2383
2428
246868
18732
4435
26822
2909
2356
7735
1919
2685
2124
2553
86125
2771
2258
358589
54554
3216
64403
2398
2191
2069
2278
2645
2046
2058
2191
2198
2670
3374
4059
2190
10532
223242
4191
2162
9664
2071
2296
2402
2777
149382
3426
4716
2331
38917
186464
136948
2551
2247
1921
2241
5491
6370
1938
1902
29686
2605
2349
1750
