48964
11039
13663
11668
26998
10700
11061
11822
11313
11968
15211
11574
12374
486352
16277
30397
2344681
18133
515074
13185
12236
43053
11135
362603
15008
12800
11741
11969
11361
13021
88898
11935
14610
560518
15044
40604
12198
55883
12775
81810
11377
13425
12692
24955
19899
11111
12195
11840
11287
14151
13412
13856
407701
295824
16781
1049869
579853
695976
21635
14754
1254672
24216
179194
45184
12412
11468
18552
1008365
20704
17985
10721
13420
11004
19471
698614
17677
688902
31807
17579
13111
12836
12624
12961
13003
15103
941303
20187
12826
12248
13196
12546
16283
512907
17117
15298
13368
20141
14757
263271
579784
20156
30978
13924
12796
19627
12316
16185
93143
12754
23286
12740
12879
12437
13008
10911
11266
12519
16470
1213260
22885
1559922
40644
16945
1602457
21376
90497
13761
438512
29519
32739
12037
11776
19395
1284086
20210
19572
415271
192721
1062865
19974
11318
12452
10399
10802
13166
158592
490944
1017798
18857
109576
10798
11089
42160
12808
10104
11376
11329
12350
80276
13757
272280
20862
1268241
55024
92577
12473
84279
14732
10208
11054
10960
10785
11060
81923
11784
11162
272209
197694
11849
2802088
22097
20968
28498
17335
884534
1215511
32823
310572
17262
27796
11992
15211
1653670
11843
12509
13007
12350
1315932
92665
23627
143573
15700
12389
42189
11707
13028
11502
13203
458211
14896
12342
1891225
293937
16551
335263
13086
10803
11544
12007
14771
11163
11081
11846
12093
15058
18003
21502
12014
56974
1165011
21771
11581
51694
11583
12021
11615
15566
799776
19280
24328
13419
203869
989406
714935
13355
12117
10402
11549
28172
33784
10377
9815
157145
15211
12661
9784
8968
2064
2609
2173
4925
1980
2097
2264
2085
2236
2950
2122
2318
90058
3062
5709
436320
3350
96479
2470
2306
8064
2119
66141
2813
2321
2178
2162
2100
2302
16754
2218
2628
106081
2884
7572
2280
10215
2366
15651
2171
2407
2315
4767
3672
2086
2307
2173
2151
2641
2467
2560
76909
53725
3074
196317
104839
131922
4010
2785
234211
4472
33688
8601
2317
2166
3590
189034
3902
3387
2035
2528
2100
3656
129371
3350
126371
6009
3337
2422
2410
2311
2445
2500
2901
178867
3694
2347
2241
2437
2314
2867
94863
3127
2819
2466
3646
2651
47544
110550
3754
5718
2574
2311
3627
2346
2994
17248
2427
4362
2396
2409
2309
2491
2126
2073
2275
3136
226778
4306
291344
7501
3287
297567
3905
17038
2584
83156
5283
6293
2291
2247
3578
246543
3866
3674
84520
37103
193830
3926
2173
2391
1973
2060
2559
31102
95489
189148
3674
20436
2091
2080
8129
2438
1992
2186
2159
2287
15358
2544
51488
3852
241743
10450
17732
2337
16358
2720
1992
2099
2110
2127
2172
15667
2321
2154
51527
38868
2305
530505
4300
4040
5398
3265
172612
230456
6118
58023
3370
5394
2275
2845
316797
2283
2385
2369
2357
247005
18350
4383
27251
3054
2324
7955
2198
2453
2179
2366
86867
2819
2310
358843
54969
3147
64147
2368
2142
2178
2185
2702
2122
2021
2165
2192
2730
3342
4014
2207
10585
223090
4032
2190
9685
2069
2233
2185
2808
151388
3563
4508
2499
38758
186164
136777
2562
2303
1949
2247
5366
6353
1921
1847
29709
2846
2428
1899
