48940
11856
14003
11889
26329
11735
11240
11554
11648
11922
15005
11529
11492
485449
16658
31737
2336196
19502
516074
13468
11941
43602
11024
366125
14887
12805
12376
11893
11549
13051
88594
12463
14269
561278
15802
42224
13069
56467
13221
84106
11517
13091
12905
25900
20185
11240
11653
11924
11695
13573
12959
14362
409664
297392
15468
1048842
577910
694916
21807
14478
1254610
25039
181389
45733
12764
11751
18503
1013188
20144
17457
11333
13575
12080
18586
693417
17138
686647
31753
17772
13150
13363
12673
12920
12649
15312
940272
19871
12832
13150
13028
12792
16532
515041
17532
14404
14091
21243
14923
262998
580375
19934
31579
13354
12902
18536
12419
15620
93329
12256
23169
12810
13779
12260
12964
11802
11239
12183
17019
1207811
23444
1563162
40228
17745
1605142
20983
90337
13452
438150
28738
31250
12220
12217
18942
1285909
21282
20032
414887
195189
1063102
18783
11343
12081
10692
10446
13725
156662
493887
1016641
19355
109824
10754
12353
42163
13513
10574
10593
11241
13178
77763
13096
273711
21247
1264962
54112
91735
11840
84094
14455
10943
10851
10744
10736
10679
82168
11614
11568
272668
198798
12153
2800351
21444
20580
27782
16988
879422
1220147
32452
312345
17849
27826
12627
14871
1658194
11738
12781
12825
12055
1312418
94824
23337
142581
15730
11458
42218
11436
13636
11451
13286
450343
14987
12614
1893496
293549
16524
333405
12555
11476
11494
11539
15421
10818
11907
11088
12026
15533
17915
21169
12544
57393
1158638
22044
12132
51176
11291
10990
12313
14929
798186
18451
25849
13169
202343
990112
715160
12778
11631
10684
11849
28925
33480
10249
10115
156944
14042
11933
9105
9073
2198
2646
2170
4827
2172
2133
2193
2142
2239
2906
2159
2176
90200
3078
5846
435082
3586
96746
2519
2264
8039
2127
66681
2745
2363
2289
2150
2174
2368
16728
2314
2579
106163
2993
7732
2437
10320
2445
15880
2181
2370
2352
4929
3730
2097
2201
2144
2231
2549
2405
2657
77110
53987
2856
195860
104861
131498
4080
2746
234481
4645
34114
8691
2365
2216
3579
189362
3804
3328
2130
2602
2283
3520
128613
3251
125884
6036
3371
2431
2496
2327
2410
2438
2932
178662
3662
2331
2409
2415
2397
2912
95205
3211
2673
2600
3817
2670
47336
110530
3728
5831
2459
2343
3430
2322
2901
17372
2381
4293
2409
2562
2263
2489
2233
2089
2235
3253
226236
4399
292003
7419
3437
297719
3857
17137
2553
83046
5119
5988
2302
2329
3483
246612
4114
3794
84515
37370
194272
3667
2228
2293
2000
2008
2699
30892
96030
188943
3696
20548
2101
2327
8046
2593
2082
2089
2137
2452
14904
2438
51750
3935
241340
10342
17613
2244
16295
2729
2163
2098
2082
2109
2109
15820
2261
2237
51566
38928
2347
529882
4210
4055
5269
3158
171435
231016
6009
58513
3438
5397
2397
2761
317228
2205
2456
2376
2290
246369
18711
4342
26947
3031
2145
7961
2142
2594
2159
2433
85628
2794
2348
358364
55119
3145
63910
2374
2225
2163
2154
2785
2046
2170
2055
2202
2822
3368
3960
2301
10743
221831
4114
2238
9560
2015
2066
2304
2726
150995
3442
4762
2411
38581
186215
136688
2461
2207
1979
2240
5474
6343
1927
1909
29731
2651
2317
1733
