46964
11609
14144
12899
25838
11008
10901
11688
11277
12128
15832
11875
12174
485958
16352
31552
2341770
18779
516166
14062
12166
42856
11453
361945
15175
12963
12247
12357
11765
12451
89554
11956
14516
559273
14750
41960
12832
56059
13115
82815
11621
13587
13149
25542
20055
11139
12022
11501
11181
13998
13006
14798
410546
296220
16764
1043456
579264
693376
20683
14313
1258463
25127
180879
44543
13399
11583
17877
1007477
20573
17580
11142
14043
11364
18349
697704
17184
684102
31110
18407
12820
13353
12308
12680
12843
14724
937922
20239
12708
12382
13225
12305
16021
510341
17344
14391
14855
21319
15450
261653
585151
19637
31908
12612
12349
18123
13014
15382
91107
12514
22822
13340
13282
11823
13284
11823
11508
12574
17002
1211229
22494
1556114
39856
16928
1608270
21496
89938
13743
437000
29524
31008
12311
11941
18814
1290321
20026
20150
416733
195013
1060109
18724
11285
12935
10255
10151
13118
159047
491161
1019084
19492
108677
11763
12084
41517
12262
10670
10917
11032
13030
78994
13078
272239
21040
1265810
54196
92332
12565
82859
14230
11694
11040
10917
10775
10511
81960
11952
12202
273017
196598
11938
2801896
22382
20867
28498
17447
879316
1218905
33167
312160
17717
28473
12393
14675
1656863
12253
13297
12550
11756
1322712
95319
23261
142165
15120
12531
40964
11310
13831
11432
13752
452179
15208
11433
1894401
295030
16928
332592
12735
11442
11673
12250
14571
11065
12175
11336
11640
15354
17842
21695
12430
55109
1160239
22144
11412
50968
12351
11257
12250
15199
799176
18843
25957
12843
205616
992957
721613
13318
11988
10095
12187
27942
33610
11088
10530
154905
15002
12246
9246
8649
2163
2726
2347
4710
2037
2071
2204
2132
2268
3020
2236
2324
90083
3066
5843
436005
3497
96710
2589
2313
7977
2166
66145
2776
2330
2291
2225
2162
2257
16864
2218
2591
105762
2796
7746
2402
10214
2446
15725
2210
2445
2372
4868
3662
2084
2247
2128
2112
2594
2403
2719
77809
53960
3072
195270
104841
131326
3866
2762
234837
4601
33943
8526
2464
2185
3449
188513
3853
3318
2091
2665
2146
3448
129214
3227
125609
5924
3491
2362
2452
2250
2409
2417
2811
178396
3670
2326
2294
2462
2279
2850
94528
3218
2648
2743
3857
2774
47280
111388
3604
5910
2351
2249
3384
2441
2850
16955
2393
4269
2504
2507
2170
2557
2211
2114
2271
3224
225924
4220
290712
7364
3267
298163
3949
16926
2584
82860
5254
6015
2316
2295
3437
247479
3871
3787
84643
37374
193716
3668
2195
2396
1938
1968
2551
31306
95511
189256
3744
20298
2282
2311
8011
2345
2087
2102
2116
2397
15099
2409
51441
3926
241580
10366
17710
2381
16104
2678
2281
2107
2115
2080
2047
15613
2344
2361
51587
38541
2332
530627
4349
4073
5370
3266
171433
231067
6186
58287
3412
5510
2355
2755
316988
2276
2477
2343
2260
247685
18853
4327
27029
2926
2342
7678
2101
2609
2162
2489
85982
2869
2151
359353
55253
3238
63634
2346
2275
2212
2251
2634
2088
2229
2081
2104
2776
3353
4028
2278
10326
222471
4089
2141
9540
2223
2140
2287
2771
151279
3509
4725
2390
39007
186839
137785
2549
2277
1883
2352
5346
6316
2046
1961
29486
2833
2356
1806
