47642
11605
13689
12541
26453
11080
10703
10809
11737
12247
15185
11136
12444
485363
16437
31961
2338394
18614
513265
14003
12590
44118
10938
365020
15490
12782
12486
12481
11455
12642
87933
12267
14873
562008
15468
41207
12986
57066
12496
81681
11310
13129
12212
24989
19249
11241
11694
11628
11158
14084
13645
14327
410959
298952
16530
1048132
574774
691084
21519
14605
1259237
24904
181129
45391
12633
11716
17097
1013635
19969
18220
10836
13708
11477
18896
695918
16990
683151
31885
18371
12552
13215
12585
12771
12975
14828
936809
20421
12846
12657
13525
12845
16011
513145
17801
14582
15247
20633
14596
261503
581288
19901
30651
12805
13048
19253
12456
15135
91791
12231
22942
13144
12985
12184
13297
11587
10858
12713
17351
1213711
22346
1561599
39124
17723
1607975
22177
91360
13259
439979
29091
31637
12877
12402
18955
1289893
20457
19967
417574
196828
1061988
19682
12170
12337
10678
10731
13115
156884
492812
1023377
19156
110320
10647
11676
40623
12494
10573
11358
11515
12827
78691
13047
273534
21485
1264941
55252
92411
12702
85578
14564
11051
11434
10527
10702
11186
81705
11271
12160
271509
197697
11652
2815022
21767
21207
27982
17392
881484
1216694
31337
315632
17189
28217
12427
15281
1659258
11845
13260
12809
12406
1321063
94203
23260
141413
15634
11907
40981
11425
13357
11260
12912
457976
15241
11584
1889999
293660
17371
330305
12700
10754
11746
11604
14473
10909
12065
11363
11833
14930
18592
21356
12014
55837
1156626
21962
12023
51236
11440
11695
12768
15344
798388
18368
25999
13307
205402
991339
715685
13410
12025
10970
12583
28502
34126
10673
10521
156278
14491
11942
9257
8718
2142
2609
2297
4838
2057
2050
2046
2202
2281
2936
2121
2352
90115
3085
5974
435540
3466
96037
2617
2357
8223
2074
66618
2879
2374
2320
2245
2099
2319
16590
2285
2696
106261
2919
7619
2419
10396
2344
15618
2154
2386
2226
4794
3546
2106
2220
2156
2110
2650
2474
2644
77452
54397
3035
195993
104054
130684
4045
2740
234731
4562
34010
8602
2344
2237
3314
189660
3752
3439
2037
2590
2188
3553
129032
3171
125548
6055
3489
2339
2465
2303
2416
2483
2812
177918
3712
2324
2335
2486
2372
2895
95032
3271
2659
2776
3736
2690
47373
110594
3682
5686
2386
2396
3526
2358
2825
17078
2376
4230
2456
2421
2232
2533
2205
2001
2316
3320
226516
4186
291673
7270
3394
298476
4113
17250
2503
83161
5205
6103
2389
2391
3462
247353
3947
3773
84868
37864
193702
3828
2328
2331
1980
2075
2566
30866
95828
189852
3660
20447
2032
2202
7818
2401
2038
2221
2219
2367
15075
2465
51802
3978
241076
10577
17683
2399
16555
2743
2186
2158
2040
2113
2184
15577
2202
2345
51171
38813
2270
532885
4236
4084
5299
3239
172232
230745
5895
59002
3354
5374
2359
2850
317590
2226
2503
2359
2383
247727
18645
4323
27027
3020
2239
7734
2121
2533
2119
2380
87109
2832
2165
358263
54973
3255
63216
2345
2129
2232
2125
2639
2062
2181
2112
2198
2717
3485
3989
2191
10457
221458
4084
2244
9591
2041
2176
2390
2779
151036
3418
4767
2457
39085
185889
136485
2599
2289
1997
2395
5472
6442
1969
1995
29582
2761
2321
1763
