48338
10889
13802
11593
26292
10998
10524
11375
11205
12445
15526
11557
11920
489062
16856
31619
2334478
18073
515109
13692
12116
43563
11114
364250
14939
12981
12947
11645
11407
13493
88420
12465
15306
561125
15285
41577
12941
56616
13212
83159
11937
13393
12966
25431
19306
12096
11576
11869
10671
13804
13328
13850
410001
297010
16632
1045677
579591
694728
21244
15205
1259215
25212
178608
45055
12724
11226
17702
1007288
20470
17387
10716
14667
10999
18295
690583
17726
685296
32023
18929
12214
13059
11999
12419
13359
15041
938234
19681
13598
13733
13395
12591
15899
520285
17955
14696
14608
20396
14312
260571
585205
19444
30907
13203
12331
18489
13075
15148
90644
12129
23155
12958
13696
12339
12210
11763
11733
12624
17534
1215524
23002
1560480
39443
18002
1591033
21244
90628
13391
439617
30226
32109
12444
12203
19386
1280285
21000
20263
412940
198774
1056810
19450
11443
12430
10690
10789
13241
157554
491618
1025425
18839
108591
10778
11602
41349
12759
10134
11377
11179
13299
79046
12906
272622
20736
1267563
54116
89930
12187
85707
13855
10562
10802
10930
10945
10096
80725
11255
11849
272366
197176
12283
2813578
21967
21270
29256
17814
884775
1220398
31404
313019
17872
28733
12381
14717
1654240
12162
13416
13323
12457
1308987
94788
24232
140510
15805
11997
41577
10790
13546
12043
12961
453331
15071
11683
1897474
294791
17498
330664
13373
11345
11286
12164
14380
11428
11391
11774
11842
14479
17707
21476
12478
55840
1159557
22324
11409
49891
11560
11281
12245
14876
798748
18241
25304
12392
201774
987318
717557
13134
12140
10292
12326
28684
33675
10274
9838
157289
14674
12590
9090
8935
2052
2653
2153
4807
2048
2022
2111
2091
2316
3000
2178
2279
90350
3126
5950
434772
3369
96384
2544
2295
8132
2120
66400
2773
2401
2369
2120
2105
2443
16718
2276
2736
106241
2878
7613
2416
10355
2462
15696
2270
2399
2370
4833
3546
2247
2198
2157
2036
2572
2483
2541
77341
54074
3071
195650
104936
131159
3973
2894
234871
4621
33588
8541
2364
2126
3443
188843
3869
3300
2016
2785
2058
3456
128081
3340
125533
6084
3604
2268
2420
2212
2349
2514
2908
178376
3661
2456
2546
2480
2342
2829
96351
3295
2710
2676
3678
2592
47191
111670
3597
5745
2447
2276
3414
2460
2826
16767
2368
4240
2428
2586
2268
2349
2237
2159
2325
3349
226975
4262
291295
7300
3486
295228
3931
17146
2509
83332
5445
6206
2338
2311
3543
245915
4047
3808
83913
38105
192943
3753
2248
2358
2016
2059
2598
31026
95810
190378
3682
20249
2119
2191
7983
2439
1960
2198
2112
2500
15142
2399
51574
3845
241703
10426
17273
2301
16631
2621
2070
2027
2128
2126
2011
15415
2207
2332
51289
38690
2394
532656
4299
4117
5557
3342
172517
231044
5868
58746
3444
5553
2319
2700
316101
2319
2528
2437
2373
245812
18822
4476
26652
3046
2282
7848
2038
2551
2268
2391
86245
2820
2170
359409
55176
3278
63306
2453
2207
2133
2266
2610
2140
2071
2200
2149
2648
3345
4000
2280
10421
222478
4218
2136
9356
2062
2114
2247
2718
150960
3441
4661
2285
38551
185863
136850
2525
2286
1929
2367
5470
6310
1916
1888
29809
2756
2424
1762
