48924
11060
13950
11979
26349
11395
10943
11987
11315
12899
15899
11395
11462
487769
17009
31867
2339936
19682
513729
13259
12436
43659
11497
362137
15383
12652
12748
11868
11352
12383
88288
12433
14197
558748
15478
41865
11974
57388
12930
82844
11642
13082
13180
25491
20020
11532
11732
11743
11316
13909
13009
14177
408144
297404
16964
1049012
583537
693862
21256
14890
1255716
25402
181708
45174
12587
11586
17504
1007627
20317
18025
10629
13811
11261
18971
693269
17084
685295
30551
18340
12848
12907
12381
13553
12737
15192
942037
20272
13174
12733
12983
13348
16381
520458
17919
14769
14153
20248
14563
264492
585459
20309
32129
12090
12504
18994
13388
15837
92323
12453
23101
13641
12524
12298
12897
11030
11831
12291
16367
1211922
23697
1553018
39700
16979
1602391
20594
89273
13126
438005
28892
31176
11797
11799
19689
1281879
20617
19993
418801
195336
1063687
19321
10949
12155
10971
10464
13153
156520
494812
1013298
19472
110132
11541
12056
41407
13335
10272
11598
11588
12765
77992
12431
272125
21264
1266678
53750
92713
12509
84290
14113
10959
11332
10957
10543
10813
82156
11770
12054
268904
196736
12009
2817423
22102
20498
28734
18071
878465
1220440
32250
312266
17487
28190
12332
14779
1652042
11875
12656
13320
12577
1319792
94725
23606
141777
15352
12439
41750
11348
13552
11784
13473
452423
15565
11337
1902232
293234
15989
331902
12708
11136
11273
11961
14604
11688
11258
11649
11587
14596
18521
21441
12070
56215
1159838
23120
11993
50718
11663
11544
11995
15485
797662
18479
26373
12314
204765
995635
713950
13521
12232
10756
11770
28773
33256
10265
9483
159115
14871
12522
10118
8983
2092
2626
2185
4825
2141
2080
2265
2121
2375
3018
2159
2186
90267
3148
5877
435420
3676
96201
2492
2326
8110
2198
65975
2819
2320
2340
2128
2136
2228
16617
2279
2566
105820
2908
7781
2247
10503
2401
15784
2215
2329
2352
4864
3699
2151
2217
2130
2165
2585
2400
2629
77083
54086
3145
196224
105742
131262
3953
2824
234096
4648
34116
8591
2325
2160
3406
188937
3815
3359
1984
2620
2136
3624
128618
3225
125619
5872
3467
2375
2425
2279
2517
2437
2919
179194
3723
2435
2333
2461
2425
2895
96305
3282
2691
2597
3620
2649
47832
111552
3762
5974
2263
2283
3495
2513
2926
17138
2419
4255
2566
2348
2276
2503
2107
2147
2269
3136
226424
4381
290491
7382
3298
297467
3781
16899
2476
82908
5201
6036
2199
2255
3563
245999
4000
3763
85013
37503
193874
3774
2146
2303
2061
2016
2561
30778
96264
188485
3740
20528
2256
2268
7944
2559
2003
2237
2251
2378
15031
2340
51560
3940
241450
10306
17728
2334
16378
2669
2176
2163
2115
2038
2124
15691
2296
2310
50990
38702
2343
533564
4295
4018
5456
3364
171679
231254
6029
58162
3429
5474
2349
2765
315708
2242
2397
2474
2398
247236
18814
4351
26984
2970
2375
7838
2126
2591
2190
2444
86103
2903
2139
360657
55024
3067
63639
2336
2198
2161
2241
2623
2163
2082
2154
2105
2648
3486
4000
2216
10492
221986
4310
2215
9500
2102
2170
2220
2792
150929
3434
4783
2257
38839
186917
136425
2570
2277
2004
2291
5455
6294
1898
1805
30134
2829
2407
1945
