49682
11423
13024
12132
25047
11426
11147
11029
11091
12079
15507
11496
12111
488967
16506
31505
2347080
18719
517917
13497
12384
44581
11460
363769
14909
12837
12493
12044
11127
13360
88079
12565
14666
561765
15330
40961
12776
56101
12880
81859
11548
12794
13019
25726
19607
10625
12030
11821
10966
14290
13337
13984
411986
295575
17057
1047373
582492
689965
21426
13619
1252910
25087
179508
44730
13103
11228
18480
1011267
20727
17705
11312
13608
11139
18862
692771
17444
684788
29851
18474
12265
13430
12327
12363
12584
15904
941388
19326
12454
12322
13364
13160
16182
514993
18044
14991
14311
21089
15081
264272
580116
19859
31005
12836
12189
19665
12512
15107
91136
12166
22478
12851
12960
11908
12810
11170
11100
12922
17722
1212253
23061
1548163
39672
17760
1614655
21741
90817
12670
437576
29961
32223
11958
11671
18742
1280499
21568
20022
415473
195554
1059141
19638
11101
12703
11250
10456
13205
157607
493475
1017292
19286
108309
11955
11668
41808
12619
10277
11741
11054
13529
78569
13026
272412
20038
1265018
53960
92978
12550
86042
13794
10126
10945
11173
10062
10833
81679
11640
11660
272895
197301
12060
2807814
22440
21526
28443
18194
879964
1218876
32206
310603
17417
27936
12717
14766
1662393
11875
12179
12779
12443
1322266
93668
23148
143780
15534
12245
41309
11376
13687
11883
12758
457823
14982
12067
1897286
292702
16000
334743
12657
10974
11115
11547
14701
10743
11857
12244
11876
15232
18170
21687
11954
55587
1158332
22170
11861
49990
12053
11456
12270
15292
803928
18019
25314
13306
205548
993321
716003
13250
12121
9857
12348
28962
34747
9867
9893
155106
14542
12562
9101
9089
2135
2478
2233
4620
2135
2115
2085
2055
2227
2968
2164
2331
90600
3104
5837
436830
3476
97178
2512
2351
8295
2143
66439
2723
2310
2312
2159
2092
2375
16633
2317
2649
106210
2915
7600
2403
10251
2370
15630
2193
2301
2364
4876
3661
2005
2263
2157
2089
2643
2465
2560
77931
53916
3162
196037
105690
130754
3980
2600
234091
4624
33802
8575
2412
2099
3528
189342
3895
3387
2138
2557
2125
3522
128481
3299
125641
5721
3526
2290
2507
2275
2345
2387
3021
178819
3556
2272
2236
2460
2442
2887
95487
3249
2790
2621
3789
2734
47628
110615
3724
5755
2394
2241
3640
2360
2844
16914
2331
4173
2442
2430
2196
2462
2141
2047
2373
3357
226554
4318
289566
7330
3369
299104
3979
17181
2392
82922
5361
6253
2249
2255
3465
245864
4115
3727
84645
37613
193574
3852
2182
2431
2102
2013
2597
30912
96068
188981
3757
20263
2325
2202
8060
2427
1979
2260
2127
2494
14996
2441
51487
3764
241784
10306
17818
2371
16650
2594
2001
2065
2136
2022
2122
15571
2297
2253
51586
38736
2368
532104
4384
4183
5409
3350
171800
230947
5993
58264
3368
5396
2371
2764
317779
2217
2322
2353
2379
248132
18482
4294
27156
3004
2307
7807
2108
2616
2206
2354
86975
2854
2250
359544
54848
3065
64043
2339
2189
2131
2162
2648
2066
2137
2252
2153
2778
3443
4034
2185
10409
222192
4077
2200
9390
2154
2146
2289
2834
151975
3351
4681
2434
39211
186485
136540
2546
2268
1821
2362
5479
6492
1836
1896
29412
2738
2421
1760
