48750
11729
13239
12055
25143
11307
10255
12073
11297
12086
14902
11718
11784
490309
16419
30795
2343533
18567
514337
13696
11768
43130
11554
362174
15018
12525
13124
12212
11278
13250
88090
12300
14541
561449
15141
41237
12394
56307
13107
84191
11540
12620
12891
26041
19603
10804
11191
11614
11791
14201
12713
14428
410229
298579
16582
1051818
583895
694289
20974
14366
1252257
24877
182632
45990
12552
11615
17543
1010470
21017
17617
11149
14400
10844
17981
694286
17439
686414
29816
18822
12094
13130
11603
12726
13072
15343
945097
20570
13258
13146
13467
12951
16622
522586
18344
14529
15272
20710
15077
264830
582357
19790
30828
12638
12936
19080
12491
15739
92274
11942
23438
13395
12577
12375
12828
11633
11602
12140
15981
1210231
22944
1554433
40367
17628
1604372
20897
90231
14053
439315
29126
31436
12814
12111
19678
1286826
20197
20532
412791
197287
1059371
19903
11307
12170
10721
10592
13374
157362
495231
1015790
19593
109472
10520
11788
42983
13118
11051
11163
11637
12934
79396
12681
270358
21597
1270708
53708
91873
11812
84324
14576
10786
10834
10567
10820
10663
81150
11711
11572
271986
197772
11581
2810211
22048
20990
27514
17492
877315
1214327
32363
314227
17547
27158
12740
15027
1664416
11584
12600
13005
12143
1318678
93964
23637
142617
15397
12577
41530
12126
14207
11702
12826
456301
15379
11949
1891149
290944
17225
334931
12939
11282
11163
11462
14529
11061
11738
11838
11571
13956
19013
21275
12392
55945
1157169
21631
11827
51606
11964
10961
12316
14974
799483
18005
26584
12467
205165
995167
715686
12618
11953
9983
12377
29286
33871
10268
9952
154092
14579
11910
9682
8949
2189
2549
2206
4602
2109
1953
2246
2105
2230
2872
2179
2217
90854
3105
5754
436444
3508
96288
2559
2244
8040
2205
66388
2773
2282
2394
2212
2084
2355
16653
2296
2619
106050
2888
7636
2322
10362
2420
15975
2182
2287
2399
4944
3635
2047
2107
2132
2221
2631
2346
2632
77279
54334
3048
196771
105641
131446
3952
2761
233621
4558
34377
8659
2354
2176
3408
189424
3972
3314
2105
2705
2049
3385
128840
3259
125801
5702
3554
2280
2463
2117
2409
2507
2947
179716
3783
2378
2408
2512
2392
2925
96553
3390
2683
2774
3727
2736
47833
110963
3665
5700
2318
2393
3499
2347
2913
17104
2315
4402
2513
2371
2289
2475
2216
2147
2209
3049
226110
4260
290634
7433
3415
297546
3885
17041
2629
83393
5206
6075
2431
2293
3563
246913
3894
3878
84156
37828
193656
3869
2195
2328
2047
2009
2613
30977
96151
188823
3795
20392
2101
2243
8285
2489
2145
2150
2238
2415
15204
2388
51267
3995
242064
10294
17607
2210
16347
2763
2123
2084
2073
2094
2061
15548
2287
2217
51569
38840
2278
531915
4319
4107
5216
3282
171424
230358
6011
58786
3412
5304
2397
2804
318734
2214
2369
2414
2295
247201
18702
4413
26967
2946
2361
7828
2255
2679
2185
2349
86769
2880
2240
359050
54629
3250
64264
2395
2245
2117
2151
2615
2107
2126
2162
2125
2531
3538
3962
2259
10420
221836
4058
2209
9664
2143
2033
2300
2715
151198
3398
4884
2319
39052
186805
136602
2461
2269
1855
2369
5573
6380
1877
1852
29334
2753
2301
1848
