50071
11230
13222
12334
26954
11527
11416
11536
12094
11814
15578
12034
11961
486339
16935
31261
2347847
18635
513331
13121
11880
42882
11569
363901
14923
13043
11989
12716
11703
12953
88742
12249
14451
557996
16566
41154
12660
57058
12611
83260
11781
13444
12565
25953
19475
11306
11447
12232
11601
13868
12407
14486
411695
297824
16114
1052218
580520
693259
20920
15127
1255388
24434
178656
44892
12694
11419
17659
1011210
20802
17492
11115
13826
11073
18577
694280
17568
682759
29485
17780
12756
13321
12511
12690
12921
15361
943686
19543
13285
13334
12848
12693
16169
519653
17327
14840
14886
21336
15325
261165
583850
20060
31440
12790
12287
18611
12085
15209
90260
12155
22645
13063
12293
12328
13144
11162
10795
12749
17257
1213021
22779
1553406
40090
18091
1600000
21362
90560
14071
438590
28979
31393
11714
12508
19495
1286229
19900
19450
412890
195560
1059189
19664
10771
11985
10508
10413
13167
156310
492692
1011971
19722
108327
11657
11235
42358
12603
10005
10915
11588
13202
78887
12786
271758
20760
1263879
54155
92582
11780
83450
14066
10657
10981
10879
11544
11406
82071
11774
11836
275541
197468
11754
2814956
22411
21126
28304
17617
879190
1208483
32567
312996
17257
27701
12415
14874
1662527
12339
12933
13292
12945
1313049
94363
24528
141445
15313
12067
41576
11372
13592
12124
12795
450858
14760
11643
1897069
294652
16135
331624
12870
11760
11148
11825
14724
10948
11437
11727
11626
15121
18708
21007
11694
55679
1160810
22836
11880
51096
11853
11417
12072
15128
799715
17981
24569
12816
207493
988434
716929
13421
12137
10521
11944
28674
33265
10788
9732
156956
14734
12019
9645
9190
2118
2504
2266
4889
2159
2141
2190
2288
2187
2996
2238
2240
90094
3206
5835
436722
3496
96115
2438
2268
7976
2219
66472
2764
2406
2239
2270
2174
2294
16770
2272
2605
106048
3113
7635
2390
10511
2323
15822
2231
2459
2313
4917
3640
2138
2162
2213
2204
2581
2281
2680
77876
54321
2972
196631
104879
131187
3911
2890
234467
4460
33706
8503
2352
2147
3421
189895
3916
3307
2083
2611
2105
3480
128848
3302
125295
5629
3378
2383
2475
2287
2376
2483
2958
179469
3613
2410
2431
2390
2359
2907
96324
3180
2720
2702
3923
2734
47064
111447
3719
5835
2383
2205
3423
2279
2876
16833
2363
4185
2486
2368
2290
2521
2107
2000
2340
3289
226653
4238
290774
7387
3466
297218
3956
17114
2622
83126
5176
6064
2221
2389
3583
246981
3824
3633
84020
37643
193748
3868
2108
2291
1996
2000
2569
30776
95767
188226
3781
20341
2274
2157
8146
2385
1962
2106
2195
2472
15086
2367
51397
3862
241426
10350
17754
2245
16118
2649
2115
2079
2091
2235
2244
15724
2298
2295
51906
38809
2279
532726
4315
4113
5354
3312
171791
229494
6067
58550
3352
5428
2345
2803
317653
2291
2459
2447
2477
246318
18667
4488
26980
2961
2268
7909
2135
2593
2268
2324
85732
2792
2180
359512
55054
3099
63519
2396
2274
2136
2180
2678
2053
2052
2132
2130
2755
3534
3891
2173
10448
222584
4234
2198
9560
2143
2141
2251
2754
151261
3388
4528
2359
39435
185811
136814
2582
2302
1937
2299
5457
6298
1987
1863
29678
2759
2314
1841
