47770
11592
13552
11893
26868
11262
10322
11110
11610
11825
14633
11129
12054
486468
16094
31323
2343220
19138
512481
13151
12351
43225
11061
364914
15316
13082
12346
12131
11766
12884
90109
12698
14596
559547
15607
41059
12475
56349
12183
83545
11152
12824
12467
24775
19124
11540
12391
11963
11778
14062
13104
14039
405826
299243
16730
1044934
581642
685765
20726
14991
1255902
24988
178927
45358
12671
11678
17407
1010972
20838
18162
11200
14187
11461
18883
692623
17032
686613
30774
18224
12199
13211
12603
12385
13491
14894
942488
20406
13175
12823
12940
13308
15801
517537
18234
14742
14347
21064
15746
263984
579402
19211
31354
13365
12691
18973
12148
14274
92944
12441
24630
14184
12985
12647
12914
11508
10918
12381
16882
1207654
23142
1554030
39946
17893
1613505
22075
90381
13956
441717
29270
30419
12717
12254
19042
1281924
19864
20412
416710
195048
1059340
19678
11530
12655
10597
10078
13441
156582
493296
1016610
19502
108443
11042
12161
41820
12910
10783
11472
11568
13074
78661
12893
270890
21348
1267884
54806
91825
12488
83115
14860
10674
10750
10961
10434
10915
81475
11174
12031
270639
196317
11848
2808597
21102
21095
28615
16867
885214
1222818
32452
312315
17903
27547
11905
14877
1659332
11404
12896
12608
12113
1318170
95837
23768
142859
15760
12489
41590
11389
13256
11512
13590
455091
14655
11943
1882385
292416
16205
335171
12454
11042
11045
11999
14341
10835
11765
12362
11559
14803
18020
22342
11776
56031
1154737
21893
11726
50611
11402
11659
12293
15150
790684
18143
25383
13375
205739
992408
717967
13340
11564
10167
12123
28943
34322
10786
9953
155973
15295
12095
10014
8840
2150
2595
2220
4877
2078
1968
2101
2189
2204
2844
2078
2256
90116
3040
5860
436520
3578
96060
2465
2368
8079
2100
66631
2809
2388
2289
2145
2183
2322
16996
2360
2669
105701
2946
7630
2317
10286
2281
15848
2121
2279
2258
4779
3525
2145
2332
2171
2230
2645
2421
2605
76731
54484
3082
195611
105303
129717
3873
2823
234266
4614
33628
8611
2335
2215
3389
189264
3889
3433
2124
2644
2134
3556
128277
3263
126186
5840
3497
2282
2436
2295
2355
2527
2870
178958
3766
2406
2353
2440
2459
2789
95741
3352
2721
2618
3823
2795
47730
110369
3568
5774
2497
2342
3489
2285
2720
17199
2395
4539
2676
2424
2322
2438
2185
2016
2244
3198
225671
4351
290426
7409
3449
299114
4013
17076
2621
83775
5264
5928
2403
2325
3463
246205
3832
3798
84748
37472
193511
3848
2269
2395
2023
1944
2633
30722
95904
189006
3739
20267
2161
2295
8074
2452
2138
2221
2223
2418
15064
2423
51298
3951
241795
10445
17631
2346
16216
2758
2110
2052
2096
2024
2154
15569
2168
2306
51352
38598
2309
532113
4113
4103
5416
3164
172771
231435
6057
58483
3439
5367
2264
2772
317154
2178
2432
2333
2339
247291
18893
4416
27158
3056
2340
7834
2122
2517
2188
2495
86478
2787
2225
356743
55018
3080
64151
2342
2176
2106
2228
2576
2057
2138
2251
2137
2695
3407
4179
2171
10478
221528
4083
2194
9486
2062
2178
2286
2747
149838
3386
4657
2461
39253
186663
137190
2582
2208
1893
2328
5478
6469
2005
1886
29512
2841
2305
1891
