46584
11014
13654
12123
25607
11785
10808
11394
11095
12060
15800
11538
11884
486817
16410
31231
2339630
17757
517118
13781
11989
44024
10958
362852
15148
13016
12537
12124
12242
13460
87724
12470
14720
560343
15426
42334
11951
57615
12885
83384
12235
12932
13087
25087
18780
10696
11784
11763
11757
14023
13293
13776
409698
295777
16374
1045222
579540
692321
21448
14159
1245295
25217
181343
45739
13089
11210
17535
1009671
20540
17429
10421
13422
11023
19687
693980
16595
684824
30178
18208
12571
13413
12462
12632
13008
15073
944552
20705
12852
12981
13012
13201
16271
518495
17314
14423
14850
20944
14435
263196
578200
19595
31790
12784
13167
19013
12446
15448
91646
11552
22715
13012
13446
11618
13573
11229
11537
12675
16874
1212681
23314
1557187
40835
17519
1606617
21862
90426
13461
434202
29514
32529
12053
11565
19163
1282824
21659
19491
420882
197511
1065367
19894
11532
12674
11163
10835
12823
157277
492158
1019118
19670
109015
11373
12112
41745
12888
11051
11561
11296
13279
79253
12800
274088
21501
1264133
55135
92053
12486
84982
13787
10806
10631
10629
10897
10825
79528
11731
12148
272711
198645
12630
2807380
21481
21100
28185
17084
882924
1214205
32073
309189
17830
27376
11752
15201
1661307
11932
13277
12257
12246
1314968
94998
23043
143866
15617
11736
40498
11716
13414
11393
13732
451338
14447
11511
1896943
292672
16490
333268
12840
11628
10993
12173
14647
10986
11527
11338
11034
15451
17994
21721
12333
55282
1155471
21880
11407
52527
11964
11422
12486
15075
796733
18345
24934
12697
204907
991880
721163
13087
11620
10465
12258
29083
33924
10753
9663
155974
14522
12581
9737
8638
2085
2598
2216
4711
2175
2023
2153
2039
2230
3019
2171
2252
90118
3095
5745
435923
3345
96926
2560
2275
8156
2116
66244
2821
2380
2311
2198
2231
2407
16597
2333
2644
106106
2923
7839
2257
10540
2390
15888
2297
2330
2381
4786
3464
2025
2231
2149
2244
2619
2432
2544
77575
53986
3039
195858
105148
131013
4000
2722
232518
4657
34024
8636
2440
2143
3396
189105
3856
3274
1965
2542
2091
3676
128907
3170
125719
5802
3436
2333
2469
2285
2366
2480
2855
179548
3783
2367
2391
2439
2461
2879
95895
3191
2673
2673
3791
2585
47530
110326
3616
5869
2413
2417
3541
2321
2890
17039
2232
4225
2470
2538
2161
2606
2175
2125
2297
3260
226709
4342
290968
7486
3351
298329
3998
17131
2509
82398
5277
6258
2269
2230
3505
246636
4175
3696
85476
37732
194683
3845
2239
2404
2079
2100
2508
30957
95997
189416
3793
20348
2233
2286
8005
2467
2138
2246
2181
2434
15245
2410
51776
4003
241114
10554
17672
2349
16556
2604
2142
2039
2043
2111
2152
15188
2283
2330
51567
39021
2416
531982
4211
4045
5359
3203
172616
230367
6013
57956
3451
5331
2241
2855
318092
2264
2503
2275
2330
247338
18751
4278
27249
3034
2248
7599
2213
2526
2178
2544
85903
2715
2169
359685
54824
3132
63798
2381
2246
2086
2290
2679
2081
2095
2111
2063
2785
3350
4092
2232
10405
221882
4096
2141
9764
2122
2155
2355
2760
150740
3427
4620
2339
39009
186676
137799
2494
2217
1976
2362
5531
6423
1997
1837
29574
2734
2411
1878
