48472
10899
13078
11899
27343
11638
10781
10708
11283
11991
15798
11698
11434
484866
16857
32004
2335141
19350
516490
13662
11944
43426
10691
363256
15127
12876
12829
12685
11452
12663
88652
12211
14442
556381
15023
40909
12174
56801
12190
83390
11733
13161
12851
25155
19163
11616
11838
11637
11357
14381
12927
14057
411574
297712
16689
1046819
584244
693521
21251
14884
1260789
24179
180693
44607
12365
11163
18003
1012642
20083
17686
11263
13774
10803
18522
697127
17521
683459
29710
18068
12423
12843
12893
12495
12273
15305
940672
19526
13183
12747
13129
12732
15624
515493
16638
15029
14701
20834
14939
262022
582916
20515
31289
12561
12813
19346
12099
15979
92294
12442
22899
13310
12560
12096
13199
11076
11202
12904
17114
1214090
23043
1557988
40309
18422
1600039
21051
91214
13925
434351
28566
31891
11706
12539
19408
1283555
20364
20119
414829
193612
1064558
19646
11323
12581
10461
10664
13554
156953
490919
1015566
19297
110577
11124
11959
42561
13088
10567
11642
11387
12966
79154
12717
273410
20571
1270925
54152
90193
11781
85085
14786
10665
10752
11085
10077
10529
83240
11746
11133
273366
196908
11868
2805282
21584
21508
28766
17600
880745
1215843
31736
311246
17536
27664
11991
14904
1655570
11999
12422
13001
12176
1313574
94298
24088
142903
15759
12645
40789
11412
13735
11521
13540
455421
15016
12529
1894822
294702
16957
332727
12281
11217
11125
11779
15080
11681
12020
11898
11590
15791
18089
21991
12659
55399
1157923
22298
11846
50634
11333
11571
12045
15239
791736
18149
26118
13451
203089
988389
717420
13089
11912
9859
11736
28884
33112
10053
9466
155627
14534
11740
9545
8893
2055
2526
2183
4965
2144
2037
2026
2130
2203
3044
2215
2183
89983
3149
5942
434918
3587
96722
2574
2227
8085
2064
66374
2771
2377
2385
2291
2114
2262
16782
2252
2635
105164
2838
7587
2304
10437
2278
15869
2227
2354
2345
4807
3552
2164
2256
2127
2174
2649
2385
2620
77530
54112
3097
195704
105585
131233
3976
2807
235045
4447
34032
8433
2320
2113
3492
189599
3806
3330
2141
2600
2036
3495
129280
3284
125325
5701
3413
2302
2396
2337
2356
2340
2931
178345
3594
2433
2336
2470
2382
2772
95205
3072
2744
2675
3751
2704
47400
110966
3805
5784
2308
2366
3594
2291
2975
17126
2388
4277
2511
2409
2253
2513
2121
2064
2342
3289
226570
4305
291029
7487
3555
297155
3942
17182
2569
82329
5089
6178
2216
2392
3524
245861
3929
3775
84255
37236
194080
3795
2219
2356
1992
2012
2616
30736
95531
188841
3690
20727
2175
2232
8201
2505
2071
2251
2196
2417
15149
2405
51654
3834
242192
10390
17323
2206
16447
2753
2097
2063
2115
1998
2080
15944
2273
2177
51707
38729
2306
531443
4210
4168
5396
3298
172270
230037
5908
58144
3386
5419
2267
2771
316880
2282
2385
2409
2299
246313
18586
4480
27052
3049
2386
7739
2115
2578
2207
2457
86582
2819
2307
359074
55229
3247
63867
2307
2234
2142
2196
2717
2183
2155
2163
2144
2827
3366
4083
2353
10377
221988
4150
2200
9523
2037
2220
2256
2760
149738
3379
4761
2472
38647
185741
137123
2522
2262
1838
2261
5503
6249
1861
1774
29680
2731
2277
1831
