48454
10592
13722
11840
26924
11494
10542
11175
11222
11920
15226
11003
11956
486966
16198
31517
2341846
18740
516382
14011
12030
43415
10539
363534
15162
12747
12381
12545
11364
13536
87850
12100
14970
562274
15661
40751
12080
54927
12554
84396
12281
12560
12517
25290
19987
10809
12242
11355
11169
13980
13680
14112
409409
297537
16149
1046619
581927
687072
21484
14196
1248272
25176
179799
44384
12402
11888
18496
1012691
21156
17684
11101
13924
11278
19108
692731
16374
684487
31983
17806
12383
12872
12025
12709
12474
15279
943697
19135
12485
12753
13178
12886
16611
516803
17683
14774
14662
21120
14313
259443
583274
20138
31107
13006
13062
18803
12070
15570
92437
12006
22662
12971
13159
12310
12651
11661
11053
12795
17307
1212518
23110
1557999
38697
17327
1605758
20871
91616
13824
437229
28902
32447
12277
12379
18638
1283421
20503
20089
417126
193708
1060409
19105
11118
12358
10643
10695
13464
157731
490239
1018008
19516
109547
10942
11526
41635
12857
10390
11492
11504
12910
78484
12702
270957
21841
1268058
54250
93036
12775
85705
14442
11216
11046
10340
10729
10978
81569
12025
11506
272619
196615
12072
2806020
21367
21069
27597
17544
881502
1218110
31562
314168
17980
28053
12158
14736
1659852
11792
13100
12156
12640
1317399
93622
23680
143215
15472
12231
42727
11769
13776
11540
13542
450641
15129
11269
1896626
294028
16512
334555
13495
10705
10990
12776
14467
11402
11765
11872
11642
15464
17489
21325
12297
55696
1156511
22597
11071
51512
11273
11780
11783
15412
796869
18508
24856
12864
206351
988547
712395
12988
11682
10323
11461
28658
34258
10440
10044
158357
14281
12328
9101
8913
2009
2615
2186
4891
2125
1973
2101
2091
2203
2919
2119
2274
90211
3047
5909
436334
3514
96790
2566
2283
8068
2029
66551
2809
2329
2269
2244
2097
2405
16558
2233
2710
106291
2952
7555
2281
10023
2339
16009
2304
2278
2282
4850
3646
2008
2297
2076
2107
2579
2518
2597
77338
54199
2958
196248
105486
130332
4046
2709
233319
4623
33769
8407
2322
2247
3610
189520
3982
3322
2075
2619
2107
3604
128601
3067
125355
6079
3392
2274
2426
2220
2379
2340
2877
179125
3531
2308
2319
2453
2417
2919
95853
3227
2696
2686
3826
2597
47029
111388
3745
5769
2407
2393
3475
2285
2911
17182
2286
4214
2472
2427
2281
2470
2233
2007
2313
3296
226537
4303
290753
7165
3348
298477
3803
17308
2601
83002
5185
6251
2332
2382
3404
246026
3952
3761
84690
37221
193717
3740
2178
2333
2019
2063
2654
31055
95526
188931
3774
20459
2148
2188
8026
2431
2018
2251
2210
2403
14983
2377
51334
4028
241918
10367
17800
2427
16583
2741
2190
2122
2022
2100
2155
15548
2321
2225
51588
38686
2333
531406
4168
4102
5267
3306
171903
231107
5938
58790
3471
5446
2269
2793
317530
2226
2480
2265
2391
247100
18540
4386
27183
2991
2287
8043
2183
2629
2220
2446
85836
2837
2114
359718
55232
3117
64121
2484
2163
2119
2358
2626
2126
2119
2170
2128
2797
3285
3974
2266
10454
222138
4219
2045
9674
2012
2228
2200
2814
151156
3479
4569
2387
39244
186241
136084
2532
2218
1878
2237
5456
6436
1925
1899
30043
2686
2374
1735
