49245
11319
13669
12518
26314
11179
10704
11427
11001
11654
15044
10761
11530
483215
16484
31227
2340491
18795
517494
13194
12645
42603
11066
360767
15676
12279
12312
11578
11465
13096
87470
12307
14392
563915
14484
40172
12175
55912
12658
82729
11648
12838
13083
25653
19357
12060
11757
10703
11538
14001
13658
14392
411413
296984
16790
1046991
581334
691822
21592
14213
1252634
24513
181214
45011
12841
11403
17665
1011942
20477
17848
10645
13785
10692
19222
697635
17359
685497
31326
17450
13417
12866
12819
12053
12244
14538
939751
20160
12572
13495
13331
12570
16618
518538
17618
13962
15086
20609
14508
260387
585480
19980
30632
13152
13039
18995
12772
15201
91442
12501
24038
12833
12217
12255
13091
11399
11197
12852
16849
1212771
22400
1566188
39882
17416
1605080
20642
92137
14040
440370
28783
31013
12218
12065
18726
1275512
20584
19870
416578
194381
1059736
19888
11123
12463
10618
10450
13155
156641
490016
1018463
19804
109262
11439
11413
40417
13001
11145
11508
10889
13115
79153
13646
274050
21582
1268077
54659
91568
12235
85703
14288
11501
11501
10807
10649
10770
80147
11772
12348
269633
198513
11937
2812133
22124
20486
28187
17485
877770
1216516
32784
312608
16953
27920
12074
15902
1666304
12230
12868
12481
12353
1313323
93250
24091
142489
15720
12161
41770
11297
14279
11448
13167
453414
15127
12001
1892201
294728
16419
332290
12950
11454
11185
11648
14653
11644
11724
11873
11635
15138
18308
20978
12097
57027
1153782
21605
11448
50231
12023
11498
12655
15176
798828
18166
25449
13106
206865
988114
716676
12994
11838
9862
12132
27747
33983
10398
9918
156982
14630
12145
9852
9011
2131
2602
2300
4814
2060
2041
2140
2068
2200
2897
2039
2198
89735
3111
5799
435894
3533
96929
2429
2382
7925
2118
65872
2900
2275
2238
2112
2128
2340
16540
2287
2591
106570
2769
7439
2279
10277
2324
15759
2201
2344
2347
4891
3591
2234
2179
1973
2214
2600
2512
2633
77553
54184
3079
196128
105369
131143
4008
2746
234017
4507
34071
8499
2346
2128
3416
189305
3825
3385
1995
2603
2052
3591
129493
3262
125693
5974
3342
2448
2370
2361
2259
2357
2755
178866
3699
2339
2463
2452
2360
2953
95796
3245
2568
2757
3729
2630
47003
111494
3711
5695
2474
2408
3499
2408
2856
16977
2410
4465
2459
2302
2265
2535
2207
2070
2368
3212
226631
4235
292505
7404
3368
297952
3798
17456
2598
83629
5202
6022
2276
2286
3461
245192
3976
3734
84617
37378
193420
3870
2155
2351
2009
2026
2596
30759
95306
189246
3824
20446
2221
2179
7765
2463
2134
2246
2085
2400
15079
2543
51793
3996
242182
10401
17533
2318
16599
2679
2241
2189
2095
2057
2108
15384
2299
2366
51073
38846
2315
532005
4363
3988
5335
3249
171607
231100
6082
58542
3326
5418
2297
2950
318917
2337
2435
2293
2352
246790
18470
4465
27051
3029
2307
7903
2122
2705
2172
2387
86357
2788
2241
359197
55206
3125
63618
2405
2211
2148
2182
2660
2174
2169
2191
2130
2737
3393
3912
2229
10646
221199
3998
2156
9463
2156
2157
2388
2738
151127
3446
4652
2448
39375
185749
137191
2519
2256
1837
2329
5305
6395
1908
1877
29645
2733
2355
1880
