48682
10754
13873
12136
26426
11548
10746
11035
11538
11793
14890
11528
12538
484515
15772
30655
2339627
18502
518920
13473
12271
42363
11280
366267
15051
12871
12235
12752
11184
12547
88403
12422
14489
560858
14483
41528
12405
55266
12852
82389
11826
13190
12609
25416
19711
11520
11609
11930
11285
13772
13496
14498
408801
299526
16118
1048474
580872
691987
20479
14540
1254222
24255
180022
45733
12824
10601
18318
1011346
19641
17823
10801
14175
10785
19040
693754
18036
685644
31773
18016
12946
12601
12241
12421
12835
15058
935503
19710
12382
12244
13410
13210
16444
522788
18046
14424
15027
20598
15366
264697
584058
20391
30435
12894
12726
18468
13040
15398
93730
12736
24078
13743
12861
12637
12973
11157
11129
12021
16887
1212964
22294
1553963
40014
17420
1611775
21977
90510
13903
439293
29179
32406
12222
11874
19138
1281803
20762
19729
411645
195841
1058180
18884
11487
12272
10375
10999
12349
156336
491520
1014983
19024
109964
10912
11660
42053
12934
10797
11446
10945
11813
80155
13340
274620
21579
1266632
55984
92061
12307
84080
14374
10822
10834
10753
11143
10370
82268
11289
11734
270885
195732
12002
2811964
21995
21174
28036
17400
882534
1213525
33848
311499
18119
27624
12087
15416
1663389
11944
13303
12672
12050
1313530
95681
24634
142345
15387
11973
41988
11441
13475
12037
13306
454063
15535
11960
1893810
294623
16178
334218
12738
10650
11738
12479
14375
10562
12009
12043
11170
14518
18283
20957
12261
55486
1158879
22116
11840
51299
11886
11831
12363
14822
796740
19124
26130
12307
206197
993105
715764
12998
12080
10378
11966
27567
33612
11232
9866
155359
14622
11712
9125
8879
2047
2652
2237
4794
2157
2057
2061
2164
2205
2878
2174
2357
89837
2948
5761
436337
3490
96966
2539
2323
7926
2110
66877
2766
2329
2240
2296
2099
2280
16734
2300
2613
106241
2754
7717
2340
10070
2360
15738
2261
2354
2324
4856
3658
2168
2172
2162
2126
2560
2497
2711
77176
54477
2988
196680
104939
131013
3847
2767
234198
4476
33934
8697
2406
2013
3533
189546
3694
3417
2050
2665
2046
3570
128763
3364
125702
6066
3424
2393
2344
2218
2373
2476
2890
178068
3621
2271
2237
2489
2431
2912
96755
3309
2671
2729
3734
2779
47760
111470
3806
5668
2358
2343
3460
2400
2872
17400
2473
4478
2590
2420
2348
2500
2143
2057
2214
3198
226632
4153
290666
7330
3331
298873
4023
17063
2614
83256
5236
6262
2294
2286
3519
246529
4026
3706
83929
37673
193072
3700
2230
2337
1959
2082
2426
30811
95881
188629
3683
20503
2160
2202
8074
2462
2102
2221
2089
2212
15257
2505
51985
3994
241511
10696
17638
2335
16274
2679
2146
2066
2046
2194
2052
15699
2215
2260
51232
38507
2335
532597
4301
4117
5299
3233
172486
230525
6278
58523
3518
5329
2308
2881
318283
2260
2519
2333
2285
246432
19005
4526
26951
2988
2265
7935
2092
2555
2273
2414
86375
2891
2205
359451
55226
3053
63842
2345
2138
2203
2326
2616
2013
2199
2223
2051
2632
3413
3912
2240
10376
222146
4124
2211
9693
2158
2231
2310
2719
150941
3539
4758
2278
39294
186845
136763
2493
2279
1924
2305
5276
6355
2073
1833
29473
2762
2235
1775
