48256
11684
13285
11808
25992
11133
11012
12248
11067
12500
15045
11408
12226
485309
16494
30508
2347825
18494
515370
13083
11892
43319
11433
361502
14634
12946
12345
11883
11163
13305
87819
11916
15148
560037
15342
41526
12543
57017
12819
83328
11674
13534
12746
25520
19505
10867
11816
11672
11366
14367
13050
14012
407972
295019
16791
1047240
585856
693245
21994
15026
1253142
25091
183564
45277
12735
11354
18179
1010047
20824
17570
11044
14049
11296
18338
693403
17287
685271
31091
17977
13099
13570
12156
13107
13152
15039
940424
20264
13457
12740
12886
13094
16221
517805
17408
14437
14002
20711
14707
264069
586266
19959
30650
13290
12285
18433
12319
15273
90536
12874
23775
12405
12429
12120
13457
12127
11438
12638
16542
1208458
22745
1556776
40789
17464
1602983
20838
91325
13333
439678
29116
31950
12950
12421
19494
1287864
20412
20165
414273
196419
1063049
19840
11432
12620
10295
10943
13621
159503
492673
1021749
18977
108176
11416
12271
42681
13055
10085
11375
11505
12801
78313
13152
272040
21569
1267898
55244
92286
12404
85568
14200
11343
10298
11050
10649
11407
81365
11190
12005
269554
199082
11498
2806900
21748
20999
27991
17729
879951
1218729
33040
311147
17193
27952
12207
15314
1665419
11332
13503
13194
12198
1316568
95416
23865
144156
14883
12215
40713
10666
14133
11442
13787
454288
15647
12370
1893748
294926
16682
332407
12609
11287
10809
12234
14312
11551
11760
11755
11913
14780
17847
21809
11979
55110
1164061
21597
11545
51045
11841
11727
11793
15537
798570
18366
25605
12794
206416
989808
715318
13021
11780
11032
11550
28472
34118
10200
10037
156915
14009
11896
10127
8874
2167
2543
2184
4730
2077
2084
2278
2076
2315
2912
2171
2278
89847
3095
5707
437120
3493
96505
2427
2246
8054
2140
66205
2774
2395
2282
2149
2076
2407
16587
2227
2717
105900
2879
7667
2396
10405
2375
15820
2225
2430
2320
4873
3620
2045
2213
2127
2183
2675
2410
2581
77260
53692
3098
196020
105763
131224
4082
2876
234103
4631
34481
8553
2339
2141
3520
189215
3898
3320
2060
2663
2124
3441
128677
3264
125635
5942
3402
2400
2540
2241
2426
2459
2887
178624
3740
2446
2346
2381
2422
2891
96085
3185
2675
2574
3740
2657
47736
111916
3698
5725
2464
2246
3392
2316
2842
16858
2511
4377
2378
2382
2265
2555
2286
2099
2301
3164
225978
4191
291105
7486
3361
297589
3850
17201
2518
83266
5226
6179
2434
2336
3519
247198
3967
3800
84228
37777
194008
3877
2210
2391
1932
2098
2659
31224
95792
189857
3660
20318
2234
2349
8237
2497
1964
2213
2183
2382
15009
2483
51379
3968
241935
10506
17721
2363
16552
2672
2252
1986
2115
2090
2261
15569
2136
2306
51083
39078
2235
531609
4225
4081
5303
3319
171932
231151
6103
58234
3322
5405
2324
2876
318531
2121
2558
2427
2333
246774
18854
4438
27198
2864
2337
7750
1995
2664
2170
2543
86461
2944
2339
359065
55254
3153
63624
2312
2222
2056
2279
2594
2167
2145
2115
2201
2703
3342
4055
2178
10344
223127
4062
2156
9554
2124
2217
2211
2860
150750
3447
4728
2391
39210
185926
136544
2521
2216
2016
2220
5411
6437
1882
1872
29795
2639
2266
1897
