48098
11576
13473
11754
25828
11058
10982
11441
11587
12147
15383
11808
11427
484169
16142
31365
2343157
17726
514752
13483
12009
42656
11216
365426
15199
13337
12499
11957
11955
12472
89213
12375
14084
555577
14896
41089
13013
56675
12049
81604
12028
12830
12842
25808
20190
10658
11827
11314
11395
13940
13230
14312
412054
296673
17308
1049425
581070
691657
20964
14640
1250214
25300
179116
46119
12243
12104
18334
1014073
20940
17400
11311
13695
11786
18802
695760
17602
686703
31286
18259
12047
12957
12117
12959
13485
15466
938937
20254
12600
12511
13015
13312
16004
519003
17411
14494
14569
20951
15009
260773
586971
19261
31475
13234
12974
18668
12857
15135
91722
12065
24420
13125
12846
12359
13543
11127
11388
12680
16550
1214939
23328
1554825
41210
17842
1608131
22178
90185
13522
436700
29219
32741
11737
11898
19295
1284861
20312
19912
417856
195920
1061262
19569
10919
12129
10714
10818
13370
158518
494496
1018373
19256
110931
10982
12012
41951
12733
10879
11299
11364
13163
79196
13066
267836
20726
1261592
55002
93133
11979
85362
14014
10618
11019
10465
10813
10716
81477
11715
11503
269932
200813
11829
2813522
22073
21673
27668
17256
881858
1215840
32718
309736
17716
27677
12043
14420
1660690
11588
12969
12345
12508
1316354
95280
23861
141631
15854
12478
40205
11860
13506
11614
13335
453571
14205
11709
1893766
292091
17313
332590
12235
11067
11484
12096
14536
11482
11430
11913
11128
14904
17972
21435
11651
55397
1160530
22515
11853
50335
11424
11463
12205
14855
796179
18113
25466
12359
204642
993503
717379
12959
11929
10873
12199
28425
32989
10636
10236
156491
14750
11865
9466
8805
2177
2569
2182
4708
2062
2079
2132
2139
2253
2955
2216
2162
89898
3025
5863
436953
3343
96539
2514
2277
7964
2158
66839
2775
2434
2292
2180
2227
2258
16860
2272
2563
105119
2839
7650
2453
10378
2245
15560
2277
2312
2316
4973
3725
2003
2243
2072
2183
2593
2440
2618
77842
53895
3165
196437
105241
131164
3913
2797
233566
4683
33687
8772
2287
2261
3499
189982
3928
3312
2121
2615
2223
3548
129148
3319
125862
5950
3484
2239
2446
2207
2389
2575
2975
178379
3719
2319
2267
2408
2454
2806
96108
3214
2667
2692
3770
2679
47207
111962
3590
5839
2461
2352
3478
2433
2778
17067
2338
4494
2480
2383
2325
2608
2141
2084
2312
3142
227117
4384
290821
7594
3430
298102
4034
17121
2533
82873
5252
6356
2243
2251
3554
246916
3900
3743
85114
37570
194145
3804
2147
2332
2002
2057
2612
31232
96083
189408
3703
20660
2162
2250
8020
2457
2119
2207
2192
2458
15096
2432
50794
3834
240568
10474
17851
2277
16541
2670
2115
2099
2016
2140
2090
15683
2287
2204
51152
39333
2300
532458
4287
4224
5177
3230
172308
230568
6108
58066
3441
5384
2258
2679
317764
2207
2477
2277
2369
247078
18835
4426
26761
3088
2343
7597
2200
2578
2179
2421
86282
2653
2172
358755
54941
3251
63645
2244
2183
2175
2284
2666
2195
2079
2187
2060
2705
3384
4030
2139
10391
222662
4167
2214
9509
2056
2171
2295
2722
150631
3390
4722
2317
39083
186840
136974
2502
2242
2010
2328
5408
6256
1960
1917
29650
2751
2308
1796
