48670
11247
12969
11883
25787
11732
10747
11844
12017
12336
15340
11496
12780
488683
16790
30675
2340104
17930
517168
13812
12294
42828
11476
364515
14917
12864
12615
12710
11200
13090
86133
12110
14296
565822
15200
41216
12683
56813
12318
83179
11488
13130
12734
24579
19077
10653
11641
11988
11246
14386
13810
14053
411802
296228
16938
1046106
580280
693848
21812
14465
1252235
24401
177293
46471
12027
12055
17857
1014861
19644
18128
10951
13687
11250
18111
693851
17086
688604
30867
18212
13497
13066
12638
12720
13014
15031
936632
20146
12870
13304
13329
12624
17139
519828
17147
14879
14910
21069
14858
260001
587715
19393
30758
12956
12643
19119
11871
15978
91292
12428
23228
13526
12944
12442
12488
11649
11658
13097
17131
1211765
23122
1558780
40372
18060
1608678
20583
90877
13112
437670
29314
31758
12063
12415
19777
1280894
20801
20208
414874
195908
1065727
19224
11157
12184
10411
10283
13047
156615
491921
1018521
19625
108206
11001
11707
42521
12731
10924
11652
11252
12513
78439
13170
274062
21908
1269179
54291
91509
12135
84855
14057
11063
11076
10668
10656
10514
80949
12452
11513
270611
198873
11967
2815208
22806
20768
28025
16928
881695
1218996
32341
314390
17010
28199
12428
15180
1672358
11821
12682
12352
12674
1315987
95171
23762
142880
15284
12489
41554
12036
13439
11481
13496
458323
15790
11631
1892848
293773
16198
332040
12394
10969
11426
11891
14629
11499
11438
11721
11601
15390
17826
21606
12350
54686
1159241
23074
11383
49681
11365
11438
12024
15137
795284
17710
24916
12446
204939
990986
714861
13292
12333
10501
12506
29061
33928
10288
10092
155349
14824
12632
9561
8988
2097
2459
2188
4700
2186
2031
2232
2228
2312
2997
2177
2397
90487
3150
5738
435866
3391
96655
2568
2332
7949
2193
66482
2762
2331
2342
2308
2074
2358
16333
2260
2618
106750
2899
7633
2367
10369
2295
15797
2161
2354
2292
4751
3538
2009
2211
2199
2145
2661
2544
2563
77662
53899
3112
195883
105001
131407
4054
2766
233821
4435
33306
8774
2258
2276
3491
190245
3697
3450
2034
2576
2118
3433
128575
3231
126479
5930
3459
2472
2448
2313
2396
2450
2854
178403
3674
2363
2429
2483
2346
3046
96133
3140
2761
2714
3784
2672
46847
111901
3602
5710
2408
2305
3554
2252
2990
17015
2398
4289
2519
2456
2272
2403
2241
2129
2368
3257
226379
4328
291544
7496
3482
298897
3805
17220
2498
83128
5285
6209
2275
2342
3597
245901
3993
3741
84412
37693
194484
3766
2170
2328
1999
1999
2583
30848
95635
189457
3795
20157
2168
2214
8269
2426
2123
2264
2169
2306
15062
2460
51849
4055
242189
10423
17498
2292
16423
2651
2171
2131
2083
2056
2036
15460
2402
2248
51157
39028
2346
533263
4460
4014
5315
3177
172450
231464
6025
58983
3281
5481
2338
2804
319580
2240
2393
2320
2420
247453
18854
4386
27165
2926
2343
7783
2234
2519
2174
2439
87346
2925
2181
359072
55032
3078
63497
2275
2174
2177
2216
2681
2193
2072
2162
2124
2822
3360
4031
2286
10159
222499
4269
2126
9388
2033
2141
2246
2777
150358
3335
4579
2294
38971
185932
136807
2573
2329
1936
2376
5549
6362
1902
1897
29299
2786
2419
1817
