48650
11001
12817
11785
25734
11103
11133
11678
11597
12488
15720
11069
12181
484494
15997
31056
2343801
18628
519449
14304
12843
43731
10810
363878
15597
12273
12255
12534
11723
12883
87142
12149
14721
559754
14573
41480
12813
55890
12734
83277
11856
12949
13163
25566
19467
11137
11985
11854
11184
14228
13153
14337
408534
298579
16933
1050563
583263
692806
21189
14674
1256815
25716
179409
45122
13279
11700
17286
1012895
20740
17627
11038
14027
11597
18623
698562
17205
684510
30975
18598
13115
12869
12027
12661
12356
16112
939429
20320
12092
13773
13364
12171
16473
521130
17821
15235
14208
21650
15088
263307
582459
20358
31369
12947
12361
18320
12796
15431
92179
12321
23468
12809
12627
12752
13513
12002
11271
12256
16644
1214654
23598
1558619
41067
17524
1606056
22280
90021
12958
438863
28609
32227
11983
11659
19229
1283376
19440
20324
413051
197525
1062562
19274
11311
12199
10144
10811
13314
157799
489286
1017322
20215
107356
11741
11652
41466
12622
11094
11339
11516
12979
77576
13547
273403
20645
1265977
54765
92876
12103
86218
13908
10465
10786
10936
11253
11503
81101
11482
12271
271184
200162
12429
2810172
20883
21174
28400
18031
880166
1219964
31945
314899
17827
28526
11773
15058
1666403
11805
12826
13243
12711
1311646
95146
23423
141287
15376
12048
42607
11406
13745
12125
13455
450447
14832
12016
1897020
292128
16702
328626
11831
10940
11639
12449
14293
11516
12015
11322
12406
15006
17459
20994
12012
56504
1158531
22852
11737
51173
11671
11063
12610
14973
803510
18585
25724
13337
206398
985814
721457
13722
11996
10212
11562
27443
34370
10787
10184
155231
14588
12054
9260
8954
2055
2455
2171
4708
2038
2109
2197
2141
2302
3009
2062
2317
89773
3031
5767
436527
3469
97457
2637
2431
8165
2072
66333
2872
2264
2266
2260
2160
2350
16484
2263
2692
105904
2747
7654
2422
10236
2377
15825
2230
2328
2375
4874
3585
2093
2269
2185
2112
2647
2389
2619
77226
54394
3078
196619
105384
130842
3992
2806
234975
4679
33781
8535
2498
2212
3354
189462
3873
3342
2043
2646
2173
3514
129515
3226
125718
5922
3504
2404
2378
2229
2382
2366
3074
178610
3740
2240
2529
2474
2275
2925
96484
3243
2802
2609
3881
2688
47553
110860
3755
5815
2409
2305
3372
2401
2892
17167
2399
4328
2420
2368
2343
2578
2279
2061
2253
3203
226887
4382
291193
7581
3384
298055
4059
17086
2456
83096
5120
6245
2271
2227
3562
246618
3806
3813
84122
37922
194084
3781
2167
2339
1943
2085
2592
31007
95162
188927
3889
20100
2269
2196
7949
2408
2112
2198
2208
2416
14853
2504
51718
3807
241354
10461
17785
2275
16679
2621
2065
2043
2074
2186
2262
15471
2268
2356
51341
39170
2379
532318
4114
4062
5370
3357
172057
231692
5982
58987
3432
5509
2271
2806
318619
2223
2436
2434
2434
246346
18765
4320
26929
2943
2283
7996
2127
2606
2287
2481
85954
2774
2250
359710
54717
3141
62973
2199
2143
2195
2308
2588
2169
2166
2091
2269
2749
3329
3907
2202
10583
222266
4318
2193
9525
2078
2105
2335
2734
151958
3482
4746
2462
39275
185447
137973
2660
2290
1920
2218
5232
6455
1990
1890
29368
2733
2345
1826
