48717
11106
13490
12239
25720
11650
10383
11247
11523
12029
15215
10737
12332
485750
15321
31712
2341826
18924
514538
13865
12328
42248
11246
363592
15416
12340
12013
12154
10828
12626
88198
12430
14642
559045
15038
42648
12337
56521
13036
84817
11384
12469
13072
26201
19612
11568
11696
11609
12081
14525
13108
14046
409700
296770
17227
1049712
583361
691209
20377
14501
1254377
23964
181516
46196
12532
11770
17794
1009006
21037
17709
10932
14034
10607
18343
697536
16963
687765
30645
18368
12067
12953
12599
12562
13057
15812
941056
20298
12591
13150
13590
12388
15956
521821
16746
14854
14939
20336
14351
266599
582652
20663
31715
13488
12553
19027
12453
14722
92200
11887
23538
13696
13217
12791
12956
11862
11415
12630
16389
1211040
23236
1560751
40650
17966
1609127
21778
91141
13205
437930
29441
31794
12705
12504
19204
1284406
20492
19470
416593
195495
1059662
19289
11045
12451
10836
10598
12851
155314
495652
1018871
19702
107769
11435
11737
40787
12281
10584
11036
11257
13200
78310
12792
272624
20867
1264709
54162
92742
11997
85419
14268
11020
10629
11713
10233
10728
81962
12286
11567
269888
196728
11748
2814299
21573
21442
29433
16918
884072
1219152
31138
314724
17139
28259
12264
14887
1665072
11858
12619
12594
12398
1309916
93311
24631
143204
15994
12560
41069
11279
13202
11967
13734
454834
15166
12069
1900582
291266
16277
333207
13112
10629
11345
11254
15407
11381
11574
11620
11514
14756
18081
21433
12013
55631
1155736
21489
11695
50686
11953
11586
12700
15061
794567
18650
25761
12780
206565
999944
717272
12241
11739
10120
12081
27844
34832
10171
9412
154159
14508
12791
9215
8956
2092
2609
2248
4730
2150
1967
2131
2155
2229
2932
2026
2336
90238
2894
5895
436722
3525
96594
2561
2326
7916
2130
66471
2867
2265
2188
2200
2033
2246
16711
2309
2614
105742
2817
7934
2312
10298
2367
16146
2161
2285
2385
4964
3673
2169
2231
2114
2291
2703
2406
2635
77309
54027
3198
196449
105476
130970
3841
2761
234302
4376
34124
8814
2365
2254
3434
189336
3938
3352
2047
2653
2010
3443
129275
3190
126104
5855
3465
2230
2417
2283
2366
2453
3035
178809
3671
2299
2395
2512
2306
2889
96583
3085
2756
2730
3696
2623
48134
111053
3824
5906
2485
2315
3522
2343
2742
17129
2277
4334
2591
2503
2354
2468
2271
2087
2311
3133
226477
4355
291344
7515
3476
298524
4027
17213
2475
82941
5295
6156
2351
2388
3509
246854
4009
3693
84774
37440
193568
3772
2168
2341
2090
2040
2503
30652
95995
189428
3820
20127
2231
2257
7874
2334
2050
2168
2191
2460
15013
2401
51612
3867
240992
10356
17814
2278
16473
2701
2164
2057
2236
2020
2140
15625
2385
2273
51244
38677
2262
533237
4246
4153
5532
3203
172377
231225
5829
58806
3298
5469
2342
2841
318752
2220
2404
2321
2351
246269
18437
4558
27230
3076
2373
7810
2090
2501
2275
2512
86515
2853
2253
360357
54731
3103
63957
2408
2106
2158
2129
2793
2143
2108
2149
2116
2661
3423
3952
2220
10397
222210
4054
2180
9531
2137
2184
2365
2747
150574
3509
4741
2386
39316
188012
137087
2379
2215
1867
2329
5315
6505
1901
1782
29215
2734
2431
1755
