48002
11398
13704
11848
26181
11924
11492
11591
11309
11908
15061
12073
11837
483526
16446
30837
2342737
17971
513114
13235
11403
42455
11755
363081
14788
13529
12251
12059
11649
13590
89702
12453
14914
559785
14979
41025
12164
54939
13046
82019
12079
12768
13313
25362
19597
11135
12245
11482
11291
13351
12816
14813
411371
298341
16282
1047518
579317
690247
21608
15050
1261485
25352
180097
45185
12506
11341
18857
1005920
20553
17765
10844
13675
11030
18218
696565
16398
688655
30149
19028
12742
12728
12798
12520
13198
14401
938553
20531
11903
13104
13450
13186
16430
512810
17435
14556
13927
20179
14551
263805
582039
19817
30828
12883
12619
18971
12400
15266
93387
13025
23209
13214
12848
12335
13128
11534
11291
11749
16921
1210121
23249
1556394
39665
17209
1597071
21528
90442
13481
441641
28906
31017
12116
11480
19072
1284578
20346
19650
413695
196059
1060784
19160
11331
12099
10845
10483
12718
156197
491738
1021864
19929
110926
11831
11561
42625
13141
10438
10891
11525
12631
77559
13096
271364
19852
1266234
55562
91380
11746
83650
14000
10516
10232
10801
11008
11543
81348
11724
11964
271955
197530
11682
2812157
21963
20388
28397
17823
876848
1221741
31823
313916
17504
27880
12499
15138
1654107
11792
12389
12835
12551
1317742
94867
24082
142693
15089
12466
41671
11616
13155
11559
13684
454276
15183
12396
1887099
295221
15920
331300
12521
10869
11662
12422
14565
11207
11325
11920
11607
15660
18674
21181
11880
56296
1154532
22903
11092
51277
12097
11059
12105
14988
796314
17515
25953
12806
202863
991674
715735
13440
11662
10440
12530
28802
34540
10690
9609
157125
14086
12746
9612
8802
2142
2641
2192
4788
2182
2145
2216
2125
2185
2902
2223
2235
89828
3074
5759
436417
3356
96237
2480
2164
7941
2213
66223
2728
2476
2262
2192
2164
2422
16969
2281
2687
105836
2860
7576
2299
10073
2406
15523
2278
2329
2408
4864
3594
2049
2274
2092
2154
2484
2339
2737
77494
54359
2983
196249
104793
130555
4004
2857
235115
4680
33898
8558
2358
2137
3631
188460
3880
3306
2051
2580
2083
3423
129121
3097
126185
5766
3589
2356
2378
2325
2370
2500
2770
178147
3704
2184
2365
2522
2426
2905
94937
3208
2653
2584
3611
2623
47704
110706
3682
5666
2410
2341
3511
2339
2827
17338
2495
4252
2484
2438
2301
2519
2209
2062
2134
3233
226077
4307
290525
7373
3307
296543
3992
17083
2567
83754
5166
6014
2282
2204
3498
246098
3930
3690
84117
37589
193923
3707
2206
2336
2016
1992
2461
30693
95543
189665
3816
20750
2322
2192
8154
2484
2049
2129
2189
2330
14845
2409
51377
3710
241349
10606
17462
2210
16203
2641
2076
1970
2092
2143
2266
15506
2317
2308
51511
38852
2286
532157
4279
3950
5379
3326
171464
231374
5894
58792
3357
5392
2370
2807
316511
2205
2369
2341
2382
247435
18744
4456
26975
2935
2350
7777
2157
2497
2188
2515
86608
2879
2348
357106
55329
3035
63434
2334
2170
2190
2268
2636
2100
2071
2203
2110
2830
3507
3936
2193
10550
221753
4250
2053
9631
2142
2088
2236
2738
150751
3305
4767
2379
38671
186242
136657
2576
2200
1954
2408
5480
6484
1991
1817
29835
2654
2438
1845
