48791
11010
13874
12493
26912
11128
10376
11427
11579
11818
15976
11458
12569
487732
16615
31013
2348592
18684
515232
13366
11710
43441
11133
363497
15047
12362
11938
12367
11195
13052
89384
12428
14635
556229
15712
40565
12313
55345
13198
82445
11878
13191
12408
25202
19805
11114
11672
11603
12048
13752
13174
13677
405067
294498
16375
1048825
583524
691221
21690
14090
1247240
25205
181631
45963
12325
11397
18606
1017060
20438
17359
11597
13090
11380
18397
696844
17077
682373
30390
18105
12986
13117
12346
12599
13562
16073
942566
20245
12537
13067
13279
12527
15529
520301
18051
14264
14345
20928
14382
260532
578780
20598
29926
12662
12520
19894
12894
15651
92290
12563
23957
13866
12673
12683
13097
11341
11125
12462
16692
1211627
22544
1558485
40261
17345
1611358
21723
91377
12990
440826
28640
31741
11755
11941
19297
1284085
20677
20223
413480
196187
1062120
19641
10914
12560
10672
10122
12680
156722
494152
1019165
19684
110332
11293
11399
41756
13135
10746
10550
11306
12724
77107
13249
272789
21246
1274152
54505
92953
12934
84153
13916
11005
10814
11035
10659
10364
81308
12213
11714
271220
199102
12476
2810575
21246
20595
28494
17359
880219
1213513
32119
310319
17875
27826
12016
15104
1667575
11946
13096
13570
12512
1319283
95930
24692
142205
16535
11870
41048
10726
13418
11660
13408
454460
14954
12209
1891714
292673
15889
334293
13058
11622
11666
11910
14681
10871
11515
11998
11645
14662
18435
21758
12081
56605
1157288
21648
12370
50396
12202
11364
12269
15057
797600
19026
26109
13244
205470
994725
716779
13315
11712
10375
11301
28895
33568
9990
9878
155147
14851
12659
9839
8980
2079
2659
2261
4881
2062
1985
2151
2163
2188
3085
2156
2347
90493
3142
5820
437581
3509
96387
2474
2247
8141
2136
66356
2780
2259
2195
2234
2058
2325
16819
2297
2656
105082
2947
7514
2318
10120
2434
15818
2272
2365
2260
4827
3671
2065
2226
2125
2280
2542
2431
2512
76587
53543
3069
196278
105462
130929
4074
2703
232857
4598
34133
8694
2296
2152
3631
190785
3831
3257
2183
2464
2145
3474
129354
3233
125075
5781
3484
2407
2405
2249
2398
2544
3057
179363
3736
2283
2387
2487
2333
2786
96484
3332
2640
2624
3816
2622
47202
110441
3780
5610
2369
2295
3658
2415
2933
17196
2437
4414
2606
2413
2344
2525
2176
2046
2278
3151
226462
4220
291381
7497
3378
299291
3978
17338
2441
83425
5131
6173
2246
2249
3512
246509
3970
3795
84176
37627
194254
3842
2148
2345
2011
1961
2467
30854
96364
189623
3808
20628
2209
2151
8015
2502
2118
2060
2180
2387
14710
2439
51671
3956
243234
10430
17866
2415
16300
2616
2167
2064
2110
2065
2045
15439
2380
2274
51330
38995
2403
532039
4167
4015
5393
3231
172079
230171
6017
58085
3459
5414
2286
2804
318894
2285
2478
2542
2384
247401
18855
4541
26965
3145
2251
7752
1997
2539
2191
2451
86191
2832
2277
358583
54985
3020
64002
2412
2276
2220
2244
2671
2066
2111
2190
2107
2666
3447
4094
2214
10501
222201
3968
2290
9433
2166
2140
2310
2787
150900
3607
4792
2415
39049
186988
136962
2589
2234
1915
2162
5510
6304
1849
1864
29498
2812
2440
1889
