48924
11073
13455
11650
26184
11578
10867
11287
11482
11690
14972
11458
11776
486346
16758
32329
2351291
19121
517480
13483
11890
42386
10753
359479
14795
12241
11837
12152
11081
12962
87908
12144
14558
560382
15506
42037
12183
57603
12677
82871
11873
12890
12517
25107
18854
11086
11174
11435
10548
13724
13064
14818
414815
297349
16541
1049470
580070
693370
21543
14981
1258904
25581
180428
45130
12518
11781
18203
1013467
20716
17700
11465
14635
11088
18504
697618
17724
684803
30178
18339
13312
12916
12851
12369
13728
15138
935273
20694
12935
13082
12768
12720
16906
526586
17293
15298
14507
20371
15095
263850
579600
20752
30870
13046
12480
18882
12681
15574
92461
12617
23965
13689
12964
12962
13746
11236
11340
12082
16805
1214075
22083
1558629
40368
17717
1605363
21581
91133
13268
439880
28988
32159
11594
12494
19065
1283601
21212
20137
414110
193822
1056029
19926
11667
11962
11490
10588
12817
155768
496309
1018102
18757
110075
10734
11664
42778
12839
10432
11862
10684
12988
78827
13495
272417
21591
1270535
54686
91909
12363
82521
13826
11279
10783
10923
10852
10553
80602
11437
11115
274666
200516
11779
2811342
22083
21504
27895
17202
887013
1217039
32329
313727
17192
28952
11367
15470
1655199
12329
13022
13456
12369
1311276
96449
24174
140928
15630
11471
41789
12022
13770
11594
13830
452054
15442
11362
1899426
293588
17041
334780
12919
11300
11622
11662
14418
11192
11923
11793
11721
15449
17628
21789
12362
55559
1157226
22644
11555
51247
11573
10944
12157
16036
801702
18543
25728
13146
206783
993248
716876
13167
12196
10579
11939
28435
33996
10556
9909
155642
14227
12427
9539
9006
2098
2556
2145
4817
2136
2047
2136
2123
2169
2894
2145
2216
90239
3168
6004
438297
3566
97028
2514
2280
7995
2048
65748
2735
2204
2168
2165
2073
2324
16713
2276
2669
106147
2880
7788
2307
10518
2387
15782
2254
2293
2291
4747
3502
2087
2115
2102
2004
2534
2355
2708
78239
54066
3051
196131
104809
131246
4002
2835
234911
4688
33893
8605
2357
2203
3490
189909
3876
3365
2145
2758
2083
3509
129198
3308
125814
5765
3499
2444
2428
2323
2338
2602
2920
178006
3812
2333
2393
2422
2389
2995
97414
3148
2803
2654
3674
2703
47628
110729
3848
5795
2412
2265
3450
2397
2874
17148
2423
4456
2552
2446
2365
2653
2157
2079
2212
3212
226760
4154
291189
7493
3400
298288
3953
17279
2507
83334
5178
6231
2200
2421
3536
246562
4085
3780
84297
37358
192886
3880
2271
2289
2154
2056
2496
30727
96645
189082
3635
20612
2123
2190
8207
2450
2028
2273
2050
2425
15092
2494
51430
3961
242324
10489
17600
2358
16044
2606
2229
2042
2104
2128
2059
15487
2221
2148
51772
39325
2293
532443
4314
4157
5253
3216
173407
230793
5983
58530
3291
5637
2178
2871
316648
2355
2477
2458
2340
246197
18980
4418
26734
3016
2225
7890
2190
2589
2204
2505
86153
2880
2146
360097
55352
3206
64035
2376
2254
2195
2196
2609
2101
2165
2159
2131
2799
3332
4005
2281
10426
222074
4247
2169
9678
2086
2054
2277
2919
151398
3478
4689
2433
39335
186797
137046
2555
2299
1965
2303
5426
6326
1966
1835
29617
2697
2409
1828
