48231
10808
13594
12127
25925
11130
11281
11396
11497
11249
15387
11367
12024
484555
16890
31365
2338561
18585
515909
13684
11992
43388
10693
364904
15851
13187
12447
12771
11436
13002
89110
12987
14371
561815
15779
39578
11598
56638
13242
82927
11780
12752
12770
25345
19167
11292
12410
11257
10849
13901
13354
14540
415057
298074
16499
1046824
580994
690808
20991
14399
1247866
25438
182063
45543
12680
11699
17946
1010913
20605
17747
11144
13736
11408
18756
697960
17047
686698
30504
18115
13046
13160
12135
12366
13232
15661
942181
20614
12953
12410
13359
12417
16671
519214
17244
15315
14641
20613
14849
264325
580191
21218
31514
11568
13132
19019
12792
15596
92417
13146
23659
13049
12948
12306
12908
11469
11281
11900
16710
1216600
22422
1552313
39177
17660
1609944
21012
90496
13745
438135
29110
31585
12317
11948
20552
1287275
20466
20176
416540
196876
1066593
19285
11609
12388
10686
10250
13055
158153
493942
1021556
19874
110146
11248
12102
42358
13713
10280
10975
11410
13185
77584
12873
274060
21643
1267050
55378
90270
11922
83439
14986
10603
11458
11253
10677
10589
80022
11976
11498
272174
199277
12887
2823054
22356
21306
28207
18066
882971
1221218
32890
316542
17538
27780
11321
14870
1667712
11458
13024
13332
12349
1317803
94975
24118
145203
15643
12831
41815
11278
14441
11841
13533
456943
15291
11769
1895883
294415
16442
329818
12912
11043
11873
11445
14845
11140
11209
10751
11620
14497
18638
21236
12809
55102
1157076
22870
12504
51755
11982
11973
12265
15065
798638
18421
26072
12574
207708
990438
716234
12443
12154
9956
11445
29261
33343
10853
9938
154926
14816
12287
9714
8845
2027
2588
2250
4693
2073
2133
2123
2156
2082
2979
2111
2278
89915
3175
5793
435918
3462
96506
2563
2306
8075
2030
66585
2928
2422
2301
2273
2108
2311
16773
2385
2574
106216
2978
7370
2224
10278
2480
15807
2228
2323
2320
4845
3544
2146
2360
2065
2068
2611
2459
2701
78166
54204
3065
196218
105296
130794
3939
2739
232853
4677
34251
8677
2368
2227
3441
189742
3876
3374
2095
2604
2142
3558
129517
3228
126014
5834
3453
2412
2446
2231
2356
2456
2981
179182
3791
2358
2297
2448
2288
2957
96151
3202
2853
2678
3685
2706
47779
110770
3901
5844
2156
2415
3554
2400
2885
17248
2540
4348
2463
2432
2307
2480
2177
2093
2206
3190
227424
4210
290311
7199
3370
298859
3932
17188
2577
83294
5216
6106
2315
2261
3757
247317
3962
3796
84734
37710
194737
3753
2215
2352
2028
1966
2559
31247
95997
190119
3774
20601
2207
2302
8139
2600
2023
2166
2191
2456
14858
2424
51750
4006
241443
10602
17305
2277
16152
2823
2102
2197
2146
2102
2064
15336
2304
2208
51557
39197
2499
534550
4376
4112
5294
3372
172356
231568
6093
59130
3422
5431
2165
2790
318632
2170
2505
2439
2306
247451
18760
4438
27543
3001
2410
7881
2088
2691
2237
2477
86723
2865
2200
359553
55228
3107
63370
2388
2193
2266
2145
2665
2107
2045
2011
2150
2665
3512
3971
2341
10374
221986
4265
2329
9697
2160
2272
2288
2744
150852
3434
4770
2337
39433
186348
137012
2415
2322
1873
2264
5607
6291
2017
1866
29471
2786
2336
1843
