47668
10899
13682
11606
26034
11618
10815
11176
11207
11657
15554
12029
11262
482657
16414
31290
2352115
18866
517805
13841
12489
42775
11055
362859
15740
12721
12271
12282
11401
13068
87509
12612
14117
559562
15677
41059
12525
56152
12822
83139
11867
13307
13261
25190
19322
11307
11950
11978
11408
14078
13011
13957
412276
297943
17496
1048186
583402
695005
21864
14694
1252876
25542
180187
46074
11885
11429
17999
1011280
20097
17257
10991
13334
11762
18203
692902
17313
680315
30151
17775
12651
13137
12444
13086
12714
15691
942244
20180
12462
12200
13548
13120
16314
520630
17245
14364
15298
22042
14693
263417
584078
19516
31334
12649
12989
18557
12468
14363
92035
12833
23570
13474
12859
12281
13768
11484
11063
12481
16806
1210491
22299
1560206
40310
17554
1606298
21436
89813
13616
439227
29619
32144
12348
11871
19107
1288744
20285
20585
415233
194520
1057243
19782
10922
11727
10726
10663
13549
157338
493069
1020552
19282
107626
11699
11731
42383
12860
10720
11507
11014
13207
77987
12943
272812
20884
1275629
54843
92756
12521
87940
14190
11266
10779
10861
10560
10836
81925
11722
11858
271264
197884
11413
2814880
22401
20784
28870
17371
884123
1221108
31644
313227
17471
27947
11705
15072
1666336
12698
12413
12188
12724
1320216
94237
24043
143462
15760
12571
40788
11785
13516
11646
13274
453536
15040
11918
1892568
291616
16688
335619
13418
11388
11254
11780
14250
10996
11601
11721
11400
14739
18348
21068
11563
55881
1159173
22262
12234
51532
11974
11557
12368
15040
791676
18442
25864
12628
204997
987894
722921
12812
12154
11085
12090
29173
34342
10173
9960
157314
15202
12580
9199
8748
2047
2616
2126
4792
2129
2031
2088
2091
2174
3016
2265
2111
89480
3105
5845
438527
3548
96785
2579
2354
7973
2083
66474
2921
2323
2231
2247
2101
2352
16576
2327
2555
105831
2969
7659
2376
10354
2369
15878
2220
2379
2420
4815
3600
2131
2265
2178
2196
2631
2390
2561
77745
54345
3211
196298
105695
131532
4077
2785
234246
4661
33884
8695
2203
2157
3484
189624
3798
3260
2034
2549
2220
3443
128739
3265
124892
5752
3368
2352
2430
2304
2463
2420
3015
178782
3738
2267
2224
2523
2424
2902
96466
3177
2637
2784
3935
2672
47506
111490
3628
5840
2376
2381
3446
2331
2697
17100
2469
4328
2574
2428
2277
2640
2184
2037
2290
3185
226593
4146
291716
7506
3374
298363
3945
17055
2584
83206
5326
6246
2305
2248
3531
247831
3885
3844
84627
37359
193575
3833
2108
2250
1998
2047
2628
30990
95971
189702
3727
20178
2267
2225
8164
2468
2093
2266
2113
2465
14918
2410
51672
3871
243133
10505
17776
2353
16956
2658
2239
2048
2068
2061
2135
15610
2327
2271
51444
38855
2224
533070
4364
4101
5460
3259
172572
231607
5886
58781
3380
5436
2207
2811
318950
2396
2376
2265
2399
248037
18647
4421
27278
3033
2379
7705
2161
2560
2162
2436
86285
2787
2234
358930
54726
3180
64345
2487
2231
2095
2179
2578
2076
2126
2161
2091
2676
3429
3949
2141
10419
222222
4144
2272
9647
2134
2170
2331
2745
150207
3432
4732
2326
39041
185940
137950
2515
2287
2064
2326
5588
6446
1875
1900
29818
2843
2445
1763
