48776
11264
13705
12033
26591
11347
11038
11784
11411
12256
15378
11974
12005
486851
16823
30473
2349240
18370
511981
13491
11752
43355
11144
362830
15024
12846
12926
12632
11478
12956
88472
12695
14982
556393
15446
41191
12060
56051
12783
83487
11297
13661
13551
25279
19569
11309
12204
11724
11139
13940
12866
14180
407828
294838
17090
1052449
580893
695678
22088
15339
1255139
25373
181197
44797
12915
12236
18049
1011852
21122
17849
11397
13624
11144
18720
695367
17815
686166
31424
17713
13106
13332
11911
12673
13297
15161
935881
20201
12397
13360
13233
12682
16661
525454
17408
14853
14814
20256
14643
260860
586592
19482
31152
13354
13314
18762
12513
15535
91810
12766
23699
13365
12816
12223
13077
11580
11611
12373
17187
1215966
22905
1556033
40570
17266
1601817
21363
91459
13823
438223
29198
31657
12470
12720
19906
1281108
20644
19428
414305
195453
1057496
19724
11738
12533
10798
10734
12980
158838
497219
1019347
20181
108869
10697
11531
41282
12495
10299
11202
11374
13236
77637
12574
270646
21238
1273258
55461
92877
12462
84030
14745
10813
11173
10732
10981
10718
81295
11277
11873
273379
199656
11983
2811802
21238
20276
29321
17703
884646
1222712
32186
314023
17502
28327
12165
14701
1670078
12016
13493
13345
12503
1319539
95365
23114
144349
15448
12512
41734
11435
14257
11552
13779
454306
15114
12238
1892559
291521
17455
333721
13052
11395
11892
12392
14465
11074
11884
12134
11183
15803
17984
21026
12759
56244
1161664
22622
11902
51397
11752
11673
12350
15334
800064
18648
25732
12638
203019
992661
721766
12733
11429
10148
12163
27887
33579
10221
9761
155662
14900
11966
9396
8970
2134
2621
2209
4845
2115
2084
2201
2120
2288
3007
2243
2259
90424
3130
5704
438279
3411
95981
2524
2222
8095
2111
66309
2761
2346
2371
2263
2122
2316
16704
2363
2661
105389
2923
7588
2280
10181
2378
15848
2129
2465
2436
4845
3621
2137
2308
2162
2111
2606
2361
2629
76898
53758
3162
197182
105074
131561
4112
2885
234548
4609
34131
8485
2407
2328
3453
189738
3939
3400
2129
2583
2086
3498
129106
3334
125921
5982
3364
2430
2496
2184
2416
2491
2928
177922
3697
2250
2447
2448
2336
2953
97143
3201
2748
2722
3659
2664
47213
111996
3632
5776
2498
2456
3448
2383
2891
17016
2472
4391
2516
2383
2261
2545
2218
2119
2274
3273
227053
4295
291095
7498
3317
297556
3876
17362
2584
83168
5255
6214
2378
2410
3664
246300
3947
3701
84413
37708
193239
3859
2307
2364
1991
2036
2489
31223
96758
189548
3874
20281
2119
2181
7988
2387
2020
2144
2169
2463
14910
2330
51311
3945
242836
10530
17844
2331
16295
2755
2142
2121
2048
2144
2130
15553
2233
2299
51851
39136
2333
532640
4209
3901
5506
3336
173023
231797
5989
58794
3381
5543
2308
2774
319232
2271
2521
2457
2356
247790
18877
4260
27393
2969
2369
7920
2106
2702
2197
2515
86380
2825
2308
359051
54647
3278
63994
2404
2233
2251
2289
2636
2098
2130
2220
2046
2835
3366
3932
2328
10522
222558
4167
2228
9656
2108
2187
2324
2779
151735
3459
4727
2353
38786
186328
137894
2444
2166
1885
2334
5322
6363
1887
1837
29559
2801
2313
1798
