47664
11852
13581
11960
25962
11984
10898
11209
11378
12106
15318
11796
12083
487758
17022
31251
2342934
19198
519471
13718
11918
42781
10739
369276
15237
12476
12769
13038
11137
12355
89068
12629
14961
560454
16077
41250
12869
57022
13383
82836
11907
13010
12881
25417
19887
11462
11942
11967
11152
14372
12982
13844
410930
296076
15756
1047702
580536
689269
21473
14102
1260336
24674
181475
46095
13111
11700
17877
1016376
21189
18015
10735
13824
10643
18807
696834
16951
686416
31564
18861
13115
13499
11461
12052
12940
15460
933430
20644
12885
12690
13596
12963
16400
516045
16964
14674
13950
21418
14681
263625
585507
20335
30622
12913
12941
17994
12099
15928
91926
12143
22621
13848
12394
12711
13120
11268
11385
12284
16769
1214383
22859
1563428
39975
17679
1608418
21650
90799
13827
442012
29331
30889
12354
12033
19489
1288446
19910
20095
413408
197574
1066069
19003
11043
12086
10498
10512
12700
157068
491624
1022926
19451
109731
10968
12061
43198
13259
10414
11098
11387
12470
79386
13066
274675
20327
1271689
54908
91298
12372
84449
14705
10808
11487
11002
10806
10679
83153
12081
11032
270777
195534
11981
2814032
22212
21908
27398
17729
882450
1216679
31695
311132
17925
27904
12039
15541
1662886
12003
12843
13362
12895
1315230
94258
23653
143074
15901
12601
40928
11085
13512
11563
13683
455808
14733
11962
1891721
292537
16792
334751
12366
10921
11818
12379
14386
11265
11644
11127
11582
14281
17996
21761
12501
56196
1155695
22328
12098
50550
12198
11160
12054
15227
799081
18241
26393
13462
207710
992137
717641
13484
11825
10380
11688
28119
33205
10438
9559
156262
14694
12529
9826
8795
2194
2616
2215
4738
2211
2086
2130
2127
2230
2961
2205
2283
90433
3174
5883
436580
3607
97322
2588
2276
7975
2027
67364
2828
2296
2355
2344
2073
2210
16870
2320
2675
106168
3033
7672
2398
10472
2493
15829
2258
2371
2346
4821
3646
2158
2273
2195
2115
2661
2357
2575
77703
53957
2941
196279
104798
130597
4006
2686
235448
4594
34092
8750
2461
2216
3467
190254
3965
3428
2031
2628
2001
3519
129448
3161
125812
5985
3555
2414
2516
2151
2282
2444
2950
177273
3787
2331
2332
2510
2386
2878
95550
3151
2685
2573
3922
2652
47700
111685
3779
5727
2406
2367
3325
2284
2945
17163
2349
4203
2582
2344
2340
2562
2147
2073
2279
3201
226716
4263
292689
7383
3383
298776
3968
17205
2630
83891
5302
5973
2314
2303
3559
247581
3873
3798
84192
37958
194797
3733
2163
2259
1989
2040
2503
30903
95588
190093
3759
20594
2125
2269
8266
2526
2028
2174
2157
2318
15230
2445
52034
3819
242592
10512
17584
2355
16398
2737
2144
2174
2138
2091
2103
15842
2346
2108
51318
38336
2294
533011
4373
4246
5169
3262
172460
230998
5929
58279
3475
5407
2291
2905
318077
2291
2435
2485
2420
247080
18578
4363
27163
3066
2358
7769
2042
2598
2187
2509
86610
2769
2246
359367
55075
3181
64083
2284
2191
2243
2283
2619
2120
2145
2057
2132
2609
3374
4090
2270
10565
221639
4185
2226
9533
2135
2089
2254
2767
151520
3412
4827
2465
39500
186803
136970
2598
2242
1932
2211
5334
6241
1946
1810
29689
2770
2418
1900
