47973
11075
13562
11896
25806
11354
11164
11363
11160
11439
15611
11077
12448
483619
16166
31611
2337034
19167
514501
13628
11984
43589
10828
365232
14621
12998
12529
12896
11647
12734
88644
12365
14833
558543
15761
40644
12105
56447
13313
82314
12137
12782
12237
25099
20266
11231
11867
11853
10654
14363
12745
13759
408777
296448
15880
1047756
581249
693309
20743
14788
1259831
25089
179024
43107
12797
12074
17739
1009341
20574
17389
11176
13930
10896
18225
695885
16899
687394
30518
17887
12614
13710
12106
12177
12990
14803
945527
20037
13033
12866
13413
13054
16585
514634
17492
14529
15005
20454
15651
265126
583072
20663
31899
12630
12749
19309
12590
15170
89881
12236
23639
13577
12945
12731
13092
11626
11190
12368
16983
1212939
22860
1557791
39943
18173
1602909
21218
91472
13183
437690
29645
31869
11848
11964
18944
1288157
20216
21077
414578
193992
1058637
20228
11464
12241
10871
10449
12987
156441
495998
1018752
19502
107781
10911
12216
41136
12561
10571
11156
11412
13330
77010
13625
273231
21784
1272015
55235
92724
12191
82674
14597
10742
10924
10885
10544
10825
82518
12054
11657
270869
199701
11613
2818525
22700
20775
29382
17701
880575
1218312
32560
307726
17282
27820
12337
14565
1659737
11853
12980
12826
12259
1315865
93584
24215
144056
15698
11957
41531
10948
13647
11558
12848
453556
15111
11637
1904448
294963
15949
330096
12771
11324
11664
11671
14602
10694
11574
12036
11726
15172
17865
21724
11342
56032
1159337
21939
11816
51586
11803
11774
12932
15004
793782
18104
26512
12469
206102
989013
717031
12917
11757
10239
11790
29085
33427
10397
9571
155923
14646
11850
9563
8777
2088
2598
2181
4760
2093
2102
2151
2086
2142
2979
2093
2368
89704
3008
5905
435548
3555
96255
2564
2269
8068
2046
66560
2680
2373
2305
2334
2153
2292
16756
2264
2671
105569
3003
7528
2256
10290
2487
15664
2308
2286
2224
4832
3685
2146
2256
2158
2024
2639
2379
2565
77061
53947
2954
195977
105370
130984
3898
2808
234511
4628
33677
8188
2408
2291
3428
189098
3870
3300
2092
2665
2051
3428
128701
3199
125985
5808
3401
2309
2539
2218
2298
2449
2857
179677
3655
2402
2331
2519
2472
2914
95228
3215
2688
2727
3718
2792
47641
111111
3787
5885
2368
2358
3546
2363
2833
16745
2350
4375
2557
2464
2354
2548
2206
2061
2254
3222
226550
4296
291088
7401
3504
297524
3892
17191
2512
83112
5325
6174
2241
2308
3438
246707
3886
3942
84392
37252
193689
3947
2216
2357
2028
2006
2556
30817
96316
189075
3779
20129
2144
2288
7903
2352
2072
2171
2186
2431
14784
2520
51529
4029
242023
10548
17803
2283
16000
2693
2150
2091
2091
2056
2105
15712
2359
2270
51215
39148
2285
533621
4392
4017
5541
3317
172051
231011
6076
57625
3336
5421
2327
2718
317411
2269
2454
2353
2327
246537
18462
4440
27240
3004
2231
7829
2083
2591
2178
2356
86305
2795
2197
360596
55364
3023
63278
2377
2231
2201
2163
2629
2052
2104
2194
2128
2763
3338
4050
2110
10513
222157
4110
2196
9647
2089
2177
2409
2710
150256
3396
4852
2293
39270
186294
136786
2515
2242
1896
2274
5527
6233
1942
1794
29552
2719
2256
1821
