48937
11685
13539
12473
27342
11654
10794
11311
11602
11883
15407
11548
12010
482312
16706
32330
2348116
18602
513935
13292
12913
43107
11315
362184
15162
12483
12248
12195
11497
13136
88470
12675
14703
557640
15086
40267
11482
56715
12775
83568
11628
12417
12853
25766
20053
10729
12208
11405
11019
14301
12906
14215
414114
298945
16564
1056130
582160
690396
21827
14976
1260610
24747
181180
45582
12985
11678
17517
1019509
20548
17837
10903
14180
11204
18007
695360
16726
683576
31208
18046
13334
13028
12699
12837
13266
15442
936777
20113
12597
12489
13510
12974
16362
520673
17440
14269
14577
20774
14599
262286
583394
20190
30649
12766
13660
18877
12527
15338
93815
12136
23450
13017
12997
11999
13234
11425
11358
12477
17024
1215201
22904
1554444
40389
17565
1608168
21473
91353
13304
440722
29738
32242
12621
12053
19590
1287257
21432
19629
418478
196832
1059751
19124
11950
11957
10815
10686
12434
155970
493078
1019511
18807
107894
11268
12042
41663
13122
11046
10798
11643
12720
78087
12682
270997
21023
1270828
55450
93429
11423
85862
13902
11135
11389
10916
10431
11089
80779
11495
11725
271978
198751
12196
2817459
22130
21985
29275
16998
878859
1222366
32482
311211
17779
27541
12311
15007
1658855
12088
12517
12952
12462
1320624
96214
23221
142023
16233
12290
40845
10993
13538
11668
12977
457615
14317
11937
1895928
293607
16578
332926
13162
11551
11433
11981
14714
11269
11971
11163
12224
14694
18517
21639
12146
55264
1158032
23368
11856
50198
12021
11391
12527
15059
799362
18167
25476
12161
205504
989755
718294
12882
12100
10400
12182
28690
34002
10382
10037
155955
14318
12015
9475
8994
2202
2608
2324
5016
2148
2052
2160
2148
2217
2970
2152
2261
89675
3103
5988
437900
3457
96625
2486
2416
8065
2177
66194
2841
2299
2279
2217
2112
2403
16661
2295
2682
105388
2839
7518
2156
10359
2371
15967
2201
2241
2358
4932
3722
2018
2323
2088
2105
2671
2386
2615
78093
54357
3060
197683
105695
130566
4045
2817
235644
4544
34034
8691
2434
2202
3395
190839
3889
3392
2036
2718
2137
3402
129058
3188
125491
5991
3428
2456
2394
2321
2439
2520
2934
178148
3723
2305
2295
2531
2387
2845
96602
3244
2616
2666
3756
2656
47421
111308
3729
5704
2341
2454
3499
2341
2861
17446
2351
4356
2487
2430
2214
2512
2156
2095
2281
3255
226921
4214
290727
7480
3381
298369
3925
17407
2514
83625
5307
6220
2368
2295
3575
247400
4063
3694
85080
37809
193789
3757
2313
2261
2030
2047
2425
30676
95844
189593
3588
20211
2198
2254
8009
2510
2118
2095
2226
2367
14969
2343
51378
3924
242682
10598
17912
2167
16637
2624
2193
2148
2161
2054
2183
15455
2268
2258
51609
39099
2388
533903
4285
4271
5508
3219
172029
231980
6060
58138
3453
5333
2308
2815
317372
2280
2399
2372
2353
247918
18991
4271
26998
3134
2330
7729
2048
2558
2186
2345
86983
2732
2230
359440
55065
3136
63908
2398
2285
2192
2214
2660
2099
2174
2087
2237
2637
3463
4069
2222
10322
222034
4372
2177
9490
2131
2171
2342
2768
151636
3390
4667
2267
39035
186097
137284
2475
2293
1920
2338
5454
6337
1961
1900
29559
2667
2274
1817
