48320
10895
13568
11568
25844
11816
11055
11225
11578
11839
15583
11862
11579
485983
16104
31114
2344163
18216
519221
13897
12091
43834
11108
361496
15129
12714
12367
11967
11402
12948
87317
12171
14401
559164
15184
41206
12144
55855
12427
84361
11974
13217
12558
25283
19624
11339
11704
11819
11078
13607
12634
13675
410436
296201
16626
1045886
580827
692409
21791
14590
1259165
24568
182705
45836
12652
11606
18167
1007415
19683
17718
11028
12885
10896
18791
692775
17222
684264
30849
17895
12926
12516
12097
13116
13087
15107
941214
20488
13041
12548
13510
13178
16437
514504
17931
14801
14793
20982
14700
263303
580852
19308
30793
12406
12426
18612
11971
14487
92419
12361
23162
13273
12878
12531
12881
12119
11237
12135
17165
1215362
22268
1559242
40485
17655
1597791
21437
91290
13602
438529
29587
30969
12697
11909
19501
1279272
20948
20143
415095
195260
1060217
19207
11316
11958
11138
10217
13318
158310
491850
1014824
18491
107849
11375
11995
42720
12979
10898
11334
11651
12860
77560
13314
270186
20936
1269187
54620
91252
12648
84350
14312
10741
10456
11454
10386
10848
82370
11396
11457
271408
198827
12086
2814143
21368
20641
28728
17566
880731
1217217
32745
309049
17917
27760
12375
14862
1666183
11600
12363
13171
12325
1309587
97371
23776
142522
15256
12292
41403
11324
13508
11186
13896
452045
15368
12051
1894039
294961
16381
329430
12572
10638
11336
11990
14732
10529
11656
11663
11535
14755
17608
20593
12082
56077
1163328
21370
11408
51425
11426
11702
12296
15052
797026
18318
26257
12271
204809
992890
715343
13394
12086
10186
11739
27689
34291
10255
9698
155460
14341
12379
9849
8879
2025
2572
2144
4779
2162
2073
2157
2163
2207
3034
2226
2211
90194
3041
5771
436215
3421
96967
2586
2275
8158
2096
66188
2816
2292
2277
2149
2155
2307
16447
2278
2601
105758
2876
7691
2288
10231
2313
15996
2307
2389
2281
4873
3612
2130
2204
2176
2136
2523
2330
2524
77689
54023
3039
195771
105205
130797
4058
2778
235194
4522
34265
8697
2351
2182
3500
188544
3747
3339
2040
2438
2045
3533
128737
3283
125428
5856
3373
2389
2344
2222
2461
2453
2898
178900
3748
2374
2328
2528
2464
2878
95074
3295
2691
2715
3789
2658
47695
110963
3590
5712
2286
2300
3464
2254
2702
17108
2394
4282
2507
2458
2314
2476
2279
2073
2243
3245
226969
4207
291009
7478
3412
296660
3973
17236
2558
83009
5313
6019
2368
2231
3580
245394
4005
3747
84549
37451
193600
3778
2215
2264
2083
1969
2549
31164
95753
188526
3553
20262
2223
2248
8155
2488
2111
2176
2247
2391
14864
2485
51157
3863
241926
10481
17396
2410
16242
2658
2110
2012
2191
2058
2119
15753
2226
2260
51387
38990
2343
533168
4211
3993
5480
3264
172018
231020
6054
57931
3476
5354
2340
2811
318774
2184
2328
2422
2355
245637
19163
4412
27032
2982
2295
7761
2109
2572
2076
2500
86040
2862
2272
358939
55309
3097
63064
2359
2083
2173
2209
2679
1982
2135
2136
2127
2694
3284
3848
2212
10489
222626
3987
2112
9645
2033
2218
2308
2760
150635
3466
4865
2265
38992
186606
136706
2563
2299
1891
2252
5294
6438
1912
1822
29469
2681
2377
1856
