48641
11689
13674
11866
25942
11190
10850
11343
11171
11368
15144
11758
12234
488506
15852
30964
2335303
18928
514142
13951
11787
43468
11307
363910
15033
12032
12348
11778
11276
12450
87471
12602
14571
558873
14907
41532
12977
56399
13141
82799
12664
13186
12795
25610
19448
11270
11719
11269
10820
13408
13351
14691
410387
300789
17044
1047178
584025
690761
21565
14522
1258524
24361
180032
44430
12655
11669
17733
1010530
21084
17719
11249
13641
11360
18529
693682
17245
687321
31367
18093
12494
12541
12762
12591
12777
15077
941931
20120
12428
13426
13676
12434
15299
511443
17530
15303
15001
19906
15237
260776
578571
19810
31014
12541
11837
18562
13113
15605
92846
12752
23492
13237
12309
12300
12718
11806
11064
12814
16551
1213499
23114
1556595
39846
17680
1606214
21443
89584
13511
440186
27554
32820
12883
12134
19233
1283268
20532
20108
411959
195596
1059672
19816
11700
12358
10890
10573
13143
155711
492715
1017056
19867
108182
11051
12060
41541
12859
10757
10948
11681
12922
78128
13475
274792
20292
1264444
54911
93382
11828
85097
14512
11002
11275
11330
10297
10660
82052
11955
11586
272208
198677
11596
2809302
22108
20627
28775
17702
880384
1217728
32199
314427
17086
27668
12302
14124
1653021
12490
12535
12519
12772
1320978
95433
23181
143210
15464
12574
41566
11822
14361
11697
13663
452856
14940
11974
1895349
292715
16556
332491
12403
11576
10911
11909
15270
11495
12374
12512
11959
15022
17756
21954
12827
56381
1159261
22156
11776
50334
11884
11942
12485
15029
795774
18577
26372
12298
206307
995698
721329
12953
11935
10259
11943
27940
34346
10118
9676
153595
14720
12740
9229
8971
2164
2629
2202
4771
2104
2037
2157
2109
2110
2898
2212
2336
90503
2997
5798
434999
3534
96441
2597
2242
8089
2170
66225
2804
2208
2280
2137
2127
2251
16585
2308
2615
105807
2826
7655
2451
10305
2410
15860
2368
2335
2336
4899
3592
2101
2224
2075
2092
2497
2454
2698
77605
54697
3137
195985
105618
130528
4021
2753
234721
4491
33836
8432
2366
2241
3412
189455
3942
3330
2120
2598
2164
3471
128636
3249
126234
5958
3428
2325
2331
2365
2422
2414
2889
178687
3694
2279
2455
2531
2344
2723
94897
3175
2794
2727
3577
2764
47225
110556
3665
5746
2322
2169
3439
2453
2891
17240
2447
4365
2501
2356
2256
2466
2265
2047
2312
3132
226407
4283
290557
7368
3412
298286
3946
16963
2598
83347
4953
6335
2386
2329
3516
246325
3961
3784
83856
37491
193653
3885
2277
2346
2050
2027
2586
30591
95851
188811
3836
20271
2160
2275
7956
2425
2071
2137
2243
2373
14983
2511
51839
3766
241113
10525
17836
2259
16311
2707
2118
2191
2173
2022
2112
15662
2347
2235
51564
38879
2250
531547
4296
4027
5401
3322
171905
230952
5992
58762
3311
5355
2344
2665
316214
2358
2404
2295
2422
247541
18733
4299
27211
3010
2377
7820
2191
2701
2203
2487
86042
2794
2225
358569
54910
3104
63692
2312
2279
2077
2232
2729
2163
2226
2277
2199
2760
3357
4048
2326
10485
221750
4100
2190
9425
2140
2244
2312
2746
150464
3443
4809
2282
39239
186884
137681
2497
2255
1866
2295
5324
6416
1894
1830
29261
2751
2431
1765
