48173
11321
13296
12451
26127
11524
10841
11674
11127
12055
15386
11592
11665
484476
16056
32343
2345498
18628
512091
13404
11851
43033
10888
364163
15533
12471
12562
12576
11133
12885
88957
12105
15460
559508
15035
41301
11743
56640
12474
84570
11163
12906
12849
25169
20741
11789
12372
12440
11596
13853
13036
14191
412478
296772
16725
1045746
585571
688288
21341
15175
1253141
24589
179839
45249
12235
11486
17862
1011606
20143
18251
11003
13378
11750
18511
698629
17543
680807
31427
17839
12971
12932
12225
12874
13703
15542
941820
20392
12346
12927
13196
12313
16142
523415
17323
15236
14987
21119
15322
264501
586868
19852
31945
13378
12909
19058
12323
15500
92250
12165
23400
13062
13055
12038
12794
10906
11277
12424
16735
1219228
23534
1552443
39828
17600
1612352
21909
91362
13170
440385
28000
31918
12346
12180
18941
1282283
20692
19879
414477
195779
1063229
20193
11676
12621
10919
10361
12867
157199
495982
1024937
18149
107772
10948
11874
41772
13228
10216
11487
11453
13469
78979
13062
273189
21464
1272330
55627
93765
12357
85589
14602
10755
10924
11023
10573
11082
79937
11390
11923
272532
199846
11960
2814794
22619
21181
29165
17623
878400
1221699
32210
311357
17277
27836
12066
15222
1670197
12042
12784
12586
12621
1313501
96645
23462
141575
15251
12697
41058
11690
14050
12167
13301
454553
15061
11694
1895369
294089
16375
333220
12974
10758
11108
11661
15372
10831
11700
11982
11547
15456
18907
21179
12432
55773
1158942
23509
12006
50837
11659
11540
12036
14746
799191
19000
26195
12679
205545
987872
721243
12536
12224
9934
12651
28123
34314
11029
9715
156867
14181
12406
9311
8845
2124
2503
2312
4813
2135
2030
2193
2077
2229
2940
2144
2209
89900
3050
5998
437262
3465
96108
2522
2262
7995
2078
66619
2864
2272
2326
2279
2083
2298
16777
2248
2769
106075
2864
7681
2225
10378
2298
16106
2135
2362
2318
4902
3798
2204
2366
2261
2204
2562
2371
2602
77723
54196
3103
195836
106097
130581
3992
2881
234104
4573
33861
8649
2277
2139
3434
189799
3779
3475
2056
2578
2217
3516
129447
3305
125089
5981
3379
2408
2394
2255
2455
2573
2972
179106
3751
2263
2407
2449
2279
2882
96644
3186
2789
2712
3829
2747
47729
111790
3663
5915
2470
2398
3537
2342
2880
17146
2357
4332
2464
2462
2220
2458
2077
2065
2265
3215
228041
4390
290715
7376
3369
299458
4037
17362
2475
83377
4998
6170
2343
2301
3502
246362
4030
3731
84403
37745
194338
3967
2236
2388
2058
1985
2509
31017
96480
190723
3541
20161
2154
2254
8053
2510
2004
2222
2191
2500
15097
2422
51694
3978
243000
10708
17948
2312
16603
2735
2123
2057
2113
2107
2170
15371
2227
2271
51660
39256
2340
533141
4400
4114
5524
3318
171933
232216
6019
58327
3331
5440
2318
2853
319097
2280
2456
2293
2400
246704
19093
4341
26985
2948
2385
7809
2150
2666
2269
2437
86666
2825
2201
359769
55231
3140
64110
2390
2125
2134
2172
2780
2048
2139
2229
2125
2811
3540
3988
2256
10466
222627
4352
2241
9544
2065
2184
2241
2696
151529
3533
4806
2354
39121
185993
137701
2395
2298
1854
2427
5360
6495
2043
1841
29710
2694
2374
1782
