48881
11482
13740
11891
26791
11115
10507
11620
10688
11919
15939
11493
11654
486044
16498
31428
2344882
18478
517005
14000
12702
43228
11161
363746
15485
12776
12372
12239
11393
13021
87661
12560
13941
559893
15130
40989
12144
56701
12574
82246
11387
13449
13011
25524
19437
11425
11085
11679
11220
14065
13558
14270
410966
295609
16286
1047374
582840
695343
21967
14582
1261054
24783
181723
45424
13153
11894
18325
1018366
20932
17810
11338
13925
10727
17957
698813
16777
683356
31103
18051
12400
12870
12224
12684
12979
15895
946191
20140
12700
12717
12711
13262
16208
517673
17589
15074
14566
20478
14339
261925
583278
20519
31057
12670
13105
19536
12145
15501
93140
12477
23467
13604
12707
11861
13016
11593
11758
13351
16347
1213990
23669
1560490
40060
16940
1612405
21331
90962
13772
438655
29272
32118
12989
12335
19547
1289510
20525
19161
414219
194412
1058747
19708
11231
12100
10547
10805
12960
155906
492842
1023779
19210
109260
10876
11792
42627
13095
10511
11424
11551
13314
77591
13296
272428
20862
1271098
54598
91589
12577
84854
14412
10527
10974
11202
10485
10179
81676
10975
11699
272263
198538
12319
2816707
22288
21004
28895
16747
879557
1219534
31487
313868
17616
28070
12429
14910
1669784
12382
13060
12978
12580
1317826
96285
23753
144651
14785
11736
41078
11578
13959
11777
12575
455420
15052
12260
1903482
293764
17027
333200
12990
11474
11453
12242
15004
10815
11701
11692
11887
14921
18017
21959
12095
57112
1154925
23311
11055
51110
11653
11832
12575
15166
794280
18762
25511
13484
206161
991556
717617
13824
12319
10903
11261
28752
33352
10106
9960
155240
13853
11557
9297
8999
2117
2624
2173
4894
2066
2011
2185
2023
2221
3053
2149
2216
90185
3104
5825
437867
3467
97120
2606
2401
8060
2164
66372
2815
2335
2299
2209
2116
2365
16586
2345
2514
105879
2843
7603
2303
10396
2326
15652
2178
2411
2388
4887
3577
2175
2117
2123
2138
2591
2540
2627
77790
53987
3001
196236
105743
131706
4080
2757
235561
4571
34254
8643
2438
2239
3527
190780
3921
3377
2146
2632
2026
3399
129754
3183
125404
5926
3434
2322
2417
2206
2386
2459
3020
180043
3686
2345
2344
2374
2443
2905
96083
3255
2767
2674
3717
2627
47531
111404
3825
5778
2377
2399
3560
2286
2914
17275
2402
4393
2572
2375
2189
2508
2212
2179
2427
3072
227194
4411
292006
7456
3230
299454
3938
17270
2590
83327
5226
6189
2426
2361
3583
247587
4015
3598
84356
37488
193984
3862
2191
2285
1963
2070
2524
30752
95765
190449
3728
20421
2161
2236
8183
2482
2033
2224
2204
2460
14909
2502
51734
3852
242636
10450
17677
2389
16388
2732
2071
2121
2162
2072
2029
15677
2151
2243
51827
38956
2383
534019
4395
4099
5450
3143
172322
231583
5939
58834
3408
5490
2378
2776
319074
2317
2480
2367
2408
247749
19010
4362
27391
2872
2228
7838
2141
2657
2217
2314
86585
2848
2303
361104
55141
3218
64125
2386
2219
2138
2252
2726
2028
2143
2132
2145
2704
3396
4071
2226
10700
221735
4304
2060
9598
2102
2203
2346
2774
150490
3526
4648
2507
39281
186602
137313
2660
2338
2043
2225
5473
6296
1885
1885
29425
2609
2218
1789
