49516
11842
12979
12148
26528
11509
10873
11731
11028
11579
14820
11847
12261
487965
16297
31881
2347449
18374
517076
13541
12631
44346
10624
363974
14664
12913
12904
12693
11165
12709
88840
12987
14787
561096
15282
42291
12336
57359
12404
83058
11240
12843
12760
25116
18957
11232
11568
12464
11190
14038
13398
14067
412342
294559
16504
1052147
584127
694465
22171
14510
1257911
24198
181377
44846
12957
11185
17995
1015358
20572
17741
10989
13380
11448
18122
695796
17302
683245
32771
18365
13157
13170
12431
13239
13722
15303
944704
20467
13025
13108
13097
12864
16969
523145
17523
14665
14754
22032
14338
263240
579145
20649
30969
12655
13469
19679
12478
15539
92711
12379
22756
12794
12877
11730
12769
12260
11619
12343
17131
1213078
22747
1565699
40343
17980
1613588
22491
92114
13550
437561
28353
31670
12413
12563
19982
1281984
21228
19451
417150
196837
1055704
19349
11535
12543
10598
10496
12746
158775
492091
1015022
19435
108262
11742
11921
40959
12691
10545
11380
11796
13438
78631
12458
271945
20937
1273639
55578
91516
12383
85821
14270
10861
10576
11174
10155
10795
81636
11504
11991
272499
197994
11203
2812581
21304
21053
28363
16843
880230
1218608
31378
314275
17780
28091
12097
15370
1665953
11865
12817
12339
12252
1316506
95438
23755
143929
16331
12705
41041
11400
13545
11844
12849
452924
15395
11760
1908911
293573
16748
331386
13511
11702
12065
12235
14992
11575
11793
12355
11539
15439
17928
22010
12149
55007
1159410
22969
11315
50680
11580
11245
12443
15169
802252
18078
25755
13257
207675
991334
718620
13203
12117
9803
12131
28012
34383
10179
9696
155989
14978
11892
9225
9162
2205
2478
2226
4856
2129
2063
2219
2047
2160
2846
2229
2318
90506
3071
5935
438236
3445
96858
2515
2379
8267
2059
66526
2730
2339
2375
2286
2099
2296
16721
2395
2677
106219
2897
7775
2369
10564
2283
15862
2125
2322
2328
4836
3532
2120
2205
2300
2138
2604
2448
2598
77895
53635
3050
197113
105644
131663
4185
2754
235245
4451
34264
8597
2383
2114
3502
190531
3851
3365
2046
2559
2127
3408
129227
3235
125530
6245
3499
2422
2478
2301
2455
2610
2946
179634
3717
2383
2408
2465
2391
3032
96942
3225
2688
2680
3952
2583
47649
110354
3769
5753
2381
2432
3637
2348
2871
17182
2400
4197
2432
2443
2182
2433
2334
2123
2238
3258
227140
4262
292302
7422
3466
299647
4101
17419
2528
83052
5105
6101
2333
2370
3654
246672
4084
3661
85096
37918
192980
3809
2210
2409
1992
2041
2487
31269
95777
188855
3738
20296
2324
2273
7888
2404
2053
2209
2249
2504
15090
2371
51450
3881
242823
10584
17508
2346
16636
2706
2152
2026
2170
2003
2137
15592
2260
2322
51676
38802
2180
533312
4168
4109
5374
3165
172637
231463
5859
58981
3437
5491
2289
2869
319062
2252
2475
2255
2333
247047
18784
4406
27364
3126
2395
7798
2117
2558
2221
2351
86273
2838
2187
362676
55150
3164
63634
2501
2322
2275
2271
2709
2178
2158
2309
2138
2780
3383
4106
2219
10289
222828
4303
2130
9535
2073
2129
2362
2800
151703
3349
4747
2466
39568
186709
137374
2535
2315
1826
2328
5334
6445
1931
1831
29663
2813
2290
1759
