50035
10738
14268
12142
26617
11788
10705
10852
11412
12394
15725
11025
11793
486989
16900
30954
2346416
18072
516687
13088
11603
43280
11483
365816
15154
12656
12255
12209
11325
13508
89546
12131
14493
559682
15018
41080
12522
56300
13321
83560
11712
13267
13170
25371
19516
11650
11567
11253
11470
13689
12885
13902
414240
294572
15955
1050528
579844
693582
22508
13729
1258202
25028
185000
46830
12276
11960
18104
1011866
20753
17436
11310
13947
11290
18659
697428
17531
684636
32799
17663
12721
13497
12354
12959
12693
15915
944116
20467
12614
12710
13630
12939
15814
517667
17118
15181
14571
20706
14823
262760
578706
19601
31025
13408
12918
19511
13112
15940
91555
11846
24403
13186
12591
11854
13555
11968
11221
12964
16547
1221202
22238
1563768
40710
17419
1603598
21526
90707
13387
438038
28932
31606
12457
12200
19909
1282916
21503
19102
414887
198438
1057379
20022
11521
13037
10685
10194
13188
157693
492176
1020604
20443
109988
10804
11267
41715
13346
10930
12178
11096
12871
78162
13272
273593
21027
1277183
55449
91353
11779
83682
14437
11230
11125
10545
10403
10974
80741
11586
11561
270178
195605
12287
2811983
22064
21197
28176
17246
880277
1224626
32226
313321
17761
28297
12199
15581
1668155
12085
12718
13132
12438
1320379
98015
23193
143674
15569
12505
41532
11520
13704
11159
13289
453312
15045
11477
1894787
294723
16894
331870
12586
11657
11082
12309
15337
10994
11230
11834
11876
14811
18204
21506
12271
56561
1161035
22350
11348
51284
11740
10882
12359
15022
802128
18158
25086
13357
206501
993392
717847
13192
12716
10950
12072
29842
34528
10193
10041
155748
14259
12010
9786
9206
2053
2733
2213
4873
2192
2018
2059
2145
2291
3033
2074
2253
90403
3194
5745
437659
3379
96667
2441
2204
8083
2188
66854
2858
2324
2256
2198
2112
2409
16829
2230
2640
105951
2852
7631
2305
10291
2490
15959
2216
2374
2401
4834
3647
2175
2187
2076
2196
2533
2369
2604
78238
53662
2968
196676
105282
131231
4220
2594
235165
4643
34690
8878
2302
2235
3499
189614
3854
3289
2102
2644
2143
3517
129563
3291
125688
6207
3394
2397
2520
2260
2430
2414
3024
179413
3744
2308
2338
2494
2398
2797
95979
3173
2799
2657
3721
2650
47511
110446
3643
5820
2477
2365
3615
2440
2963
17040
2331
4548
2497
2392
2216
2617
2268
2071
2357
3174
228255
4177
292393
7554
3370
298150
3953
17127
2510
83140
5201
6130
2340
2350
3636
246581
4174
3602
84571
38352
193621
3862
2263
2460
2001
1956
2574
31085
95959
189916
3909
20625
2118
2142
8077
2543
2114
2316
2118
2434
15016
2474
51914
3901
243486
10653
17562
2234
16274
2692
2212
2122
2052
2053
2189
15441
2263
2231
51251
38595
2370
532854
4296
4110
5372
3257
171930
232299
5995
58623
3435
5544
2335
2856
319644
2292
2445
2402
2372
248043
19304
4307
27246
3021
2360
7806
2135
2576
2125
2431
86398
2827
2141
359148
55404
3235
63699
2324
2306
2098
2293
2819
2094
2032
2183
2182
2710
3419
3996
2244
10595
222869
4189
2110
9599
2102
2068
2300
2741
152009
3425
4578
2473
39221
187000
137249
2538
2410
2031
2360
5703
6508
1927
1897
29647
2668
2325
1864
