48123
11574
13385
11785
26516
12333
10765
11556
10848
12463
15268
11280
11773
487685
16199
32939
2347086
19203
516657
13523
12157
44353
11249
364171
14756
13027
11913
12443
11523
12811
87990
12112
14412
561293
15373
42181
12786
57696
12612
82678
11231
13170
12674
25485
19229
11577
11608
11217
10995
13779
13383
14296
414387
298423
16543
1051836
579745
691978
20741
13866
1258745
24775
179850
45917
12722
11379
17977
1016391
20738
18105
11229
13674
10899
18690
694031
16984
684539
32444
18621
13417
13435
11877
13135
13248
15504
946688
20406
12711
12488
13721
13034
15782
522322
18164
14980
14960
21071
14826
264846
581391
20205
31146
13548
13063
18786
12653
15071
93736
12478
23642
13238
13036
12205
12860
11819
11720
12506
16934
1214621
22685
1555836
41244
17802
1610918
21288
90438
13462
438542
29061
33251
12142
12477
18775
1283947
20879
19584
416858
193847
1058191
19830
11269
12662
10741
10988
13278
156484
493264
1021000
18678
109559
10907
11891
41931
12721
10705
11704
11532
13075
78122
12844
272585
20901
1269098
54534
91593
12536
84779
14014
10936
10864
10772
10786
11232
81933
12128
11699
272616
197546
11801
2822611
21643
20792
27529
17995
880508
1220811
32789
311343
17970
28526
11716
15415
1666703
12539
12753
12507
12750
1321704
92418
24752
142900
15551
12129
41765
11479
13807
12195
13446
458456
15287
12374
1891824
294905
16713
333969
12718
11832
12023
12406
14540
10894
11670
11818
11485
15335
17948
21777
12001
56456
1155467
23163
12410
49477
12146
11401
12225
14937
802406
19180
25990
12787
206298
986904
716895
13301
12178
10560
11275
28422
32991
10471
10234
155965
14367
12606
9831
8830
2182
2564
2156
4847
2262
2033
2159
2028
2329
2979
2129
2226
90587
3059
6092
437649
3590
96973
2538
2316
8288
2141
66367
2741
2378
2215
2255
2150
2299
16662
2244
2610
106200
2877
7812
2393
10525
2340
15804
2116
2340
2309
4891
3561
2176
2176
2049
2093
2585
2495
2678
78286
54373
3047
196984
105237
130941
3894
2682
235481
4589
33912
8738
2376
2135
3463
190484
3875
3407
2120
2574
2084
3536
128971
3226
125941
6130
3570
2456
2479
2190
2477
2494
2984
179944
3740
2295
2298
2605
2408
2824
96900
3287
2758
2767
3814
2702
47835
110992
3767
5803
2454
2376
3455
2381
2840
17383
2399
4382
2487
2452
2283
2472
2271
2157
2283
3212
226967
4267
291077
7598
3403
299373
3874
17139
2528
83346
5221
6424
2258
2419
3455
246826
4004
3650
84980
37313
194171
3857
2188
2418
2017
2116
2586
30939
95880
190065
3585
20450
2156
2236
8059
2446
2090
2297
2192
2420
14929
2381
51710
3852
242416
10454
17632
2362
16403
2624
2136
2094
2078
2113
2202
15644
2361
2258
51570
38796
2294
535143
4245
4053
5285
3368
172263
231935
6124
58416
3443
5581
2210
2869
319110
2373
2417
2295
2415
248120
18418
4549
27093
3025
2317
7847
2114
2639
2326
2469
87257
2847
2302
359197
55315
3188
64033
2382
2306
2254
2302
2634
2044
2153
2164
2080
2800
3414
4137
2240
10567
221663
4303
2308
9304
2177
2130
2277
2747
151760
3619
4741
2367
39314
185883
137058
2569
2328
1938
2178
5432
6287
1959
1926
29578
2707
2401
1883
