47668
11180
13089
11994
26093
11391
10763
11741
11469
12378
14890
11032
12272
486201
16443
31815
2347762
19404
517103
13689
12402
42762
11188
366284
14734
13082
12390
11591
11199
12490
89775
12158
14505
559219
15556
40727
11553
57679
12912
83906
11315
13294
13059
25053
19706
11225
11791
11247
10868
14377
12888
14041
413815
293309
16642
1051468
585515
691416
21570
14630
1257624
25088
181058
45327
13019
11821
18150
1017325
21633
18253
11110
13668
11112
17931
694428
17504
683537
32487
18450
13681
12910
12282
12851
13151
14723
947441
21184
13404
13188
13586
12911
17201
523724
17107
14814
14644
21777
15394
264835
584300
19868
32120
12515
13208
19018
13025
15706
90843
12630
23360
13616
12710
12587
13224
11607
11721
12271
16078
1217642
22652
1565554
40480
17297
1598611
22029
91658
13692
441824
29445
31361
12450
11726
20217
1280688
21008
19244
417314
196029
1060826
19704
11576
12271
10767
10555
13331
156437
494200
1017488
19198
108847
11187
11973
41882
12707
10109
11131
11310
12911
78719
13783
274182
21069
1269741
55423
92816
12363
84605
13814
10913
10757
10707
10451
10974
81032
12003
12076
271445
195482
12407
2821829
21941
21668
28865
16631
884846
1224712
32788
311680
17606
26881
12568
15214
1669514
11134
12555
12995
12433
1316963
95421
24236
143132
16262
12763
41727
11451
13594
11895
13773
454881
15274
11385
1904227
291683
16883
335536
12521
11040
11524
11739
14862
10549
11373
11709
11544
15036
18621
20686
11992
56440
1163735
22547
11284
50883
11909
11450
12417
15912
797575
18900
24895
12516
207832
988719
716358
13311
12455
10431
12007
28178
34494
9861
9670
157457
14660
12913
9496
8801
2116
2522
2179
4790
2105
2043
2240
2134
2290
2911
2055
2304
90373
3111
5953
437613
3610
96820
2569
2354
7962
2158
66925
2735
2352
2283
2099
2090
2257
16832
2277
2632
106005
2966
7532
2186
10631
2374
16045
2139
2384
2390
4788
3658
2077
2248
2082
2084
2683
2372
2591
78117
53508
3087
196718
106185
130938
4044
2775
235590
4591
34192
8587
2431
2254
3466
190893
4010
3468
2090
2563
2095
3399
129021
3331
125462
6185
3496
2472
2406
2248
2428
2484
2814
180244
3884
2432
2398
2510
2384
3041
97022
3171
2751
2684
3929
2766
48033
111845
3667
5963
2310
2412
3489
2448
2904
16962
2417
4319
2570
2424
2324
2556
2222
2164
2230
3098
227956
4235
292640
7494
3384
297230
4058
17356
2579
83815
5240
6110
2325
2282
3686
246495
3999
3642
85205
37542
194460
3844
2225
2411
2049
2038
2611
30657
96231
189200
3716
20384
2195
2251
8091
2436
1970
2160
2167
2398
15111
2576
51937
3911
242594
10638
17819
2324
16323
2618
2153
2090
2096
2032
2123
15525
2366
2368
51561
38552
2392
535515
4302
4212
5459
3098
172807
232867
6134
58304
3378
5265
2400
2835
319386
2136
2390
2381
2360
247449
18819
4463
27310
3119
2422
7841
2137
2588
2252
2475
86638
2836
2164
361232
54856
3218
64245
2343
2187
2154
2173
2681
1966
2086
2154
2130
2731
3506
3842
2209
10576
223551
4211
2125
9627
2132
2177
2342
2904
151187
3521
4565
2292
39535
186373
136870
2549
2329
1921
2314
5330
6503
1850
1829
29939
2744
2464
1825
