49051
11625
13612
11637
26412
11272
11121
10794
11912
11914
15376
11375
11760
489679
16764
31695
2348776
18614
514940
13406
11903
42225
11452
365391
14637
13067
12873
12221
11669
13617
88516
12170
14507
559522
14872
40896
11841
56887
12847
84029
11923
13412
12709
25762
19376
11515
11863
11938
10977
13632
13101
14383
412233
298537
16053
1051035
583198
689211
21402
14781
1257699
24721
181541
43946
13229
12580
18542
1017058
20441
17185
11452
13904
11415
19799
692270
17418
683401
30617
17993
12126
13040
12462
12918
13127
15210
935209
19852
12812
12864
13413
13024
16096
521487
17065
14419
14466
21684
14665
263328
585679
19468
31871
13205
13186
19493
12249
15152
92412
12107
22879
13140
13013
11758
12938
11351
11800
12399
16618
1216775
22911
1562332
40058
16914
1603794
22700
90807
14309
437715
29017
31778
12540
12317
18328
1287719
20405
20013
413881
197831
1060454
19588
11023
12375
10769
10681
13603
156551
491242
1014106
19869
108387
10900
12087
40930
12583
10441
11733
11164
13377
78185
12926
274056
21372
1273356
56573
92834
11651
85578
14770
10686
10812
10889
10798
10868
80765
11747
12144
273473
196488
11856
2816011
21557
21255
29695
17613
880362
1223871
32185
314132
17147
27893
11766
15354
1670782
12878
13121
12984
12486
1316894
95366
23787
143779
15877
11976
41984
11896
13924
11332
13202
456612
14710
11181
1903094
297257
16207
330723
13046
11052
11542
11566
14724
10704
11461
11695
12011
14648
18098
21529
12379
55446
1160003
22655
11256
49744
12340
11698
12782
14394
797315
18680
25205
12811
204440
988534
716676
13103
12305
10362
11563
28326
34012
10500
9655
155418
14967
12189
9389
8989
2161
2606
2144
4867
2095
2134
2074
2203
2212
2960
2130
2217
90869
3175
5919
437388
3448
96514
2501
2273
7848
2174
66670
2708
2398
2383
2215
2166
2414
16714
2275
2667
105970
2827
7624
2220
10364
2336
15961
2271
2410
2323
4920
3572
2166
2222
2181
2095
2524
2417
2644
77867
54257
2987
196962
105752
130485
4013
2804
235202
4546
34134
8363
2452
2362
3543
190889
3855
3277
2147
2640
2152
3707
128617
3266
125550
5889
3398
2235
2471
2266
2409
2492
2884
178303
3663
2359
2359
2518
2406
2868
96269
3165
2663
2647
3914
2674
47627
111884
3642
5912
2470
2404
3545
2325
2817
17167
2334
4262
2472
2459
2197
2509
2142
2151
2319
3169
227191
4251
292089
7368
3268
298122
4152
17115
2688
83022
5213
6141
2339
2355
3402
247384
3938
3762
84325
37920
193604
3838
2173
2331
2036
2052
2646
30824
95558
188856
3795
20277
2110
2304
7914
2419
2012
2269
2131
2470
15003
2415
51820
3936
243107
10820
17860
2183
16583
2786
2139
2064
2117
2082
2146
15436
2292
2367
51723
38667
2280
533315
4245
4106
5623
3295
171985
232035
6012
58773
3346
5416
2232
2886
319629
2427
2487
2401
2380
247389
18896
4416
27299
3067
2267
7922
2227
2629
2147
2447
86927
2728
2134
361087
55809
3109
63217
2402
2182
2188
2141
2682
2016
2103
2152
2230
2668
3434
4020
2286
10315
222577
4206
2111
9399
2209
2188
2365
2631
151240
3518
4662
2364
38898
186184
136964
2539
2328
1910
2258
5372
6410
1954
1814
29560
2804
2333
1790
