48100
11885
13873
12345
25318
11183
11485
11627
10941
12217
15042
11137
11593
487037
16031
30994
2341862
17932
519839
13583
12071
42380
10868
360537
15121
12791
12443
12513
11724
13145
88975
12521
14463
563289
15924
41837
12465
55745
12710
83158
12042
12475
13147
25570
19805
11575
11772
12357
11327
14028
13526
13808
413777
297927
16136
1055426
580690
691778
21108
14054
1259434
25132
181533
45997
12383
11482
18061
1015552
20544
17484
11539
13393
10821
18199
694730
17050
683757
30773
18077
12945
13229
12834
12768
13175
15119
939060
20017
12584
13321
13079
13907
16653
520267
17515
14568
14703
21579
15017
264242
584170
19964
30782
12758
12459
18784
12722
15485
92738
11738
22725
13618
13744
12304
13357
11867
11121
12344
16619
1217280
22828
1559584
39860
16841
1606491
22039
89065
13846
441528
29005
32297
12832
12281
19617
1284603
20701
20354
417363
198009
1059374
19357
11619
12521
10918
10725
13785
156045
491657
1017305
19067
110354
11399
11688
41004
13126
10173
11649
11539
12975
77151
13115
274963
20954
1271034
54538
91989
12510
84256
14721
11138
10703
10474
10537
10533
80198
11570
11280
270832
200413
11478
2814680
21971
20698
27545
17413
879400
1221167
33464
315531
17512
28384
11796
15074
1667091
12539
12712
13260
12738
1324775
93483
24131
142334
15172
12529
41476
12130
13478
12004
13532
453553
15573
11899
1900018
294222
16328
331342
12727
11161
11713
11950
15074
11551
11934
12582
12356
14699
17931
21516
11762
54878
1156187
22678
12105
50952
12028
11502
12615
15947
797399
18127
26178
13431
206234
992643
718798
13940
12173
10113
11905
27490
33603
10340
9434
157777
14244
12475
9424
8873
2224
2654
2286
4645
2087
2182
2215
2039
2252
2921
2117
2205
90346
3025
5770
436818
3390
97187
2532
2271
7947
2076
66047
2823
2358
2290
2268
2170
2362
16850
2306
2596
106724
3026
7795
2335
10242
2337
15851
2291
2235
2410
4915
3663
2173
2233
2263
2180
2614
2479
2567
78179
54351
2983
197787
105233
131007
3955
2669
235256
4621
34145
8690
2341
2187
3456
190441
3836
3296
2161
2553
2073
3416
128830
3278
125641
5844
3455
2388
2448
2346
2431
2492
2871
178846
3702
2290
2458
2431
2551
2990
96616
3214
2721
2716
3873
2713
47867
111620
3718
5696
2337
2289
3438
2392
2851
17207
2265
4194
2592
2567
2285
2566
2252
2036
2283
3192
227554
4261
292184
7408
3239
298791
4031
16958
2578
83729
5168
6232
2381
2369
3575
247092
3983
3814
84858
38192
194279
3741
2267
2404
2079
2056
2696
30755
95592
189342
3696
20585
2189
2205
7939
2510
1981
2280
2221
2397
14806
2482
52072
3870
242696
10401
17683
2366
16441
2732
2227
2075
2015
2028
2097
15360
2282
2197
51377
39413
2244
533461
4340
4029
5228
3212
172062
232122
6247
59120
3382
5498
2241
2826
318926
2366
2419
2423
2407
248744
18553
4469
27078
2924
2390
7826
2259
2583
2275
2456
86491
2904
2244
360889
55214
3087
63629
2362
2180
2212
2248
2744
2182
2193
2273
2270
2709
3420
4035
2157
10309
221937
4210
2255
9615
2163
2169
2332
2880
151475
3409
4779
2525
39276
186789
137442
2659
2309
1883
2280
5229
6333
1898
1794
29866
2693
2392
1824
