48291
11201
13110
11996
26138
11774
11042
11691
11850
12484
15600
11862
12217
487980
16377
32248
2351647
18770
516232
13689
11991
43117
11495
362233
14797
13033
12634
12523
11746
12629
90075
11690
14425
562353
14807
41746
12128
56493
13068
82730
11340
13044
12555
25609
19261
11488
11654
11703
11276
13677
13793
14425
412610
296742
16949
1049226
579814
693995
22432
15118
1263757
24272
182413
46068
12693
11791
17925
1013271
21206
17991
10668
13854
10710
19121
697899
17102
682820
31700
18375
13243
12742
11980
12617
12982
15324
948910
20394
12042
12358
12766
12703
17085
525770
18463
14393
15004
20775
13899
261677
578476
20222
31592
12792
12900
19352
12406
15498
93422
12240
24380
13335
13367
12458
13177
11587
11587
12499
16535
1213027
22877
1557479
40201
18124
1611038
22211
90648
13201
436962
28732
31029
12737
12369
20155
1288282
20732
19934
416166
194212
1062537
19976
11001
12534
10567
10643
13444
157743
494323
1015732
19213
109163
11620
11917
42215
13491
10765
11723
11528
13012
77532
13301
272929
21242
1273369
55176
94218
12328
84911
14783
11318
11140
10858
9983
11125
81852
11728
11383
270102
197266
12191
2820496
22090
21001
28425
17618
883529
1220637
33226
310440
18222
27753
11714
15390
1666773
11618
12919
12816
12243
1315537
95654
23782
144698
15099
11966
41751
11139
13867
11895
13996
458590
15427
11807
1897957
291224
16067
332834
13132
11067
11137
12382
15002
11308
11727
11510
12057
16084
19237
21791
11981
57130
1156042
22636
11762
50981
11402
11223
12379
15165
796696
17787
25031
13367
207417
990204
721547
13184
12189
10614
12247
29533
34140
10701
9857
156675
14302
13061
9576
8843
2093
2536
2214
4808
2203
2112
2187
2195
2307
3004
2205
2317
90409
3071
5956
438712
3541
96711
2575
2299
8051
2198
66198
2751
2389
2328
2272
2165
2242
17011
2156
2624
106336
2798
7785
2285
10310
2414
15831
2151
2359
2264
4907
3558
2140
2206
2169
2144
2569
2516
2630
77991
54262
3110
196278
105281
131561
4163
2886
236348
4491
34379
8732
2378
2229
3456
189921
3946
3387
1997
2631
2017
3569
129697
3220
125469
6048
3504
2465
2393
2214
2375
2488
2931
180404
3705
2235
2290
2396
2361
3009
97216
3409
2657
2729
3750
2560
47369
110624
3782
5853
2390
2358
3571
2288
2858
17370
2373
4525
2490
2505
2309
2544
2189
2124
2287
3192
227094
4287
291782
7453
3484
299281
4054
17089
2513
83042
5147
6064
2389
2390
3677
247426
3978
3739
84888
37326
194566
3878
2149
2359
1986
2049
2635
31207
96271
189367
3719
20433
2285
2253
8127
2541
2096
2300
2216
2402
14898
2477
51849
3882
243230
10614
18049
2328
16464
2767
2175
2141
2058
1975
2199
15562
2298
2209
51349
38762
2386
534845
4345
4104
5396
3291
172366
231584
6124
58194
3535
5368
2244
2857
318702
2198
2458
2370
2309
247163
18828
4396
27408
2929
2247
7910
2083
2612
2238
2547
87186
2898
2204
360456
54712
3048
63757
2438
2186
2111
2303
2709
2144
2139
2138
2181
2911
3599
4048
2187
10722
222049
4243
2153
9527
2045
2122
2291
2773
150977
3360
4651
2505
39353
186614
137997
2552
2311
1974
2362
5659
6444
1999
1845
29667
2692
2544
1849
