48790
11100
12724
12788
25941
11843
10983
12032
11350
11493
15751
11518
12081
486647
16604
31366
2353523
18211
521471
13840
11856
44022
11512
364071
15873
13125
12173
12382
11164
13075
87750
13053
14357
558501
15329
41943
12198
55624
12645
82298
12339
12139
13002
25721
19768
11154
12020
11405
11250
14215
13195
13990
414680
295601
15993
1054674
579897
694835
21244
14223
1258417
24297
180492
45250
12017
11669
18038
1019187
20656
18038
10932
13789
11764
19074
694013
16516
682994
31261
18839
12650
13201
12588
13039
13565
15454
945544
20869
13330
13539
13055
12852
16026
525704
17776
14292
14865
21678
14824
264017
578747
19867
31262
13183
12636
19116
12525
14644
93178
11880
23394
13169
13236
11489
13656
10965
11261
12530
17189
1216284
22550
1561260
40467
17127
1609450
21743
90250
14468
439630
27978
32185
11831
11743
20021
1293920
20857
19745
415698
198122
1063861
19552
11463
12524
10512
10379
13240
154969
492178
1017975
19835
106896
11555
11973
42313
13018
9968
11629
11209
12706
78585
13345
275579
21008
1267543
56310
92190
12459
84225
14301
10546
11011
10820
10993
10727
81536
11737
12273
271220
199451
11912
2824913
22259
20619
29222
17084
876438
1224551
32384
311532
17324
28930
12053
15265
1676662
11809
13269
12785
12253
1308218
94968
23866
144443
15326
12496
42007
11245
12642
12153
13523
454136
15089
11646
1898460
293523
17200
333355
13206
11336
11491
12230
14746
11590
11560
11572
11878
15471
17846
22289
12632
55961
1158604
22601
11403
50293
11796
11151
12749
14473
802096
18084
25722
12621
206735
993788
722384
13536
11895
10567
11645
27330
34351
10668
9653
156555
14312
12477
9400
8994
2086
2467
2357
4788
2212
2053
2275
2142
2156
3000
2158
2293
90367
3144
5902
438598
3410
97759
2603
2260
8205
2223
66514
2967
2396
2243
2211
2049
2324
16589
2387
2595
105751
2891
7795
2311
10144
2375
15632
2330
2207
2363
4927
3657
2113
2275
2113
2122
2672
2449
2564
78314
53896
2946
197207
105370
131404
3991
2679
235256
4511
34070
8601
2264
2199
3489
191265
3861
3381
2069
2635
2222
3580
128728
3137
125309
5952
3553
2324
2463
2313
2466
2585
2978
179927
3834
2430
2452
2423
2341
2875
97369
3240
2671
2731
3899
2711
47615
110467
3694
5808
2472
2362
3529
2336
2792
17340
2319
4375
2509
2451
2134
2615
2099
2091
2286
3304
227522
4247
292045
7492
3303
299429
4024
17092
2738
83434
5043
6217
2258
2256
3671
248523
3996
3780
84827
38030
194655
3798
2237
2405
2035
2010
2559
30486
95973
189592
3823
20053
2266
2222
8128
2484
1941
2267
2146
2349
15019
2477
52068
3878
242218
10705
17695
2336
16311
2697
2092
2139
2091
2095
2102
15598
2312
2363
51326
39060
2334
535655
4344
4021
5558
3183
171575
232357
6109
58431
3355
5597
2284
2804
320657
2251
2522
2370
2319
245957
18783
4419
27433
2957
2351
7893
2109
2407
2293
2444
86494
2863
2198
360250
55179
3253
63811
2450
2235
2186
2243
2683
2145
2110
2151
2171
2803
3372
4142
2329
10520
222589
4206
2155
9453
2120
2121
2354
2671
151825
3374
4724
2370
39305
186909
137952
2640
2248
1988
2268
5220
6401
1959
1817
29768
2701
2368
1836
