47889
10637
13110
12516
26079
11227
10969
11084
11247
12078
15993
11345
11688
483986
16224
31152
2342385
18663
521810
13056
11987
42871
11211
364894
15116
12621
12310
11767
11557
12700
86447
12399
14722
563395
14727
41539
13138
56575
12912
82962
11836
12743
12975
25892
19476
11196
12215
11172
10959
14438
13447
13701
411262
297772
16675
1052265
582657
693738
21092
15013
1262241
24639
183467
46785
12911
11811
18227
1018968
19605
17267
11000
13794
10786
19298
699395
17393
686637
31471
18279
12711
12962
12937
13120
13111
15577
945137
19912
12534
12355
13535
12803
16630
521556
17523
14710
14304
20934
14829
261722
583892
19217
31038
12978
12673
18491
12274
15251
92307
12108
24414
13325
12819
11872
13365
11925
11507
12282
16404
1218210
22786
1552427
39321
17413
1609106
22139
90590
13744
443889
27514
32165
12423
12356
19182
1286046
21323
20595
416666
194754
1065797
20563
11495
12474
10581
10389
13074
155631
492716
1018197
18646
110556
11210
12088
41413
12074
10424
11224
11510
12866
78537
13960
271870
21522
1270802
55646
92223
12581
84111
14265
10698
10649
11135
10841
11069
80241
11548
11664
273187
199040
11818
2815100
22463
21448
28859
17490
880438
1213624
31622
313297
18226
28293
11543
14982
1667889
12460
13019
12993
12597
1316745
95685
24933
142894
16008
12255
41915
11437
13353
11107
13501
454829
15100
11936
1899908
294887
16293
329579
13131
11505
11118
12723
14413
11232
11393
11918
11874
14514
17451
21927
12372
55792
1161259
22642
12062
51804
11683
11455
12514
15329
799685
18925
25133
12695
206213
996094
718386
12125
12574
10341
12211
28239
34053
10906
9728
157424
14301
12435
10325
8847
2025
2517
2297
4824
2075
2075
2087
2096
2246
3075
2136
2243
90064
3069
5849
436954
3494
97654
2447
2263
8028
2132
66585
2812
2334
2248
2158
2119
2282
16365
2320
2671
106592
2780
7720
2454
10367
2424
15834
2254
2316
2355
4933
3628
2115
2276
2060
2132
2650
2477
2566
77714
54229
3062
197069
105605
131392
3930
2858
235836
4519
34466
8827
2436
2239
3531
190719
3697
3301
2079
2586
2040
3610
129839
3289
125931
5999
3504
2317
2426
2366
2494
2456
2933
179776
3690
2279
2287
2526
2395
2976
96755
3203
2683
2615
3815
2670
47449
111533
3634
5766
2409
2375
3403
2310
2847
17221
2342
4492
2474
2404
2209
2573
2277
2136
2284
3137
227814
4278
290736
7288
3373
299060
4058
17116
2576
84213
4979
6243
2358
2354
3496
247132
4120
3820
84898
37441
194898
3979
2231
2342
2017
2010
2553
30798
95993
189465
3630
20679
2171
2257
7974
2349
2049
2191
2202
2402
15136
2621
51420
4027
242654
10654
17695
2369
16338
2670
2108
2033
2152
2134
2177
15350
2224
2259
51815
39102
2321
533511
4373
4140
5470
3256
172142
230740
5916
58512
3547
5529
2203
2758
318852
2330
2461
2404
2423
247313
18883
4626
27143
3094
2297
7886
2143
2517
2099
2442
86660
2820
2230
360651
55395
3067
63206
2399
2241
2124
2360
2630
2078
2078
2190
2173
2644
3297
4047
2241
10425
222874
4208
2225
9786
2081
2170
2378
2767
151570
3531
4633
2347
39305
187594
137436
2331
2397
1942
2340
5379
6418
1996
1828
29874
2711
2379
1959
