48929
11703
13557
12795
26907
11783
11209
10944
10983
11740
15847
11497
11757
482115
17140
30495
2340578
18304
518843
13743
12131
44149
11263
365488
15074
13009
12266
12029
12013
13347
88806
12302
15208
561585
14234
42029
11866
57938
12667
84371
12158
13217
12810
25326
19293
11090
11392
11636
11175
13875
13363
14258
410842
298787
16838
1049925
582260
695666
21802
14274
1259342
24786
180423
46035
12394
11989
17845
1013457
20586
18255
11336
13975
11272
19260
694794
17655
683655
32045
18752
13142
12715
12237
12941
13364
15245
946220
20075
12264
13189
13152
12665
16304
518609
17261
15014
14863
20964
14996
264922
580072
20679
31197
13005
12561
18899
12864
15258
92922
12879
23166
13230
12979
11984
13025
11351
11877
12440
17647
1213410
22372
1561244
39768
16760
1600983
21356
90455
13250
438661
29132
31661
11930
12035
19446
1288870
20338
20358
414110
196379
1062334
18829
10722
12407
10626
10305
13309
157622
493434
1021485
19712
109507
11215
11384
41161
12864
10332
12162
11561
13332
77118
12379
272520
20932
1264075
55137
93077
12140
85788
14865
11260
10839
11494
10638
10361
82094
11757
11772
271514
198084
11894
2818753
22173
21001
28785
17193
879901
1221506
32763
310946
17264
27865
11690
15420
1665038
12061
12744
12608
13211
1321211
94998
24253
142987
16122
12926
41239
11559
13796
11690
12780
454816
15047
11757
1894414
293461
16519
334634
12613
11225
11619
11803
14176
11278
11261
11519
11830
15411
18397
20257
11922
56990
1159566
22555
11747
51466
11770
10908
12479
15480
803949
18506
26266
12854
204088
993918
716066
13228
11931
10329
12226
28639
33854
10976
9765
158097
14732
11849
9272
9019
2194
2566
2314
4916
2179
2136
2074
2012
2194
3030
2164
2219
89522
3202
5732
436941
3436
97210
2582
2318
8252
2148
66747
2794
2398
2247
2180
2229
2367
16729
2297
2790
106382
2678
7803
2243
10574
2368
16054
2279
2376
2304
4809
3599
2093
2200
2115
2170
2597
2449
2623
77640
54316
3105
196527
105640
131465
4045
2718
235158
4542
34048
8807
2327
2272
3430
189963
3851
3452
2144
2640
2131
3569
129442
3325
125852
6107
3557
2430
2378
2266
2414
2537
2914
180068
3710
2227
2435
2448
2367
2893
96225
3158
2765
2698
3778
2691
47942
110595
3841
5762
2393
2320
3510
2410
2838
17311
2514
4307
2488
2439
2235
2489
2162
2173
2283
3358
226845
4179
291873
7329
3274
297867
3942
17094
2502
83115
5216
6188
2281
2317
3562
247185
3962
3761
84338
37928
194452
3672
2098
2304
2008
1986
2602
31010
96027
189945
3767
20494
2204
2161
7954
2436
2025
2368
2233
2456
14755
2343
51664
3889
241434
10566
17883
2317
16695
2804
2218
2047
2207
2083
2074
15772
2323
2267
51439
38899
2349
534040
4310
4095
5433
3239
172011
231924
6086
58394
3326
5472
2220
2864
318842
2298
2390
2310
2509
248100
18815
4455
27337
3098
2446
7797
2159
2588
2208
2367
86822
2856
2217
359581
55230
3139
64250
2319
2220
2209
2191
2557
2103
2068
2132
2145
2811
3463
3821
2202
10658
222460
4169
2184
9646
2114
2055
2348
2819
152246
3460
4822
2384
38947
187318
136470
2535
2227
1920
2328
5494
6380
2051
1847
29990
2760
2296
1777
