48629
11087
13826
11674
26940
11581
11408
10475
11348
11983
15222
11628
12368
485015
16575
30972
2346671
19124
517019
13818
11620
44077
11095
364656
15780
13090
12554
12634
12124
12700
88298
12506
14904
560401
15564
41377
12499
56102
12785
83271
11702
13247
12674
26620
19714
11624
12122
11561
11080
13544
13307
14324
414174
296286
16705
1051616
585905
694786
21612
14507
1252992
24705
183069
45239
12380
11534
19125
1016891
21002
17790
11392
13980
10984
19278
693413
16678
684768
31355
17883
12540
13446
12081
12537
13159
15537
932903
19794
13454
13000
13262
12331
15911
523367
18665
15029
14651
20951
15095
264298
584645
19865
31412
13011
12921
18980
12967
15453
92116
12748
24370
13484
13105
11706
12272
11462
10819
12648
17155
1218674
23738
1560715
40789
18376
1611430
20672
91826
13595
436104
29114
32394
12751
11727
19576
1286064
20323
20415
418271
198049
1057988
19737
11746
12148
10321
10567
12954
158292
493098
1018989
19756
108761
11567
11429
43348
13224
10870
11724
11103
13468
79370
13326
272066
21000
1270258
55147
93464
12352
84346
14821
11006
11111
11457
10617
10854
79955
11765
11727
270859
196982
12579
2822844
21681
20838
27970
17026
888508
1221972
31939
312358
17255
27356
11862
14766
1678825
12429
12356
13096
12857
1312406
94523
23884
143185
16111
11741
41298
11454
13337
11402
13815
455778
15435
12437
1897150
293209
16334
332226
13012
11355
11375
12045
14825
11254
11588
11464
11753
15745
18164
20787
11912
55677
1157147
21912
11654
50666
11552
12163
12221
15038
799337
17870
25373
12038
205785
992648
716824
13017
12130
10445
12430
29471
33699
10661
10290
155455
14566
12215
9423
8993
2064
2666
2152
4933
2175
2182
1992
2139
2214
2944
2208
2314
90071
3120
5799
437697
3601
96949
2570
2183
8188
2091
66784
2908
2393
2282
2279
2255
2281
16690
2321
2726
105955
2942
7609
2368
10335
2400
15895
2184
2372
2265
5075
3627
2183
2266
2106
2124
2512
2442
2628
78426
53879
3033
197273
106025
131483
4035
2760
234001
4575
34465
8619
2303
2180
3677
190494
3973
3410
2111
2639
2094
3588
128634
3150
125697
6023
3414
2366
2505
2225
2368
2486
2978
177694
3630
2440
2341
2467
2292
2822
96999
3415
2756
2680
3790
2725
47833
111385
3688
5798
2397
2364
3534
2431
2910
17062
2452
4478
2583
2480
2214
2361
2228
2020
2317
3263
227231
4426
291896
7575
3565
299356
3840
17280
2537
82792
5243
6239
2433
2246
3585
246814
3935
3791
85035
38021
193438
3829
2291
2324
1983
2066
2541
31135
96112
189651
3810
20350
2214
2198
8375
2494
2111
2274
2140
2479
15187
2489
51506
3906
242192
10527
17878
2307
16357
2734
2174
2123
2189
2094
2116
15348
2279
2263
51351
38801
2435
534284
4227
4045
5298
3191
173412
231869
5969
58479
3332
5369
2270
2773
320927
2331
2345
2418
2445
247016
18695
4401
27240
3061
2279
7822
2137
2528
2133
2529
86634
2888
2313
359511
55089
3093
63811
2395
2272
2172
2207
2695
2118
2119
2117
2172
2865
3399
3901
2181
10379
222217
4082
2163
9503
2088
2304
2254
2746
151527
3380
4682
2268
39208
186787
137028
2510
2277
1936
2393
5631
6384
1969
1939
29565
2767
2343
1825
