47757
11309
13227
12046
26568
11794
10845
11172
11536
11763
14746
11496
11458
486761
16600
32205
2353537
19413
515750
14024
12690
43369
11155
364261
15230
13000
12728
12443
11231
12936
88123
12699
15174
560121
16106
40400
12631
56323
12517
83309
11915
13115
13131
25043
19494
11493
11986
11859
11143
14361
13099
14570
415610
296293
16828
1051340
581741
689828
21222
14372
1258441
24498
179246
45688
12634
12431
18489
1015501
20833
18207
10974
13706
11100
18212
695547
16979
685753
32804
17903
13066
12821
11999
12993
13319
15352
943122
19904
12943
13082
13591
13156
16576
518953
17650
14794
14284
20991
14655
263215
583278
20093
31920
12935
13318
19378
12926
15280
94276
12890
23523
13305
12475
11873
13784
11818
11477
12133
17385
1215691
23109
1559282
39685
17311
1608190
21372
92331
13629
440835
29363
31796
12415
11812
19364
1287978
20784
19792
413063
196929
1059171
19479
11607
12692
10490
11048
12820
157027
488988
1019074
19306
110624
11602
11816
42135
13150
10270
11335
11672
12685
80059
13096
272736
20828
1272816
55176
93133
12437
84801
13973
10876
11204
10815
10579
10895
82197
11638
11759
271500
200048
12113
2821848
22033
21261
28949
17194
882930
1220062
32379
313027
17319
27599
12594
14770
1671626
11832
13214
12677
12645
1313812
95523
23380
143635
15202
12713
42586
11141
13852
11736
13376
454670
15522
12021
1901584
292836
16601
336550
12595
11002
11828
12739
14744
10688
11610
11741
12171
15253
19080
22074
12060
57106
1161942
23201
12438
51400
11571
11386
11885
15163
800537
18418
25186
13287
207780
995249
718156
13852
12518
10520
11973
28580
34562
10747
9572
156871
14911
12095
9993
8821
2125
2512
2191
4841
2188
2044
2100
2139
2204
2865
2157
2172
90431
3101
5986
438670
3628
96650
2596
2398
8126
2135
66481
2802
2411
2341
2220
2095
2349
16685
2339
2727
106230
3035
7501
2359
10343
2322
15804
2234
2376
2401
4806
3597
2138
2230
2158
2150
2719
2423
2705
78371
54173
3076
197090
105444
130824
3960
2710
234958
4554
33749
8723
2351
2343
3563
190567
3889
3471
2080
2613
2119
3434
129155
3189
126032
6198
3396
2415
2378
2208
2448
2495
2926
179883
3651
2378
2423
2502
2466
2953
96281
3234
2721
2623
3757
2672
47457
111452
3744
5923
2428
2426
3559
2436
2860
17487
2470
4357
2516
2356
2197
2622
2269
2089
2237
3327
227310
4340
292111
7363
3350
298882
3909
17430
2587
83624
5319
6182
2343
2239
3562
247751
3990
3763
84022
37875
194020
3830
2278
2435
1980
2115
2499
30889
95267
189470
3692
20617
2290
2241
8143
2486
2012
2209
2234
2327
15276
2440
51604
3874
242902
10573
17843
2372
16516
2613
2161
2149
2069
2077
2141
15720
2262
2290
51504
39180
2367
534835
4308
4101
5457
3227
172616
231542
5966
58646
3376
5320
2387
2764
319628
2233
2499
2340
2404
247156
18831
4311
27268
2916
2393
7957
2069
2598
2199
2443
86717
2920
2262
360922
54995
3158
64316
2310
2195
2230
2369
2697
2029
2136
2192
2218
2761
3499
4114
2242
10653
223039
4351
2328
9689
2087
2152
2210
2735
151512
3444
4674
2469
39503
187455
137220
2666
2355
1942
2296
5417
6461
1974
1822
29844
2803
2342
1900
