47531
11632
13589
11971
26387
11704
10805
11261
11555
12519
15249
11647
11783
490213
15955
32198
2352321
17628
516111
13605
11865
43027
10898
368088
14901
13215
13001
12511
11741
13113
88221
12475
13800
555740
15499
40911
12615
56699
13677
85273
11604
12697
13150
25929
20390
11543
10999
11559
11832
13972
13505
14483
414322
298707
15867
1054302
583577
689424
21791
14939
1256504
25400
180304
46461
12657
11823
17569
1012659
20931
16917
11628
13913
11088
18427
696143
17396
682564
32951
19035
12964
12927
12790
12909
13240
15340
943047
20733
12699
12637
13248
12373
15820
520069
17273
14529
15292
20675
14464
261551
582452
19451
31159
12951
12711
19209
12763
15083
91215
11965
23994
13470
13098
12299
12728
11718
11519
12724
16959
1212778
23251
1558806
39333
17992
1604365
20317
90643
13528
441840
29270
32247
12444
12642
19324
1286524
21486
19881
412155
201102
1060808
20582
11127
12218
10897
10888
13587
155708
494521
1017792
19677
108787
10887
11827
41314
12343
11270
11912
11347
12658
76510
13656
272118
21739
1270437
53965
91800
12334
85636
14074
11079
10758
10417
10418
11279
79912
12222
12046
270429
196477
12290
2816164
22463
21380
27965
17374
879731
1218279
31834
314010
17995
28088
12104
15080
1666171
11931
13160
12497
12304
1321514
94520
24109
144646
15989
12120
41283
11502
13450
11843
13216
451696
14920
12168
1905790
296808
15658
336347
12504
10969
11598
12203
15487
10884
11959
11889
11885
15047
18337
21030
12248
55291
1166365
22994
11791
50985
11924
10901
12632
15318
803540
18208
25555
12435
208531
993385
717885
13103
11947
10632
12377
27924
34908
10360
10004
155524
14376
12022
9599
8780
2172
2624
2209
4837
2158
2046
2129
2182
2339
2933
2154
2248
90966
3020
5975
438400
3323
96999
2570
2281
7997
2091
67207
2785
2411
2408
2236
2186
2349
16675
2356
2516
105319
2965
7644
2354
10408
2517
16151
2215
2317
2368
4935
3761
2133
2070
2130
2259
2579
2471
2669
78120
54357
2949
197319
106107
130505
4058
2850
235282
4727
33955
8831
2378
2220
3381
189839
3966
3242
2193
2644
2097
3459
129540
3285
125762
6307
3645
2406
2431
2349
2437
2519
2910
179343
3819
2302
2312
2466
2299
2846
96446
3200
2668
2790
3750
2618
47318
110980
3637
5802
2404
2327
3566
2400
2798
17030
2349
4476
2542
2431
2261
2458
2231
2144
2358
3214
226921
4309
291320
7302
3452
298320
3735
17120
2591
83684
5282
6278
2337
2410
3554
247295
4129
3756
84064
38620
193990
3990
2154
2321
2040
2085
2619
30681
96466
189398
3790
20345
2160
2221
7947
2413
2174
2327
2197
2375
14785
2540
51595
4033
242679
10264
17642
2312
16599
2643
2154
2082
2013
2026
2207
15299
2382
2332
51449
38658
2369
533870
4406
4152
5328
3287
171933
231360
5995
58749
3524
5470
2300
2819
318970
2266
2512
2314
2344
248378
18732
4449
27387
3093
2280
7814
2147
2539
2240
2405
85976
2842
2235
361459
55635
2988
64443
2298
2154
2195
2261
2809
2055
2182
2201
2169
2749
3426
3924
2264
10301
223360
4300
2196
9536
2139
2080
2392
2774
152169
3388
4766
2323
39695
187052
137266
2484
2256
1957
2400
5355
6554
1932
1909
29499
2740
2341
1859
