47893
11386
13744
12080
26252
11547
10784
10731
10900
12058
15547
11573
11747
486316
16747
32565
2348502
19094
517085
13184
12632
42753
10636
366047
14886
12986
12926
12315
11665
13311
88664
12173
14205
561337
15569
42643
12084
56648
12968
82579
11548
13087
12607
25922
20213
11209
11391
11150
11309
13522
12550
13944
411692
297735
16402
1046957
580597
694098
21219
13829
1255292
24776
180503
46616
13464
12100
18278
1010986
20786
17834
10357
13817
10953
18366
696816
16839
683764
32235
18289
13428
13394
12243
13023
13189
15189
942194
20560
13194
12595
13251
12998
16230
521711
17767
15435
14710
21359
15697
267085
580447
20047
31277
13194
13192
19985
12688
15450
92718
12579
24413
13204
13024
11951
13414
11355
10864
12231
16826
1222257
23019
1557816
38756
17742
1606194
20710
91740
13364
446663
28584
32373
12342
12004
19358
1290136
20140
19797
414008
198016
1063247
20243
11402
13075
10347
10888
13402
156616
494391
1019086
19387
108943
11470
11314
42678
12913
11327
11283
11986
13344
78385
13070
274745
21793
1266055
55599
91158
12987
86060
14296
11161
10531
10342
11296
10982
81189
11768
11668
270846
198401
11921
2822822
21796
21497
29536
17534
881731
1221653
32867
312583
17451
28054
12132
14593
1670568
12092
12602
13060
12014
1321696
93970
23703
141927
15660
12532
41332
11484
13279
12188
13687
456154
15643
11362
1892661
291649
16663
329910
13069
11053
11324
11952
15199
11004
12248
11729
11491
15746
18006
20886
11993
56246
1160437
21802
11871
51008
11498
11680
12271
14845
801584
18478
25508
12714
207013
998596
720559
13349
12388
10670
11961
28110
34094
10325
10153
155798
14511
12723
9677
8798
2153
2657
2212
4801
2133
2024
2037
2029
2237
2971
2201
2211
90078
3182
6024
438003
3577
97013
2473
2396
7973
2036
66883
2779
2358
2399
2226
2158
2388
16787
2258
2583
106075
2964
7893
2288
10360
2421
15847
2164
2352
2317
4962
3693
2104
2159
2061
2127
2516
2332
2581
77789
54189
3014
196227
105315
131518
3980
2647
234864
4533
33939
8832
2502
2280
3530
189745
3907
3384
1958
2617
2088
3495
129190
3171
125704
6101
3481
2471
2486
2266
2421
2516
2908
179341
3740
2369
2321
2485
2443
2895
96750
3283
2814
2652
3840
2825
48135
110706
3724
5772
2456
2428
3662
2379
2916
17177
2456
4508
2511
2478
2208
2552
2175
2001
2263
3208
228535
4344
291626
7172
3390
298304
3803
17346
2556
84623
5129
6321
2337
2290
3539
247901
3915
3725
84290
38091
194523
3968
2245
2464
1970
2096
2620
30765
96300
189620
3736
20330
2255
2161
8259
2476
2223
2170
2300
2485
14961
2452
51989
4012
241697
10634
17546
2441
16666
2694
2216
2024
1982
2167
2143
15549
2281
2256
51318
38988
2330
534775
4317
4143
5572
3278
172368
232147
6178
58688
3373
5457
2287
2738
319345
2312
2400
2387
2303
248053
18480
4396
27074
3013
2344
7784
2128
2535
2273
2498
86614
2940
2163
359119
54776
3126
63327
2413
2173
2165
2229
2728
2083
2232
2161
2107
2870
3407
3890
2179
10516
222681
4081
2223
9579
2056
2204
2272
2691
151601
3462
4721
2373
39351
187871
137637
2558
2324
1956
2308
5385
6393
1912
1923
29582
2733
2447
1849
