48164
11162
13331
12620
26693
11270
10430
11933
10574
11830
15950
11381
12142
489839
16266
32066
2343207
19034
515377
13014
12600
43959
11303
365042
15416
12956
12328
12281
10802
13183
88590
11951
14706
560918
15345
42108
11873
56784
12800
83837
11778
12886
13072
25845
19487
11075
11376
11761
11452
14603
13024
13733
412393
296199
16039
1056490
580061
693347
21497
14602
1262046
24731
180384
45679
12920
11907
18169
1015774
19782
17770
10655
13625
11163
18949
698515
17549
684302
32497
18662
12900
13084
12727
12923
13310
15639
941049
19467
13217
13074
13077
12552
16315
519522
17830
14980
14242
20047
14465
263578
584340
19473
30486
13342
13302
19318
13032
15614
93481
12257
23528
13248
12844
12463
13440
11261
11540
12373
17045
1214852
22689
1563231
39146
18059
1615148
21856
91756
13348
441548
28702
32048
12343
11975
18140
1289759
20217
20055
415106
198848
1062261
19867
11159
12676
10659
10546
12930
157959
493520
1022466
19188
110372
11487
11805
42456
12501
11301
11880
11254
12881
77722
13508
272816
21263
1273504
56136
93201
12885
84901
13933
10250
11090
10985
10810
10806
82946
11725
11901
272441
200033
11403
2811986
22226
21023
28871
18208
882371
1222786
32163
310563
17677
27923
12651
15742
1670576
11394
12614
13306
12519
1321762
96075
24217
143686
15558
12863
41817
11757
13939
11447
13501
460174
15202
11787
1895650
291737
16930
332923
12466
11093
11957
12452
14176
10934
11395
11624
12008
14410
17769
20449
12429
55834
1153590
21868
12068
51384
11421
11263
12086
14372
801475
19138
25229
13182
206261
989330
715486
13355
11789
10125
12530
28958
34654
10168
10291
155415
14677
12446
9629
8855
2097
2545
2310
4865
2132
1966
2229
1997
2213
3061
2150
2273
90966
3054
5945
436632
3575
96830
2438
2363
8164
2166
66657
2869
2389
2288
2218
2024
2400
16717
2231
2668
106315
2879
7814
2230
10396
2350
15903
2204
2338
2394
4912
3596
2069
2148
2121
2168
2682
2387
2556
78107
54031
2993
197702
105026
131393
4026
2785
235973
4595
33916
8729
2405
2252
3518
190487
3749
3317
2007
2595
2127
3565
129722
3339
125864
6223
3572
2389
2460
2322
2455
2518
2979
178980
3593
2428
2422
2424
2365
2878
96338
3305
2741
2628
3671
2622
47617
111563
3594
5650
2448
2448
3520
2449
2906
17377
2389
4315
2495
2417
2313
2560
2162
2125
2302
3241
227250
4246
292627
7262
3445
299830
4051
17359
2504
83929
5121
6200
2313
2297
3361
247967
3912
3748
84615
38168
194236
3890
2210
2402
1985
2038
2550
31125
96165
190273
3678
20755
2293
2218
8143
2408
2183
2318
2174
2375
14841
2473
51637
3935
242956
10685
17954
2421
16540
2635
2023
2146
2121
2103
2126
15847
2272
2306
51562
39180
2210
532936
4343
4083
5486
3378
172428
232048
6030
58216
3426
5463
2374
2923
319378
2176
2378
2441
2389
248271
18978
4434
27320
3023
2435
7962
2201
2611
2174
2433
87470
2890
2215
359412
54902
3220
63793
2311
2182
2282
2295
2591
2058
2084
2135
2210
2617
3307
3855
2294
10353
221590
4039
2249
9683
2045
2110
2297
2601
151804
3556
4640
2447
39137
186215
136717
2596
2215
1878
2420
5525
6540
1880
1935
29591
2786
2372
1817
