49220
11198
13348
12089
26492
11557
10567
11874
11252
12607
15301
11695
11570
488004
16239
31822
2340485
19009
514841
13280
12056
43247
10947
365496
15038
12642
12760
12071
11233
12687
88355
12509
14591
556387
15688
41380
12418
56618
13079
83759
11482
12570
12950
25899
19624
11196
12297
11660
10457
13985
13567
14502
411440
296600
17296
1047182
580901
690416
21882
15051
1251431
25085
183892
45430
12265
11738
18415
1014801
20500
18291
11377
13556
10878
18428
696387
17504
687381
32994
18446
12190
12383
11439
13211
12904
14949
944383
20429
12565
12861
13132
12587
16138
520609
18099
14887
15314
20385
14292
264066
581326
20879
31092
13893
13325
18538
12640
14650
90170
12068
23769
13758
13192
12158
13868
11252
11409
12458
17204
1212647
22597
1556598
38507
17935
1602686
21822
91583
14082
437419
29032
32212
12084
11687
18552
1289166
20246
20045
415229
195276
1059522
19118
11061
11677
10553
10639
13120
157246
495867
1017169
19820
108498
11249
11904
42875
12795
10680
11152
10527
12862
77296
12981
274497
21158
1272595
55511
93521
12545
86058
14205
10973
10466
11335
10430
10605
79199
12312
11019
271306
198946
12367
2818919
22378
21084
28560
16932
882777
1224439
32429
313668
17331
27748
12230
14967
1671008
11979
12068
13263
12767
1316511
92905
24769
141872
15780
12147
40717
11461
13490
11956
13483
456262
14683
12113
1896852
295247
16640
332562
12466
11015
11207
11675
13668
11544
11661
11712
11586
14961
18094
21605
11953
55873
1161993
22948
11276
50611
11766
11502
12094
15304
802878
19067
25357
13354
206518
994526
720150
13736
11787
10379
11731
28937
33466
10722
9678
155523
14566
12474
9291
9111
2112
2544
2234
4882
2149
1985
2245
2122
2299
2937
2192
2198
90450
3069
5913
436864
3590
96425
2489
2287
8093
2094
66768
2816
2312
2300
2168
2085
2287
16681
2332
2624
105290
2968
7708
2336
10413
2453
15941
2189
2292
2322
4977
3575
2104
2341
2132
2019
2613
2450
2685
77909
54209
3180
196280
105331
130864
4100
2867
233684
4617
34607
8601
2331
2228
3573
190080
3873
3456
2113
2573
2069
3480
129437
3331
126161
6268
3482
2250
2296
2130
2458
2428
2889
179697
3724
2286
2360
2413
2359
2871
96534
3304
2738
2793
3686
2562
47705
110850
3871
5781
2557
2432
3451
2347
2756
16850
2336
4364
2576
2483
2246
2674
2165
2094
2259
3280
226848
4188
291564
7118
3460
298363
3984
17227
2654
82978
5223
6191
2265
2245
3425
247890
3907
3744
84534
37491
193627
3720
2138
2229
1993
2048
2575
30903
96288
189237
3803
20354
2216
2254
8173
2437
2064
2169
2040
2390
14866
2436
52125
3909
242989
10615
17965
2389
16687
2669
2171
2033
2185
2050
2086
15144
2398
2156
51449
38997
2415
534333
4368
4045
5428
3193
172618
232217
6052
58780
3384
5421
2288
2817
320011
2270
2272
2461
2434
247128
18382
4536
26914
3047
2282
7721
2148
2555
2237
2416
87019
2710
2272
359799
55454
3120
63813
2296
2191
2149
2204
2512
2159
2125
2192
2097
2717
3402
4060
2239
10458
222838
4307
2104
9492
2106
2186
2240
2795
151819
3553
4684
2466
39446
187389
137860
2652
2251
1923
2224
5544
6355
1994
1845
29543
2756
2388
1791
