48759
11826
13316
12169
26478
11290
11286
11067
11534
11510
15482
11616
12013
491112
16318
31472
2346615
18290
516141
14300
12285
43691
11271
361948
14500
12797
12381
12634
11591
12517
89367
12522
14573
563023
15337
41898
12194
56663
12730
83780
11494
12975
12447
24525
19703
11628
11632
11454
11887
14575
13437
13804
414392
295056
16584
1048631
585558
690540
21430
14808
1261208
24738
183306
44964
12895
11594
18462
1014545
20497
18770
11326
14064
11002
19819
700735
17687
685509
31949
18327
13926
12957
11856
12761
13866
15240
946640
20255
13471
12692
13157
12516
16336
520421
17590
14574
14722
21750
15496
262687
581899
20107
31798
13108
12475
19823
13279
14833
90993
12105
24064
13099
12761
12121
13137
11728
11961
12571
17048
1211496
22891
1559241
39239
17636
1603543
21294
89584
13864
441350
28578
32420
12115
11881
18657
1283199
21409
19946
412022
197285
1063501
19954
11837
12171
10926
10538
13058
156929
498871
1019071
19068
111107
11311
11196
41144
13261
11386
11452
11555
13333
77741
13027
274056
20481
1269755
54149
91966
12208
83933
14716
10906
10878
11127
11578
11066
82593
11401
11481
271119
197608
11947
2823937
21470
21473
28613
17031
882366
1219846
31817
314293
17860
27608
12094
14463
1662384
11978
13089
13542
12225
1313804
96734
24028
144099
16549
11932
41789
11506
13834
11785
13219
454828
15211
12037
1900911
293742
16962
330162
12384
10848
10765
12259
14838
11311
11314
11572
11459
15385
19211
21504
12283
55161
1162582
21760
12176
50956
11722
11028
12729
14806
801129
18511
26500
12854
205885
993562
720583
13420
11478
10594
11883
28948
34453
10948
9879
154561
14674
12193
9874
8939
2198
2524
2230
4894
2102
2119
2080
2131
2152
2980
2159
2267
91234
3068
5844
437856
3423
96738
2656
2324
8181
2172
66166
2689
2328
2299
2268
2168
2273
16916
2330
2613
106521
2873
7784
2299
10292
2351
15864
2163
2338
2267
4704
3667
2125
2213
2119
2303
2707
2438
2567
78170
53979
3063
196553
106105
131110
4000
2823
235762
4565
34440
8522
2426
2184
3558
190387
3880
3501
2135
2653
2092
3686
130185
3323
125747
6119
3480
2536
2428
2195
2386
2549
2899
180053
3740
2480
2322
2454
2334
2909
96475
3269
2660
2699
3913
2795
47394
111068
3733
5832
2428
2293
3627
2479
2765
16969
2368
4433
2457
2446
2247
2531
2247
2236
2316
3241
226422
4260
291666
7265
3402
298270
3937
17057
2637
83730
5190
6320
2306
2268
3400
246671
4085
3734
84053
38056
194694
3885
2288
2335
2049
2009
2540
30888
97088
189740
3694
20765
2230
2119
7922
2522
2229
2230
2197
2471
14962
2398
51838
3833
242642
10343
17726
2323
16238
2772
2127
2090
2189
2237
2175
15791
2244
2222
51269
38760
2335
535262
4204
4150
5388
3199
172337
231741
5967
58957
3459
5379
2294
2692
318068
2250
2493
2494
2352
247106
19002
4453
27230
3171
2292
7876
2134
2644
2216
2408
86560
2839
2237
360559
55182
3196
63404
2305
2136
2056
2272
2696
2132
2083
2113
2097
2778
3591
4032
2268
10348
222818
4104
2241
9587
2089
2088
2347
2740
151756
3454
4884
2392
39136
187101
137694
2626
2201
1952
2320
5502
6465
2030
1893
29331
2790
2361
1875
