48237
11227
13319
12054
26988
11842
10519
11471
11151
12798
15692
11400
11734
485351
16551
32414
2347124
18241
520243
13243
12054
42392
11268
363211
15048
12707
12701
12121
11472
13600
88381
12073
14401
563115
15343
42327
12344
56329
12973
83880
11155
12618
12746
25555
20030
11582
11980
11833
11115
13916
13228
14206
412826
299974
16841
1052832
580608
692452
21293
14607
1257460
23997
180886
44828
12644
11987
18443
1017695
20204
17549
11133
13553
11321
18714
697886
16990
685357
33130
18467
13261
12806
12021
12991
13344
15764
941804
20056
12513
12926
12940
12807
16565
522895
17497
14450
14922
20531
15478
262050
584882
20292
30642
13176
12775
19779
12758
15436
94088
12201
24031
12862
12857
11843
12635
11499
11069
13116
17034
1217981
22999
1557519
41330
17551
1611255
21842
90189
13565
442593
29457
31804
12135
11865
19041
1285549
21220
19831
416411
196346
1064106
19080
11232
12616
10541
10333
13198
158152
491859
1020912
19344
110549
11090
11086
42225
12557
11158
11419
11571
12884
78361
12679
276976
21691
1271339
54773
94065
12373
83773
14634
10343
11307
10676
10467
11199
81754
11640
11621
271670
196794
11703
2812988
22014
21238
28780
17413
880812
1222295
33335
313706
18245
28883
12311
15279
1667202
11981
12271
12578
12745
1316183
93621
23211
142464
15453
12224
43242
11184
14137
11864
14011
457959
15455
11860
1904132
295192
16581
334177
11908
10857
10883
11855
13593
11070
11953
11610
11528
15832
19522
20983
12622
56081
1158130
22136
11434
51009
11680
11534
11930
15784
794972
18961
25444
13024
207639
992805
716051
13264
12876
11148
11852
28005
33632
10312
9887
154324
14878
12201
9575
8844
2085
2525
2235
4976
2179
1986
2167
2069
2380
2991
2113
2259
90223
3126
6098
437692
3420
97466
2494
2285
7901
2137
66320
2796
2322
2332
2186
2114
2451
16599
2232
2633
106620
2879
7809
2315
10326
2375
16021
2148
2287
2333
4886
3658
2159
2240
2160
2121
2602
2405
2600
77868
54636
3117
197733
105230
131087
3952
2782
234905
4428
33987
8512
2374
2270
3545
190419
3798
3345
2107
2576
2130
3478
129586
3173
125845
6290
3484
2436
2378
2242
2441
2535
3000
179163
3700
2255
2380
2417
2381
2952
96949
3220
2673
2727
3740
2793
47487
111399
3767
5691
2478
2349
3642
2400
2884
17449
2369
4435
2437
2414
2186
2421
2194
2041
2368
3249
227848
4276
291350
7560
3343
299103
4058
17083
2565
84116
5324
6184
2277
2266
3496
246996
4093
3729
84756
37790
194707
3733
2202
2371
1980
2007
2601
31184
95721
189693
3741
20750
2186
2117
8082
2433
2174
2191
2202
2388
15011
2399
52364
3994
242641
10506
17997
2358
16237
2760
2029
2155
2078
2068
2228
15523
2285
2234
51529
38713
2273
533282
4332
4148
5449
3250
172352
232023
6221
58649
3519
5621
2302
2837
318585
2260
2338
2348
2423
247322
18574
4285
27107
2988
2281
8151
2072
2689
2261
2560
87219
2859
2213
361270
55360
3132
64122
2230
2144
2075
2219
2534
2088
2168
2130
2121
2845
3647
3939
2329
10513
222164
4148
2129
9525
2094
2174
2252
2897
150655
3538
4681
2416
39481
186774
136732
2585
2425
2049
2299
5360
6333
1935
1865
29360
2775
2366
1839
