49055
10480
13669
12330
26409
11358
11048
11220
11205
11975
15111
11535
12320
487479
16741
31599
2355515
18673
516111
13648
11616
43129
11115
361885
14502
12832
12076
12743
11041
12932
89606
12419
14884
560294
14991
41918
12125
55945
13061
84901
11890
13115
13058
25856
19385
10679
12381
11821
11325
13710
12976
13958
410880
298039
16889
1055944
584131
693466
21745
14855
1255329
25112
180181
46108
12989
11648
18461
1007360
20357
17748
10944
13984
11307
18438
699562
17313
684984
31593
18398
13112
12659
11876
13029
13074
14808
942558
20176
12832
12946
13482
12361
17081
514599
17248
14437
14454
20942
14366
264374
581769
19749
31515
12924
12772
19333
13171
15545
91947
12493
24065
13151
12953
12321
13061
11283
11020
12642
16950
1216871
22375
1557536
40214
18142
1607817
21261
89999
13511
440823
28173
30446
11921
12203
19574
1289536
20698
19744
416721
197919
1065214
19743
11910
11819
10630
11291
13203
157183
492492
1024138
18487
110682
11150
12050
43642
12300
10157
11494
11676
12935
79582
13799
270040
21480
1269968
55642
91055
12295
85135
14163
11147
11189
11502
10632
11111
79944
12617
12087
271429
201415
12856
2820633
21284
20236
27814
16822
881528
1225367
33365
315507
18159
28161
12140
15350
1676190
12302
13267
12973
13384
1320618
95435
23614
142249
15540
12540
41538
11099
13674
11500
13154
454091
15540
11557
1899280
294626
16192
331622
12809
10945
11396
11618
14538
11604
11643
11444
12364
14968
18596
20844
12100
56177
1157959
21926
12046
53087
11732
11398
12750
15229
799609
18546
26137
12412
203515
992964
717357
12897
11983
11183
12353
28823
34168
10367
9481
157812
14625
12247
9130
9018
1977
2595
2293
4841
2120
2089
2115
2128
2257
2901
2162
2321
90604
3143
5882
439085
3506
96763
2560
2176
8069
2124
65973
2674
2350
2245
2287
2061
2323
16899
2300
2721
106275
2841
7751
2281
10305
2444
16150
2247
2361
2385
4965
3634
2008
2356
2164
2166
2563
2429
2587
77766
54297
3142
197262
106025
131349
4034
2803
234674
4571
33996
8783
2414
2206
3579
189321
3837
3375
2081
2654
2099
3479
130044
3287
125720
6060
3459
2431
2363
2212
2463
2528
2854
179306
3705
2325
2364
2502
2308
3024
95421
3215
2657
2662
3802
2589
47843
110793
3683
5829
2420
2343
3559
2472
2889
17117
2424
4444
2471
2447
2301
2474
2153
2028
2298
3266
227511
4207
291231
7400
3488
298931
3955
17085
2550
83678
5054
5872
2242
2349
3606
247802
4009
3707
84738
38010
194733
3830
2306
2260
2017
2183
2596
30875
95817
190136
3620
20649
2196
2243
8398
2372
1974
2239
2217
2419
15237
2562
51054
3971
242684
10713
17498
2325
16462
2647
2213
2141
2171
2085
2194
15329
2448
2330
51357
39571
2470
535134
4178
3970
5316
3177
172461
232603
6210
59045
3517
5485
2298
2868
320396
2318
2487
2413
2558
248332
18877
4393
27011
2993
2355
7809
2098
2582
2205
2410
86623
2904
2193
360308
55489
3107
63569
2386
2177
2146
2181
2627
2199
2102
2119
2253
2699
3539
3854
2232
10496
221968
4097
2271
9895
2107
2166
2380
2772
151695
3503
4794
2303
38934
187065
137125
2501
2280
2033
2356
5514
6400
1954
1798
29875
2778
2367
1737
