47952
11359
13426
12316
27139
11557
11017
10933
10955
11105
15134
11054
11818
482139
16154
32795
2349531
18722
519943
14472
12211
42300
11454
365554
15279
12569
12478
12483
11318
12536
87176
12384
14631
560722
15526
42012
12402
55262
12683
83734
12164
12719
13248
24966
20220
11495
11894
11932
11249
14071
12395
13818
412521
297542
16102
1053558
581656
697854
20880
14730
1254584
24599
178300
46393
13216
12153
18339
1009096
20320
17815
11160
14308
11272
18645
698902
17519
685023
31673
18493
13078
12301
12511
12460
13280
15708
942509
19999
13364
12984
13252
13220
15946
520948
17692
14797
13769
21126
15267
265212
582508
20473
31698
13285
12975
19028
12771
15201
89892
12461
24216
13248
12968
12773
13072
11836
11248
12294
16556
1208504
23080
1551973
39728
18131
1612674
21919
90675
13628
440137
29237
32244
12122
12384
19704
1283570
20477
20226
414692
194556
1062006
19594
11311
12570
10882
9928
13172
157706
493538
1020049
19364
110053
10961
11776
42443
13108
10346
11815
11445
12821
78431
13292
273777
20521
1270338
53147
92533
11684
82688
14143
11284
11250
11048
10255
11182
80476
12240
12447
271462
197525
11732
2818704
22010
21607
27996
17086
883535
1224473
32666
311650
17736
28448
12055
14988
1664598
12219
13191
13764
13003
1321786
95102
22480
142094
15467
13137
40405
11700
13982
11788
13814
455316
15660
11856
1899425
292740
16913
335869
12945
11097
11670
11617
14919
11160
12063
11348
11835
16094
18061
21486
12254
56365
1162245
22737
12337
49832
11654
11333
12181
15424
804315
18465
25229
12917
205826
991994
720562
13500
11745
10438
11928
28125
34340
10273
9681
155272
14839
12425
9474
8890
2112
2575
2246
4973
2141
2099
2089
2062
2109
2975
2106
2264
89719
3045
6131
437958
3552
97400
2684
2295
7935
2158
66786
2853
2289
2313
2258
2114
2281
16509
2318
2608
105910
2936
7744
2329
10124
2376
15888
2308
2297
2362
4788
3722
2159
2228
2177
2141
2602
2294
2513
77956
54406
2972
197508
105443
132174
3893
2829
234709
4566
33631
8787
2464
2280
3539
189566
3849
3403
2094
2687
2145
3481
129531
3296
125891
6063
3514
2441
2288
2288
2352
2503
2961
179260
3644
2430
2400
2488
2464
2868
96562
3242
2722
2541
3768
2734
48043
111096
3799
5861
2466
2388
3518
2395
2819
16821
2383
4455
2487
2474
2366
2504
2277
2107
2287
3168
226069
4301
290754
7302
3522
299402
4012
17227
2547
83588
5216
6221
2315
2373
3642
246861
3955
3830
84554
37540
194345
3866
2191
2363
2010
1914
2625
31060
96241
189875
3687
20552
2103
2247
8196
2518
2041
2280
2201
2408
15142
2496
52020
3805
242454
10201
17777
2240
16051
2637
2257
2136
2135
2007
2203
15396
2395
2387
51467
38724
2285
534432
4317
4195
5312
3159
172626
232447
6091
58288
3444
5491
2252
2785
318504
2320
2512
2521
2460
248192
18719
4191
27073
2999
2494
7628
2187
2645
2224
2527
86829
2921
2232
360756
55102
3201
64407
2370
2196
2225
2175
2682
2084
2185
2090
2172
2923
3398
3988
2253
10595
223011
4239
2273
9400
2110
2150
2261
2783
152319
3457
4651
2414
39283
186749
137734
2589
2249
1942
2315
5336
6509
1912
1848
29501
2796
2420
1815
