49766
11298
13313
12079
26038
11491
10709
11342
11403
12016
15287
11992
12110
487927
16382
31688
2352436
18533
516277
13712
12227
43385
11156
361890
15517
12575
12809
12044
11616
13175
88712
12983
15132
562597
15357
42764
12686
57951
12680
82841
12093
12913
12728
26132
19975
11528
11639
11513
11203
14457
13419
14480
411123
296844
16467
1051050
585412
691758
21257
14492
1258363
25052
179793
45913
12988
11438
18010
1016339
20476
17774
11253
14154
11457
19223
695726
17942
683266
32788
18228
12581
13193
12668
12942
13285
16081
945906
20415
13101
12742
13255
12534
16240
523215
18218
14866
14138
20501
14269
260116
584925
19801
30986
13110
12639
18707
12870
15351
91766
12669
23426
12388
13848
12735
12629
11639
11513
12314
16980
1212219
21808
1557899
41249
17669
1611813
20999
91241
12871
441850
29007
32527
12919
11447
19623
1280630
20735
19448
411781
195888
1062603
19161
11412
12123
10817
10945
13079
157519
494010
1020939
19252
109161
10566
11199
43608
13670
10774
11668
11526
12961
80198
12976
275340
20685
1270745
55548
91470
12718
84697
14605
10966
10613
10813
10281
11482
81492
12099
11094
272487
201956
12020
2816941
22018
22120
29065
16684
883990
1221741
32939
313099
17575
29015
11703
15543
1667880
11739
12558
12500
12466
1315351
95320
23387
143503
15999
12144
41444
12156
13956
12020
13352
454775
15790
12162
1903309
292925
17115
333460
13067
11892
11448
11658
14719
11266
11785
11318
11657
14614
18908
21370
12229
55462
1161962
22623
11707
50622
12434
11360
12843
15218
801709
18345
24859
13046
204524
986574
722914
13577
12328
10609
12117
27919
33409
10632
9774
157829
15268
11997
9430
9133
2103
2548
2231
4762
2124
2035
2169
2133
2242
2966
2279
2328
90520
3078
5903
438489
3482
96792
2558
2328
8081
2099
66220
2843
2313
2334
2168
2146
2371
16765
2391
2716
106524
2888
7910
2385
10583
2339
15827
2286
2339
2272
4980
3723
2155
2209
2064
2131
2705
2454
2687
77532
54108
3048
197031
106202
130970
3989
2744
235365
4601
33922
8754
2417
2182
3520
190794
3854
3363
2100
2685
2163
3594
129616
3315
125672
6205
3479
2326
2447
2358
2474
2522
3057
179880
3787
2346
2367
2438
2350
2869
97088
3329
2716
2641
3700
2621
47098
111564
3645
5719
2452
2297
3466
2447
2849
17010
2432
4352
2348
2602
2368
2436
2212
2163
2259
3252
227137
4099
291806
7626
3418
299713
3904
17320
2479
83871
5241
6272
2439
2160
3596
246131
4044
3627
83957
37756
194155
3773
2220
2300
2049
2073
2538
31036
96224
189558
3704
20332
2103
2126
8342
2643
2087
2265
2230
2399
15308
2418
52196
3836
242692
10576
17555
2404
16427
2741
2149
2048
2128
2030
2244
15624
2327
2176
51712
39702
2349
534474
4321
4277
5514
3133
172755
231424
6161
58519
3378
5610
2243
2885
318629
2210
2387
2321
2372
247139
18813
4377
27218
3027
2292
7864
2255
2610
2252
2450
86340
2897
2254
361033
55060
3265
64121
2393
2327
2214
2155
2663
2065
2153
2094
2175
2686
3544
3968
2270
10374
222828
4189
2181
9512
2213
2155
2420
2779
151738
3431
4578
2405
39083
185712
138163
2626
2335
2000
2338
5342
6308
1994
1847
29898
2837
2345
1806
