48690
11641
13245
12345
27114
11277
10790
11713
11111
11871
16075
11929
12230
483769
16238
32117
2346256
18868
515282
12895
11764
43031
10413
363523
15046
12746
12540
12619
11485
12935
87249
12823
14706
559697
15450
41010
12579
56837
12807
83318
11971
12610
12634
24420
19814
11159
11858
11542
11259
14832
12910
14315
413045
297950
16438
1045092
580309
694930
21048
15691
1263367
24677
180110
44338
12682
11870
18232
1014088
21056
17048
10813
13989
11525
19423
700238
17508
683404
33153
18411
13571
13013
12126
12185
12834
14581
940934
20233
12582
13310
12664
12588
16208
521312
17651
14724
14777
21197
15234
261890
581042
19056
31571
12731
12566
19144
12293
14895
92845
12428
23168
13565
12823
12248
13235
11358
11568
12441
16974
1215633
23442
1570199
40609
18030
1608790
20947
90454
13299
440774
28817
30886
12176
11938
19653
1282659
21564
20975
415503
195620
1057022
19476
11011
12497
10515
10466
12969
156176
492385
1024108
19625
109240
10959
11683
41509
12590
10313
10988
11607
12767
78640
13355
274339
21779
1272662
55064
91427
12259
85147
13707
10528
11036
11143
10902
10979
80266
11562
11396
273092
196647
11953
2814133
21664
20954
28262
17535
882757
1225083
32892
311209
17838
28261
11797
15092
1657014
12273
12728
12845
12290
1317230
94476
24208
144527
16245
11945
41152
11710
14156
12233
13635
458174
14888
11673
1907204
294605
17427
337489
12957
11421
11489
11908
14737
11602
12277
11214
12026
14887
18504
21444
12827
55742
1159176
23009
12032
50695
11870
11113
12600
14689
800544
18702
26136
12401
206000
993669
719830
12870
12513
10163
12222
28879
34982
10716
10692
157554
14488
12280
9679
8970
2156
2510
2281
4961
2126
2061
2192
2113
2197
3097
2238
2297
89760
3077
6002
437783
3506
96903
2414
2256
8015
1996
66358
2810
2305
2344
2271
2141
2352
16493
2352
2685
106029
2954
7580
2346
10362
2378
15900
2261
2300
2329
4713
3703
2113
2241
2123
2115
2737
2374
2622
77772
54131
3041
195720
105217
131412
3907
2964
235780
4618
33870
8393
2366
2237
3531
190157
3961
3265
2007
2645
2164
3645
130151
3213
125534
6343
3500
2480
2435
2224
2299
2411
2779
179239
3725
2315
2429
2344
2300
2905
96640
3223
2710
2717
3867
2772
47333
110981
3547
5832
2362
2305
3529
2303
2798
17210
2385
4321
2554
2412
2263
2545
2161
2096
2271
3255
227491
4378
293776
7469
3427
298997
3860
17096
2538
83470
5198
6023
2287
2297
3578
246578
4188
3941
84703
37679
193414
3808
2135
2385
1992
2015
2543
30772
95834
190408
3771
20552
2149
2231
7976
2427
2011
2127
2206
2366
15021
2483
52065
4028
243053
10545
17558
2325
16506
2611
2060
2085
2141
2109
2188
15369
2269
2199
51644
38546
2330
533670
4221
4056
5364
3306
172612
232517
6150
58398
3460
5474
2250
2785
317342
2301
2454
2385
2360
247588
18644
4486
27503
3123
2252
7683
2184
2688
2303
2488
87108
2825
2166
361498
55282
3307
64596
2362
2262
2164
2208
2672
2182
2218
2089
2193
2693
3464
3995
2366
10429
222846
4304
2227
9543
2129
2087
2334
2678
151236
3516
4790
2357
39227
186827
137526
2467
2374
1915
2354
5528
6576
1999
2005
29693
2753
2305
1857
