47516
11361
13115
11958
27342
11194
10718
11555
11187
12097
15678
11534
12091
488658
15985
31199
2345931
18621
516258
13496
12184
41647
10825
363976
15795
12669
11879
12156
11306
12867
89332
12463
15219
552733
15625
40786
11662
57502
12934
82873
11300
12926
12787
25596
19641
11774
11591
11760
11398
14462
13065
14499
410734
294186
16360
1055425
580939
692443
21770
14480
1258683
24893
181191
45760
12370
11868
18038
1014163
21104
17990
10640
13412
11299
18733
693702
17211
682911
32882
17865
13012
13526
11939
12953
12934
14990
946383
20984
12770
12958
13284
12411
16264
521999
17207
15447
14214
20601
15114
261141
584603
19993
31628
13297
12414
19594
12528
15322
92973
12111
23545
13296
12361
11979
12982
11605
10836
12463
16974
1214863
22654
1561286
39809
17374
1610908
21741
91548
13487
439550
28669
32130
11859
12102
18562
1289691
21061
20441
412978
194909
1065263
20282
11465
12480
10894
10609
13198
158865
491393
1024117
19117
108532
11500
12567
41095
12966
10616
11779
11227
13094
77502
13268
271380
20525
1270245
53920
92165
11723
84168
14346
10967
11498
10646
10353
10779
80598
11909
11460
271926
198913
11710
2817181
21530
20914
28597
17345
886252
1220451
32066
313218
18253
28160
12121
14990
1664759
12576
13053
13234
11977
1320948
95811
23522
145094
15835
13100
42348
11340
13917
12689
13543
453098
14981
12484
1898594
292627
16609
331758
12392
11245
11743
11951
14556
10698
11817
11663
11786
15411
18917
20953
11996
56290
1159454
22009
11470
51327
11482
12089
12086
15340
803826
18577
24492
12749
205876
991348
717098
13343
12206
10096
11831
27544
34095
10299
9759
155792
14558
12225
9729
8760
2140
2525
2201
5004
2085
2043
2175
2097
2254
2993
2159
2272
90536
3016
5907
437420
3486
96681
2534
2285
7763
2084
66345
2915
2334
2223
2194
2110
2302
16849
2305
2751
104914
2945
7565
2205
10501
2373
15796
2124
2343
2311
4874
3636
2186
2190
2137
2180
2652
2400
2666
77782
53776
3035
197798
105434
131111
4075
2776
235433
4583
34051
8725
2284
2218
3555
190542
3966
3372
2010
2574
2140
3528
128821
3247
125580
6282
3407
2379
2503
2190
2445
2469
2895
180020
3822
2353
2394
2483
2305
2878
96858
3155
2845
2579
3727
2711
47363
111519
3727
5862
2457
2268
3642
2333
2854
17282
2349
4396
2519
2338
2226
2501
2219
1999
2291
3238
227301
4243
292079
7315
3369
299482
4014
17282
2529
83269
5138
6214
2234
2301
3430
247967
4052
3829
84034
37588
194983
3954
2235
2352
2068
2039
2577
31257
95690
190555
3692
20334
2254
2399
7987
2494
2060
2317
2170
2415
14892
2510
51308
3835
242404
10375
17738
2247
16299
2709
2151
2198
2077
2013
2120
15477
2314
2248
51608
38999
2302
534374
4211
4099
5409
3221
173045
231752
5994
58722
3496
5481
2308
2769
318496
2383
2482
2413
2295
247952
18864
4348
27562
3054
2438
8042
2115
2615
2379
2450
86364
2811
2362
360436
55029
3116
63724
2285
2251
2227
2268
2655
2026
2165
2139
2158
2751
3539
3933
2208
10593
222383
4123
2158
9615
2051
2266
2284
2782
152077
3475
4486
2379
39179
186559
137250
2557
2309
1861
2268
5297
6439
1926
1826
29554
2760
2407
1855
