49066
11387
12998
12126
25994
11536
10587
12041
10876
12255
15334
11758
11679
486840
16397
31641
2352281
18852
515674
14152
12000
43387
11188
364414
15199
12593
12503
12196
11078
13220
87591
12243
15523
561103
15878
41286
13011
57857
12378
81781
11486
13515
12582
25900
20149
10766
11279
11285
11387
14201
12813
13817
415803
292568
16920
1052565
580001
693380
21226
14706
1264851
25060
178504
45615
12412
11390
18238
1012765
20120
17749
10639
14296
11287
18313
694133
17116
685583
31930
18036
12569
12802
12687
12807
13110
15423
944109
20684
12507
12499
13342
12394
16121
522497
17644
14653
15346
21448
14590
263420
586761
20286
31137
13052
12449
19441
12383
15393
92815
12229
23873
13063
13275
12207
12712
11449
11255
12087
17309
1218633
22239
1563611
40583
17242
1608058
21664
90719
13936
442006
29373
32510
12283
11402
18905
1292758
20520
20452
418192
195541
1061298
19861
11418
11933
11151
10012
13476
157197
493178
1018684
18373
110052
10921
11492
40817
12735
10258
11506
11564
12714
76820
12719
271762
22447
1274349
54433
92102
12148
84492
14277
10622
10828
10887
10508
11390
82101
11520
11581
270739
197648
12189
2811713
22026
20506
28890
17545
887326
1221843
33479
312859
17270
27894
11821
16043
1662817
11281
12919
13002
12110
1320991
94512
25113
145311
16166
12155
41899
11337
13360
11350
12905
451512
14953
11959
1897629
295909
16884
337196
13002
11712
11820
12280
15109
11403
11209
11639
11571
14953
18373
21231
12210
54595
1159724
22221
11619
50216
12253
11808
11946
15193
795903
18097
25085
13006
205398
990411
720549
13840
12235
10268
12236
27392
34444
10246
10030
154809
15262
12198
9781
9057
2156
2518
2248
4771
2177
2037
2245
2008
2245
2953
2226
2207
90380
3089
5895
438594
3530
96650
2619
2286
8126
2148
66478
2782
2306
2333
2203
2077
2376
16598
2263
2818
106188
3008
7681
2443
10486
2290
15625
2199
2444
2306
4933
3734
2041
2170
2056
2174
2630
2388
2570
78552
53403
3120
197191
105153
131256
4018
2804
236258
4583
33731
8625
2338
2191
3499
190031
3797
3361
2011
2699
2124
3455
129013
3269
126073
6084
3434
2324
2369
2343
2403
2481
2986
179452
3775
2296
2304
2481
2321
2886
96701
3273
2700
2837
3856
2649
47674
111923
3761
5793
2400
2282
3576
2325
2900
17237
2324
4398
2455
2527
2265
2453
2174
2081
2228
3307
227519
4178
292132
7428
3313
298622
3980
17227
2627
83746
5293
6247
2338
2188
3484
248258
3936
3812
85157
37515
194375
3867
2226
2277
2081
1937
2628
30892
96168
189712
3546
20562
2129
2142
7923
2458
2000
2199
2211
2376
14806
2386
51373
4176
243235
10410
17687
2318
16299
2699
2100
2071
2098
2056
2232
15651
2233
2264
51206
38794
2371
532574
4280
3985
5492
3263
173284
231912
6217
58554
3367
5466
2248
2925
318262
2152
2453
2389
2310
248170
18711
4601
27624
3107
2300
7899
2119
2509
2172
2348
85966
2820
2250
359945
55609
3179
64643
2425
2305
2249
2280
2721
2108
2029
2127
2127
2722
3456
3958
2282
10129
222663
4174
2196
9461
2191
2222
2239
2769
151165
3378
4585
2401
39261
186318
137895
2624
2318
1903
2372
5285
6454
1914
1892
29454
2888
2328
1864
