47498
11226
13749
11670
26499
11134
10851
11021
10901
11866
15447
11014
12002
487639
16437
32173
2356639
18430
514705
13796
11989
44070
10866
366333
14960
12748
12513
12619
11694
12391
87750
12135
14363
561873
15925
41396
12253
56918
12587
83513
11916
13367
12760
25895
19148
11066
11354
11337
10805
14735
13197
14568
412824
297768
16605
1049232
584386
695527
21682
14308
1251484
25132
179272
45494
12319
11665
18432
1016244
20822
18061
11595
13503
10893
18801
698995
17199
687125
32874
17947
13025
13173
12786
12778
12277
15733
943788
19700
12967
12999
13632
13039
16017
522302
17594
14742
14517
21194
15529
260004
584423
19183
30884
12455
13712
19602
12539
15829
92328
11935
23236
13354
12350
12683
13253
11409
10864
11981
16888
1217895
23086
1557594
41142
17118
1607630
21058
92663
12876
441566
30499
32003
12109
11343
19139
1285757
20235
19450
415148
195770
1063207
18788
11730
12629
10142
10344
12962
157578
494003
1025357
19478
107927
10950
11755
41689
12563
10703
11586
11485
12987
79554
13041
271824
20779
1271918
56440
92361
12368
84331
13722
10985
11121
10964
10738
10606
83623
11469
12143
271909
199037
12198
2817839
21826
20726
28806
17333
886593
1220396
32513
313725
18076
27946
11978
15315
1670073
11907
13272
13072
12982
1320175
96346
24184
144378
15252
12504
40423
11611
13729
11626
13063
454297
14927
11737
1901667
294444
16673
332192
12810
11611
11469
12268
14894
10955
11247
12247
11677
14745
17733
21384
12051
55535
1159362
22457
11887
51554
11873
11475
11869
14932
797429
18505
25612
13123
205571
991507
721372
13253
12334
10926
12220
28542
33899
10458
9853
156631
14575
11861
9323
8767
2117
2618
2178
4790
2089
2061
2093
2052
2199
2972
2062
2269
90636
3117
6039
439114
3466
96688
2597
2251
8169
2071
66940
2778
2326
2327
2255
2171
2263
16628
2264
2611
106406
3003
7691
2320
10418
2344
15904
2260
2411
2345
4966
3545
2085
2187
2063
2048
2707
2450
2699
78170
54285
3077
196828
106120
131667
4064
2718
234097
4650
33788
8627
2314
2196
3581
190572
3924
3389
2165
2557
2050
3517
129683
3263
126005
6247
3444
2406
2420
2341
2390
2324
3060
179443
3651
2355
2391
2532
2427
2863
96804
3267
2724
2643
3819
2799
47074
111483
3620
5698
2320
2493
3585
2315
2978
17245
2334
4304
2511
2322
2332
2563
2216
2016
2210
3203
227431
4303
291311
7623
3312
298501
3878
17489
2408
83539
5507
6231
2281
2203
3516
247317
3895
3676
84550
37695
194463
3683
2278
2388
1930
1998
2533
31045
96035
190944
3757
20205
2149
2188
8030
2422
2084
2261
2202
2441
15191
2475
51436
3840
242919
10840
17705
2344
16313
2581
2145
2125
2085
2129
2101
15917
2271
2338
51437
38991
2389
534340
4285
4044
5396
3246
173239
231904
6037
58790
3448
5431
2266
2828
319253
2271
2508
2436
2493
248023
18966
4478
27461
2942
2357
7673
2174
2613
2186
2373
86574
2788
2201
360386
55386
3147
63804
2356
2275
2167
2268
2720
2063
2077
2274
2148
2698
3391
4005
2185
10410
222427
4175
2204
9664
2132
2183
2246
2750
151092
3450
4723
2421
38978
186467
137926
2539
2348
2048
2379
5462
6401
1941
1850
29577
2755
2304
1778
