48122
11205
12860
12437
26342
11658
10813
11444
10506
11834
15318
11595
11975
485495
16804
31238
2351098
18264
519515
13690
12540
43297
10683
366251
15050
13013
12223
11854
11322
12451
88728
12600
14375
562195
15451
41840
12279
57245
12849
83518
11695
12352
12741
25639
19838
11407
11682
11691
10895
14148
13357
14429
413637
298940
17183
1051671
581414
691416
21565
14667
1251450
24471
179208
45684
12445
12192
17456
1012350
20605
17933
11263
14511
10765
19402
695151
17238
680791
32285
18261
12723
12958
12489
12458
12421
15083
944554
20760
13038
12492
13163
12546
16090
519613
16958
15284
14588
20816
14295
266732
586189
20213
31458
13092
12489
18298
11911
15074
91819
12230
23365
13398
13029
11645
13087
11203
11129
12557
16389
1215691
21475
1558590
39651
17978
1610616
21808
90696
13212
438536
29003
32715
11519
11677
19500
1290014
20670
19707
416666
198009
1059359
19293
10999
12678
11168
10116
13557
156257
492132
1016907
19361
109041
10938
11624
41788
12708
10894
11297
11534
12204
78583
13082
274006
21135
1272554
55358
92019
12480
84842
14639
11671
10498
10567
11446
10759
82338
12216
12188
273740
199018
12143
2815062
22098
21943
28886
17030
885092
1219946
33344
312666
17819
28406
11834
15405
1675282
12316
12846
12755
11940
1321294
94754
24169
143075
15401
11798
41895
11687
14430
12016
13001
456010
15639
11967
1900664
293898
16004
336730
13261
11234
11383
11813
14578
11170
12250
11734
11640
15284
17995
22447
12000
55773
1155020
22346
11761
50782
12710
11479
12496
15753
801993
17609
26146
12818
205360
994173
721242
13484
12520
10395
12038
28816
34058
10431
9743
156199
14027
12069
9764
8831
2112
2476
2300
4820
2145
2052
2148
1968
2187
2967
2176
2257
90045
3143
5813
438502
3462
97313
2559
2408
8055
2066
67017
2779
2389
2266
2164
2107
2259
16835
2326
2591
106560
2958
7730
2339
10434
2390
15833
2207
2229
2313
4856
3665
2130
2233
2160
2089
2656
2435
2657
78230
54452
3166
196770
105193
130808
3992
2768
233986
4498
33873
8728
2309
2290
3380
189674
3882
3417
2091
2756
2071
3645
129233
3250
125149
6114
3491
2373
2438
2285
2373
2355
2917
179913
3800
2375
2319
2446
2329
2870
96458
3134
2809
2685
3785
2586
48011
111924
3772
5867
2447
2285
3396
2241
2824
16973
2376
4355
2506
2429
2186
2503
2153
2073
2323
3131
226978
4048
291788
7339
3500
299175
4031
17124
2482
83280
5212
6322
2188
2221
3589
247956
3966
3693
84881
38025
193903
3757
2126
2409
2071
1955
2636
30771
95868
189205
3703
20410
2139
2185
8040
2416
2099
2198
2211
2274
15044
2457
52010
3917
242574
10594
17680
2390
16468
2709
2325
2070
2021
2229
2141
15663
2399
2352
51953
39029
2336
533657
4308
4252
5494
3164
173017
231601
6178
58638
3443
5492
2260
2889
320367
2309
2440
2371
2269
248455
18763
4446
27245
2965
2268
7920
2180
2725
2254
2373
86746
2925
2248
360812
55331
3066
64388
2452
2181
2152
2211
2661
2102
2229
2157
2142
2789
3420
4170
2211
10458
221844
4160
2171
9562
2267
2152
2350
2879
151883
3307
4790
2393
39044
187027
137866
2579
2360
1911
2309
5487
6399
1920
1822
29704
2648
2324
1868
