48123
11290
13411
12393
25567
10839
10864
10711
11354
11873
15714
11424
12111
487290
16683
30112
2354568
19660
515864
13942
12314
43670
11311
360467
15188
12959
12310
12184
11250
12248
87766
12418
14718
558929
15667
41853
12709
56276
12705
82339
12038
12688
13050
24721
19459
11686
11678
11151
11754
14535
12710
14249
411456
296604
17413
1051269
578753
694081
21960
14843
1260929
25758
181851
45285
12822
12360
17480
1014004
20777
18482
10829
14110
11341
19461
694371
17716
681372
31523
17909
13041
12674
11918
12850
13632
15281
939128
20403
12662
13269
13227
12868
16356
519419
17309
14816
14640
20417
15416
262967
582946
20821
31175
12769
12972
19277
12087
15947
92126
12796
23869
13048
13095
11966
13352
11250
11223
11742
16664
1215972
22412
1559908
39640
17782
1605804
21110
91032
13860
440060
28651
32159
12219
11934
19007
1287189
20693
20459
413368
196815
1058479
19249
11948
12584
10553
10434
13505
157833
492888
1018989
19258
107519
10864
11642
40357
13987
10683
11970
11448
13252
77732
12836
275006
20991
1277152
54429
92619
12647
84732
14228
10261
11196
10825
10984
11105
80775
11521
12398
272325
199135
12439
2822257
21525
20896
28065
18408
881153
1223678
32267
312206
17865
28461
12735
15129
1673244
12147
12846
12724
12306
1321125
95207
24345
143086
15452
12106
41205
11479
13657
11559
13372
458122
14856
11939
1891469
296499
16520
334360
12898
11337
10863
12103
15206
10895
11526
10958
11891
15020
18153
21525
11712
56386
1159436
22572
12007
52489
12053
11702
12680
15261
791665
18081
25360
13116
203514
996377
719184
13302
11693
10565
12127
28056
34052
10447
9380
155090
13947
11979
9524
8868
2100
2581
2295
4721
2031
2077
2031
2130
2203
3008
2181
2293
90345
3099
5645
438977
3674
96579
2591
2305
8155
2172
65950
2822
2378
2271
2218
2066
2215
16631
2299
2609
105789
2933
7710
2367
10332
2421
15684
2239
2262
2352
4732
3594
2185
2242
2064
2246
2700
2323
2607
77818
54062
3168
196997
104915
131429
4081
2833
235609
4768
34205
8627
2356
2358
3317
190473
3938
3473
2060
2699
2126
3611
128872
3314
125146
6040
3383
2418
2397
2171
2411
2608
2940
178415
3733
2334
2416
2493
2393
2868
96330
3213
2757
2655
3663
2779
47625
111139
3857
5819
2394
2366
3561
2265
2943
17101
2454
4448
2478
2499
2240
2541
2141
2058
2184
3182
227066
4222
291807
7374
3461
298336
3911
17256
2580
83330
5165
6196
2311
2289
3473
247114
4009
3793
84346
37933
193665
3760
2296
2419
1998
2031
2624
31104
96015
189766
3719
20166
2151
2163
7718
2658
2086
2305
2185
2441
14902
2398
52081
3877
243115
10419
17814
2391
16390
2689
2019
2136
2090
2133
2194
15518
2232
2394
51610
39096
2397
534704
4171
4047
5263
3418
172121
232247
6027
58512
3485
5527
2390
2833
320015
2310
2457
2358
2363
248210
18820
4490
27256
2993
2289
7810
2150
2579
2173
2428
86979
2806
2242
359170
55583
3133
64054
2362
2226
2078
2231
2756
2037
2120
2034
2206
2754
3423
4018
2151
10520
222547
4202
2238
9855
2144
2205
2377
2805
150234
3367
4657
2429
38714
187537
137628
2535
2220
1965
2335
5353
6378
1956
1764
29455
2657
2311
1808
