49112
11400
13556
12171
27476
11536
10395
11157
11162
11977
14944
11418
12229
487390
15988
31701
2348441
19068
517010
13564
12302
43727
11124
367908
14797
13051
12499
12021
11309
12822
88240
12592
15261
559981
15298
40338
12767
57316
12436
83603
11312
13248
12441
25182
18957
10981
11627
11576
11680
13608
13024
13709
413166
296929
16769
1052529
582852
691791
21582
14738
1250983
23565
181152
45813
13429
11429
18076
1017324
20995
17868
10354
14442
10827
18299
693654
17778
688552
33551
18440
12517
13578
12174
12841
13435
15401
938759
20291
12969
12434
13396
13413
16465
520748
17523
15032
14990
21352
15140
263475
581036
19990
31187
12979
12967
19535
12315
15474
92358
12513
23702
13132
13637
12821
12818
11980
11700
12380
16728
1215568
23376
1562378
40310
17901
1608873
21445
90073
14033
443088
28811
31798
12491
12505
18846
1286001
21142
19289
418782
195844
1066590
20298
11066
11533
10551
11078
13478
156011
496912
1020265
19225
111453
10790
11991
41026
12630
10371
10863
11741
12740
79634
13060
273899
21202
1274191
56146
91923
12389
84504
14139
10673
11417
11240
9978
11187
82834
11650
11338
274139
199857
12673
2814891
21731
21410
28635
18093
883194
1220943
31531
309565
18259
27176
12070
15203
1666332
11628
13128
12769
11887
1317137
94551
24119
143766
15575
12668
42024
11729
13317
11922
13497
458645
15648
12089
1898757
292726
15921
333084
12715
10996
12239
12273
14767
11783
11840
12192
11901
14866
18203
21240
12607
56014
1155164
22148
11547
52150
11934
11559
12464
15039
807599
18679
25936
13275
207785
992689
716874
13161
11736
10041
13209
28512
34058
10069
9657
154742
15150
12742
9722
9032
2140
2580
2227
4975
2143
1994
2102
2100
2208
2889
2128
2301
90654
2990
5917
438207
3554
97028
2571
2317
8188
2109
67022
2707
2372
2342
2200
2114
2296
16629
2332
2782
105817
2898
7499
2350
10469
2348
15921
2129
2360
2292
4854
3504
2047
2191
2128
2216
2540
2364
2539
78055
54106
3075
197210
105673
131044
4018
2846
234093
4371
34091
8765
2494
2154
3484
190812
3936
3376
1959
2739
2074
3457
128914
3327
126206
6373
3505
2324
2518
2267
2391
2558
2997
178836
3761
2393
2296
2498
2487
2914
96649
3223
2726
2711
3859
2735
47693
111015
3682
5786
2437
2342
3567
2303
2886
17218
2379
4356
2457
2556
2369
2470
2287
2117
2283
3174
227318
4375
291939
7425
3419
299107
3973
17060
2640
83845
5163
6189
2363
2380
3445
247392
4074
3599
85272
37624
195066
3936
2174
2231
1964
2096
2620
30724
96736
189524
3702
20831
2114
2247
7909
2401
2023
2104
2240
2383
15269
2440
51725
3909
243005
10614
17707
2363
16454
2692
2067
2192
2167
1966
2211
15785
2245
2202
51887
39212
2454
533668
4221
4158
5407
3366
172516
231830
5933
58014
3522
5267
2280
2852
319021
2214
2470
2337
2284
247710
18710
4433
27417
3024
2385
7903
2202
2520
2228
2460
87360
2910
2275
360402
55118
3020
63860
2356
2154
2282
2268
2681
2200
2147
2235
2208
2719
3383
3954
2318
10472
221996
4135
2171
9757
2141
2199
2330
2757
152771
3507
4779
2446
39552
187107
137060
2521
2230
1875
2523
5399
6417
1873
1839
29374
2863
2463
1866
