47156
11085
13214
11650
26036
11368
10743
11418
11654
11765
15387
12032
11687
485084
16477
30740
2344676
18986
516563
13962
12361
43218
10964
362661
14869
13050
12642
12296
10637
12210
87426
11569
15029
560745
15907
40713
12523
55923
12897
83494
11592
12735
13036
25823
19160
11701
11263
11203
11535
14191
13505
14351
409531
297393
17072
1049940
580109
694490
20989
14709
1254225
24457
181764
45336
13338
11483
18231
1014278
20319
18013
10882
13571
11047
18080
698622
17515
687836
32638
18232
13448
12904
12097
12982
13412
15717
943962
20220
12364
12981
13582
12772
15836
520486
17975
15347
14321
20951
15585
258858
584587
19598
31696
13221
13058
18906
12541
15710
92228
12355
23392
12977
12734
12330
13384
11564
11558
12845
17060
1220984
23934
1566086
39809
17860
1607511
21358
90298
13376
439663
29453
32234
12085
11998
19701
1281845
20481
20325
415959
194220
1065242
20358
11259
12684
11270
11120
12960
156874
493195
1021225
19001
110617
11182
12177
41688
13118
10673
11137
11887
12705
78390
12841
274465
21182
1266989
54761
93582
12256
84475
13634
10892
10789
10709
10879
10986
81258
11705
11476
270412
201425
11719
2809832
21554
21710
27630
16841
884784
1225571
32943
312807
17406
28827
12147
15447
1664298
12304
11931
12945
12296
1310501
95757
23790
143440
15361
12262
41568
10908
14015
11639
13072
452560
14006
12290
1892444
292872
16629
334716
13076
11049
11436
11568
14149
11514
11903
12011
11955
15549
17619
21925
12086
56613
1157209
22298
11300
51328
11106
11512
12050
15167
806532
17781
25497
12500
206579
988488
721393
13584
12116
11104
12026
27730
34825
11030
10121
157015
14407
12240
9872
8728
2074
2554
2153
4782
2126
2040
2156
2168
2182
2948
2273
2230
90080
3104
5740
437099
3565
96860
2617
2342
8046
2103
66450
2754
2362
2318
2230
1996
2199
16605
2172
2682
105905
2986
7598
2364
10220
2420
15952
2183
2313
2377
4903
3530
2222
2128
2022
2218
2635
2468
2610
77460
54309
3156
196617
105248
131641
3954
2799
234574
4553
34179
8584
2499
2196
3505
190080
3861
3407
2066
2558
2114
3417
129697
3307
126438
6217
3495
2506
2435
2230
2441
2529
3053
179769
3731
2260
2373
2524
2379
2826
96688
3299
2846
2620
3779
2800
47086
111680
3650
5850
2470
2388
3462
2372
2948
17164
2384
4358
2423
2425
2304
2562
2226
2127
2340
3260
228355
4441
292824
7338
3406
298789
3955
17104
2506
83566
5270
6268
2283
2328
3552
246351
3930
3822
84911
37482
194584
3943
2244
2379
2125
2127
2540
30891
95956
189803
3681
20629
2208
2301
8066
2508
2070
2169
2243
2362
15056
2395
51902
3936
242122
10503
17961
2312
16452
2576
2156
2073
2114
2131
2178
15478
2312
2218
51174
39555
2281
533159
4212
4193
5274
3170
173358
232168
6190
58589
3383
5557
2312
2869
318467
2293
2292
2425
2340
246476
18940
4409
27246
2991
2306
7871
2043
2642
2195
2375
86052
2660
2284
359440
55130
3160
64047
2423
2183
2175
2166
2563
2113
2153
2197
2153
2774
3335
4089
2232
10621
222572
4156
2158
9593
2007
2144
2245
2751
152700
3351
4688
2332
39246
186145
137882
2600
2321
2041
2332
5311
6591
2022
1918
29883
2728
2366
1903
