47625
11413
13419
12194
27099
11768
10584
11846
10805
12068
15144
12131
11586
485854
16090
31470
2344563
18450
515691
13259
11993
42915
10900
366800
14660
13194
12792
11402
11324
13421
87873
12194
14319
560533
15276
41002
12740
57003
12928
83497
11351
12901
13186
26229
19824
10828
12241
11466
11496
13951
13408
14443
410468
297376
16401
1057008
580927
690528
22028
14861
1256311
25407
180278
44021
12912
11842
17811
1011797
20416
17575
10299
13694
11138
18364
697707
17405
684898
33012
18606
12765
12663
11950
12674
12769
14803
946249
20639
12636
12809
13796
12906
16577
521581
16985
15356
15085
21160
14332
263642
583967
19845
30527
12786
12648
19007
12995
15454
92729
12348
24379
13917
12918
11780
12778
11947
10954
12291
16820
1216482
23249
1556175
40728
17630
1607831
21697
90662
13578
437914
29039
32038
12245
11863
19307
1285861
20246
19868
416288
198803
1059236
20156
11795
12028
10476
10281
13274
156922
491932
1022562
18685
110757
10742
10889
42268
12850
10752
11411
11025
13675
78093
12573
272997
21202
1268524
55088
94678
12770
85096
14210
10740
10314
11047
10869
11032
80120
11476
11334
271538
197884
12024
2820759
22076
21253
28532
17301
882297
1226467
33145
313371
17509
27319
11853
15682
1666558
11403
12997
12877
12455
1317281
95519
24472
144431
15698
12401
41498
11307
13853
12095
13363
455253
15758
12683
1903436
294223
16287
334485
13348
11366
11525
11759
14657
11613
11141
11897
12226
14221
18874
20640
12156
56899
1162011
23307
11729
50617
12476
11901
13229
14660
800766
18320
26526
13438
205202
992460
719500
13103
12387
10717
11929
28123
32399
10544
10092
158497
14773
12371
9155
8811
2135
2538
2209
4916
2188
2035
2196
2034
2225
2936
2244
2206
90416
3062
5879
437863
3463
96629
2532
2273
7994
2085
67244
2693
2393
2357
2027
2138
2389
16609
2261
2596
105947
2885
7634
2386
10452
2377
15856
2169
2349
2380
4983
3675
2045
2309
2095
2203
2587
2488
2703
77649
54258
3058
197621
105190
130736
4119
2826
234802
4650
34003
8366
2391
2220
3469
189937
3835
3369
1955
2596
2131
3494
129574
3311
126209
6301
3499
2357
2377
2185
2375
2451
2813
180245
3798
2331
2366
2580
2403
2940
96938
3152
2819
2756
3831
2615
47633
111504
3660
5708
2385
2351
3495
2398
2885
17246
2396
4508
2616
2410
2166
2458
2285
2034
2242
3226
227399
4330
291533
7471
3389
298847
3992
17097
2594
82886
5188
6195
2316
2261
3515
247049
3889
3756
84656
38096
193626
3955
2297
2289
1977
1978
2613
31029
95970
190069
3611
20628
2109
2099
8116
2422
2079
2207
2152
2525
14998
2396
51736
3924
242801
10604
18156
2406
16556
2704
2148
1994
2125
2128
2185
15374
2254
2203
51398
38903
2331
534623
4333
4187
5420
3270
172393
233015
6153
58716
3398
5293
2255
2885
319219
2144
2463
2380
2381
247600
18847
4541
27403
3010
2355
7834
2122
2577
2301
2458
86663
2957
2377
361026
55282
3097
64098
2462
2258
2204
2179
2686
2190
2064
2174
2223
2615
3544
3869
2255
10672
222997
4300
2184
9515
2248
2236
2440
2706
151419
3459
4831
2487
39117
186807
137452
2511
2342
1989
2285
5417
6125
1977
1881
30139
2828
2386
1783
