48414
11101
13106
11826
26995
11333
10629
10785
10996
11991
15309
11564
11754
488917
16400
32084
2353631
19622
514967
13046
12107
43540
11111
367079
15354
13011
13186
11903
11600
12876
88049
13070
15158
563940
15132
42646
12214
57437
13314
83464
11595
13368
12834
25170
19787
11238
12253
11092
11206
14291
12774
13773
413876
296149
16210
1052736
584950
690806
22129
15113
1257051
24970
179465
45914
12741
11787
17710
1019295
21436
18232
11477
13866
10798
18724
698589
17577
686749
32535
18985
12763
13595
12469
12473
13002
14709
947608
20331
12661
12149
12900
13265
16867
522037
17688
14790
14622
20144
14839
263790
587106
19735
31743
12669
13469
19510
13568
15002
93297
12406
23083
13498
13196
13066
13111
12145
12274
12820
16191
1218699
22406
1556934
40701
18564
1609133
21177
90550
12929
439465
28682
30959
11911
12439
19518
1292405
21370
19344
412971
197753
1066865
19886
11724
12373
10130
10486
13330
157562
493051
1022935
19411
108141
11759
12169
42647
12669
10325
11434
11981
12604
78304
13070
275754
20995
1267528
55061
91106
12596
85438
14440
10481
11059
10881
11234
11419
82405
11528
11722
270464
200076
11419
2816895
21363
21007
28678
17590
881238
1215095
32059
314846
17588
28184
12611
15085
1671772
11937
12712
13049
12905
1321689
94142
24437
144595
15524
12150
41452
11747
13609
11685
12986
456595
15266
11788
1896022
291775
16335
336545
12842
10833
11392
12159
14896
11501
11806
11868
12197
15073
18260
21913
13016
56161
1162901
21945
11430
50765
11530
11206
12236
14729
804053
18445
26406
13447
206576
990459
718097
13550
12238
11046
12178
28702
34861
11130
9262
158815
14351
12153
9825
8877
2112
2521
2219
4920
2119
2040
2065
2094
2241
2942
2182
2240
90894
3060
5978
439036
3662
96585
2444
2326
8145
2139
67146
2813
2385
2413
2141
2156
2326
16650
2396
2766
106504
2861
7906
2310
10432
2468
15806
2176
2390
2339
4827
3654
2085
2293
2030
2138
2660
2392
2551
78214
54097
3023
196872
106178
130962
4125
2904
234855
4618
33944
8704
2348
2218
3445
191062
3993
3479
2145
2614
2044
3520
129621
3316
126220
6142
3620
2350
2520
2290
2328
2424
2809
180094
3721
2312
2246
2420
2441
2970
96695
3226
2728
2663
3644
2691
47769
112016
3721
5877
2343
2490
3560
2531
2807
17335
2434
4259
2566
2493
2399
2568
2331
2267
2333
3106
227239
4168
291122
7526
3567
299077
3878
17161
2417
83445
5224
5996
2230
2374
3617
248339
4124
3630
84122
37956
194931
3849
2274
2308
1922
2023
2603
31146
95873
190042
3748
20267
2296
2261
8174
2466
2013
2226
2283
2338
15094
2449
52353
3882
242477
10532
17455
2359
16613
2705
2055
2127
2103
2183
2250
15703
2273
2260
51453
39361
2250
534149
4166
4085
5450
3274
172491
230614
5996
59005
3409
5470
2396
2807
320026
2283
2414
2385
2461
248398
18600
4533
27513
2995
2305
7837
2218
2578
2225
2357
86823
2868
2205
359714
54921
3092
64390
2385
2148
2165
2241
2684
2132
2171
2132
2228
2724
3385
4096
2396
10464
223356
4087
2148
9591
2051
2104
2297
2704
152105
3473
4835
2497
39380
186787
137217
2580
2333
2063
2341
5470
6503
2070
1739
30238
2694
2300
1856
