48263
11039
13335
12211
26392
11319
10789
12242
11236
12237
15157
11111
12015
487624
17020
30970
2344732
19300
518119
12363
11802
43250
10852
362837
15584
12236
12330
12514
11452
12836
87469
12450
13578
561593
15412
41856
11691
57588
12743
84247
12176
12670
13072
26663
19613
11709
11584
11683
11022
13952
13890
13546
412287
295959
17035
1051187
581972
693668
21675
15325
1257240
25168
181313
45506
12466
11717
17537
1013314
20004
18366
11115
14078
11805
18104
697766
17640
687431
33025
18386
12688
12919
12094
12818
12771
15512
944629
19745
12526
13547
13264
13003
16238
520002
17321
15571
14162
21232
14325
264063
584195
20595
31872
13208
12688
18245
12253
15920
92365
12746
24032
13592
13146
12656
12872
11536
11607
12341
16602
1217643
23303
1553976
40988
17308
1608189
21202
92042
14027
439580
28974
31868
11718
11932
19376
1290559
20819
19632
413502
196459
1068925
19680
10914
11903
10538
10905
13046
157876
496084
1020959
19602
110213
11158
11644
41639
13189
10772
10902
11128
13483
78687
14064
272292
21364
1272083
55525
91807
12424
85434
14506
10938
10704
11314
10919
10923
80680
11878
11960
270220
195788
11994
2815913
23108
21401
27911
16960
883541
1226064
32237
311377
18048
28012
11679
14971
1669354
11747
13411
13056
12564
1311020
95082
23713
144692
15971
12469
42218
10833
13717
11601
13418
456300
15520
11894
1897545
292973
16379
331883
13646
10903
11063
12310
14328
10838
11748
12023
12118
14610
18712
21511
12411
55552
1162701
22605
11656
51784
11453
11136
12442
14149
805563
18054
25321
13062
205889
992968
716719
13568
11354
10726
12143
29199
34581
10607
10017
154906
13937
12096
9163
8876
2081
2562
2234
4865
2113
2056
2288
2088
2291
2934
2097
2289
90512
3192
5798
437781
3600
97209
2324
2248
8116
2102
66437
2865
2250
2266
2253
2129
2299
16562
2298
2501
106232
2934
7747
2205
10518
2339
16108
2286
2269
2359
5060
3616
2206
2179
2162
2124
2582
2536
2531
77941
53890
3142
196779
105473
131519
4011
2905
234956
4656
34195
8649
2320
2209
3379
190291
3823
3491
2077
2637
2216
3423
129529
3374
126159
6282
3519
2384
2397
2228
2393
2416
2970
179539
3649
2303
2474
2465
2418
2867
96409
3203
2889
2629
3895
2565
47754
111281
3839
5896
2483
2317
3370
2295
2963
17153
2470
4467
2557
2453
2358
2491
2177
2118
2270
3180
227566
4340
291032
7531
3338
298611
3870
17422
2655
83293
5242
6166
2226
2297
3551
247885
3975
3694
84262
37941
195587
3853
2150
2315
2006
2119
2530
31055
96534
190119
3750
20559
2204
2207
8005
2510
2085
2133
2139
2472
15110
2637
51623
3963
243083
10625
17644
2343
16612
2706
2159
2057
2171
2125
2147
15432
2304
2310
51320
38549
2325
534001
4524
4137
5322
3191
172447
232667
6045
58273
3492
5423
2251
2804
319276
2241
2533
2413
2386
246051
18822
4350
27342
3094
2341
8004
2014
2641
2210
2449
86904
2898
2225
360107
55140
3139
63789
2514
2157
2133
2311
2608
2040
2123
2226
2218
2663
3495
4034
2251
10389
223291
4234
2191
9803
2067
2115
2314
2590
152527
3429
4708
2457
39129
187097
137051
2601
2181
2002
2345
5585
6495
1974
1856
29484
2644
2324
1780
