48563
11551
13232
11971
26734
11197
10884
11513
11987
12156
15051
12113
12068
488349
16494
31628
2349281
18035
520222
13107
11873
42437
11201
365447
15031
12966
12212
12681
11348
13082
87993
12469
14747
561952
15766
42035
11919
56122
12461
84468
11422
12472
12989
26020
19496
11853
11613
11943
11212
14023
13101
14524
414121
299452
16979
1053637
580028
693068
21439
14300
1255233
24624
182033
46191
13012
11345
17759
1014679
20069
17399
11209
13285
10716
18504
692525
17645
685913
31925
18511
12859
12976
12209
12662
13128
15315
942403
21041
12641
12820
13714
13071
15676
520165
17552
15112
14737
21543
15339
264213
580388
20071
31416
12993
13456
19589
12426
15368
94234
12132
22742
13440
12741
12129
13363
11660
11666
12420
16163
1215375
23351
1569283
40271
17758
1611118
21669
91902
13716
438606
29060
31190
12220
12136
19355
1287220
20836
19936
416021
196555
1062890
19880
11033
13334
11007
10752
13485
157095
492095
1020604
18594
109798
10748
11566
40824
12496
10821
11992
11619
12596
78602
12972
271171
21823
1270018
55839
94572
12815
84194
14747
10941
11070
10931
10757
10904
81229
11489
11772
271057
199456
11825
2819492
22427
21641
27597
17164
884527
1219750
32571
310640
17627
28763
12296
15307
1666905
11791
13334
12910
11843
1320161
93832
23193
142736
15865
12013
41600
11897
14041
11643
12306
458571
15070
12161
1896639
293486
16097
331261
13190
11173
11656
11904
14404
11459
11800
12189
11936
15186
18406
22645
12425
56211
1157722
23219
11896
51672
12773
11557
12294
15380
804583
18511
25845
13355
206276
991260
719226
13305
11641
10788
12517
27922
33382
11163
9710
156586
14691
12056
9168
8972
2135
2507
2209
4887
2058
2046
2189
2209
2264
2886
2280
2283
90697
3114
5938
438141
3431
97470
2452
2261
7939
2156
66900
2808
2384
2276
2280
2136
2333
16665
2333
2676
106479
2979
7774
2266
10277
2304
16052
2172
2283
2385
4949
3602
2217
2179
2195
2142
2632
2389
2656
78212
54514
3099
197440
105371
131447
4012
2709
234744
4556
34380
8796
2435
2155
3425
190528
3787
3295
2094
2536
2024
3512
128535
3324
125914
6075
3507
2349
2436
2256
2383
2495
2951
179525
3833
2345
2360
2547
2457
2824
96372
3207
2808
2721
3888
2755
47739
110809
3717
5861
2418
2420
3605
2341
2865
17572
2324
4273
2541
2407
2267
2558
2220
2172
2263
3111
227176
4366
293249
7471
3438
299624
3994
17429
2582
83405
5228
6099
2321
2270
3561
247670
3944
3738
84930
37804
194492
3890
2132
2518
2098
2076
2647
31028
96153
190060
3613
20542
2110
2191
7870
2382
2115
2322
2207
2346
15099
2422
51440
4054
242390
10627
18105
2449
16340
2747
2121
2132
2098
2123
2129
15518
2280
2265
51349
39155
2287
534334
4418
4140
5277
3226
173051
231954
6094
58099
3420
5543
2339
2820
318837
2237
2538
2391
2287
248257
18548
4311
27147
3075
2257
7845
2213
2668
2194
2276
87161
2806
2281
359984
55109
3064
63633
2433
2212
2219
2206
2646
2162
2168
2257
2189
2770
3449
4180
2302
10466
222500
4298
2256
9694
2292
2177
2291
2805
152007
3453
4770
2474
39246
186621
137531
2581
2205
2023
2435
5375
6300
2037
1816
29765
2784
2353
1787
