48648
11356
13022
12175
26793
11591
10793
11698
11196
12133
15256
11516
11904
485300
16066
31802
2350765
18855
518610
13180
12058
43739
11292
363333
15141
12622
12374
12117
11356
12876
86464
11735
14996
560419
14725
41135
12766
58583
13054
81710
11982
12887
12962
25973
19942
11316
12438
11378
11597
13990
13530
14398
414901
296542
16570
1056299
580289
689636
21862
14479
1254575
25001
181953
46030
12277
11436
18082
1018794
21094
18004
11380
14061
10726
18366
697298
17498
682699
33732
18573
12351
12560
12314
12965
13052
15456
943307
20201
13413
13182
13561
12864
16311
524195
17353
15132
14677
21141
14189
262229
584536
19452
32356
12896
12620
19009
13070
14968
94487
12294
23553
13709
13276
12379
13007
11386
11347
12544
16441
1215059
22913
1559994
40125
17358
1611032
20942
91366
13277
442188
28539
31025
12042
12079
19442
1286068
20564
19754
416550
196120
1062294
19262
11502
12713
10524
11268
13653
157453
493956
1023234
19473
108982
11152
12204
42705
12924
10487
11260
10747
13314
78085
12819
271276
21332
1276003
55659
91381
12550
84274
14596
10551
10928
11255
9980
11025
80584
11458
11671
270538
198325
11369
2817162
21664
21414
28959
17101
881256
1220389
32460
308186
16625
28117
11697
15594
1667077
12059
12721
13077
12763
1316199
96616
24601
142230
16252
11797
41876
12164
13087
11962
13050
454361
15000
11780
1910828
294937
17036
335140
13136
11058
11482
12136
15311
10481
11888
11493
11812
15220
18904
21243
11969
55232
1158296
22497
11646
50070
10935
11215
11914
15093
798369
18524
24854
12423
205935
989280
714807
13188
12243
10448
12136
28175
34280
10234
10126
159119
14513
11782
9210
8959
2162
2508
2236
4924
2152
2044
2191
2094
2234
2916
2163
2276
90290
3012
5935
438205
3575
97081
2466
2297
8145
2142
66483
2800
2326
2308
2179
2151
2308
16364
2200
2727
106051
2778
7671
2428
10693
2424
15571
2272
2323
2377
4990
3659
2119
2337
2076
2210
2637
2454
2645
78605
54248
3035
197423
105201
130678
4093
2766
234635
4648
34244
8751
2281
2174
3478
191269
3948
3429
2139
2691
2028
3444
129428
3305
125595
6384
3525
2288
2374
2244
2415
2459
2964
179466
3720
2475
2369
2526
2404
2900
96987
3222
2766
2679
3827
2558
47525
111503
3686
6032
2427
2313
3480
2435
2836
17448
2381
4369
2574
2525
2292
2511
2158
2053
2307
3104
227169
4309
292108
7395
3338
299354
3886
17203
2489
83738
5121
6104
2287
2321
3582
247239
3982
3756
84890
37790
194106
3790
2230
2418
1997
2122
2659
31041
96152
190290
3715
20433
2173
2305
8163
2469
2009
2176
2071
2455
14949
2419
51412
3966
243742
10594
17602
2376
16390
2745
2104
2113
2146
1985
2173
15381
2257
2247
51323
39018
2217
534210
4263
4188
5512
3211
172315
231653
6053
57890
3236
5491
2203
2876
318957
2295
2417
2377
2425
247375
19085
4506
27087
3092
2240
7878
2255
2495
2266
2414
86765
2786
2195
362668
55441
3213
64324
2438
2186
2185
2232
2773
1977
2142
2168
2170
2768
3582
4002
2244
10330
222490
4244
2176
9409
1993
2107
2253
2715
151210
3459
4592
2324
39144
186318
136857
2524
2325
1943
2335
5358
6481
1905
1898
30256
2793
2277
1786
