48775
11367
13151
11922
26120
11779
11268
10851
11575
11480
15957
11396
11937
488477
16200
31483
2348691
19118
517680
13543
11570
43933
11033
363421
15087
12843
12679
12000
11880
12982
88771
12452
14598
561405
14935
40922
12037
56203
12187
82615
11882
13123
12360
25408
19739
11640
11023
11695
12095
14555
12908
14335
411170
295392
16275
1049844
583047
697736
21534
14680
1258629
25420
182010
46096
12470
11897
17971
1009697
19799
17609
11310
14281
11099
18334
700973
17362
684105
32735
17990
12376
13243
12795
12758
12742
15793
942235
19909
12522
12426
12785
12819
16357
519076
17476
14467
14745
20850
14677
262582
580781
20669
31249
12891
12724
19533
13352
15163
92515
12012
23249
13738
12918
12193
13085
11071
10999
12313
16010
1216557
22388
1568255
41168
17928
1605862
21190
91811
13388
439682
28757
31302
12199
12496
19791
1291239
20964
19788
416103
195946
1064663
19918
11567
12594
10351
10184
13006
157183
494545
1019099
20525
110421
11122
12321
41110
13044
11104
11308
11153
12491
78876
12965
271675
20858
1266922
56167
94090
12338
84118
13984
10733
11052
11153
10520
11159
81455
11648
11609
269856
198305
12583
2837658
22773
21304
28675
17763
882248
1217638
31834
313388
18145
28356
12013
14713
1659784
11836
12775
12900
12404
1319195
97107
24175
144379
16001
12149
41726
11627
13979
11559
13611
454693
15413
12020
1893352
292214
16539
332562
12730
11086
11530
11532
14530
10492
12090
12346
11702
14911
19077
22283
12361
55956
1156246
22778
11517
49715
12030
11330
12972
15099
795950
18163
25613
12470
204331
991946
720418
13412
11751
11003
12385
28442
34264
10488
10265
156310
14751
12257
9720
9004
2117
2531
2208
4838
2181
2132
2045
2138
2148
3071
2157
2267
90762
3095
5844
438404
3572
97022
2522
2212
8208
2121
66403
2800
2340
2320
2173
2238
2330
16812
2323
2661
106430
2806
7639
2276
10295
2288
15770
2252
2372
2252
4876
3645
2186
2082
2140
2288
2668
2380
2662
77694
53873
3008
196874
105884
132153
4046
2797
235267
4686
34269
8766
2317
2249
3500
189681
3752
3371
2140
2691
2070
3407
130317
3281
125757
6264
3425
2291
2490
2362
2429
2426
3004
179415
3672
2309
2302
2392
2434
2884
96222
3200
2661
2679
3756
2684
47565
110924
3851
5822
2390
2326
3598
2474
2804
17271
2322
4308
2578
2433
2283
2537
2105
2054
2272
3068
227350
4217
292973
7596
3433
298722
3928
17385
2553
83525
5161
6056
2300
2384
3585
248327
4102
3759
85070
37768
194711
3919
2263
2382
1955
1967
2533
30822
96516
189694
3933
20580
2204
2339
7927
2469
2155
2209
2147
2315
15133
2428
51545
3900
242198
10702
18020
2312
16307
2671
2093
2126
2130
2071
2189
15555
2290
2232
51227
39105
2429
537700
4417
4112
5483
3340
172795
231426
5946
58644
3505
5519
2307
2743
318059
2247
2447
2392
2373
247767
19239
4460
27410
3049
2307
7844
2166
2626
2180
2501
86450
2895
2255
359472
54831
3136
64092
2377
2176
2153
2167
2657
1970
2213
2269
2153
2684
3585
4097
2306
10447
222121
4220
2153
9386
2182
2152
2406
2753
151008
3438
4724
2324
39000
186773
137978
2599
2237
2061
2376
5478
6453
1945
1942
29623
2810
2392
1856
