48514
11082
12872
12320
25653
11396
11002
11179
11155
11750
14709
11608
11998
483535
16442
31952
2343727
18411
513163
13041
12421
43257
11350
362314
14496
12952
12503
12661
10956
12642
87864
12782
14445
557296
15824
41425
11818
56622
12728
82051
11677
13173
12884
24689
19922
11314
12099
11301
11209
14078
12784
14655
410207
297705
16242
1051216
581116
691638
21342
15166
1255525
25690
180640
46308
13137
11333
17796
1015387
20793
18413
11171
14422
10619
18362
700468
16954
684318
30761
18009
12796
13206
12825
12072
13266
15070
939301
20902
13374
12477
13839
13342
16247
522211
17654
15164
14705
21919
14272
262585
582106
20186
30994
12792
12919
19534
12676
15709
91560
12422
24007
13355
12215
12352
12762
11739
11754
12832
16462
1212907
22628
1560722
38956
17192
1610182
21293
90035
13494
441155
29257
32042
11801
12155
18940
1281883
20613
19942
412599
198190
1069126
19498
11378
12171
10847
11092
13045
160092
492260
1021362
19275
108781
11127
11845
39564
12567
10468
11193
11389
13038
77923
13660
272061
21540
1271653
54954
91759
11662
85839
14012
10592
10351
11345
10625
10947
81784
11905
11603
269694
197453
11267
2822692
21422
21245
29264
17488
880025
1220795
31591
314316
17590
27765
11780
14730
1665093
12264
12723
12908
12605
1316563
94916
24223
142608
15306
12485
41156
11217
13624
12139
12785
457035
15016
12211
1908106
295581
16513
331743
13244
11329
10952
12182
14844
10940
11552
11486
12089
14937
18371
21111
12263
54611
1153147
21716
11645
50560
11273
10937
12812
15013
796833
18314
25945
12517
206711
991881
719689
12525
11880
10635
12072
27998
34105
10373
9377
157018
14638
12132
9085
8935
2072
2471
2275
4678
2102
2055
2130
2114
2187
2870
2180
2294
89943
3071
5962
437268
3479
96397
2427
2371
8099
2155
66386
2664
2383
2331
2256
2056
2274
16708
2374
2645
105549
3008
7674
2231
10379
2354
15678
2202
2374
2333
4689
3695
2105
2322
2094
2119
2588
2373
2725
77647
54118
2983
197307
105117
130988
3968
2863
234841
4709
34062
8797
2438
2132
3436
190691
3900
3487
2122
2695
2047
3422
129880
3210
125555
5809
3443
2302
2482
2366
2266
2469
2897
178728
3801
2450
2301
2558
2465
2882
96791
3266
2803
2679
3987
2540
47663
111256
3746
5770
2421
2367
3624
2351
2926
17157
2378
4441
2514
2326
2258
2427
2250
2155
2369
3178
226382
4244
291385
7174
3304
299457
3957
17028
2569
83540
5249
6172
2235
2363
3487
246408
3987
3696
84079
37976
195298
3810
2195
2329
2058
2119
2488
31375
96017
189979
3730
20441
2195
2240
7702
2399
2062
2202
2169
2433
14983
2537
51514
3993
242657
10526
17697
2227
16605
2657
2091
1993
2157
2083
2187
15607
2336
2223
51178
38934
2201
534654
4209
4133
5519
3267
172060
231704
5923
58858
3394
5384
2218
2786
318850
2311
2412
2346
2380
247197
18762
4492
27095
2935
2354
7762
2071
2566
2318
2326
86852
2802
2294
361848
55538
3150
63687
2432
2251
2065
2261
2697
2068
2111
2097
2224
2682
3435
3907
2271
10231
221544
4081
2150
9517
2059
2074
2386
2732
151124
3428
4739
2315
39300
187021
137515
2433
2229
1977
2323
5370
6430
1946
1761
29718
2744
2388
1736
