49488
11093
13771
12239
25958
11437
11051
11188
10971
12195
15732
11132
12398
488124
17031
30360
2345384
18678
516782
14126
12491
42694
11144
361427
15066
12584
12466
11647
11654
12902
88406
12797
14969
559680
15105
42181
12765
56423
12731
82397
11328
12725
12553
25456
20054
11512
11752
11671
11653
13132
13039
13965
412136
299504
16512
1047356
584466
690900
21726
14895
1253051
24519
180625
45926
12787
11955
18678
1009279
20830
17280
11172
13814
11320
18173
698955
17236
688139
29937
17955
13091
13047
12334
13631
12669
15298
948316
20323
12943
12524
13490
12402
16062
519055
17890
14987
14898
20878
14601
262519
582239
19761
31199
12400
12479
18707
11551
14975
92363
12886
23032
13274
12450
11937
13235
11214
11297
11971
16461
1211410
23346
1554023
41358
16943
1605366
21345
92044
13367
441748
29582
32136
11811
12651
19332
1286420
20507
20302
415938
195154
1064585
19347
11328
12499
10902
11275
13353
156810
492443
1016079
19830
109698
11689
11484
41991
12739
10556
11236
11714
13288
77090
13111
273889
21335
1271769
55127
92906
12214
86928
13958
10772
11025
10966
11086
10719
80569
11628
11949
273593
197878
11623
2820304
21768
20905
29282
17220
882434
1217669
31047
310960
17856
28214
11867
15357
1665132
12021
13032
13363
12842
1322057
95163
23363
142902
16048
12593
42119
12107
13291
11743
13443
456841
15167
11573
1896944
293614
16732
330030
12663
11320
11462
12488
14095
11578
11616
11729
12110
15059
19575
20508
12246
56486
1156311
22738
11658
50524
11631
10923
12906
14825
795419
18303
24946
13379
207756
993216
717340
13323
11729
10294
11643
28242
33407
10131
10028
155295
14218
12448
9443
9052
2101
2635
2277
4802
2146
2086
2088
2067
2260
3041
2089
2379
90490
3175
5675
437382
3510
96781
2625
2381
7980
2151
66142
2795
2348
2286
2099
2159
2320
16730
2366
2699
106191
2882
7808
2401
10334
2324
15641
2134
2297
2328
4891
3690
2166
2235
2143
2217
2488
2417
2571
77813
54516
3055
196238
106113
131059
4039
2811
234169
4474
33984
8746
2386
2261
3608
189868
3941
3264
2099
2644
2130
3442
129644
3249
126361
5713
3423
2401
2451
2257
2552
2400
2879
180522
3710
2333
2314
2503
2328
2826
96187
3269
2746
2713
3784
2657
47477
111205
3659
5804
2325
2295
3475
2183
2809
17172
2479
4315
2526
2365
2215
2551
2155
2115
2197
3156
226881
4344
290752
7642
3265
298012
3924
17407
2534
83805
5265
6212
2247
2411
3568
247288
3955
3812
84639
37538
194743
3817
2203
2377
2041
2153
2610
30918
95870
188789
3827
20508
2282
2151
8090
2408
2060
2167
2248
2467
14896
2425
51985
3949
242488
10514
17770
2279
16854
2652
2126
2120
2111
2149
2118
15417
2247
2301
51796
38836
2271
534621
4270
4068
5526
3212
172704
231497
5793
58341
3452
5456
2247
2867
318883
2275
2459
2469
2419
248100
18832
4385
27146
3072
2388
7823
2227
2511
2247
2458
86844
2839
2182
360126
55059
3205
63596
2318
2209
2163
2298
2571
2164
2107
2152
2226
2731
3657
3846
2260
10629
222201
4236
2204
9507
2086
2084
2408
2735
150967
3424
4582
2501
39552
186660
137319
2585
2247
1922
2268
5400
6288
1908
1876
29560
2666
2389
1795
