75999
43932
46648
47759
55393
44899
44829
44925
45924
46310
49150
46340
46367
494355
52920
72216
2244748
55151
499103
49152
48585
79076
47480
425397
54095
49151
48617
50236
46286
49696
147927
50892
52898
611049
53356
80047
50202
87780
50874
108757
47441
52137
51360
58483
55478
49634
48275
49759
47636
51573
51466
53129
385225
353297
54847
984223
568573
736473
58314
51880
1189334
66668
200147
74662
50521
46867
53821
956740
59789
56171
45955
50177
48140
56574
645298
56397
749103
69458
51648
50432
51463
50862
50120
51146
51573
917738
61031
51851
50946
51754
50254
57015
490813
57480
54478
53513
60211
55092
318149
673588
63806
66044
51101
52882
57015
50143
54350
121597
51074
62172
50216
50080
49229
51390
49287
48047
51869
55583
1225883
63923
1533906
81525
56311
1599928
60939
131629
52247
460174
69860
71701
48256
50841
59203
1250312
60393
57487
432458
198674
1214618
59480
46468
49504
46798
47220
49919
203944
582129
1037761
58972
149482
47865
49082
78096
49562
46900
47040
46742
49748
127827
50391
294570
58864
1228301
83967
117122
49988
116065
51216
46400
46361
45351
48148
45671
122306
49016
48398
311052
247837
48046
2716360
59604
59057
70277
55254
877977
1136517
69806
335274
56220
67325
48623
51590
1640557
48591
49689
51400
47945
1262391
133101
51905
190177
47571
34836
73928
48452
52342
49833
50825
512520
52279
49774
1833266
351250
55377
406428
50190
45429
47189
48773
51105
48809
48459
49417
47794
49463
51896
57822
48585
90059
1292843
58989
47203
93870
48936
47329
47335
51162
742656
54207
61312
46069
225640
1096817
735205
45486
46093
43714
45382
66004
60385
41909
42455
170119
46994
41594
39564
12027
7107
7619
7565
8787
7192
7317
7293
7396
7452
8163
7540
7589
78984
8534
11628
360347
8892
80464
7893
7938
12723
7793
66983
8643
7782
7729
7788
7447
7678
23841
8114
8244
99377
8610
12667
8105
13782
8121
17732
7744
8082
8127
9684
8912
8002
7843
7815
7885
8271
8164
8371
62592
55228
8708
158207
89308
120186
9387
8598
191097
10550
32208
12197
8133
7669
8970
153665
9645
9101
7479
8160
7792
9125
102749
9139
118087
11305
8446
8026
8212
7948
8056
8282
8541
150063
9591
8133
8075
8264
8073
8692
78346
9134
8624
8406
9331
8550
49597
109946
10129
10494
8235
8282
9028
8152
8723
19440
8400
9991
8127
8010
7868
8403
8067
7585
8093
9023
196581
10251
246418
12913
9283
255006
9681
21282
8387
74537
10796
11825
7893
8269
9305
204234
9830
9312
75224
32762
190211
9853
7793
8058
7542
7741
8304
34097
96390
164774
9621
23935
8012
7920
12862
8038
7707
7865
7658
7901
20840
8089
47499
9268
200110
13663
19199
8077
19255
8249
7822
7581
7489
7969
7656
20081
8145
7905
50151
41621
7950
439455
10033
9844
11396
8798
147082
184662
11211
53833
9338
11108
7910
8275
268262
7899
8097
8099
7891
201610
22413
8218
31030
7865
5553
11879
7680
8357
8043
7994
83535
8362
7937
297120
56410
8996
66342
7924
7707
7646
7797
7939
7804
7598
7795
7541
7750
8323
9190
7675
14412
212081
9511
7552
15095
7535
7610
7550
8027
120536
8651
9639
7376
36998
177922
119841
7530
7544
7004
7564
10736
9944
6743
6877
27648
7604
6934
6512
