49339
11706
14138
12393
26437
12017
11263
11941
11702
11992
14204
11788
12273
489608
16889
31766
2369518
18613
523184
14575
12269
43772
11043
363988
15563
13052
12975
12715
11701
13247
87028
12006
14920
566043
15645
41854
12746
57401
12684
85596
11644
12889
12890
25353
20287
11522
12299
12269
10912
14436
13532
14280
424146
298046
16026
1064146
590148
699749
21130
15470
1269989
24856
183842
47509
12348
11965
18859
1017469
19932
16973
10927
13648
11090
19099
706803
17138
683973
34374
18303
12894
13370
12884
12389
13401
15688
948015
20647
13207
12408
12947
12527
16395
531263
17720
15258
14871
20825
14715
263605
581569
19191
31403
13253
12271
19316
13006
15143
95313
12838
23647
13314
13263
12265
13161
11323
11679
12573
16965
1224537
23350
1566037
39710
17646
1619519
20839
90879
14001
443801
29739
31524
12241
11946
19087
1293635
20297
20443
421537
201218
1063733
19718
11614
11974
10791
10669
13407
158203
493633
1028594
19026
108955
11098
12188
43045
13101
10638
11578
11701
13372
77872
13440
276622
21045
1290344
56901
93448
12708
86637
14331
11331
10957
10513
10599
10742
81562
12184
12336
274148
197320
11953
2842305
21620
21476
28017
17201
886127
1233190
31909
313754
16869
28079
12132
14870
1681049
12656
13022
13253
12450
1328078
95443
24529
144712
15926
12739
41828
11753
13286
11667
13542
457297
14905
11814
1913102
295566
17546
332548
13029
11296
11699
12017
15072
11637
11909
11804
11913
15633
18562
21182
12494
56167
1164489
22918
11540
51661
11646
11774
12151
15361
808776
18689
25677
12778
209110
993261
722100
13302
11634
10866
11893
28466
34333
10697
10056
160297
14446
12356
9377
9151
2199
2699
2308
4860
2240
2150
2267
2204
2246
2787
2190
2312
91491
3221
5994
444175
3518
98658
2692
2348
8164
2136
66869
2878
2403
2434
2294
2142
2395
16616
2244
2698
107749
2981
7786
2423
10500
2386
16374
2206
2342
2346
4886
3785
2194
2347
2256
2107
2685
2520
2676
80728
54567
2999
200515
107806
133137
3975
2982
239077
4631
34811
9047
2326
2303
3591
192288
3776
3247
2075
2595
2129
3601
132075
3257
126615
6578
3507
2415
2498
2369
2377
2536
3004
181375
3809
2411
2301
2434
2348
2939
99149
3264
2796
2733
3782
2679
47899
111764
3603
5837
2453
2278
3566
2428
2831
17788
2492
4458
2531
2534
2288
2569
2197
2153
2309
3262
230132
4352
295232
7382
3438
302344
3869
17317
2616
84825
5300
6127
2360
2285
3485
250198
3917
3873
86245
38792
195864
3892
2251
2321
2044
2074
2638
31378
96675
192481
3679
20469
2211
2335
8288
2526
2057
2264
2256
2470
15073
2523
52518
3920
247757
10925
18101
2373
16917
2712
2215
2108
2065
2087
2136
15640
2391
2358
52194
38963
2360
541718
4244
4255
5340
3271
174449
235739
6023
58906
3309
5421
2322
2758
323207
2367
2506
2431
2383
250717
18954
4520
27586
3089
2416
7914
2197
2571
2217
2488
87640
2787
2241
365167
55918
3330
64321
2423
2241
2255
2278
2774
2208
2181
2190
2211
2824
3496
4006
2298
10550
224878
4281
2159
9742
2102
2208
2304
2815
153927
3486
4771
2385
40016
187884
139084
2564
2199
2032
2288
5461
6568
2002
1918
30459
2726
2395
1827
