49029
11070
13624
12111
27502
11700
10961
11630
11228
11848
15594
12381
11273
490127
15939
30414
2362885
18767
521488
13631
12091
44789
11062
364371
15326
12355
12796
12073
11892
12080
89244
12865
14618
562947
15076
41818
13011
57718
12847
84475
11763
12684
12483
26006
20474
11137
11752
11796
11210
14355
12656
14120
420354
298068
17073
1070156
588121
694268
21559
14356
1268598
25696
181840
46621
12759
11198
18275
1025430
20910
17492
11445
13821
11388
19094
707969
18082
688183
34990
18130
12868
13646
12638
12880
13732
16001
954587
20924
12985
12904
13584
13480
16658
527766
18128
15484
15442
20794
15122
266602
580745
20105
31354
13900
13951
19397
13127
15294
93225
12653
23656
13257
12842
13061
13121
11868
11079
12374
16831
1226750
22624
1574395
39271
17784
1620828
21883
91058
13819
442134
28989
31912
12732
12520
20301
1291779
21608
19758
422572
200122
1067181
20127
11086
12057
10943
10505
12746
157087
491904
1027584
19991
109626
11924
12203
42123
12711
10848
11463
11182
13012
79891
13323
277349
21939
1282196
55910
94820
12459
85011
14504
11269
10997
11386
10893
10605
81090
11710
12080
274219
195706
11903
2831330
22981
21422
29367
17739
889005
1233932
33096
315646
17697
28183
12956
14786
1675986
12172
13067
13145
12777
1334163
96025
23809
142819
15751
12822
42493
12237
13514
11394
13359
454883
14797
11926
1916263
294010
16719
334046
12732
11325
11293
11878
14976
11355
11552
11182
12092
15538
18793
22228
12464
56261
1162894
23424
11676
50730
12241
11365
12474
15066
807818
17500
26455
12909
209179
994319
724442
13138
12136
10684
12308
28548
35395
10457
9681
158310
14949
13114
9595
9018
2065
2633
2269
5069
2192
2075
2202
2122
2231
3028
2346
2155
91465
3045
5674
442862
3570
98206
2555
2276
8397
2136
67032
2816
2297
2383
2193
2205
2231
16892
2410
2650
107138
2859
7803
2465
10666
2445
16257
2219
2326
2312
5011
3797
2122
2282
2196
2158
2682
2351
2651
79853
54621
3149
201426
107132
132251
4027
2791
238362
4764
34430
8914
2387
2130
3556
193363
3951
3373
2150
2647
2153
3609
132263
3411
127180
6609
3450
2396
2544
2324
2462
2584
3072
182592
3827
2387
2367
2529
2497
2934
98318
3356
2858
2867
3789
2755
48478
111512
3757
5867
2557
2574
3577
2467
2861
17462
2441
4408
2526
2459
2427
2564
2284
2080
2281
3250
230586
4271
296646
7343
3438
303227
4053
17325
2638
84312
5228
6242
2409
2362
3721
250034
4208
3750
86231
38519
195798
4022
2181
2311
2078
2018
2490
31227
96355
192194
3888
20695
2313
2333
8162
2430
2137
2230
2164
2447
15485
2498
52843
4077
246300
10761
18220
2370
16583
2748
2172
2135
2224
2149
2119
15674
2292
2341
52274
38625
2356
539689
4517
4190
5563
3353
174977
235994
6240
59322
3461
5517
2469
2794
322666
2331
2468
2402
2439
252298
19160
4433
27253
3088
2458
8101
2314
2541
2177
2453
87142
2785
2283
365526
55478
3202
64551
2376
2261
2166
2219
2689
2172
2119
2077
2245
2825
3577
4155
2307
10551
224424
4382
2227
9576
2207
2177
2354
2765
154150
3317
4865
2418
40038
188150
139519
2556
2301
1991
2371
5531
6648
1971
1826
30310
2856
2527
1868
