51069
10814
13680
12870
27812
11965
11129
11740
11037
11889
15885
11856
11782
490028
16678
30186
2374203
17838
523865
13068
13057
42138
11023
364830
15286
12960
12875
12844
11495
12155
88381
12777
14837
565212
14993
42162
12117
56828
12385
82472
11351
13387
12799
25507
20271
11169
11933
12089
11364
14030
13539
13953
422320
298037
18079
1062087
585194
695860
21022
14619
1266052
24626
183375
45788
13096
11865
18128
1025900
21188
18938
11591
14200
11220
18392
704355
17590
687255
34064
18717
13017
12729
12871
12550
12556
15750
950600
20578
12753
13204
13056
13098
16386
529844
17423
15197
14679
20341
14603
263998
580512
19607
31069
12543
12282
19202
12768
15757
92938
12510
23594
13587
13019
11781
13072
11377
11143
12680
16768
1227640
21987
1570174
39961
17709
1618267
22056
91602
13235
443664
29874
31759
12592
12202
18922
1298768
20553
20140
417323
203365
1060908
19478
11515
12629
10834
10538
13705
157313
491643
1026619
19914
110734
11071
11617
41602
13170
10704
12154
11570
12655
78523
13390
275762
21445
1284442
56886
93535
11852
85365
13814
11137
10854
10859
10640
10886
80423
11120
11928
274703
197446
12084
2848669
22050
21609
29159
17731
889074
1236645
32410
316908
18101
28254
11793
15506
1680259
12050
13100
12814
13121
1340305
95503
24298
143895
15971
12824
41730
11688
13195
11836
12430
453340
15360
12020
1919253
295159
16831
333056
12882
11539
11489
11532
15249
10796
11435
12076
12323
15162
19032
21330
12364
56896
1161958
22467
12385
51705
11630
11654
12143
15347
806862
18523
24663
13104
205649
994198
721331
13132
12106
10502
11997
28448
34908
10607
10210
156904
14331
12847
9827
9427
2049
2620
2391
5104
2256
2112
2204
2086
2226
3070
2228
2247
91594
3171
5693
444837
3408
98800
2446
2472
7988
2118
67117
2829
2365
2405
2309
2159
2200
16833
2335
2694
107583
2869
7900
2271
10465
2345
15760
2167
2421
2344
4928
3750
2120
2272
2218
2209
2621
2501
2566
80127
54777
3348
200280
106682
132590
3983
2824
238024
4576
34779
8785
2446
2248
3518
193438
4011
3607
2207
2697
2126
3474
131516
3323
126903
6465
3586
2436
2417
2403
2405
2438
3030
181365
3797
2332
2415
2425
2462
2908
98792
3229
2822
2703
3719
2655
48077
111639
3657
5783
2354
2297
3572
2441
2930
17443
2468
4430
2601
2474
2199
2523
2187
2085
2335
3202
230903
4132
295313
7406
3382
302569
4080
17543
2512
84562
5374
6148
2400
2318
3489
251094
3985
3795
85268
39190
195058
3832
2237
2391
2062
2061
2683
31061
96577
192302
3879
20861
2157
2221
8089
2530
2102
2357
2222
2373
15087
2497
52422
4027
246463
10924
18037
2254
16592
2620
2188
2072
2124
2104
2146
15427
2209
2311
52157
38975
2384
542514
4295
4229
5536
3367
174666
236244
6098
59717
3504
5500
2281
2891
323081
2277
2486
2392
2506
252938
19039
4511
27330
3116
2443
7931
2190
2517
2268
2290
87095
2865
2292
365873
55823
3230
64268
2414
2292
2213
2183
2792
2066
2113
2239
2228
2780
3570
4033
2288
10712
224430
4239
2297
9742
2103
2219
2243
2809
153804
3505
4591
2449
39459
187755
138520
2567
2323
1962
2313
5455
6610
1975
1902
29931
2770
2479
1878
