48331
11379
13417
12564
25801
11418
11790
11998
10989
11722
15512
11820
12392
493483
15894
30343
2369700
18020
521691
13941
11692
43593
10989
365064
14863
12746
12866
12170
11705
13041
88908
13013
14901
565454
15395
43274
11901
57416
12459
84933
11638
12877
12598
25924
19748
11669
11760
12022
11608
14124
13289
14118
418156
296918
16606
1057949
588066
695796
21647
14905
1269203
24185
181566
46138
12744
12765
18811
1030977
20755
18708
11252
13759
11426
18605
705733
17481
688423
34039
18652
13322
13388
12744
12652
12835
15983
949607
20697
13420
13249
13230
13002
17416
529115
17478
15199
15559
21419
14888
266083
582157
19519
31409
12663
13001
19102
12475
15832
93039
12821
24818
13208
13196
11996
12458
11491
11502
12918
17538
1225569
22551
1564463
41204
17833
1616870
21861
90637
12934
446796
29564
30881
12736
12270
19801
1301169
20457
20549
422114
201891
1063912
20234
11421
11979
10861
10689
12791
157712
491884
1028002
19302
111996
11032
12137
41242
12551
10994
11625
11566
13368
79523
13399
272958
21206
1282190
55711
93146
12326
84226
14104
11659
11115
10502
10802
10969
82615
11453
11868
275052
199644
11650
2837203
21503
21265
28317
17563
890162
1236388
32994
315727
17089
27470
12050
15118
1680766
12245
12811
13281
12963
1332966
95969
24102
143988
14885
12499
42675
11274
14200
11894
13590
458139
14650
11709
1918917
295724
16657
334047
13435
11237
11255
12691
14335
11701
12441
11982
11547
15010
18214
21322
12175
55478
1161805
22045
11618
51845
12314
10571
12249
15710
814894
17481
25888
13421
207974
996738
728032
13314
11990
10385
12525
28382
35424
10668
10008
157238
15057
12606
10004
8992
2139
2569
2340
4781
2137
2233
2286
2065
2217
3037
2197
2321
91958
3016
5717
444393
3409
98435
2596
2262
8149
2121
67091
2748
2328
2375
2227
2177
2303
16958
2409
2690
107682
2945
8017
2282
10535
2329
16303
2211
2329
2320
4992
3652
2226
2229
2198
2227
2648
2490
2578
79673
54440
3075
199591
107437
132732
4042
2848
238402
4485
34518
8822
2380
2426
3662
194263
3925
3545
2114
2646
2179
3583
131663
3366
127057
6503
3564
2467
2508
2318
2443
2467
3102
181609
3822
2468
2471
2457
2413
3095
98791
3231
2813
2852
3874
2674
48460
111762
3680
5856
2367
2401
3501
2360
2963
17422
2479
4570
2494
2482
2219
2427
2224
2108
2377
3354
229921
4246
294961
7623
3411
302222
4023
17324
2460
85065
5344
6006
2406
2353
3648
251522
3936
3898
86251
38917
195418
3961
2233
2335
2080
2068
2542
31226
96357
192390
3697
21108
2190
2291
7990
2429
2155
2277
2225
2475
15355
2506
51959
3995
246401
10710
18113
2367
16444
2635
2319
2127
2054
2113
2159
15811
2272
2303
52230
39482
2303
540837
4208
4166
5434
3312
174834
236086
6226
59417
3313
5379
2327
2851
323451
2332
2481
2469
2510
251535
19064
4499
27574
2940
2410
8094
2123
2668
2208
2495
87655
2774
2177
366341
55677
3146
64423
2458
2240
2154
2363
2641
2177
2312
2200
2094
2734
3449
4021
2244
10401
224234
4164
2166
9770
2183
2047
2307
2916
154985
3344
4824
2520
39902
188350
140076
2584
2274
1928
2424
5473
6653
2026
1886
30069
2839
2407
1919
