49052
11533
13484
11942
27530
12016
10696
11427
11613
12411
15762
11315
12474
492684
17054
31686
2361958
19189
519556
13801
12185
43609
11329
368219
15073
13425
13283
12505
11759
13002
87575
12639
14505
562326
15557
42059
12289
57822
13057
84379
12767
12629
13111
25267
19328
11217
12259
11138
11763
13993
12871
14269
420911
297586
16823
1061835
583991
692651
21604
14382
1270169
25325
185393
47086
12952
12078
18359
1026051
20503
18128
11729
14259
11537
18570
707561
17222
688785
33764
18501
13372
13437
12510
13118
13083
15725
946815
20126
12983
12581
13861
13444
17067
533649
17700
15457
13999
21039
14749
265353
583974
19533
31803
13239
13428
17708
12595
15899
93361
12734
23219
14150
12708
12154
13200
11260
11414
13225
16939
1224631
22104
1570548
39843
18244
1615383
21182
92060
13422
446391
29139
31912
12058
12003
19488
1298740
20378
20720
418105
200264
1056761
19166
11292
12523
10809
10881
13151
157919
492541
1022514
19525
110753
11439
12136
43219
13098
10788
11301
11796
13821
78251
13066
278050
21301
1276102
56837
94540
12715
84772
14222
11028
11113
11106
10798
11698
82032
11758
11449
274569
196774
11480
2833679
21921
20938
29023
16627
887553
1238844
32235
315615
17794
28037
11970
15238
1678784
12699
12640
13926
12274
1331437
96545
24112
143720
16220
12348
41584
12192
13630
12637
13221
456014
14882
12043
1915986
292456
16884
336386
13346
11015
11418
11994
15078
11062
11659
11905
11650
14789
18244
21566
12259
56350
1159868
23578
11852
51276
12104
11255
12941
15237
815668
18377
25634
12770
206356
992182
720768
13345
12390
10459
12190
28523
35263
10698
9380
158416
14541
11931
9636
9122
2168
2618
2204
5004
2226
2025
2175
2195
2307
3008
2129
2350
91664
3223
5971
443119
3607
97947
2570
2309
8193
2179
67768
2841
2462
2471
2242
2184
2375
16644
2342
2659
107030
2936
7884
2338
10637
2442
16232
2433
2288
2422
4833
3578
2124
2347
2041
2250
2625
2375
2630
80074
54375
3099
200161
106661
131950
4057
2754
238746
4668
35082
9012
2396
2292
3573
193578
3914
3417
2172
2720
2196
3544
131990
3278
127359
6442
3557
2505
2489
2310
2463
2457
2970
181135
3734
2410
2355
2581
2480
3057
99426
3300
2862
2544
3839
2680
48304
112182
3656
5914
2490
2467
3310
2377
2961
17481
2427
4339
2676
2416
2250
2582
2162
2114
2439
3225
230296
4144
295755
7421
3559
301939
3965
17583
2550
85000
5253
6250
2292
2297
3562
250627
3959
3944
85396
38705
194644
3743
2218
2397
2036
2112
2616
31202
96496
191345
3807
20911
2245
2298
8307
2509
2113
2210
2288
2582
15164
2439
52920
4006
245127
10951
18261
2409
16589
2726
2187
2148
2139
2104
2291
15789
2299
2232
52320
38901
2245
540146
4383
4083
5518
3135
174544
236579
6085
59452
3484
5464
2286
2829
323421
2400
2405
2546
2319
251308
19206
4538
27417
3140
2333
7904
2292
2571
2382
2412
87515
2797
2286
365377
55380
3187
64892
2471
2208
2180
2240
2742
2120
2129
2210
2119
2694
3448
4065
2266
10649
223743
4402
2229
9688
2157
2144
2447
2808
155354
3459
4703
2395
39523
187907
138849
2597
2358
1980
2388
5500
6635
2010
1783
30173
2722
2290
1854
