50328
11451
13442
12128
26270
12251
10894
11882
11617
11877
14989
11670
12038
490352
16028
32035
2374332
18683
520230
13125
12069
43129
11091
365529
15017
12742
12841
12237
12084
12821
87827
12407
14903
564821
15813
42858
12394
56597
13477
86272
11302
12407
12849
26063
19769
11734
12006
10706
11686
13707
13393
14593
418547
295231
16544
1057716
584588
693825
21781
14922
1269585
25068
184599
46821
13161
11755
18061
1023163
20768
17698
11031
13759
11166
18593
705847
18071
688005
33602
19436
12756
13134
12697
12755
13629
15779
952309
20320
12899
13574
13221
12877
16207
524433
17888
14751
14418
20785
14617
263718
587477
19680
30787
13763
12677
19320
13509
15246
93388
12436
23536
13478
13233
12590
12699
12076
11013
12406
17463
1223131
22630
1570396
40726
17533
1624119
21430
91088
13779
443619
29278
31271
12948
11868
20368
1298807
20627
19960
419681
197941
1062099
19671
11042
12365
10746
10411
13557
157339
496623
1026232
19271
110162
10797
11813
42749
13381
11176
11394
11480
12833
78449
13303
275126
21015
1277929
55265
93457
13056
85807
14367
10754
10335
10856
10705
10705
81260
11810
11734
275100
199583
11737
2844656
22023
21590
28970
16563
890958
1238585
32489
314343
17913
27966
12653
14629
1677885
11938
12905
13216
12918
1334935
96376
23855
143145
16042
12102
42768
11080
13705
12194
13205
459311
15870
11985
1917444
293921
16409
331669
12655
10990
11691
11758
14935
11269
11479
11421
12240
14904
17892
22052
12352
57049
1160104
22182
12492
51449
12064
11366
12494
15305
805827
19110
25939
12850
209538
996734
722346
13573
11919
10699
12433
28116
34494
10988
9934
156438
14488
12443
9611
9309
2154
2614
2231
4886
2263
2081
2254
2187
2207
2918
2203
2333
91604
3070
6020
445016
3503
98128
2466
2271
8077
2144
67208
2784
2358
2397
2233
2235
2310
16696
2319
2704
107641
2994
7885
2360
10400
2508
16525
2197
2256
2340
5010
3716
2201
2305
1992
2218
2572
2455
2723
79606
54185
3083
199099
106663
132028
4069
2846
238882
4655
35035
8975
2471
2220
3512
193061
3945
3398
2100
2620
2119
3541
132000
3405
127255
6428
3718
2369
2460
2285
2410
2589
2997
181930
3728
2349
2496
2509
2405
2939
97825
3287
2700
2707
3782
2657
47992
112700
3659
5740
2538
2343
3602
2536
2856
17602
2415
4405
2566
2472
2357
2451
2316
2045
2277
3338
229946
4249
295687
7545
3396
303597
3970
17422
2616
84813
5273
6090
2475
2294
3725
250962
4011
3737
85738
38436
195399
3899
2172
2374
2017
2014
2587
31284
97196
191984
3744
20741
2177
2226
8258
2545
2159
2244
2189
2407
15131
2503
52300
3934
245646
10709
18011
2448
16700
2700
2106
1993
2099
2114
2108
15575
2310
2290
52447
39382
2310
542077
4346
4150
5482
3147
175131
236472
6086
59209
3488
5501
2419
2755
322711
2281
2436
2437
2471
252400
19199
4407
27402
3121
2295
8169
2078
2644
2282
2453
87870
2982
2252
365771
55494
3116
64128
2393
2185
2235
2236
2766
2142
2101
2134
2220
2719
3401
4123
2325
10747
223531
4156
2326
9691
2164
2149
2358
2779
153702
3611
4815
2393
39932
188398
138903
2654
2259
2009
2376
5398
6508
1995
1880
29763
2776
2412
1856
