48987
11428
13402
12140
26054
10763
10290
10938
11251
12063
15632
11672
12113
491934
16991
31752
2371629
18471
521803
13045
12578
42412
11311
366570
15744
12511
12839
12575
10991
13218
89095
12529
15305
565895
15412
41343
12551
57008
12714
83788
11407
13130
12629
25781
20425
11742
11310
11385
12331
14072
13905
14021
421271
298679
16541
1062571
584408
695185
21199
13816
1271705
24884
182923
46581
13075
11973
18361
1028562
20646
18462
10718
13945
11110
18288
708429
17910
687066
34869
18883
12549
13649
12305
12432
13256
14800
951796
20384
12791
12994
12780
12774
15506
528436
17597
15325
14606
20969
14250
263122
584883
20470
31666
12624
13442
19300
13149
15482
93010
12546
23790
13373
13695
12560
12840
11637
11553
12696
17033
1223420
23069
1566362
41230
17684
1621537
21852
91519
13939
443589
29593
32532
12059
12932
19651
1296492
21083
19749
418819
201217
1065836
19571
11404
12831
10991
10222
12779
156517
493605
1027067
18771
111110
10834
12262
43025
13780
10781
11725
11396
13232
79975
13453
275007
21579
1278043
55862
94547
12337
87560
15243
11428
10861
10439
10600
10805
81776
12088
11856
274207
195624
12285
2837254
21758
21501
28988
18140
888313
1246641
33962
316523
17486
28422
12517
14900
1678995
11704
12731
12650
12590
1329963
95540
23752
143996
16269
12455
41935
11970
13494
12041
13514
461872
14965
12001
1904570
293689
16440
333482
13081
11726
11449
12012
14666
10593
12280
11884
11802
14727
18252
21529
11940
56610
1164330
22298
12121
51920
12117
11486
12435
15234
811795
18669
24722
12785
208612
993557
726739
13589
12360
10261
11978
28369
35636
10374
9976
159663
14363
12460
9625
9052
2181
2618
2246
4796
2015
1979
2087
2125
2254
3056
2211
2302
91964
3161
5910
444083
3511
98486
2478
2423
7941
2193
67180
2912
2294
2394
2302
2059
2373
16899
2352
2746
107711
2942
7740
2382
10556
2371
16082
2198
2386
2319
5009
3840
2217
2141
2105
2370
2624
2587
2597
80081
54646
3091
200045
106787
132542
3989
2642
238907
4668
34615
8918
2475
2267
3559
194078
3952
3507
2006
2615
2115
3437
132242
3410
126964
6620
3578
2310
2530
2257
2349
2532
2848
181970
3771
2370
2402
2363
2384
2829
98622
3200
2860
2702
3850
2606
47864
112427
3822
5879
2360
2466
3558
2478
2949
17475
2409
4432
2545
2585
2327
2472
2278
2103
2347
3250
230339
4342
295302
7599
3408
302745
4029
17367
2633
84516
5290
6332
2266
2474
3596
250166
4081
3748
85464
38783
196010
3865
2237
2445
2067
1994
2510
31098
96858
192103
3665
20981
2154
2338
8309
2634
2105
2299
2180
2457
15414
2518
52482
4045
245660
10757
18352
2358
16969
2891
2251
2102
2015
2058
2196
15735
2341
2309
52192
38792
2425
540876
4289
4186
5501
3377
174959
237790
6394
59507
3379
5532
2363
2761
322787
2214
2461
2351
2416
251188
19067
4426
27611
3134
2382
7994
2253
2563
2273
2506
88468
2792
2285
363758
55649
3127
64245
2413
2316
2188
2262
2688
1999
2258
2175
2183
2720
3453
4066
2228
10667
224511
4226
2261
9748
2196
2171
2330
2791
154609
3510
4598
2407
39805
187904
139701
2633
2361
1933
2293
5438
6724
1949
1906
30492
2700
2408
1849
