49679
11392
14086
12046
28146
11472
10957
10797
11553
12556
15280
11873
12147
491117
16068
31848
2366527
18585
520862
13380
12011
42862
10868
363887
15534
13029
13554
12294
11961
13196
88069
12431
14587
564584
15896
42271
12118
57947
12952
84048
11347
12983
12982
25904
20176
11577
11753
11682
11269
13912
13333
14133
422564
294886
16445
1060340
584430
697014
21567
14618
1262829
24976
180443
46332
12810
11354
17874
1028318
20450
18288
11318
13737
11300
19099
706871
17383
686029
33794
19043
12325
13169
12731
12626
13314
15280
951832
21117
12406
13106
12609
12919
16783
527986
17545
15527
14305
21381
15359
264352
582396
19465
31436
13931
13095
19653
12821
15215
92898
12126
23529
14007
13281
12035
13435
11264
11329
12163
17241
1226638
22783
1567364
40678
17896
1623159
21451
90727
13452
441682
29388
32667
12108
12934
19850
1298494
21230
19939
419683
199288
1065063
19852
11946
12323
10730
10664
13636
157941
492357
1029582
19545
109030
11499
12284
41880
13270
11222
11871
11775
12857
79255
14145
277016
21073
1284607
56304
94936
12034
84937
14302
10800
11330
11365
10483
11140
82634
11429
12436
271297
196726
12582
2838413
22235
21204
28198
17407
889495
1231293
32815
314051
17796
28208
12233
14812
1672283
12160
12567
13070
12357
1331485
95479
25051
144761
15444
12300
42048
11465
13708
11700
13282
462560
15089
12172
1920897
294107
16510
333664
13308
11337
11695
12010
15125
11724
11586
12334
11703
14583
18323
21661
12687
57000
1161340
22302
11780
51130
11614
11880
12401
15188
807089
19006
25181
13021
208996
997748
723196
13263
12248
10518
12077
28999
34036
10962
10040
156257
14646
12401
9334
9184
2159
2735
2226
5129
2123
2082
2049
2190
2332
2989
2230
2297
91777
3058
5973
444227
3540
98354
2527
2270
8019
2100
67054
2870
2400
2507
2253
2246
2382
16704
2288
2644
107365
3018
7869
2316
10673
2417
16118
2159
2330
2345
4964
3763
2159
2254
2199
2179
2608
2508
2657
80307
54256
3067
200125
106790
132815
4057
2806
237197
4647
34201
8938
2427
2157
3424
194089
3894
3468
2124
2629
2139
3602
132103
3284
126729
6494
3589
2305
2455
2306
2389
2547
2965
182378
3865
2264
2400
2367
2432
3030
98288
3231
2879
2623
3832
2815
47931
112003
3629
5859
2579
2407
3622
2407
2837
17363
2339
4330
2644
2501
2231
2580
2158
2098
2279
3303
230449
4264
295132
7575
3451
303194
4005
17322
2536
84327
5332
6397
2326
2476
3663
251375
4131
3754
85728
38477
195888
3887
2342
2359
2038
2070
2669
31369
96540
192596
3775
20534
2257
2317
8123
2533
2163
2298
2221
2426
15317
2630
52766
3944
246704
10864
18325
2275
16575
2710
2137
2197
2220
2085
2204
15864
2286
2387
51688
38971
2449
540839
4376
4097
5403
3303
174902
235399
6151
59377
3457
5546
2338
2794
322218
2307
2398
2422
2370
251261
19051
4634
27632
3000
2341
7982
2147
2636
2224
2454
88458
2807
2279
366440
55636
3177
64471
2426
2251
2212
2254
2762
2193
2158
2279
2160
2660
3486
4063
2349
10758
224177
4188
2208
9576
2093
2245
2349
2774
154021
3587
4634
2437
39849
188545
139386
2562
2338
1975
2323
5543
6427
2027
1917
29795
2748
2390
1823
