49995
11488
14801
12258
26783
11243
10469
11196
11803
12358
15391
11248
12254
490717
16311
31368
2375262
18462
525922
13608
12213
44758
11480
368621
15582
12617
12703
12709
11632
12799
89275
12230
15340
562505
14917
41600
12651
57495
12338
85476
11690
13005
12937
25698
19258
11376
11809
11355
11278
14100
13594
14410
425476
298215
16407
1061484
585479
696891
21382
15154
1260063
24526
183951
46117
12887
12116
18147
1022588
20930
18037
11873
14032
11120
19331
706754
17878
689202
33666
18809
12742
13201
12631
13840
13067
15124
947128
19678
12758
13844
13003
13254
15842
530919
17627
15126
14863
21455
14914
262508
588361
20234
30565
13716
11967
19098
12956
14839
93189
12709
23647
13246
13612
12136
12889
11959
11635
12277
16844
1223650
22818
1567472
41343
17408
1621061
21587
90581
13722
442928
28953
31126
12290
12419
19337
1296485
21837
20181
422293
199721
1069553
19286
11998
12766
10986
10509
13243
159302
493034
1027423
19276
110629
11096
12183
41213
12776
10289
11475
11017
12701
78212
13706
276564
20960
1280696
55947
93726
12697
85819
14598
10921
11672
10945
10499
11164
81807
11748
11320
274939
200006
12149
2850129
22791
21484
28683
17518
889587
1232794
33129
315763
17947
27835
12297
15148
1670258
12347
13120
12641
12804
1329793
96581
25160
145973
15255
12494
42870
12033
13876
11624
13431
458081
14951
12238
1911423
292799
16264
336695
13062
11207
11135
12127
14829
11431
11371
12360
11666
15713
18143
21632
12662
56039
1161228
22411
12371
50740
11572
11803
11948
15426
808242
18446
25398
13460
208031
990461
714988
13646
12657
10812
12814
28957
34365
11119
9699
159292
14901
12311
9899
9238
2154
2803
2292
4863
2105
1997
2154
2219
2307
2997
2121
2317
91550
3082
5850
445196
3495
99081
2536
2316
8319
2191
67664
2886
2343
2360
2272
2167
2340
17052
2256
2750
107371
2866
7769
2392
10555
2332
16394
2229
2336
2379
4901
3585
2146
2249
2081
2188
2634
2510
2711
80700
54706
3043
200155
106946
132679
4027
2890
236994
4536
34794
8865
2397
2309
3514
192907
3954
3421
2227
2654
2119
3684
131876
3402
127384
6456
3602
2338
2490
2324
2600
2530
2919
181362
3643
2333
2551
2470
2490
2841
98815
3291
2791
2765
3926
2688
47980
112691
3788
5732
2559
2206
3549
2461
2763
17455
2451
4403
2507
2599
2277
2478
2277
2138
2269
3233
229964
4314
295581
7752
3399
303425
3957
17236
2603
84640
5231
6083
2344
2395
3575
250705
4203
3772
86178
38528
196670
3808
2344
2457
2080
2024
2602
31502
96643
192269
3753
20887
2156
2335
8082
2437
2032
2264
2134
2369
15092
2546
52537
3880
246010
10756
18133
2386
16749
2767
2167
2291
2093
2055
2223
15695
2298
2209
52364
39538
2397
543104
4470
4179
5475
3284
174910
235091
6210
59246
3516
5468
2305
2842
321904
2311
2525
2328
2432
250632
19179
4615
27773
2958
2359
8162
2261
2628
2183
2497
87663
2829
2296
364575
55490
3101
64821
2388
2246
2136
2265
2719
2145
2079
2239
2126
2849
3431
4055
2338
10544
223816
4194
2295
9648
2057
2238
2286
2855
153920
3457
4696
2464
39730
187507
137997
2655
2450
1990
2477
5565
6539
2048
1837
30413
2812
2359
1906
