49731
11701
13832
11638
26461
11609
11082
11599
11461
12405
14929
11577
11876
491020
16624
32446
2365787
18398
520327
13479
12231
43174
11146
368079
16177
13194
13023
12938
11593
13417
88393
12295
14761
559509
15045
41914
12250
59556
12860
83802
11913
12988
12779
25141
19294
10705
12162
12166
11006
14536
13989
13993
419685
298706
17235
1056227
587026
694089
22006
14664
1265189
25566
184622
48478
12760
12457
18441
1026510
21019
18013
11215
13961
10946
18332
702345
17294
688100
33528
18615
12770
13736
12231
13351
13138
15824
951855
20630
13088
13273
13327
13395
16293
529634
17423
14590
14590
21291
15331
261459
587171
20663
32803
12836
13517
19269
12834
15309
92258
12055
25119
13117
13669
12626
13626
11362
11225
12789
17076
1222404
22354
1566280
40847
17980
1614469
22123
91395
13462
442820
29312
31532
12610
12029
19432
1303463
21019
19291
418510
201448
1064424
19284
12124
12171
10583
10798
13117
157204
496120
1021199
19358
110252
11389
12099
41383
13360
11082
11394
11105
13077
78421
12797
273191
21584
1285449
55984
93974
13259
86612
14400
11577
10887
11394
10870
11169
81360
11821
12035
274273
199227
12486
2839741
21764
20988
28578
17300
888278
1235241
33100
316728
17564
28671
12607
15137
1681929
12624
13060
13240
13077
1335483
94923
23818
143640
16444
12778
41944
11895
13247
11251
13253
459259
14540
12475
1913010
292942
16731
333256
12129
11263
11625
12402
15951
11334
11880
12126
12181
15179
19479
21381
12199
57938
1161858
22592
11990
50930
11366
11416
12835
14939
811135
18563
25891
12152
206035
994524
725751
13499
12105
10343
11987
28910
35167
11044
10161
158407
14793
12139
9533
9241
2181
2666
2222
4908
2149
2137
2226
2140
2305
2901
2188
2212
91641
3154
6061
443610
3495
98080
2542
2321
8073
2137
67633
3027
2432
2418
2389
2169
2427
16819
2303
2677
106435
2859
7814
2342
10910
2407
16116
2265
2378
2334
4830
3615
2015
2342
2243
2130
2702
2590
2597
79777
54828
3217
199139
107239
132352
4110
2825
237703
4725
34998
9239
2388
2349
3552
193590
3988
3451
2121
2687
2072
3459
131446
3296
127457
6387
3532
2347
2569
2269
2522
2499
3023
182094
3804
2410
2464
2512
2519
2883
98837
3229
2673
2681
3877
2757
47547
112615
3909
6147
2437
2502
3620
2415
2875
17246
2342
4669
2542
2599
2344
2622
2162
2069
2374
3335
229874
4212
295353
7550
3468
301848
4069
17433
2538
84594
5294
6154
2376
2298
3599
251852
4043
3691
85540
38853
195966
3760
2364
2356
2022
2073
2545
31079
97188
191108
3741
20799
2272
2295
8064
2573
2204
2245
2131
2459
15133
2425
52053
3990
246740
10738
18183
2507
16913
2725
2286
2087
2191
2129
2217
15661
2322
2331
52069
39284
2445
541450
4294
4123
5481
3218
174427
235469
6231
59500
3394
5585
2383
2821
323789
2412
2480
2425
2495
251931
18805
4470
27438
3207
2439
7944
2223
2529
2154
2426
87883
2766
2380
364980
55392
3198
64264
2250
2228
2224
2343
2866
2159
2188
2252
2212
2796
3661
4052
2284
10904
224735
4254
2235
9643
2032
2156
2393
2741
154505
3484
4838
2289
39659
188347
139628
2612
2319
1946
2303
5572
6630
2043
1917
30275
2848
2362
1839
