48475
11251
14250
12050
27766
11700
11482
11580
11225
11756
15019
11826
11617
492168
16814
31289
2375500
18881
517870
13610
12361
43262
11040
365170
15219
13117
12841
12444
10786
13080
88068
12120
14763
562204
15581
42183
12551
58841
12834
85043
11268
13118
12744
26006
19331
11562
11931
11641
11495
14019
13087
14511
420260
299437
16909
1062849
591451
695508
22112
15139
1266848
24526
183926
47235
12486
11848
17772
1026020
20649
18026
10767
14398
11350
18827
708168
17454
690785
33723
18505
13118
13484
12906
12570
13562
15006
945382
19873
13547
12638
13029
12235
16976
527584
18060
14231
15048
21349
15208
261693
583397
18995
31391
12722
12197
18889
12391
15328
95104
12621
23732
13452
13163
12686
13268
11736
12158
13268
17201
1224782
22826
1570173
39986
17545
1609571
21428
91798
13852
445961
30171
31310
12468
11974
19479
1299770
20732
19783
421691
199783
1063946
20387
12009
12712
10436
10946
13313
158353
493782
1027412
20452
107904
11556
11937
41726
13818
11040
12120
11282
12995
79746
13746
274433
20769
1280529
56040
92906
12902
86004
13488
11136
11136
10850
10082
11138
81539
11988
11188
271186
199092
11997
2832979
22145
21070
28649
17277
892755
1228827
33325
314137
17490
27922
11900
15455
1675159
12262
13171
12512
12551
1327179
94937
24638
145621
15737
12178
42576
11226
13849
11671
13543
456250
15089
12123
1909088
294633
17440
331579
13357
12167
11684
11668
14961
11092
11723
12058
12341
15309
18576
21379
11899
56978
1162791
23115
11806
50110
12613
11926
12315
15342
807788
18261
24899
13182
207311
991884
721919
13728
11684
10470
12316
27902
35238
11161
9949
160031
15196
12174
9290
8930
2118
2734
2261
5099
2191
2183
2189
2117
2208
2920
2196
2231
91973
3198
5914
445406
3543
97717
2599
2354
8138
2143
67053
2829
2439
2373
2286
2039
2344
16706
2264
2706
107002
2930
7896
2389
10836
2377
16227
2161
2389
2329
5051
3609
2220
2277
2116
2203
2641
2412
2682
79785
54886
3108
200450
107897
132603
4115
2898
238086
4573
34896
9039
2329
2258
3459
193642
3915
3444
2070
2707
2156
3582
132016
3285
127656
6398
3525
2414
2523
2397
2364
2586
2875
181025
3675
2477
2365
2436
2292
2992
98427
3334
2669
2757
3911
2768
47640
112255
3594
5814
2408
2258
3538
2335
2844
17826
2424
4441
2547
2518
2327
2567
2246
2230
2412
3328
230032
4296
295589
7402
3352
301418
3944
17519
2609
85112
5407
6105
2367
2331
3595
251018
4055
3756
85960
38515
195624
3991
2342
2422
2000
2128
2582
31349
96781
192191
3936
20431
2323
2268
8057
2628
2153
2377
2170
2421
15322
2581
52296
3923
246294
10778
17920
2448
16692
2533
2207
2148
2135
2006
2181
15713
2359
2170
51727
39403
2332
540007
4377
4156
5454
3207
175589
234990
6269
59322
3412
5445
2316
2922
322722
2343
2520
2352
2424
250690
18924
4604
27754
3084
2333
8048
2111
2586
2214
2487
87512
2839
2290
364502
55574
3327
63948
2463
2398
2223
2191
2759
2126
2164
2255
2254
2785
3562
4020
2207
10762
224312
4348
2245
9523
2255
2221
2343
2813
153797
3427
4675
2442
39587
187709
138749
2623
2263
1936
2377
5370
6634
2046
1898
30608
2884
2367
1815
