49252
11029
13656
12498
27020
12052
11291
11811
11308
11979
15455
11614
11923
490693
16271
31556
2367990
18577
520133
12778
12000
44190
11313
368535
15673
12806
13437
12620
11223
13363
89340
12866
14237
560742
14972
42378
11839
56660
12484
84884
11976
12734
12464
26539
19891
11341
12260
11320
11348
13873
12752
15074
421704
298463
16752
1060466
589015
695321
21520
14799
1264860
25517
182483
47679
12553
11332
17840
1029113
20869
17795
10818
13700
11211
18518
705105
17426
687702
33798
18921
12648
13784
12231
12487
13835
15473
950079
20391
12718
12967
13207
12622
16515
528491
17942
14983
14893
20717
15470
262621
584942
19293
31152
13151
12764
19132
12517
15882
93216
12132
24312
13164
13258
12755
13713
11971
11664
12772
16978
1223034
22640
1567512
39866
17670
1624425
21721
90737
13829
443535
28419
32503
12428
11890
19288
1299874
21009
19656
418554
200492
1061121
19530
11378
12979
11005
10494
13456
157855
497699
1027540
19630
108789
11216
11757
41439
12910
11048
11696
10801
13263
79137
13635
277208
21662
1283998
54877
94959
12731
85913
14325
10710
10950
11694
11044
11584
81838
12291
11467
272206
198001
11702
2844616
22447
21612
29599
17839
889497
1236760
32485
319768
17679
27510
12330
14539
1676382
11781
12720
12724
12604
1331930
94911
25174
142972
15847
12058
42552
10956
14430
11927
12580
456787
15101
12450
1918976
296078
16222
330256
13043
11311
12231
11947
14787
11456
11254
12048
12177
15997
18652
22059
11867
55883
1162969
22282
11367
51571
11753
11862
12305
15122
808708
18233
24640
12548
208493
994207
724417
13184
11808
10613
11841
29020
35295
10461
10169
160849
14746
12216
9841
9093
2111
2626
2296
4974
2265
2120
2218
2122
2198
3039
2220
2274
91683
3140
5941
443902
3490
97899
2410
2311
8247
2156
67752
2891
2355
2503
2265
2100
2411
17010
2433
2597
106770
2868
7875
2267
10416
2346
16312
2250
2290
2293
5099
3726
2158
2332
2097
2164
2639
2373
2777
80225
54625
3089
200150
107500
132295
4043
2860
237627
4712
34597
9089
2349
2166
3460
193906
3956
3386
2062
2644
2113
3504
131584
3346
127237
6486
3590
2346
2574
2301
2387
2613
2954
181815
3774
2367
2408
2469
2346
2955
98509
3319
2805
2746
3756
2814
47810
112356
3631
5753
2483
2357
3558
2373
2982
17361
2340
4506
2504
2528
2378
2647
2298
2151
2349
3303
230301
4264
295711
7430
3444
303520
4064
17297
2638
84627
5192
6318
2368
2295
3549
251203
4029
3723
85405
38754
195328
3867
2215
2445
2047
2054
2643
31218
97368
192312
3777
20440
2211
2220
8087
2481
2145
2281
2069
2488
15219
2512
52667
4056
246627
10615
18329
2471
16792
2759
2122
2143
2258
2174
2266
15756
2382
2256
51909
39157
2244
542127
4401
4181
5595
3307
174885
235996
6099
60174
3441
5354
2344
2761
323210
2238
2434
2366
2413
251462
18855
4643
27300
3100
2290
8055
2071
2717
2286
2303
87586
2847
2326
366038
56001
3082
63531
2404
2245
2307
2238
2652
2149
2117
2224
2213
2928
3543
4140
2169
10531
224214
4203
2122
9719
2130
2227
2307
2800
154037
3420
4605
2339
39829
187872
139512
2559
2266
1982
2329
5534
6704
1968
1965
30619
2799
2368
1881
