50302
11101
13210
12338
26527
12073
11503
11956
11591
12595
15468
11951
12148
491569
16331
30897
2355234
18276
521375
13823
11846
42253
11286
365350
15605
12886
12986
12605
11719
13679
89912
12288
15222
565800
15485
42605
12367
56089
12828
84342
11729
13437
12567
25577
19977
11142
11466
11845
11260
14421
12551
14166
421785
297161
16715
1059512
585638
694598
22347
14225
1267638
25133
179723
45960
13417
11955
18278
1027219
20582
18238
11126
14206
10742
18927
706911
17956
688064
33921
18730
12682
13133
12585
13610
13585
14964
951881
20479
12645
13262
13746
12895
16373
526016
17823
15119
15448
21456
14489
265413
578090
19636
32048
12338
13111
19932
12729
15202
94544
12820
24012
13383
12722
12282
13518
12098
11924
12552
17011
1226522
23442
1566124
40501
17397
1618030
21843
90967
14016
451407
30004
32358
12619
12146
19166
1300044
21193
20350
423067
199529
1064672
19934
11629
12580
11206
10407
13012
159189
494006
1025590
19601
110500
10979
11952
41862
12866
10807
11501
11102
12942
78862
13156
275289
21379
1278767
54543
93092
12640
87785
14822
10892
11026
11422
10661
11231
80657
11722
11295
271578
198813
12516
2841282
22446
22122
28237
17620
894344
1236737
32558
316778
17021
28063
12373
15214
1676235
12170
13057
13215
12487
1333368
93341
24756
142007
15336
13265
42093
11228
13640
12170
13351
457479
15146
12176
1911188
295271
16845
334875
12883
11032
11345
12425
14611
11537
12002
12047
11402
15399
17716
21227
12421
55748
1154522
22051
11852
50568
11644
11416
12871
15455
809991
18293
25528
12906
207033
997283
725124
13354
12766
10719
12687
28070
34107
10327
9245
159231
15478
12712
9536
9244
2102
2556
2266
4843
2242
2174
2291
2182
2354
3017
2214
2257
91816
3093
5761
441863
3429
98310
2584
2257
7918
2144
67156
2905
2364
2441
2301
2157
2468
17101
2288
2728
107771
2960
7870
2314
10309
2433
16120
2213
2435
2305
4919
3766
2117
2178
2168
2153
2702
2299
2651
80068
54585
3063
199666
106596
132330
4160
2731
238374
4678
34117
8821
2526
2258
3556
193796
3865
3450
2095
2743
2040
3619
132179
3415
127018
6479
3591
2353
2471
2324
2552
2563
2840
182033
3801
2324
2446
2586
2412
2942
98290
3278
2796
2850
3877
2647
48167
111172
3638
5989
2301
2428
3702
2400
2852
17690
2500
4493
2543
2407
2301
2607
2284
2189
2306
3225
230290
4405
295046
7530
3336
302435
4057
17433
2668
86040
5462
6334
2389
2357
3537
251199
4074
3813
86353
38433
196015
3924
2256
2391
2098
2004
2603
31489
96716
192217
3786
20826
2138
2258
8076
2478
2107
2233
2134
2463
15206
2459
52419
3970
245531
10502
18030
2371
17070
2762
2165
2128
2209
2103
2224
15513
2300
2240
51919
39360
2457
542103
4381
4353
5388
3352
175998
236162
6087
59491
3339
5480
2354
2860
322861
2349
2512
2442
2404
251782
18501
4608
27061
3028
2506
8008
2109
2576
2290
2445
87731
2887
2299
364435
55896
3236
64602
2395
2167
2177
2317
2663
2208
2178
2242
2129
2798
3340
3966
2281
10523
222849
4166
2163
9562
2101
2179
2412
2827
154245
3457
4784
2420
39563
188635
139517
2586
2424
1999
2472
5381
6429
1929
1789
30327
2917
2464
1849
